  0.00000  0.00000  0.00000  1    -17.765      1.5069390677
  0.00000  0.00000  0.00000  2    -16.542      1.2871489567
  0.00000  0.00000  0.00000  3    -16.480      1.2945672567
  0.00000  0.00000  0.00000  4    -14.022      0.8618514778
  0.00000  0.00000  0.00000  5    -10.739      0.2288289580
  0.00000  0.00000  0.00000  6     -6.324      0.0000380404
  0.00000  0.00000  0.00000  7     -6.285      0.0000665067
  0.00000  0.00000  0.00000  8     -2.927      0.0000000000
  0.00000  0.00000  0.00000  9     -2.927      0.0000000000
  0.00000  0.00000  0.00000 10     -2.428      0.0000000000
  0.00000  0.00000  0.00000 11     -2.428      0.0000000000
  0.00000  0.00000  0.00000 12     -2.255      0.0000000000
  0.00000  0.00000  0.00000 13     -2.255      0.0000000000
  0.00000  0.00000  0.00000 14     -1.685      0.0000000000
  0.00000  0.00000  0.00000 15     -1.616      0.0000000000
  0.00000  0.00000  0.00000 16     -1.616      0.0000000000
  0.00000  0.00000  0.00000 17      4.543     -0.0000000000
  0.00000  0.00000  0.00000 18      5.155     -0.0000140252
  0.00000  0.00000  0.00000 19      5.766     -0.0001456614
  0.00000  0.00000  0.00000 20      5.815     -0.0001354608
  0.00000  0.00000  0.00000 21      6.552     -0.0007319509
  0.00000  0.00000  0.00000 22      6.552     -0.0007319613
  0.00000  0.00000  0.00000 23      6.583     -0.0009435926
  0.00000  0.00000  0.00000 24      6.583     -0.0009435971
  0.00000  0.00000  0.00000 25      7.025     -0.0014850571
  0.00000  0.00000  0.00000 26      7.706     -0.0056244706
  0.00000  0.00000  0.00000 27      7.706     -0.0056244909
  0.00000  0.00000  0.00000 28      7.994     -0.0058139480
  0.00000  0.00000  0.00000 29      7.994     -0.0058140385
  0.00000  0.00000  0.00000 30      8.477     -0.0214091047
  0.00000  0.00000  0.00000 31      9.088     -0.0384039070
  0.00000  0.00000  0.00000 32     10.363     -0.0957942453
  0.00000  0.00000  0.00000 33     11.936     -0.1051043362
  0.00000  0.00000  0.00000 34     11.936     -0.1051050941
  0.00000  0.00000  0.00000 35     12.775     -0.1561051228
  0.11111 -0.06415  0.00000  1    -17.542      1.4683061680
  0.11111 -0.06415  0.00000  2    -16.325      1.2545405521
  0.11111 -0.06415  0.00000  3    -16.263      1.2525848300
  0.11111 -0.06415  0.00000  4    -13.839      0.8122065428
  0.11111 -0.06415  0.00000  5    -10.537      0.2105119882
  0.11111 -0.06415  0.00000  6     -6.262      0.0001387848
  0.11111 -0.06415  0.00000  7     -6.228      0.0001540123
  0.11111 -0.06415  0.00000  8     -4.119      0.0000000000
  0.11111 -0.06415  0.00000  9     -3.391      0.0000000000
  0.11111 -0.06415  0.00000 10     -3.337      0.0000000000
  0.11111 -0.06415  0.00000 11     -3.218      0.0000000000
  0.11111 -0.06415  0.00000 12     -2.683      0.0000000000
  0.11111 -0.06415  0.00000 13     -2.569      0.0000000000
  0.11111 -0.06415  0.00000 14     -2.444      0.0000000000
  0.11111 -0.06415  0.00000 15     -1.842      0.0000000000
  0.11111 -0.06415  0.00000 16     -1.725      0.0000000000
  0.11111 -0.06415  0.00000 17      4.830     -0.0000001295
  0.11111 -0.06415  0.00000 18      5.513     -0.0000513494
  0.11111 -0.06415  0.00000 19      5.548     -0.0000515513
  0.11111 -0.06415  0.00000 20      6.152     -0.0003407270
  0.11111 -0.06415  0.00000 21      6.387     -0.0006186139
  0.11111 -0.06415  0.00000 22      6.684     -0.0011783817
  0.11111 -0.06415  0.00000 23      6.873     -0.0016183032
  0.11111 -0.06415  0.00000 24      7.059     -0.0021168866
  0.11111 -0.06415  0.00000 25      7.325     -0.0036590267
  0.11111 -0.06415  0.00000 26      7.357     -0.0035686134
  0.11111 -0.06415  0.00000 27      7.874     -0.0066096715
  0.11111 -0.06415  0.00000 28      8.093     -0.0107155120
  0.11111 -0.06415  0.00000 29      8.571     -0.0166421112
  0.11111 -0.06415  0.00000 30      8.722     -0.0147487221
  0.11111 -0.06415  0.00000 31      9.317     -0.0362887868
  0.11111 -0.06415  0.00000 32     10.104     -0.0582986118
  0.11111 -0.06415  0.00000 33     11.125     -0.0768487035
  0.11111 -0.06415  0.00000 34     11.206     -0.1103262020
  0.11111 -0.06415  0.00000 35     12.957     -0.1782410201
  0.22222 -0.12830  0.00000  1    -16.879      1.3588986936
  0.22222 -0.12830  0.00000  2    -15.690      1.1451193098
  0.22222 -0.12830  0.00000  3    -15.627      1.1270688122
  0.22222 -0.12830  0.00000  4    -13.324      0.6941345667
  0.22222 -0.12830  0.00000  5     -9.967      0.1628050487
  0.22222 -0.12830  0.00000  6     -6.815      0.0028392916
  0.22222 -0.12830  0.00000  7     -6.560      0.0015235454
  0.22222 -0.12830  0.00000  8     -6.122      0.0001748437
  0.22222 -0.12830  0.00000  9     -4.889      0.0000000000
  0.22222 -0.12830  0.00000 10     -4.771      0.0000000000
  0.22222 -0.12830  0.00000 11     -4.117      0.0000000000
  0.22222 -0.12830  0.00000 12     -4.101      0.0000000000
  0.22222 -0.12830  0.00000 13     -3.286      0.0000000000
  0.22222 -0.12830  0.00000 14     -3.216      0.0000000000
  0.22222 -0.12830  0.00000 15     -2.347      0.0000000000
  0.22222 -0.12830  0.00000 16     -2.101      0.0000000000
  0.22222 -0.12830  0.00000 17      3.476     -0.0000000000
  0.22222 -0.12830  0.00000 18      4.102     -0.0000000000
  0.22222 -0.12830  0.00000 19      4.724     -0.0000000000
  0.22222 -0.12830  0.00000 20      5.943     -0.0000868234
  0.22222 -0.12830  0.00000 21      6.517     -0.0003988053
  0.22222 -0.12830  0.00000 22      7.200     -0.0024955637
  0.22222 -0.12830  0.00000 23      7.347     -0.0038216577
  0.22222 -0.12830  0.00000 24      7.494     -0.0033396644
  0.22222 -0.12830  0.00000 25      7.950     -0.0082139452
  0.22222 -0.12830  0.00000 26      8.339     -0.0141489666
  0.22222 -0.12830  0.00000 27      8.828     -0.0239804736
  0.22222 -0.12830  0.00000 28      9.128     -0.0326604835
  0.22222 -0.12830  0.00000 29      9.148     -0.0308788867
  0.22222 -0.12830  0.00000 30      9.911     -0.0396465662
  0.22222 -0.12830  0.00000 31     10.258     -0.0543650925
  0.22222 -0.12830  0.00000 32     10.289     -0.0562490153
  0.22222 -0.12830  0.00000 33     11.026     -0.0812275314
  0.22222 -0.12830  0.00000 34     11.307     -0.0770094427
  0.22222 -0.12830  0.00000 35     12.857     -0.1889915380
  0.33333 -0.19245  0.00000  1    -15.823      1.1795665202
  0.33333 -0.19245  0.00000  2    -14.713      0.9428856403
  0.33333 -0.19245  0.00000  3    -14.642      0.9210138378
  0.33333 -0.19245  0.00000  4    -12.661      0.5743808906
  0.33333 -0.19245  0.00000  5     -9.441      0.1182982240
  0.33333 -0.19245  0.00000  6     -8.709      0.0640072864
  0.33333 -0.19245  0.00000  7     -8.241      0.0439156823
  0.33333 -0.19245  0.00000  8     -7.690      0.0155103395
  0.33333 -0.19245  0.00000  9     -6.439      0.0019581980
  0.33333 -0.19245  0.00000 10     -4.994      0.0000001459
  0.33333 -0.19245  0.00000 11     -4.753      0.0000000000
  0.33333 -0.19245  0.00000 12     -4.451      0.0000000000
  0.33333 -0.19245  0.00000 13     -3.859      0.0000000000
  0.33333 -0.19245  0.00000 14     -3.807      0.0000000000
  0.33333 -0.19245  0.00000 15     -3.103      0.0000000000
  0.33333 -0.19245  0.00000 16     -2.538      0.0000000000
  0.33333 -0.19245  0.00000 17      2.318     -0.0000000000
  0.33333 -0.19245  0.00000 18      2.571     -0.0000000000
  0.33333 -0.19245  0.00000 19      3.948     -0.0000000000
  0.33333 -0.19245  0.00000 20      4.985     -0.0000000030
  0.33333 -0.19245  0.00000 21      5.357     -0.0000019251
  0.33333 -0.19245  0.00000 22      6.535     -0.0002999535
  0.33333 -0.19245  0.00000 23      7.100     -0.0024941743
  0.33333 -0.19245  0.00000 24      7.535     -0.0044898805
  0.33333 -0.19245  0.00000 25      8.362     -0.0124535632
  0.33333 -0.19245  0.00000 26      8.576     -0.0194360692
  0.33333 -0.19245  0.00000 27      9.939     -0.0572633700
  0.33333 -0.19245  0.00000 28      9.957     -0.0573837767
  0.33333 -0.19245  0.00000 29     10.363     -0.0586383559
  0.33333 -0.19245  0.00000 30     11.230     -0.1037748812
  0.33333 -0.19245  0.00000 31     11.427     -0.1091434309
  0.33333 -0.19245  0.00000 32     11.957     -0.1219014355
  0.33333 -0.19245  0.00000 33     12.112     -0.1508281854
  0.33333 -0.19245  0.00000 34     12.855     -0.1771399146
  0.33333 -0.19245  0.00000 35     13.205     -0.1804424848
  0.44444 -0.25660  0.00000  1    -14.561      0.9260795110
  0.44444 -0.25660  0.00000  2    -13.741      0.7639131169
  0.44444 -0.25660  0.00000  3    -13.598      0.7217515177
  0.44444 -0.25660  0.00000  4    -12.555      0.5423754958
  0.44444 -0.25660  0.00000  5    -10.395      0.1865633264
  0.44444 -0.25660  0.00000  6    -10.069      0.1670189211
  0.44444 -0.25660  0.00000  7     -9.245      0.0992754328
  0.44444 -0.25660  0.00000  8     -8.163      0.0403594423
  0.44444 -0.25660  0.00000  9     -7.244      0.0070177529
  0.44444 -0.25660  0.00000 10     -5.673      0.0001924142
  0.44444 -0.25660  0.00000 11     -5.108      0.0000042897
  0.44444 -0.25660  0.00000 12     -4.184      0.0000000000
  0.44444 -0.25660  0.00000 13     -4.136      0.0000000000
  0.44444 -0.25660  0.00000 14     -4.086      0.0000000000
  0.44444 -0.25660  0.00000 15     -3.359      0.0000000000
  0.44444 -0.25660  0.00000 16     -2.806      0.0000000000
  0.44444 -0.25660  0.00000 17      1.616     -0.0000000000
  0.44444 -0.25660  0.00000 18      1.727     -0.0000000000
  0.44444 -0.25660  0.00000 19      3.623     -0.0000000000
  0.44444 -0.25660  0.00000 20      4.361     -0.0000000000
  0.44444 -0.25660  0.00000 21      4.748     -0.0000000000
  0.44444 -0.25660  0.00000 22      5.503     -0.0000108316
  0.44444 -0.25660  0.00000 23      6.813     -0.0011147784
  0.44444 -0.25660  0.00000 24      7.199     -0.0020795921
  0.44444 -0.25660  0.00000 25      8.409     -0.0144033267
  0.44444 -0.25660  0.00000 26      9.381     -0.0295556036
  0.44444 -0.25660  0.00000 27     10.128     -0.0651055391
  0.44444 -0.25660  0.00000 28     10.162     -0.0656812260
  0.44444 -0.25660  0.00000 29     10.537     -0.0631238261
  0.44444 -0.25660  0.00000 30     11.369     -0.1287813920
  0.44444 -0.25660  0.00000 31     11.578     -0.1195153437
  0.44444 -0.25660  0.00000 32     13.522     -0.2502693310
  0.44444 -0.25660  0.00000 33     13.528     -0.2242699894
  0.44444 -0.25660  0.00000 34     14.164     -0.2783468204
  0.44444 -0.25660  0.00000 35     14.739     -0.3131529927
  0.22222  0.00000  0.00000  1    -17.098      1.3960012824
  0.22222  0.00000  0.00000  2    -15.898      1.1850658641
  0.22222  0.00000  0.00000  3    -15.836      1.1702615058
  0.22222  0.00000  0.00000  4    -13.489      0.7281760206
  0.22222  0.00000  0.00000  5    -10.148      0.1775450370
  0.22222  0.00000  0.00000  6     -6.381      0.0007600106
  0.22222  0.00000  0.00000  7     -6.310      0.0005333110
  0.22222  0.00000  0.00000  8     -5.500      0.0000003046
  0.22222  0.00000  0.00000  9     -4.592      0.0000000000
  0.22222  0.00000  0.00000 10     -4.284      0.0000000000
  0.22222  0.00000  0.00000 11     -4.186      0.0000000000
  0.22222  0.00000  0.00000 12     -3.707      0.0000000000
  0.22222  0.00000  0.00000 13     -3.477      0.0000000000
  0.22222  0.00000  0.00000 14     -2.837      0.0000000000
  0.22222  0.00000  0.00000 15     -2.330      0.0000000000
  0.22222  0.00000  0.00000 16     -2.089      0.0000000000
  0.22222  0.00000  0.00000 17      4.688     -0.0000000000
  0.22222  0.00000  0.00000 18      5.203     -0.0000017931
  0.22222  0.00000  0.00000 19      5.290     -0.0000057548
  0.22222  0.00000  0.00000 20      5.743     -0.0000743136
  0.22222  0.00000  0.00000 21      6.572     -0.0007278771
  0.22222  0.00000  0.00000 22      6.703     -0.0016107438
  0.22222  0.00000  0.00000 23      6.849     -0.0011473007
  0.22222  0.00000  0.00000 24      7.442     -0.0029062070
  0.22222  0.00000  0.00000 25      7.878     -0.0070876513
  0.22222  0.00000  0.00000 26      7.989     -0.0078631548
  0.22222  0.00000  0.00000 27      8.094     -0.0078475898
  0.22222  0.00000  0.00000 28      8.573     -0.0147495692
  0.22222  0.00000  0.00000 29      9.242     -0.0284671363
  0.22222  0.00000  0.00000 30      9.397     -0.0311948640
  0.22222  0.00000  0.00000 31      9.803     -0.0398201337
  0.22222  0.00000  0.00000 32      9.951     -0.0559413004
  0.22222  0.00000  0.00000 33     11.170     -0.0870221808
  0.22222  0.00000  0.00000 34     11.448     -0.1099637282
  0.22222  0.00000  0.00000 35     12.694     -0.1669395099
  0.33333 -0.06415  0.00000  1    -16.235      1.2545482749
  0.33333 -0.06415  0.00000  2    -15.086      1.0205965974
  0.33333 -0.06415  0.00000  3    -15.020      1.0016681225
  0.33333 -0.06415  0.00000  4    -12.878      0.6119145700
  0.33333 -0.06415  0.00000  5     -9.496      0.1231408402
  0.33333 -0.06415  0.00000  6     -7.753      0.0207425695
  0.33333 -0.06415  0.00000  7     -7.369      0.0123388277
  0.33333 -0.06415  0.00000  8     -7.087      0.0051109415
  0.33333 -0.06415  0.00000  9     -5.888      0.0002921947
  0.33333 -0.06415  0.00000 10     -5.102      0.0000000290
  0.33333 -0.06415  0.00000 11     -4.914      0.0000000000
  0.33333 -0.06415  0.00000 12     -4.427      0.0000000000
  0.33333 -0.06415  0.00000 13     -4.311      0.0000000000
  0.33333 -0.06415  0.00000 14     -3.938      0.0000000000
  0.33333 -0.06415  0.00000 15     -3.001      0.0000000000
  0.33333 -0.06415  0.00000 16     -2.710      0.0000000000
  0.33333 -0.06415  0.00000 17      3.664     -0.0000000000
  0.33333 -0.06415  0.00000 18      3.779     -0.0000000000
  0.33333 -0.06415  0.00000 19      4.868     -0.0000000000
  0.33333 -0.06415  0.00000 20      5.391     -0.0000004187
  0.33333 -0.06415  0.00000 21      6.431     -0.0002632440
  0.33333 -0.06415  0.00000 22      7.132     -0.0022804960
  0.33333 -0.06415  0.00000 23      7.400     -0.0035497070
  0.33333 -0.06415  0.00000 24      7.557     -0.0041742301
  0.33333 -0.06415  0.00000 25      7.763     -0.0075507531
  0.33333 -0.06415  0.00000 26      8.155     -0.0114231487
  0.33333 -0.06415  0.00000 27      8.715     -0.0162266736
  0.33333 -0.06415  0.00000 28      9.295     -0.0308330060
  0.33333 -0.06415  0.00000 29      9.570     -0.0320200985
  0.33333 -0.06415  0.00000 30     10.053     -0.0568501708
  0.33333 -0.06415  0.00000 31     10.651     -0.0650482871
  0.33333 -0.06415  0.00000 32     11.305     -0.0926204693
  0.33333 -0.06415  0.00000 33     11.892     -0.1420122516
  0.33333 -0.06415  0.00000 34     12.640     -0.1709399154
  0.33333 -0.06415  0.00000 35     12.736     -0.1843342740
  0.44444 -0.12830  0.00000  1    -15.043      1.0160758916
  0.44444 -0.12830  0.00000  2    -14.039      0.8106871080
  0.44444 -0.12830  0.00000  3    -13.955      0.7851791941
  0.44444 -0.12830  0.00000  4    -12.418      0.5331333768
  0.44444 -0.12830  0.00000  5     -9.711      0.1324581008
  0.44444 -0.12830  0.00000  6     -9.338      0.1088612215
  0.44444 -0.12830  0.00000  7     -8.920      0.0784846992
  0.44444 -0.12830  0.00000  8     -7.599      0.0143523920
  0.44444 -0.12830  0.00000  9     -7.414      0.0146365134
  0.44444 -0.12830  0.00000 10     -5.828      0.0002289728
  0.44444 -0.12830  0.00000 11     -5.454      0.0000400520
  0.44444 -0.12830  0.00000 12     -4.921      0.0000000039
  0.44444 -0.12830  0.00000 13     -4.537      0.0000000000
  0.44444 -0.12830  0.00000 14     -3.937      0.0000000000
  0.44444 -0.12830  0.00000 15     -3.463      0.0000000000
  0.44444 -0.12830  0.00000 16     -3.423      0.0000000000
  0.44444 -0.12830  0.00000 17      2.476     -0.0000000000
  0.44444 -0.12830  0.00000 18      2.955     -0.0000000000
  0.44444 -0.12830  0.00000 19      4.463     -0.0000000000
  0.44444 -0.12830  0.00000 20      4.929     -0.0000000000
  0.44444 -0.12830  0.00000 21      5.388     -0.0000023398
  0.44444 -0.12830  0.00000 22      6.181     -0.0001061699
  0.44444 -0.12830  0.00000 23      6.979     -0.0015492444
  0.44444 -0.12830  0.00000 24      7.686     -0.0055030723
  0.44444 -0.12830  0.00000 25      8.215     -0.0124078251
  0.44444 -0.12830  0.00000 26      8.730     -0.0204700082
  0.44444 -0.12830  0.00000 27      9.107     -0.0342525102
  0.44444 -0.12830  0.00000 28     10.269     -0.0571937185
  0.44444 -0.12830  0.00000 29     10.649     -0.0744798909
  0.44444 -0.12830  0.00000 30     11.408     -0.1061035929
  0.44444 -0.12830  0.00000 31     11.630     -0.1181833820
  0.44444 -0.12830  0.00000 32     12.069     -0.1386096425
  0.44444 -0.12830  0.00000 33     12.820     -0.1807755167
  0.44444 -0.12830  0.00000 34     13.422     -0.2306823162
  0.44444 -0.12830  0.00000 35     13.792     -0.2480569532
  0.55556 -0.19245  0.00000  1    -14.053      0.8286011693
  0.55556 -0.19245  0.00000  2    -13.530      0.7204752566
  0.55556 -0.19245  0.00000  3    -13.279      0.6689906663
  0.55556 -0.19245  0.00000  4    -12.596      0.5468023373
  0.55556 -0.19245  0.00000  5    -10.513      0.1942377034
  0.55556 -0.19245  0.00000  6    -10.206      0.1756822348
  0.55556 -0.19245  0.00000  7     -8.945      0.0822555137
  0.55556 -0.19245  0.00000  8     -8.613      0.0609483525
  0.55556 -0.19245  0.00000  9     -6.794      0.0023220460
  0.55556 -0.19245  0.00000 10     -6.215      0.0010114888
  0.55556 -0.19245  0.00000 11     -6.008      0.0005175076
  0.55556 -0.19245  0.00000 12     -5.169      0.0000148026
  0.55556 -0.19245  0.00000 13     -4.831      0.0000000000
  0.55556 -0.19245  0.00000 14     -3.719      0.0000000000
  0.55556 -0.19245  0.00000 15     -3.630      0.0000000000
  0.55556 -0.19245  0.00000 16     -3.500      0.0000000000
  0.55556 -0.19245  0.00000 17      2.044     -0.0000000000
  0.55556 -0.19245  0.00000 18      2.640     -0.0000000000
  0.55556 -0.19245  0.00000 19      4.463     -0.0000000000
  0.55556 -0.19245  0.00000 20      4.688     -0.0000000000
  0.55556 -0.19245  0.00000 21      5.049     -0.0000003703
  0.55556 -0.19245  0.00000 22      5.403     -0.0000054352
  0.55556 -0.19245  0.00000 23      6.905     -0.0010294938
  0.55556 -0.19245  0.00000 24      7.707     -0.0057650419
  0.55556 -0.19245  0.00000 25      8.163     -0.0117785475
  0.55556 -0.19245  0.00000 26      8.576     -0.0205651649
  0.55556 -0.19245  0.00000 27     10.183     -0.0637533935
  0.55556 -0.19245  0.00000 28     10.242     -0.0516001416
  0.55556 -0.19245  0.00000 29     10.631     -0.0791634296
  0.55556 -0.19245  0.00000 30     11.638     -0.1237442620
  0.55556 -0.19245  0.00000 31     12.407     -0.1709864644
  0.55556 -0.19245  0.00000 32     13.184     -0.2306209569
  0.55556 -0.19245  0.00000 33     13.315     -0.2045504970
  0.55556 -0.19245  0.00000 34     13.872     -0.2575104853
  0.55556 -0.19245  0.00000 35     14.346     -0.2752274998
  0.44444  0.00000  0.00000  1    -15.221      1.0510934784
  0.44444  0.00000  0.00000  2    -14.174      0.8313259649
  0.44444  0.00000  0.00000  3    -14.099      0.8133384119
  0.44444  0.00000  0.00000  4    -12.387      0.5309891667
  0.44444  0.00000  0.00000  5     -9.172      0.0949097773
  0.44444  0.00000  0.00000  6     -8.787      0.0687378209
  0.44444  0.00000  0.00000  7     -8.410      0.0511335853
  0.44444  0.00000  0.00000  8     -7.624      0.0154503875
  0.44444  0.00000  0.00000  9     -7.252      0.0111572371
  0.44444  0.00000  0.00000 10     -6.520      0.0014522267
  0.44444  0.00000  0.00000 11     -6.081      0.0004182694
  0.44444  0.00000  0.00000 12     -5.037      0.0000000000
  0.44444  0.00000  0.00000 13     -4.514      0.0000000000
  0.44444  0.00000  0.00000 14     -4.438      0.0000000000
  0.44444  0.00000  0.00000 15     -3.974      0.0000000000
  0.44444  0.00000  0.00000 16     -3.463      0.0000000000
  0.44444  0.00000  0.00000 17      3.205     -0.0000000000
  0.44444  0.00000  0.00000 18      4.189     -0.0000000000
  0.44444  0.00000  0.00000 19      4.236     -0.0000000000
  0.44444  0.00000  0.00000 20      6.212     -0.0002426986
  0.44444  0.00000  0.00000 21      6.552     -0.0006596681
  0.44444  0.00000  0.00000 22      7.068     -0.0012370020
  0.44444  0.00000  0.00000 23      7.520     -0.0035268086
  0.44444  0.00000  0.00000 24      7.887     -0.0071347615
  0.44444  0.00000  0.00000 25      8.146     -0.0116564706
  0.44444  0.00000  0.00000 26      8.472     -0.0124641496
  0.44444  0.00000  0.00000 27      8.865     -0.0194636047
  0.44444  0.00000  0.00000 28      9.267     -0.0288623213
  0.44444  0.00000  0.00000 29      9.364     -0.0381980631
  0.44444  0.00000  0.00000 30      9.825     -0.0403042292
  0.44444  0.00000  0.00000 31     11.099     -0.0695877040
  0.44444  0.00000  0.00000 32     12.160     -0.1414920747
  0.44444  0.00000  0.00000 33     12.433     -0.1791341479
  0.44444  0.00000  0.00000 34     12.806     -0.1921330613
  0.44444  0.00000  0.00000 35     13.419     -0.2236401651
  0.55556 -0.06415  0.00000  1    -14.016      0.8016559576
  0.55556 -0.06415  0.00000  2    -13.280      0.6757244356
  0.55556 -0.06415  0.00000  3    -13.181      0.6516909649
  0.55556 -0.06415  0.00000  4    -12.472      0.5375779854
  0.55556 -0.06415  0.00000  5     -9.905      0.1454371845
  0.55556 -0.06415  0.00000  6     -9.593      0.1259350772
  0.55556 -0.06415  0.00000  7     -8.928      0.0787643883
  0.55556 -0.06415  0.00000  8     -8.319      0.0466858380
  0.55556 -0.06415  0.00000  9     -7.456      0.0122777308
  0.55556 -0.06415  0.00000 10     -7.268      0.0097825224
  0.55556 -0.06415  0.00000 11     -6.472      0.0011716841
  0.55556 -0.06415  0.00000 12     -6.126      0.0006484385
  0.55556 -0.06415  0.00000 13     -5.105      0.0000001341
  0.55556 -0.06415  0.00000 14     -4.785      0.0000000000
  0.55556 -0.06415  0.00000 15     -4.024      0.0000000000
  0.55556 -0.06415  0.00000 16     -3.588      0.0000000000
  0.55556 -0.06415  0.00000 17      2.869     -0.0000000000
  0.55556 -0.06415  0.00000 18      3.675     -0.0000000000
  0.55556 -0.06415  0.00000 19      4.153     -0.0000000000
  0.55556 -0.06415  0.00000 20      5.544     -0.0000136514
  0.55556 -0.06415  0.00000 21      6.106     -0.0001745241
  0.55556 -0.06415  0.00000 22      6.752     -0.0006103340
  0.55556 -0.06415  0.00000 23      7.833     -0.0065792277
  0.55556 -0.06415  0.00000 24      8.143     -0.0112654112
  0.55556 -0.06415  0.00000 25      8.520     -0.0142843396
  0.55556 -0.06415  0.00000 26      9.138     -0.0258849675
  0.55556 -0.06415  0.00000 27      9.554     -0.0402389148
  0.55556 -0.06415  0.00000 28     10.344     -0.0596197437
  0.55556 -0.06415  0.00000 29     11.119     -0.0949658807
  0.55556 -0.06415  0.00000 30     11.247     -0.1006335666
  0.55556 -0.06415  0.00000 31     11.296     -0.1017981927
  0.55556 -0.06415  0.00000 32     12.176     -0.1502714268
  0.55556 -0.06415  0.00000 33     12.724     -0.1884360609
  0.55556 -0.06415  0.00000 34     13.119     -0.1940009287
  0.55556 -0.06415  0.00000 35     13.282     -0.2062538805
  0.66667  0.00000  0.00000  1    -13.132      0.6335249872
  0.66667  0.00000  0.00000  2    -12.910      0.6187195714
  0.66667  0.00000  0.00000  3    -12.910      0.6187197063
  0.66667  0.00000  0.00000  4    -12.821      0.5948477932
  0.66667  0.00000  0.00000  5     -9.750      0.1328244552
  0.66667  0.00000  0.00000  6     -9.336      0.1059318909
  0.66667  0.00000  0.00000  7     -9.336      0.1059318702
  0.66667  0.00000  0.00000  8     -8.235      0.0343096367
  0.66667  0.00000  0.00000  9     -8.235      0.0343097347
  0.66667  0.00000  0.00000 10     -8.179      0.0419529436
  0.66667  0.00000  0.00000 11     -6.315      0.0012223404
  0.66667  0.00000  0.00000 12     -6.315      0.0012223229
  0.66667  0.00000  0.00000 13     -5.918      0.0000582029
  0.66667  0.00000  0.00000 14     -4.721      0.0000000000
  0.66667  0.00000  0.00000 15     -4.721      0.0000000000
  0.66667  0.00000  0.00000 16     -3.431      0.0000000000
  0.66667  0.00000  0.00000 17      3.332     -0.0000000000
  0.66667  0.00000  0.00000 18      3.332     -0.0000000000
  0.66667  0.00000  0.00000 19      4.674     -0.0000000000
  0.66667  0.00000  0.00000 20      5.079     -0.0000000000
  0.66667  0.00000  0.00000 21      5.079     -0.0000000000
  0.66667  0.00000  0.00000 22      8.568     -0.0170651539
  0.66667  0.00000  0.00000 23      8.568     -0.0170651713
  0.66667  0.00000  0.00000 24      8.626     -0.0184620729
  0.66667  0.00000  0.00000 25      9.557     -0.0295575874
  0.66667  0.00000  0.00000 26     10.205     -0.0539080939
  0.66667  0.00000  0.00000 27     10.422     -0.0679902859
  0.66667  0.00000  0.00000 28     10.422     -0.0679906032
  0.66667  0.00000  0.00000 29     11.199     -0.0926450378
  0.66667  0.00000  0.00000 30     11.199     -0.0926453643
  0.66667  0.00000  0.00000 31     11.277     -0.1164069411
  0.66667  0.00000  0.00000 32     11.744     -0.1296541340
  0.66667  0.00000  0.00000 33     11.745     -0.1296548157
  0.66667  0.00000  0.00000 34     12.495     -0.1655023241
  0.66667  0.00000  0.00000 35     13.261     -0.1959812789
  0.00000  0.00000  0.10192  1    -17.622      1.4854613806
  0.00000  0.00000  0.10192  2    -17.199      1.4117851517
  0.00000  0.00000  0.10192  3    -15.599      1.1363826449
  0.00000  0.00000  0.10192  4    -14.595      0.9570285121
  0.00000  0.00000  0.10192  5     -9.941      0.1660527048
  0.00000  0.00000  0.10192  6     -8.277      0.0416828248
  0.00000  0.00000  0.10192  7     -4.250      0.0000000000
  0.00000  0.00000  0.10192  8     -2.856      0.0000000000
  0.00000  0.00000  0.10192  9     -2.856      0.0000000000
  0.00000  0.00000  0.10192 10     -2.656      0.0000000000
  0.00000  0.00000  0.10192 11     -2.656      0.0000000000
  0.00000  0.00000  0.10192 12     -2.467      0.0000000000
  0.00000  0.00000  0.10192 13     -1.994      0.0000000000
  0.00000  0.00000  0.10192 14     -1.994      0.0000000000
  0.00000  0.00000  0.10192 15     -1.724      0.0000000000
  0.00000  0.00000  0.10192 16     -1.724      0.0000000000
  0.00000  0.00000  0.10192 17      4.642     -0.0000000000
  0.00000  0.00000  0.10192 18      4.918     -0.0000000731
  0.00000  0.00000  0.10192 19      6.100     -0.0003151441
  0.00000  0.00000  0.10192 20      6.159     -0.0003984587
  0.00000  0.00000  0.10192 21      6.623     -0.0009187021
  0.00000  0.00000  0.10192 22      6.623     -0.0009187202
  0.00000  0.00000  0.10192 23      6.632     -0.0010270484
  0.00000  0.00000  0.10192 24      6.632     -0.0010270538
  0.00000  0.00000  0.10192 25      6.991     -0.0012839494
  0.00000  0.00000  0.10192 26      7.661     -0.0048630703
  0.00000  0.00000  0.10192 27      7.661     -0.0048631073
  0.00000  0.00000  0.10192 28      7.726     -0.0074687655
  0.00000  0.00000  0.10192 29      7.811     -0.0050580223
  0.00000  0.00000  0.10192 30      7.811     -0.0050580763
  0.00000  0.00000  0.10192 31      9.580     -0.0569267715
  0.00000  0.00000  0.10192 32     10.113     -0.0824804877
  0.00000  0.00000  0.10192 33     12.394     -0.1224313939
  0.00000  0.00000  0.10192 34     12.394     -0.1224323301
  0.00000  0.00000  0.10192 35     13.003     -0.1518418019
  0.11111 -0.06415  0.10192  1    -17.400      1.4441079626
  0.11111 -0.06415  0.10192  2    -16.979      1.3711338567
  0.11111 -0.06415  0.10192  3    -15.389      1.0941860258
  0.11111 -0.06415  0.10192  4    -14.399      0.9072941546
  0.11111 -0.06415  0.10192  5     -9.759      0.1499207868
  0.11111 -0.06415  0.10192  6     -8.137      0.0342560137
  0.11111 -0.06415  0.10192  7     -4.402      0.0000000000
  0.11111 -0.06415  0.10192  8     -3.978      0.0000000000
  0.11111 -0.06415  0.10192  9     -3.767      0.0000000000
  0.11111 -0.06415  0.10192 10     -3.250      0.0000000000
  0.11111 -0.06415  0.10192 11     -3.002      0.0000000000
  0.11111 -0.06415  0.10192 12     -2.896      0.0000000000
  0.11111 -0.06415  0.10192 13     -2.746      0.0000000000
  0.11111 -0.06415  0.10192 14     -2.203      0.0000000000
  0.11111 -0.06415  0.10192 15     -2.190      0.0000000000
  0.11111 -0.06415  0.10192 16     -1.861      0.0000000000
  0.11111 -0.06415  0.10192 17      4.904     -0.0000000000
  0.11111 -0.06415  0.10192 18      5.150     -0.0000040772
  0.11111 -0.06415  0.10192 19      5.799     -0.0001411094
  0.11111 -0.06415  0.10192 20      6.097     -0.0003087674
  0.11111 -0.06415  0.10192 21      6.487     -0.0008169955
  0.11111 -0.06415  0.10192 22      6.784     -0.0015904857
  0.11111 -0.06415  0.10192 23      6.992     -0.0021184640
  0.11111 -0.06415  0.10192 24      7.052     -0.0018538414
  0.11111 -0.06415  0.10192 25      7.231     -0.0032911059
  0.11111 -0.06415  0.10192 26      7.457     -0.0032023083
  0.11111 -0.06415  0.10192 27      7.659     -0.0053701887
  0.11111 -0.06415  0.10192 28      8.171     -0.0105091024
  0.11111 -0.06415  0.10192 29      8.416     -0.0135452103
  0.11111 -0.06415  0.10192 30      8.500     -0.0128643857
  0.11111 -0.06415  0.10192 31      9.660     -0.0449467209
  0.11111 -0.06415  0.10192 32     10.378     -0.0759034989
  0.11111 -0.06415  0.10192 33     11.165     -0.0902578870
  0.11111 -0.06415  0.10192 34     11.648     -0.0960452284
  0.11111 -0.06415  0.10192 35     12.134     -0.1313760350
  0.22222 -0.12830  0.10192  1    -16.740      1.3341373186
  0.22222 -0.12830  0.10192  2    -16.327      1.2607591983
  0.22222 -0.12830  0.10192  3    -14.784      0.9597234520
  0.22222 -0.12830  0.10192  4    -13.843      0.7775015555
  0.22222 -0.12830  0.10192  5     -9.281      0.1082633589
  0.22222 -0.12830  0.10192  6     -7.917      0.0255979168
  0.22222 -0.12830  0.10192  7     -6.320      0.0004245904
  0.22222 -0.12830  0.10192  8     -5.809      0.0000421140
  0.22222 -0.12830  0.10192  9     -5.382      0.0000006256
  0.22222 -0.12830  0.10192 10     -4.590      0.0000000000
  0.22222 -0.12830  0.10192 11     -3.998      0.0000000000
  0.22222 -0.12830  0.10192 12     -3.702      0.0000000000
  0.22222 -0.12830  0.10192 13     -3.465      0.0000000000
  0.22222 -0.12830  0.10192 14     -2.729      0.0000000000
  0.22222 -0.12830  0.10192 15     -2.571      0.0000000000
  0.22222 -0.12830  0.10192 16     -2.283      0.0000000000
  0.22222 -0.12830  0.10192 17      3.551     -0.0000000000
  0.22222 -0.12830  0.10192 18      3.789     -0.0000000000
  0.22222 -0.12830  0.10192 19      5.033     -0.0000000000
  0.22222 -0.12830  0.10192 20      5.621     -0.0000162879
  0.22222 -0.12830  0.10192 21      6.356     -0.0002778220
  0.22222 -0.12830  0.10192 22      6.890     -0.0013103792
  0.22222 -0.12830  0.10192 23      7.619     -0.0057383908
  0.22222 -0.12830  0.10192 24      7.880     -0.0074868637
  0.22222 -0.12830  0.10192 25      8.197     -0.0122009870
  0.22222 -0.12830  0.10192 26      8.263     -0.0133515275
  0.22222 -0.12830  0.10192 27      8.503     -0.0135472649
  0.22222 -0.12830  0.10192 28      9.045     -0.0274191475
  0.22222 -0.12830  0.10192 29      9.550     -0.0411209554
  0.22222 -0.12830  0.10192 30     10.031     -0.0507886872
  0.22222 -0.12830  0.10192 31     10.036     -0.0437693700
  0.22222 -0.12830  0.10192 32     10.385     -0.0515312475
  0.22222 -0.12830  0.10192 33     10.921     -0.0797055840
  0.22222 -0.12830  0.10192 34     11.730     -0.0968128194
  0.22222 -0.12830  0.10192 35     12.163     -0.1493809530
  0.33333 -0.19245  0.10192  1    -15.690      1.1503272682
  0.33333 -0.19245  0.10192  2    -15.300      1.0652428561
  0.33333 -0.19245  0.10192  3    -13.883      0.7712275599
  0.33333 -0.19245  0.10192  4    -13.070      0.6329597798
  0.33333 -0.19245  0.10192  5     -9.275      0.1046859707
  0.33333 -0.19245  0.10192  6     -8.898      0.0775190528
  0.33333 -0.19245  0.10192  7     -8.002      0.0312065143
  0.33333 -0.19245  0.10192  8     -7.100      0.0070091241
  0.33333 -0.19245  0.10192  9     -6.945      0.0054355949
  0.33333 -0.19245  0.10192 10     -5.863      0.0002050029
  0.33333 -0.19245  0.10192 11     -4.642      0.0000000000
  0.33333 -0.19245  0.10192 12     -4.324      0.0000000000
  0.33333 -0.19245  0.10192 13     -3.727      0.0000000000
  0.33333 -0.19245  0.10192 14     -3.252      0.0000000000
  0.33333 -0.19245  0.10192 15     -3.123      0.0000000000
  0.33333 -0.19245  0.10192 16     -2.747      0.0000000000
  0.33333 -0.19245  0.10192 17      2.420     -0.0000000000
  0.33333 -0.19245  0.10192 18      2.598     -0.0000000000
  0.33333 -0.19245  0.10192 19      4.072     -0.0000000000
  0.33333 -0.19245  0.10192 20      4.747     -0.0000000000
  0.33333 -0.19245  0.10192 21      5.330     -0.0000006825
  0.33333 -0.19245  0.10192 22      6.287     -0.0001156638
  0.33333 -0.19245  0.10192 23      7.253     -0.0024622324
  0.33333 -0.19245  0.10192 24      7.515     -0.0050051223
  0.33333 -0.19245  0.10192 25      8.155     -0.0113929590
  0.33333 -0.19245  0.10192 26      8.592     -0.0203383324
  0.33333 -0.19245  0.10192 27      9.469     -0.0383057554
  0.33333 -0.19245  0.10192 28     10.174     -0.0599879482
  0.33333 -0.19245  0.10192 29     11.137     -0.1054672291
  0.33333 -0.19245  0.10192 30     11.249     -0.0980384534
  0.33333 -0.19245  0.10192 31     11.755     -0.1205949103
  0.33333 -0.19245  0.10192 32     11.862     -0.1392519385
  0.33333 -0.19245  0.10192 33     12.048     -0.1304465725
  0.33333 -0.19245  0.10192 34     12.748     -0.1771868104
  0.33333 -0.19245  0.10192 35     13.451     -0.1960385918
  0.44444 -0.25660  0.10192  1    -14.452      0.9032343383
  0.44444 -0.25660  0.10192  2    -14.141      0.8393913351
  0.44444 -0.25660  0.10192  3    -13.147      0.6454644267
  0.44444 -0.25660  0.10192  4    -12.724      0.5721439600
  0.44444 -0.25660  0.10192  5    -10.334      0.1814044037
  0.44444 -0.25660  0.10192  6     -9.961      0.1550930258
  0.44444 -0.25660  0.10192  7     -9.352      0.1075659295
  0.44444 -0.25660  0.10192  8     -8.655      0.0644006423
  0.44444 -0.25660  0.10192  9     -6.527      0.0015098745
  0.44444 -0.25660  0.10192 10     -5.537      0.0000854332
  0.44444 -0.25660  0.10192 11     -4.995      0.0000003342
  0.44444 -0.25660  0.10192 12     -4.667      0.0000000000
  0.44444 -0.25660  0.10192 13     -4.370      0.0000000000
  0.44444 -0.25660  0.10192 14     -3.706      0.0000000000
  0.44444 -0.25660  0.10192 15     -3.557      0.0000000000
  0.44444 -0.25660  0.10192 16     -3.027      0.0000000000
  0.44444 -0.25660  0.10192 17      1.871     -0.0000000000
  0.44444 -0.25660  0.10192 18      1.957     -0.0000000000
  0.44444 -0.25660  0.10192 19      3.467     -0.0000000000
  0.44444 -0.25660  0.10192 20      4.156     -0.0000000000
  0.44444 -0.25660  0.10192 21      5.102     -0.0000010777
  0.44444 -0.25660  0.10192 22      5.717     -0.0000152806
  0.44444 -0.25660  0.10192 23      7.010     -0.0014834992
  0.44444 -0.25660  0.10192 24      7.273     -0.0031660944
  0.44444 -0.25660  0.10192 25      7.452     -0.0032337173
  0.44444 -0.25660  0.10192 26      8.495     -0.0195678090
  0.44444 -0.25660  0.10192 27      9.653     -0.0465709586
  0.44444 -0.25660  0.10192 28     10.524     -0.0857592559
  0.44444 -0.25660  0.10192 29     11.578     -0.1155768052
  0.44444 -0.25660  0.10192 30     11.837     -0.1403373006
  0.44444 -0.25660  0.10192 31     12.332     -0.1529699694
  0.44444 -0.25660  0.10192 32     13.092     -0.2182734911
  0.44444 -0.25660  0.10192 33     13.521     -0.2211259356
  0.44444 -0.25660  0.10192 34     13.790     -0.2424670090
  0.44444 -0.25660  0.10192 35     14.715     -0.3122581135
  0.22222  0.00000  0.10192  1    -16.958      1.3703132742
  0.22222  0.00000  0.10192  2    -16.542      1.2979703962
  0.22222  0.00000  0.10192  3    -14.982      1.0056073286
  0.22222  0.00000  0.10192  4    -14.023      0.8168588986
  0.22222  0.00000  0.10192  5     -9.422      0.1197304771
  0.22222  0.00000  0.10192  6     -7.932      0.0256293504
  0.22222  0.00000  0.10192  7     -5.383      0.0000000000
  0.22222  0.00000  0.10192  8     -5.217      0.0000000000
  0.22222  0.00000  0.10192  9     -4.947      0.0000000000
  0.22222  0.00000  0.10192 10     -4.493      0.0000000000
  0.22222  0.00000  0.10192 11     -3.895      0.0000000000
  0.22222  0.00000  0.10192 12     -3.373      0.0000000000
  0.22222  0.00000  0.10192 13     -3.211      0.0000000000
  0.22222  0.00000  0.10192 14     -3.007      0.0000000000
  0.22222  0.00000  0.10192 15     -2.463      0.0000000000
  0.22222  0.00000  0.10192 16     -2.264      0.0000000000
  0.22222  0.00000  0.10192 17      4.746     -0.0000000000
  0.22222  0.00000  0.10192 18      4.989     -0.0000000000
  0.22222  0.00000  0.10192 19      5.323     -0.0000048620
  0.22222  0.00000  0.10192 20      5.501     -0.0000174443
  0.22222  0.00000  0.10192 21      6.414     -0.0004882393
  0.22222  0.00000  0.10192 22      6.598     -0.0009443324
  0.22222  0.00000  0.10192 23      7.444     -0.0036712168
  0.22222  0.00000  0.10192 24      7.505     -0.0047141534
  0.22222  0.00000  0.10192 25      7.730     -0.0052640075
  0.22222  0.00000  0.10192 26      7.825     -0.0068119478
  0.22222  0.00000  0.10192 27      8.531     -0.0122001160
  0.22222  0.00000  0.10192 28      8.600     -0.0155727775
  0.22222  0.00000  0.10192 29      9.270     -0.0293983877
  0.22222  0.00000  0.10192 30      9.271     -0.0317624889
  0.22222  0.00000  0.10192 31      9.910     -0.0511522553
  0.22222  0.00000  0.10192 32     10.115     -0.0476263605
  0.22222  0.00000  0.10192 33     10.782     -0.0632642455
  0.22222  0.00000  0.10192 34     11.601     -0.1131310715
  0.22222  0.00000  0.10192 35     12.218     -0.1363828033
  0.33333 -0.06415  0.10192  1    -16.099      1.2271324682
  0.33333 -0.06415  0.10192  2    -15.697      1.1463145426
  0.33333 -0.06415  0.10192  3    -14.220      0.8372523543
  0.33333 -0.06415  0.10192  4    -13.343      0.6791768816
  0.33333 -0.06415  0.10192  5     -9.008      0.0874162602
  0.33333 -0.06415  0.10192  6     -8.199      0.0386093840
  0.33333 -0.06415  0.10192  7     -7.222      0.0078898324
  0.33333 -0.06415  0.10192  8     -6.581      0.0019898419
  0.33333 -0.06415  0.10192  9     -6.380      0.0014331493
  0.33333 -0.06415  0.10192 10     -5.762      0.0001151275
  0.33333 -0.06415  0.10192 11     -4.881      0.0000000000
  0.33333 -0.06415  0.10192 12     -4.553      0.0000000000
  0.33333 -0.06415  0.10192 13     -3.989      0.0000000000
  0.33333 -0.06415  0.10192 14     -3.484      0.0000000000
  0.33333 -0.06415  0.10192 15     -3.065      0.0000000000
  0.33333 -0.06415  0.10192 16     -2.645      0.0000000000
  0.33333 -0.06415  0.10192 17      3.714     -0.0000000000
  0.33333 -0.06415  0.10192 18      3.823     -0.0000000000
  0.33333 -0.06415  0.10192 19      4.919     -0.0000000000
  0.33333 -0.06415  0.10192 20      5.421     -0.0000002545
  0.33333 -0.06415  0.10192 21      6.007     -0.0000593055
  0.33333 -0.06415  0.10192 22      6.336     -0.0002893601
  0.33333 -0.06415  0.10192 23      7.450     -0.0032884407
  0.33333 -0.06415  0.10192 24      7.622     -0.0056262096
  0.33333 -0.06415  0.10192 25      8.203     -0.0107851692
  0.33333 -0.06415  0.10192 26      8.382     -0.0127822259
  0.33333 -0.06415  0.10192 27      8.807     -0.0211585805
  0.33333 -0.06415  0.10192 28      9.547     -0.0360501295
  0.33333 -0.06415  0.10192 29      9.799     -0.0407090804
  0.33333 -0.06415  0.10192 30      9.932     -0.0483484290
  0.33333 -0.06415  0.10192 31     10.542     -0.0594627282
  0.33333 -0.06415  0.10192 32     11.481     -0.1137786766
  0.33333 -0.06415  0.10192 33     11.784     -0.1216237563
  0.33333 -0.06415  0.10192 34     12.395     -0.1591461039
  0.33333 -0.06415  0.10192 35     12.845     -0.1898663055
  0.44444 -0.12830  0.10192  1    -14.920      0.9901598678
  0.44444 -0.12830  0.10192  2    -14.560      0.9133907963
  0.44444 -0.12830  0.10192  3    -13.312      0.6716889723
  0.44444 -0.12830  0.10192  4    -12.686      0.5724613869
  0.44444 -0.12830  0.10192  5     -9.757      0.1364791090
  0.44444 -0.12830  0.10192  6     -9.506      0.1183070157
  0.44444 -0.12830  0.10192  7     -8.636      0.0628888958
  0.44444 -0.12830  0.10192  8     -7.882      0.0285867628
  0.44444 -0.12830  0.10192  9     -6.851      0.0036633934
  0.44444 -0.12830  0.10192 10     -5.826      0.0002134948
  0.44444 -0.12830  0.10192 11     -5.580      0.0000652197
  0.44444 -0.12830  0.10192 12     -5.250      0.0000112419
  0.44444 -0.12830  0.10192 13     -4.634      0.0000000000
  0.44444 -0.12830  0.10192 14     -3.933      0.0000000000
  0.44444 -0.12830  0.10192 15     -3.554      0.0000000000
  0.44444 -0.12830  0.10192 16     -3.162      0.0000000000
  0.44444 -0.12830  0.10192 17      2.755     -0.0000000000
  0.44444 -0.12830  0.10192 18      2.988     -0.0000000000
  0.44444 -0.12830  0.10192 19      4.395     -0.0000000000
  0.44444 -0.12830  0.10192 20      4.765     -0.0000000000
  0.44444 -0.12830  0.10192 21      5.530     -0.0000150965
  0.44444 -0.12830  0.10192 22      6.249     -0.0002369604
  0.44444 -0.12830  0.10192 23      6.772     -0.0005615103
  0.44444 -0.12830  0.10192 24      7.320     -0.0031736171
  0.44444 -0.12830  0.10192 25      7.760     -0.0061838696
  0.44444 -0.12830  0.10192 26      8.906     -0.0259021956
  0.44444 -0.12830  0.10192 27      9.818     -0.0494795331
  0.44444 -0.12830  0.10192 28     10.378     -0.0664948332
  0.44444 -0.12830  0.10192 29     10.484     -0.0724323157
  0.44444 -0.12830  0.10192 30     11.405     -0.1143959745
  0.44444 -0.12830  0.10192 31     11.684     -0.1133860208
  0.44444 -0.12830  0.10192 32     12.319     -0.1515170410
  0.44444 -0.12830  0.10192 33     12.882     -0.1897019587
  0.44444 -0.12830  0.10192 34     13.322     -0.2181904734
  0.44444 -0.12830  0.10192 35     13.465     -0.2221411085
  0.55556 -0.19245  0.10192  1    -13.968      0.8118166279
  0.55556 -0.19245  0.10192  2    -13.744      0.7661400191
  0.55556 -0.19245  0.10192  3    -13.048      0.6217741950
  0.55556 -0.19245  0.10192  4    -12.748      0.5692356436
  0.55556 -0.19245  0.10192  5    -10.261      0.1749491063
  0.55556 -0.19245  0.10192  6     -9.987      0.1587375909
  0.55556 -0.19245  0.10192  7     -9.342      0.1054091648
  0.55556 -0.19245  0.10192  8     -9.046      0.0877464046
  0.55556 -0.19245  0.10192  9     -6.307      0.0009202244
  0.55556 -0.19245  0.10192 10     -5.915      0.0003693310
  0.55556 -0.19245  0.10192 11     -5.709      0.0001696371
  0.55556 -0.19245  0.10192 12     -5.408      0.0000566960
  0.55556 -0.19245  0.10192 13     -4.643      0.0000000000
  0.55556 -0.19245  0.10192 14     -4.328      0.0000000000
  0.55556 -0.19245  0.10192 15     -3.877      0.0000000000
  0.55556 -0.19245  0.10192 16     -3.467      0.0000000000
  0.55556 -0.19245  0.10192 17      2.437     -0.0000000000
  0.55556 -0.19245  0.10192 18      2.679     -0.0000000000
  0.55556 -0.19245  0.10192 19      4.261     -0.0000000000
  0.55556 -0.19245  0.10192 20      4.288     -0.0000000000
  0.55556 -0.19245  0.10192 21      5.738     -0.0000377813
  0.55556 -0.19245  0.10192 22      6.210     -0.0001450519
  0.55556 -0.19245  0.10192 23      6.580     -0.0004893935
  0.55556 -0.19245  0.10192 24      6.814     -0.0010506522
  0.55556 -0.19245  0.10192 25      7.711     -0.0048660093
  0.55556 -0.19245  0.10192 26      8.396     -0.0167462414
  0.55556 -0.19245  0.10192 27     10.290     -0.0648176297
  0.55556 -0.19245  0.10192 28     10.411     -0.0748668151
  0.55556 -0.19245  0.10192 29     11.108     -0.1096173286
  0.55556 -0.19245  0.10192 30     11.833     -0.1338196347
  0.55556 -0.19245  0.10192 31     12.782     -0.1907640643
  0.55556 -0.19245  0.10192 32     12.948     -0.2006228843
  0.55556 -0.19245  0.10192 33     13.300     -0.2013626973
  0.55556 -0.19245  0.10192 34     13.529     -0.2240257289
  0.55556 -0.19245  0.10192 35     14.504     -0.2939888060
  0.44444  0.00000  0.10192  1    -15.094      1.0238314403
  0.44444  0.00000  0.10192  2    -14.722      0.9437011986
  0.44444  0.00000  0.10192  3    -13.407      0.6853819269
  0.44444  0.00000  0.10192  4    -12.707      0.5760854545
  0.44444  0.00000  0.10192  5     -9.179      0.0954177336
  0.44444  0.00000  0.10192  6     -9.013      0.0840877814
  0.44444  0.00000  0.10192  7     -8.098      0.0361120583
  0.44444  0.00000  0.10192  8     -7.633      0.0197232942
  0.44444  0.00000  0.10192  9     -6.974      0.0049389629
  0.44444  0.00000  0.10192 10     -6.308      0.0007754448
  0.44444  0.00000  0.10192 11     -5.812      0.0000999570
  0.44444  0.00000  0.10192 12     -5.650      0.0000389815
  0.44444  0.00000  0.10192 13     -5.284      0.0000002649
  0.44444  0.00000  0.10192 14     -4.729      0.0000000000
  0.44444  0.00000  0.10192 15     -3.293      0.0000000000
  0.44444  0.00000  0.10192 16     -3.196      0.0000000000
  0.44444  0.00000  0.10192 17      3.551     -0.0000000000
  0.44444  0.00000  0.10192 18      3.882     -0.0000000000
  0.44444  0.00000  0.10192 19      4.410     -0.0000000000
  0.44444  0.00000  0.10192 20      5.709     -0.0000160014
  0.44444  0.00000  0.10192 21      6.392     -0.0004079938
  0.44444  0.00000  0.10192 22      6.580     -0.0005914520
  0.44444  0.00000  0.10192 23      7.636     -0.0039876305
  0.44444  0.00000  0.10192 24      7.819     -0.0057757010
  0.44444  0.00000  0.10192 25      8.447     -0.0165632615
  0.44444  0.00000  0.10192 26      8.814     -0.0246801162
  0.44444  0.00000  0.10192 27      9.445     -0.0345261123
  0.44444  0.00000  0.10192 28      9.499     -0.0282271110
  0.44444  0.00000  0.10192 29      9.707     -0.0361836856
  0.44444  0.00000  0.10192 30      9.965     -0.0457801200
  0.44444  0.00000  0.10192 31     10.329     -0.0563955970
  0.44444  0.00000  0.10192 32     11.466     -0.1083009344
  0.44444  0.00000  0.10192 33     12.278     -0.1554208275
  0.44444  0.00000  0.10192 34     13.171     -0.2208080982
  0.44444  0.00000  0.10192 35     13.481     -0.2366812386
  0.55556 -0.06415  0.10192  1    -13.915      0.7837811048
  0.55556 -0.06415  0.10192  2    -13.634      0.7338045582
  0.55556 -0.06415  0.10192  3    -12.829      0.5963845428
  0.55556 -0.06415  0.10192  4    -12.560      0.5525421880
  0.55556 -0.06415  0.10192  5     -9.816      0.1384817205
  0.55556 -0.06415  0.10192  6     -9.511      0.1182259007
  0.55556 -0.06415  0.10192  7     -9.088      0.0881601622
  0.55556 -0.06415  0.10192  8     -8.657      0.0632779066
  0.55556 -0.06415  0.10192  9     -7.328      0.0099925219
  0.55556 -0.06415  0.10192 10     -7.019      0.0059709937
  0.55556 -0.06415  0.10192 11     -6.398      0.0017845096
  0.55556 -0.06415  0.10192 12     -5.789      0.0001025900
  0.55556 -0.06415  0.10192 13     -5.647      0.0000461718
  0.55556 -0.06415  0.10192 14     -4.737      0.0000000000
  0.55556 -0.06415  0.10192 15     -3.935      0.0000000000
  0.55556 -0.06415  0.10192 16     -3.663      0.0000000000
  0.55556 -0.06415  0.10192 17      2.895     -0.0000000000
  0.55556 -0.06415  0.10192 18      3.060     -0.0000000000
  0.55556 -0.06415  0.10192 19      4.965     -0.0000000000
  0.55556 -0.06415  0.10192 20      5.807     -0.0000525983
  0.55556 -0.06415  0.10192 21      6.012     -0.0001258897
  0.55556 -0.06415  0.10192 22      6.780     -0.0009981000
  0.55556 -0.06415  0.10192 23      7.314     -0.0021948621
  0.55556 -0.06415  0.10192 24      8.190     -0.0095768976
  0.55556 -0.06415  0.10192 25      8.683     -0.0207553245
  0.55556 -0.06415  0.10192 26      9.283     -0.0283043927
  0.55556 -0.06415  0.10192 27      9.586     -0.0381439144
  0.55556 -0.06415  0.10192 28     10.276     -0.0635918886
  0.55556 -0.06415  0.10192 29     10.618     -0.0730462224
  0.55556 -0.06415  0.10192 30     10.989     -0.0872245891
  0.55556 -0.06415  0.10192 31     11.582     -0.1105265406
  0.55556 -0.06415  0.10192 32     11.876     -0.1265218406
  0.55556 -0.06415  0.10192 33     12.723     -0.1828519990
  0.55556 -0.06415  0.10192 34     13.177     -0.2126852940
  0.55556 -0.06415  0.10192 35     13.504     -0.2244098238
  0.66667  0.00000  0.10192  1    -13.064      0.6245601097
  0.66667  0.00000  0.10192  2    -12.910      0.6046540230
  0.66667  0.00000  0.10192  3    -12.909      0.6180188304
  0.66667  0.00000  0.10192  4    -12.909      0.6180189269
  0.66667  0.00000  0.10192  5     -9.445      0.1118414086
  0.66667  0.00000  0.10192  6     -9.416      0.1092311163
  0.66667  0.00000  0.10192  7     -9.416      0.1092310524
  0.66667  0.00000  0.10192  8     -8.714      0.0665205524
  0.66667  0.00000  0.10192  9     -7.920      0.0242592184
  0.66667  0.00000  0.10192 10     -7.920      0.0242592099
  0.66667  0.00000  0.10192 11     -6.805      0.0049687419
  0.66667  0.00000  0.10192 12     -6.805      0.0049688345
  0.66667  0.00000  0.10192 13     -5.193      0.0000000000
  0.66667  0.00000  0.10192 14     -4.378      0.0000000000
  0.66667  0.00000  0.10192 15     -4.378      0.0000000000
  0.66667  0.00000  0.10192 16     -4.012      0.0000000000
  0.66667  0.00000  0.10192 17      2.718     -0.0000000000
  0.66667  0.00000  0.10192 18      2.718     -0.0000000000
  0.66667  0.00000  0.10192 19      5.448     -0.0000015715
  0.66667  0.00000  0.10192 20      5.971     -0.0001213078
  0.66667  0.00000  0.10192 21      5.971     -0.0001213137
  0.66667  0.00000  0.10192 22      7.194     -0.0028877752
  0.66667  0.00000  0.10192 23      8.486     -0.0148383466
  0.66667  0.00000  0.10192 24      8.486     -0.0148383548
  0.66667  0.00000  0.10192 25      9.929     -0.0442982332
  0.66667  0.00000  0.10192 26     10.119     -0.0512445274
  0.66667  0.00000  0.10192 27     10.362     -0.0609088475
  0.66667  0.00000  0.10192 28     10.362     -0.0609085991
  0.66667  0.00000  0.10192 29     10.665     -0.0787459700
  0.66667  0.00000  0.10192 30     10.665     -0.0787472686
  0.66667  0.00000  0.10192 31     11.720     -0.1132311239
  0.66667  0.00000  0.10192 32     11.720     -0.1132316574
  0.66667  0.00000  0.10192 33     12.042     -0.1499690709
  0.66667  0.00000  0.10192 34     12.487     -0.1664773148
  0.66667  0.00000  0.10192 35     12.916     -0.1766980166
  0.00000  0.00000  0.20384  1    -17.622      1.4855646827
  0.00000  0.00000  0.20384  2    -17.199      1.4117322588
  0.00000  0.00000  0.20384  3    -15.599      1.1364350133
  0.00000  0.00000  0.20384  4    -14.595      0.9569701281
  0.00000  0.00000  0.20384  5     -9.941      0.1660817329
  0.00000  0.00000  0.20384  6     -8.277      0.0416798921
  0.00000  0.00000  0.20384  7     -4.250      0.0000000000
  0.00000  0.00000  0.20384  8     -2.856      0.0000000000
  0.00000  0.00000  0.20384  9     -2.856      0.0000000000
  0.00000  0.00000  0.20384 10     -2.656      0.0000000000
  0.00000  0.00000  0.20384 11     -2.656      0.0000000000
  0.00000  0.00000  0.20384 12     -2.467      0.0000000000
  0.00000  0.00000  0.20384 13     -1.994      0.0000000000
  0.00000  0.00000  0.20384 14     -1.994      0.0000000000
  0.00000  0.00000  0.20384 15     -1.724      0.0000000000
  0.00000  0.00000  0.20384 16     -1.724      0.0000000000
  0.00000  0.00000  0.20384 17      4.642     -0.0000000000
  0.00000  0.00000  0.20384 18      4.918     -0.0000000402
  0.00000  0.00000  0.20384 19      6.100     -0.0003115694
  0.00000  0.00000  0.20384 20      6.159     -0.0003977911
  0.00000  0.00000  0.20384 21      6.623     -0.0009175771
  0.00000  0.00000  0.20384 22      6.623     -0.0009175812
  0.00000  0.00000  0.20384 23      6.632     -0.0010292460
  0.00000  0.00000  0.20384 24      6.632     -0.0010292484
  0.00000  0.00000  0.20384 25      6.991     -0.0012785064
  0.00000  0.00000  0.20384 26      7.661     -0.0048662808
  0.00000  0.00000  0.20384 27      7.661     -0.0048663394
  0.00000  0.00000  0.20384 28      7.726     -0.0074620573
  0.00000  0.00000  0.20384 29      7.811     -0.0050593065
  0.00000  0.00000  0.20384 30      7.811     -0.0050593326
  0.00000  0.00000  0.20384 31      9.580     -0.0569006051
  0.00000  0.00000  0.20384 32     10.113     -0.0824381232
  0.00000  0.00000  0.20384 33     12.394     -0.1224509333
  0.00000  0.00000  0.20384 34     12.394     -0.1224519026
  0.00000  0.00000  0.20384 35     13.003     -0.1518732463
  0.11111 -0.06415  0.20384  1    -17.400      1.4441031231
  0.11111 -0.06415  0.20384  2    -16.979      1.3712638428
  0.11111 -0.06415  0.20384  3    -15.389      1.0941810659
  0.11111 -0.06415  0.20384  4    -14.399      0.9074403585
  0.11111 -0.06415  0.20384  5     -9.759      0.1500394565
  0.11111 -0.06415  0.20384  6     -8.137      0.0342397593
  0.11111 -0.06415  0.20384  7     -4.402      0.0000000000
  0.11111 -0.06415  0.20384  8     -3.978      0.0000000000
  0.11111 -0.06415  0.20384  9     -3.767      0.0000000000
  0.11111 -0.06415  0.20384 10     -3.250      0.0000000000
  0.11111 -0.06415  0.20384 11     -3.002      0.0000000000
  0.11111 -0.06415  0.20384 12     -2.896      0.0000000000
  0.11111 -0.06415  0.20384 13     -2.746      0.0000000000
  0.11111 -0.06415  0.20384 14     -2.203      0.0000000000
  0.11111 -0.06415  0.20384 15     -2.190      0.0000000000
  0.11111 -0.06415  0.20384 16     -1.861      0.0000000000
  0.11111 -0.06415  0.20384 17      4.904     -0.0000000000
  0.11111 -0.06415  0.20384 18      5.150     -0.0000042980
  0.11111 -0.06415  0.20384 19      5.799     -0.0001405443
  0.11111 -0.06415  0.20384 20      6.097     -0.0003094866
  0.11111 -0.06415  0.20384 21      6.487     -0.0008144153
  0.11111 -0.06415  0.20384 22      6.784     -0.0015920777
  0.11111 -0.06415  0.20384 23      6.992     -0.0021170562
  0.11111 -0.06415  0.20384 24      7.052     -0.0018541207
  0.11111 -0.06415  0.20384 25      7.231     -0.0033005398
  0.11111 -0.06415  0.20384 26      7.457     -0.0032000874
  0.11111 -0.06415  0.20384 27      7.659     -0.0053592542
  0.11111 -0.06415  0.20384 28      8.171     -0.0105175022
  0.11111 -0.06415  0.20384 29      8.416     -0.0135402142
  0.11111 -0.06415  0.20384 30      8.500     -0.0128701256
  0.11111 -0.06415  0.20384 31      9.660     -0.0449700190
  0.11111 -0.06415  0.20384 32     10.378     -0.0758979298
  0.11111 -0.06415  0.20384 33     11.165     -0.0902748210
  0.11111 -0.06415  0.20384 34     11.648     -0.0960441813
  0.11111 -0.06415  0.20384 35     12.134     -0.1313838151
  0.22222 -0.12830  0.20384  1    -16.740      1.3342084434
  0.22222 -0.12830  0.20384  2    -16.327      1.2608753547
  0.22222 -0.12830  0.20384  3    -14.784      0.9594517079
  0.22222 -0.12830  0.20384  4    -13.843      0.7776745312
  0.22222 -0.12830  0.20384  5     -9.281      0.1082790384
  0.22222 -0.12830  0.20384  6     -7.917      0.0256173523
  0.22222 -0.12830  0.20384  7     -6.320      0.0004259014
  0.22222 -0.12830  0.20384  8     -5.809      0.0000435608
  0.22222 -0.12830  0.20384  9     -5.382      0.0000008439
  0.22222 -0.12830  0.20384 10     -4.590      0.0000000000
  0.22222 -0.12830  0.20384 11     -3.998      0.0000000000
  0.22222 -0.12830  0.20384 12     -3.702      0.0000000000
  0.22222 -0.12830  0.20384 13     -3.465      0.0000000000
  0.22222 -0.12830  0.20384 14     -2.729      0.0000000000
  0.22222 -0.12830  0.20384 15     -2.571      0.0000000000
  0.22222 -0.12830  0.20384 16     -2.283      0.0000000000
  0.22222 -0.12830  0.20384 17      3.551     -0.0000000000
  0.22222 -0.12830  0.20384 18      3.789     -0.0000000000
  0.22222 -0.12830  0.20384 19      5.033     -0.0000000000
  0.22222 -0.12830  0.20384 20      5.621     -0.0000165658
  0.22222 -0.12830  0.20384 21      6.356     -0.0002782973
  0.22222 -0.12830  0.20384 22      6.890     -0.0013113484
  0.22222 -0.12830  0.20384 23      7.619     -0.0057351346
  0.22222 -0.12830  0.20384 24      7.880     -0.0074892539
  0.22222 -0.12830  0.20384 25      8.197     -0.0121941167
  0.22222 -0.12830  0.20384 26      8.263     -0.0133431045
  0.22222 -0.12830  0.20384 27      8.503     -0.0135497405
  0.22222 -0.12830  0.20384 28      9.045     -0.0274256506
  0.22222 -0.12830  0.20384 29      9.550     -0.0411253545
  0.22222 -0.12830  0.20384 30     10.031     -0.0507963087
  0.22222 -0.12830  0.20384 31     10.036     -0.0437686042
  0.22222 -0.12830  0.20384 32     10.385     -0.0515385653
  0.22222 -0.12830  0.20384 33     10.921     -0.0797290288
  0.22222 -0.12830  0.20384 34     11.730     -0.0968412293
  0.22222 -0.12830  0.20384 35     12.163     -0.1493863479
  0.33333 -0.19245  0.20384  1    -15.690      1.1504398403
  0.33333 -0.19245  0.20384  2    -15.300      1.0651392280
  0.33333 -0.19245  0.20384  3    -13.883      0.7710845611
  0.33333 -0.19245  0.20384  4    -13.070      0.6329038236
  0.33333 -0.19245  0.20384  5     -9.275      0.1047060162
  0.33333 -0.19245  0.20384  6     -8.898      0.0775102000
  0.33333 -0.19245  0.20384  7     -8.002      0.0311970851
  0.33333 -0.19245  0.20384  8     -7.100      0.0070065117
  0.33333 -0.19245  0.20384  9     -6.945      0.0054408980
  0.33333 -0.19245  0.20384 10     -5.863      0.0002062836
  0.33333 -0.19245  0.20384 11     -4.642      0.0000000000
  0.33333 -0.19245  0.20384 12     -4.324      0.0000000000
  0.33333 -0.19245  0.20384 13     -3.727      0.0000000000
  0.33333 -0.19245  0.20384 14     -3.252      0.0000000000
  0.33333 -0.19245  0.20384 15     -3.123      0.0000000000
  0.33333 -0.19245  0.20384 16     -2.747      0.0000000000
  0.33333 -0.19245  0.20384 17      2.420     -0.0000000000
  0.33333 -0.19245  0.20384 18      2.598     -0.0000000000
  0.33333 -0.19245  0.20384 19      4.072     -0.0000000000
  0.33333 -0.19245  0.20384 20      4.747     -0.0000000000
  0.33333 -0.19245  0.20384 21      5.330     -0.0000006678
  0.33333 -0.19245  0.20384 22      6.287     -0.0001152059
  0.33333 -0.19245  0.20384 23      7.253     -0.0024654933
  0.33333 -0.19245  0.20384 24      7.515     -0.0050168799
  0.33333 -0.19245  0.20384 25      8.155     -0.0114027824
  0.33333 -0.19245  0.20384 26      8.592     -0.0203506706
  0.33333 -0.19245  0.20384 27      9.469     -0.0383048355
  0.33333 -0.19245  0.20384 28     10.174     -0.0599741381
  0.33333 -0.19245  0.20384 29     11.137     -0.1054805327
  0.33333 -0.19245  0.20384 30     11.249     -0.0980366182
  0.33333 -0.19245  0.20384 31     11.755     -0.1205222348
  0.33333 -0.19245  0.20384 32     11.862     -0.1392546624
  0.33333 -0.19245  0.20384 33     12.048     -0.1304339136
  0.33333 -0.19245  0.20384 34     12.748     -0.1772120074
  0.33333 -0.19245  0.20384 35     13.451     -0.1960450910
  0.44444 -0.25660  0.20384  1    -14.452      0.9031652940
  0.44444 -0.25660  0.20384  2    -14.141      0.8395127937
  0.44444 -0.25660  0.20384  3    -13.147      0.6454277501
  0.44444 -0.25660  0.20384  4    -12.724      0.5720890744
  0.44444 -0.25660  0.20384  5    -10.334      0.1813895723
  0.44444 -0.25660  0.20384  6     -9.961      0.1550657341
  0.44444 -0.25660  0.20384  7     -9.352      0.1075484923
  0.44444 -0.25660  0.20384  8     -8.655      0.0643933441
  0.44444 -0.25660  0.20384  9     -6.527      0.0015014035
  0.44444 -0.25660  0.20384 10     -5.537      0.0000854462
  0.44444 -0.25660  0.20384 11     -4.995      0.0000002317
  0.44444 -0.25660  0.20384 12     -4.667      0.0000000000
  0.44444 -0.25660  0.20384 13     -4.370      0.0000000000
  0.44444 -0.25660  0.20384 14     -3.706      0.0000000000
  0.44444 -0.25660  0.20384 15     -3.557      0.0000000000
  0.44444 -0.25660  0.20384 16     -3.027      0.0000000000
  0.44444 -0.25660  0.20384 17      1.871     -0.0000000000
  0.44444 -0.25660  0.20384 18      1.957     -0.0000000000
  0.44444 -0.25660  0.20384 19      3.467     -0.0000000000
  0.44444 -0.25660  0.20384 20      4.156     -0.0000000000
  0.44444 -0.25660  0.20384 21      5.102     -0.0000011071
  0.44444 -0.25660  0.20384 22      5.717     -0.0000152199
  0.44444 -0.25660  0.20384 23      7.010     -0.0014816450
  0.44444 -0.25660  0.20384 24      7.273     -0.0031637405
  0.44444 -0.25660  0.20384 25      7.452     -0.0032445705
  0.44444 -0.25660  0.20384 26      8.495     -0.0195744756
  0.44444 -0.25660  0.20384 27      9.653     -0.0465556842
  0.44444 -0.25660  0.20384 28     10.524     -0.0857928785
  0.44444 -0.25660  0.20384 29     11.578     -0.1155486396
  0.44444 -0.25660  0.20384 30     11.837     -0.1403180428
  0.44444 -0.25660  0.20384 31     12.332     -0.1529248336
  0.44444 -0.25660  0.20384 32     13.092     -0.2182596095
  0.44444 -0.25660  0.20384 33     13.521     -0.2211200177
  0.44444 -0.25660  0.20384 34     13.790     -0.2425053989
  0.44444 -0.25660  0.20384 35     14.715     -0.3122818634
  0.22222  0.00000  0.20384  1    -16.958      1.3703707893
  0.22222  0.00000  0.20384  2    -16.542      1.2979705503
  0.22222  0.00000  0.20384  3    -14.982      1.0054486521
  0.22222  0.00000  0.20384  4    -14.023      0.8170219781
  0.22222  0.00000  0.20384  5     -9.422      0.1198038800
  0.22222  0.00000  0.20384  6     -7.932      0.0256465099
  0.22222  0.00000  0.20384  7     -5.383      0.0000000000
  0.22222  0.00000  0.20384  8     -5.217      0.0000000000
  0.22222  0.00000  0.20384  9     -4.947      0.0000000000
  0.22222  0.00000  0.20384 10     -4.493      0.0000000000
  0.22222  0.00000  0.20384 11     -3.895      0.0000000000
  0.22222  0.00000  0.20384 12     -3.373      0.0000000000
  0.22222  0.00000  0.20384 13     -3.211      0.0000000000
  0.22222  0.00000  0.20384 14     -3.007      0.0000000000
  0.22222  0.00000  0.20384 15     -2.463      0.0000000000
  0.22222  0.00000  0.20384 16     -2.264      0.0000000000
  0.22222  0.00000  0.20384 17      4.746     -0.0000000000
  0.22222  0.00000  0.20384 18      4.989     -0.0000000000
  0.22222  0.00000  0.20384 19      5.323     -0.0000047729
  0.22222  0.00000  0.20384 20      5.501     -0.0000178232
  0.22222  0.00000  0.20384 21      6.414     -0.0004889378
  0.22222  0.00000  0.20384 22      6.598     -0.0009448250
  0.22222  0.00000  0.20384 23      7.444     -0.0036735351
  0.22222  0.00000  0.20384 24      7.505     -0.0047169418
  0.22222  0.00000  0.20384 25      7.730     -0.0052657659
  0.22222  0.00000  0.20384 26      7.825     -0.0068081937
  0.22222  0.00000  0.20384 27      8.531     -0.0122017610
  0.22222  0.00000  0.20384 28      8.600     -0.0155826918
  0.22222  0.00000  0.20384 29      9.270     -0.0293919338
  0.22222  0.00000  0.20384 30      9.271     -0.0317747713
  0.22222  0.00000  0.20384 31      9.910     -0.0511471042
  0.22222  0.00000  0.20384 32     10.115     -0.0476144731
  0.22222  0.00000  0.20384 33     10.782     -0.0632469321
  0.22222  0.00000  0.20384 34     11.601     -0.1131194115
  0.22222  0.00000  0.20384 35     12.218     -0.1363969353
  0.33333 -0.06415  0.20384  1    -16.099      1.2273179287
  0.33333 -0.06415  0.20384  2    -15.697      1.1462480258
  0.33333 -0.06415  0.20384  3    -14.220      0.8372063503
  0.33333 -0.06415  0.20384  4    -13.343      0.6792362387
  0.33333 -0.06415  0.20384  5     -9.008      0.0874183736
  0.33333 -0.06415  0.20384  6     -8.199      0.0386253696
  0.33333 -0.06415  0.20384  7     -7.222      0.0078909579
  0.33333 -0.06415  0.20384  8     -6.581      0.0019889585
  0.33333 -0.06415  0.20384  9     -6.380      0.0014352718
  0.33333 -0.06415  0.20384 10     -5.762      0.0001156379
  0.33333 -0.06415  0.20384 11     -4.881      0.0000000000
  0.33333 -0.06415  0.20384 12     -4.553      0.0000000000
  0.33333 -0.06415  0.20384 13     -3.989      0.0000000000
  0.33333 -0.06415  0.20384 14     -3.484      0.0000000000
  0.33333 -0.06415  0.20384 15     -3.065      0.0000000000
  0.33333 -0.06415  0.20384 16     -2.645      0.0000000000
  0.33333 -0.06415  0.20384 17      3.714     -0.0000000000
  0.33333 -0.06415  0.20384 18      3.823     -0.0000000000
  0.33333 -0.06415  0.20384 19      4.919     -0.0000000000
  0.33333 -0.06415  0.20384 20      5.421     -0.0000002976
  0.33333 -0.06415  0.20384 21      6.007     -0.0000591234
  0.33333 -0.06415  0.20384 22      6.336     -0.0002893921
  0.33333 -0.06415  0.20384 23      7.450     -0.0032822307
  0.33333 -0.06415  0.20384 24      7.622     -0.0056274915
  0.33333 -0.06415  0.20384 25      8.203     -0.0107808744
  0.33333 -0.06415  0.20384 26      8.382     -0.0127810398
  0.33333 -0.06415  0.20384 27      8.807     -0.0211473011
  0.33333 -0.06415  0.20384 28      9.547     -0.0360355361
  0.33333 -0.06415  0.20384 29      9.799     -0.0406986857
  0.33333 -0.06415  0.20384 30      9.932     -0.0483432151
  0.33333 -0.06415  0.20384 31     10.542     -0.0594574288
  0.33333 -0.06415  0.20384 32     11.481     -0.1137889721
  0.33333 -0.06415  0.20384 33     11.784     -0.1216279269
  0.33333 -0.06415  0.20384 34     12.395     -0.1591370484
  0.33333 -0.06415  0.20384 35     12.845     -0.1898791913
  0.44444 -0.12830  0.20384  1    -14.920      0.9901271232
  0.44444 -0.12830  0.20384  2    -14.560      0.9133376759
  0.44444 -0.12830  0.20384  3    -13.312      0.6717469593
  0.44444 -0.12830  0.20384  4    -12.686      0.5724241442
  0.44444 -0.12830  0.20384  5     -9.757      0.1365134112
  0.44444 -0.12830  0.20384  6     -9.506      0.1183204344
  0.44444 -0.12830  0.20384  7     -8.636      0.0628895842
  0.44444 -0.12830  0.20384  8     -7.882      0.0285595880
  0.44444 -0.12830  0.20384  9     -6.851      0.0036617677
  0.44444 -0.12830  0.20384 10     -5.826      0.0002113828
  0.44444 -0.12830  0.20384 11     -5.580      0.0000662884
  0.44444 -0.12830  0.20384 12     -5.250      0.0000116314
  0.44444 -0.12830  0.20384 13     -4.634      0.0000000000
  0.44444 -0.12830  0.20384 14     -3.933      0.0000000000
  0.44444 -0.12830  0.20384 15     -3.554      0.0000000000
  0.44444 -0.12830  0.20384 16     -3.162      0.0000000000
  0.44444 -0.12830  0.20384 17      2.755     -0.0000000000
  0.44444 -0.12830  0.20384 18      2.988     -0.0000000000
  0.44444 -0.12830  0.20384 19      4.395     -0.0000000000
  0.44444 -0.12830  0.20384 20      4.765     -0.0000000000
  0.44444 -0.12830  0.20384 21      5.530     -0.0000151047
  0.44444 -0.12830  0.20384 22      6.249     -0.0002368134
  0.44444 -0.12830  0.20384 23      6.772     -0.0005628776
  0.44444 -0.12830  0.20384 24      7.320     -0.0031727685
  0.44444 -0.12830  0.20384 25      7.760     -0.0061875998
  0.44444 -0.12830  0.20384 26      8.906     -0.0259061339
  0.44444 -0.12830  0.20384 27      9.818     -0.0494928964
  0.44444 -0.12830  0.20384 28     10.378     -0.0665179253
  0.44444 -0.12830  0.20384 29     10.484     -0.0724439010
  0.44444 -0.12830  0.20384 30     11.405     -0.1143884837
  0.44444 -0.12830  0.20384 31     11.684     -0.1133828574
  0.44444 -0.12830  0.20384 32     12.319     -0.1515150386
  0.44444 -0.12830  0.20384 33     12.882     -0.1897087595
  0.44444 -0.12830  0.20384 34     13.322     -0.2181851938
  0.44444 -0.12830  0.20384 35     13.465     -0.2221453721
  0.55556 -0.19245  0.20384  1    -13.968      0.8117996565
  0.55556 -0.19245  0.20384  2    -13.744      0.7663826676
  0.55556 -0.19245  0.20384  3    -13.048      0.6217770242
  0.55556 -0.19245  0.20384  4    -12.748      0.5692282658
  0.55556 -0.19245  0.20384  5    -10.261      0.1749360173
  0.55556 -0.19245  0.20384  6     -9.987      0.1588293773
  0.55556 -0.19245  0.20384  7     -9.342      0.1054051805
  0.55556 -0.19245  0.20384  8     -9.046      0.0878078780
  0.55556 -0.19245  0.20384  9     -6.307      0.0009219997
  0.55556 -0.19245  0.20384 10     -5.915      0.0003732886
  0.55556 -0.19245  0.20384 11     -5.709      0.0001689349
  0.55556 -0.19245  0.20384 12     -5.408      0.0000576606
  0.55556 -0.19245  0.20384 13     -4.643      0.0000000000
  0.55556 -0.19245  0.20384 14     -4.328      0.0000000000
  0.55556 -0.19245  0.20384 15     -3.877      0.0000000000
  0.55556 -0.19245  0.20384 16     -3.467      0.0000000000
  0.55556 -0.19245  0.20384 17      2.437     -0.0000000000
  0.55556 -0.19245  0.20384 18      2.679     -0.0000000000
  0.55556 -0.19245  0.20384 19      4.261     -0.0000000000
  0.55556 -0.19245  0.20384 20      4.288     -0.0000000000
  0.55556 -0.19245  0.20384 21      5.738     -0.0000377556
  0.55556 -0.19245  0.20384 22      6.210     -0.0001442627
  0.55556 -0.19245  0.20384 23      6.580     -0.0004906042
  0.55556 -0.19245  0.20384 24      6.814     -0.0010424297
  0.55556 -0.19245  0.20384 25      7.711     -0.0048680472
  0.55556 -0.19245  0.20384 26      8.396     -0.0167495939
  0.55556 -0.19245  0.20384 27     10.290     -0.0648305803
  0.55556 -0.19245  0.20384 28     10.411     -0.0748970407
  0.55556 -0.19245  0.20384 29     11.108     -0.1096513840
  0.55556 -0.19245  0.20384 30     11.833     -0.1338001827
  0.55556 -0.19245  0.20384 31     12.782     -0.1907789020
  0.55556 -0.19245  0.20384 32     12.948     -0.2005898178
  0.55556 -0.19245  0.20384 33     13.300     -0.2013815452
  0.55556 -0.19245  0.20384 34     13.529     -0.2240180345
  0.55556 -0.19245  0.20384 35     14.504     -0.2940127491
  0.44444  0.00000  0.20384  1    -15.094      1.0239930603
  0.44444  0.00000  0.20384  2    -14.722      0.9435220910
  0.44444  0.00000  0.20384  3    -13.407      0.6854291638
  0.44444  0.00000  0.20384  4    -12.707      0.5760349748
  0.44444  0.00000  0.20384  5     -9.179      0.0954829753
  0.44444  0.00000  0.20384  6     -9.013      0.0840859569
  0.44444  0.00000  0.20384  7     -8.098      0.0361039232
  0.44444  0.00000  0.20384  8     -7.633      0.0197123168
  0.44444  0.00000  0.20384  9     -6.974      0.0049394035
  0.44444  0.00000  0.20384 10     -6.308      0.0007739786
  0.44444  0.00000  0.20384 11     -5.812      0.0001003517
  0.44444  0.00000  0.20384 12     -5.650      0.0000398693
  0.44444  0.00000  0.20384 13     -5.284      0.0000002750
  0.44444  0.00000  0.20384 14     -4.729      0.0000000000
  0.44444  0.00000  0.20384 15     -3.293      0.0000000000
  0.44444  0.00000  0.20384 16     -3.196      0.0000000000
  0.44444  0.00000  0.20384 17      3.551     -0.0000000000
  0.44444  0.00000  0.20384 18      3.882     -0.0000000000
  0.44444  0.00000  0.20384 19      4.410     -0.0000000000
  0.44444  0.00000  0.20384 20      5.709     -0.0000165489
  0.44444  0.00000  0.20384 21      6.392     -0.0004101499
  0.44444  0.00000  0.20384 22      6.580     -0.0005922375
  0.44444  0.00000  0.20384 23      7.636     -0.0039801594
  0.44444  0.00000  0.20384 24      7.819     -0.0057702817
  0.44444  0.00000  0.20384 25      8.447     -0.0165664472
  0.44444  0.00000  0.20384 26      8.814     -0.0246689504
  0.44444  0.00000  0.20384 27      9.445     -0.0345248133
  0.44444  0.00000  0.20384 28      9.499     -0.0282378103
  0.44444  0.00000  0.20384 29      9.707     -0.0361767817
  0.44444  0.00000  0.20384 30      9.965     -0.0457639961
  0.44444  0.00000  0.20384 31     10.329     -0.0564032118
  0.44444  0.00000  0.20384 32     11.466     -0.1083374688
  0.44444  0.00000  0.20384 33     12.278     -0.1554052087
  0.44444  0.00000  0.20384 34     13.171     -0.2208345570
  0.44444  0.00000  0.20384 35     13.481     -0.2367393649
  0.55556 -0.06415  0.20384  1    -13.915      0.7838152785
  0.55556 -0.06415  0.20384  2    -13.634      0.7339332672
  0.55556 -0.06415  0.20384  3    -12.829      0.5964245163
  0.55556 -0.06415  0.20384  4    -12.560      0.5524640435
  0.55556 -0.06415  0.20384  5     -9.816      0.1384669310
  0.55556 -0.06415  0.20384  6     -9.511      0.1182364399
  0.55556 -0.06415  0.20384  7     -9.088      0.0881474246
  0.55556 -0.06415  0.20384  8     -8.657      0.0632966708
  0.55556 -0.06415  0.20384  9     -7.328      0.0100050027
  0.55556 -0.06415  0.20384 10     -7.019      0.0059642009
  0.55556 -0.06415  0.20384 11     -6.398      0.0017775620
  0.55556 -0.06415  0.20384 12     -5.789      0.0001041973
  0.55556 -0.06415  0.20384 13     -5.647      0.0000471970
  0.55556 -0.06415  0.20384 14     -4.737      0.0000000000
  0.55556 -0.06415  0.20384 15     -3.935      0.0000000000
  0.55556 -0.06415  0.20384 16     -3.663      0.0000000000
  0.55556 -0.06415  0.20384 17      2.895     -0.0000000000
  0.55556 -0.06415  0.20384 18      3.060     -0.0000000000
  0.55556 -0.06415  0.20384 19      4.965     -0.0000000000
  0.55556 -0.06415  0.20384 20      5.807     -0.0000518910
  0.55556 -0.06415  0.20384 21      6.012     -0.0001266077
  0.55556 -0.06415  0.20384 22      6.780     -0.0009936922
  0.55556 -0.06415  0.20384 23      7.314     -0.0021968333
  0.55556 -0.06415  0.20384 24      8.190     -0.0095826642
  0.55556 -0.06415  0.20384 25      8.683     -0.0207354579
  0.55556 -0.06415  0.20384 26      9.283     -0.0283257962
  0.55556 -0.06415  0.20384 27      9.586     -0.0381565619
  0.55556 -0.06415  0.20384 28     10.276     -0.0636104656
  0.55556 -0.06415  0.20384 29     10.618     -0.0730562601
  0.55556 -0.06415  0.20384 30     10.989     -0.0872379709
  0.55556 -0.06415  0.20384 31     11.582     -0.1105313316
  0.55556 -0.06415  0.20384 32     11.876     -0.1265483838
  0.55556 -0.06415  0.20384 33     12.723     -0.1828388058
  0.55556 -0.06415  0.20384 34     13.177     -0.2126845027
  0.55556 -0.06415  0.20384 35     13.504     -0.2244090133
  0.66667  0.00000  0.20384  1    -13.064      0.6246995167
  0.66667  0.00000  0.20384  2    -12.910      0.6045146396
  0.66667  0.00000  0.20384  3    -12.909      0.6180388813
  0.66667  0.00000  0.20384  4    -12.909      0.6180389574
  0.66667  0.00000  0.20384  5     -9.445      0.1118498090
  0.66667  0.00000  0.20384  6     -9.416      0.1092314384
  0.66667  0.00000  0.20384  7     -9.416      0.1092312462
  0.66667  0.00000  0.20384  8     -8.714      0.0665148863
  0.66667  0.00000  0.20384  9     -7.920      0.0242444445
  0.66667  0.00000  0.20384 10     -7.920      0.0242443618
  0.66667  0.00000  0.20384 11     -6.805      0.0049604208
  0.66667  0.00000  0.20384 12     -6.805      0.0049603716
  0.66667  0.00000  0.20384 13     -5.193      0.0000000000
  0.66667  0.00000  0.20384 14     -4.378      0.0000000000
  0.66667  0.00000  0.20384 15     -4.378      0.0000000000
  0.66667  0.00000  0.20384 16     -4.012      0.0000000000
  0.66667  0.00000  0.20384 17      2.718     -0.0000000000
  0.66667  0.00000  0.20384 18      2.718     -0.0000000000
  0.66667  0.00000  0.20384 19      5.448     -0.0000015777
  0.66667  0.00000  0.20384 20      5.971     -0.0001205746
  0.66667  0.00000  0.20384 21      5.971     -0.0001205022
  0.66667  0.00000  0.20384 22      7.194     -0.0028965513
  0.66667  0.00000  0.20384 23      8.486     -0.0148201478
  0.66667  0.00000  0.20384 24      8.486     -0.0148201611
  0.66667  0.00000  0.20384 25      9.929     -0.0443005048
  0.66667  0.00000  0.20384 26     10.119     -0.0511987624
  0.66667  0.00000  0.20384 27     10.362     -0.0608718548
  0.66667  0.00000  0.20384 28     10.362     -0.0608718563
  0.66667  0.00000  0.20384 29     10.665     -0.0787584838
  0.66667  0.00000  0.20384 30     10.665     -0.0787592974
  0.66667  0.00000  0.20384 31     11.720     -0.1132139509
  0.66667  0.00000  0.20384 32     11.720     -0.1132134542
  0.66667  0.00000  0.20384 33     12.042     -0.1498505513
  0.66667  0.00000  0.20384 34     12.487     -0.1665024761
  0.66667  0.00000  0.20384 35     12.916     -0.1766887684
