  0.00000  0.00000  0.00000  1    -17.765      1.5197593605
  0.00000  0.00000  0.00000  2    -16.542      1.2990274977
  0.00000  0.00000  0.00000  3    -16.480      1.3070269958
  0.00000  0.00000  0.00000  4    -14.022      0.8748938665
  0.00000  0.00000  0.00000  5    -10.739      0.2299832466
  0.00000  0.00000  0.00000  6     -6.324      0.0000368700
  0.00000  0.00000  0.00000  7     -6.285      0.0000703999
  0.00000  0.00000  0.00000  8     -2.927      0.0000000000
  0.00000  0.00000  0.00000  9     -2.927      0.0000000000
  0.00000  0.00000  0.00000 10     -2.428      0.0000000000
  0.00000  0.00000  0.00000 11     -2.428      0.0000000000
  0.00000  0.00000  0.00000 12     -2.255      0.0000000000
  0.00000  0.00000  0.00000 13     -2.255      0.0000000000
  0.00000  0.00000  0.00000 14     -1.685      0.0000000000
  0.00000  0.00000  0.00000 15     -1.616      0.0000000000
  0.00000  0.00000  0.00000 16     -1.616      0.0000000000
  0.00000  0.00000  0.00000 17      4.543     -0.0000000000
  0.00000  0.00000  0.00000 18      5.155     -0.0000140522
  0.00000  0.00000  0.00000 19      5.766     -0.0001473080
  0.00000  0.00000  0.00000 20      5.815     -0.0001330766
  0.00000  0.00000  0.00000 21      6.552     -0.0007628457
  0.00000  0.00000  0.00000 22      6.552     -0.0007628325
  0.00000  0.00000  0.00000 23      6.583     -0.0009299518
  0.00000  0.00000  0.00000 24      6.583     -0.0009299561
  0.00000  0.00000  0.00000 25      7.025     -0.0015323444
  0.00000  0.00000  0.00000 26      7.706     -0.0056869675
  0.00000  0.00000  0.00000 27      7.706     -0.0056869887
  0.00000  0.00000  0.00000 28      7.994     -0.0059662778
  0.00000  0.00000  0.00000 29      7.994     -0.0059663739
  0.00000  0.00000  0.00000 30      8.477     -0.0212546299
  0.00000  0.00000  0.00000 31      9.088     -0.0385720833
  0.00000  0.00000  0.00000 32     10.363     -0.0965345096
  0.00000  0.00000  0.00000 33     11.936     -0.1033526329
  0.00000  0.00000  0.00000 34     11.936     -0.1033534393
  0.00000  0.00000  0.00000 35     12.775     -0.1555675034
  0.11111 -0.06415  0.00000  1    -17.542      1.4811341188
  0.11111 -0.06415  0.00000  2    -16.325      1.2663442547
  0.11111 -0.06415  0.00000  3    -16.263      1.2649082714
  0.11111 -0.06415  0.00000  4    -13.839      0.8245488154
  0.11111 -0.06415  0.00000  5    -10.537      0.2115845180
  0.11111 -0.06415  0.00000  6     -6.262      0.0001398316
  0.11111 -0.06415  0.00000  7     -6.228      0.0001579177
  0.11111 -0.06415  0.00000  8     -4.119      0.0000000000
  0.11111 -0.06415  0.00000  9     -3.391      0.0000000000
  0.11111 -0.06415  0.00000 10     -3.337      0.0000000000
  0.11111 -0.06415  0.00000 11     -3.218      0.0000000000
  0.11111 -0.06415  0.00000 12     -2.683      0.0000000000
  0.11111 -0.06415  0.00000 13     -2.569      0.0000000000
  0.11111 -0.06415  0.00000 14     -2.444      0.0000000000
  0.11111 -0.06415  0.00000 15     -1.842      0.0000000000
  0.11111 -0.06415  0.00000 16     -1.725      0.0000000000
  0.11111 -0.06415  0.00000 17      4.830     -0.0000001283
  0.11111 -0.06415  0.00000 18      5.513     -0.0000522948
  0.11111 -0.06415  0.00000 19      5.548     -0.0000505601
  0.11111 -0.06415  0.00000 20      6.152     -0.0003411962
  0.11111 -0.06415  0.00000 21      6.387     -0.0006085805
  0.11111 -0.06415  0.00000 22      6.684     -0.0011724767
  0.11111 -0.06415  0.00000 23      6.873     -0.0016491491
  0.11111 -0.06415  0.00000 24      7.059     -0.0021150420
  0.11111 -0.06415  0.00000 25      7.325     -0.0036333260
  0.11111 -0.06415  0.00000 26      7.357     -0.0035821506
  0.11111 -0.06415  0.00000 27      7.874     -0.0066908882
  0.11111 -0.06415  0.00000 28      8.093     -0.0109266306
  0.11111 -0.06415  0.00000 29      8.571     -0.0165745548
  0.11111 -0.06415  0.00000 30      8.722     -0.0148846297
  0.11111 -0.06415  0.00000 31      9.317     -0.0359454480
  0.11111 -0.06415  0.00000 32     10.104     -0.0580836298
  0.11111 -0.06415  0.00000 33     11.125     -0.0758933445
  0.11111 -0.06415  0.00000 34     11.206     -0.1104482919
  0.11111 -0.06415  0.00000 35     12.957     -0.1787347343
  0.22222 -0.12830  0.00000  1    -16.879      1.3714037398
  0.22222 -0.12830  0.00000  2    -15.690      1.1567655924
  0.22222 -0.12830  0.00000  3    -15.627      1.1389119485
  0.22222 -0.12830  0.00000  4    -13.324      0.7051452903
  0.22222 -0.12830  0.00000  5     -9.967      0.1637180262
  0.22222 -0.12830  0.00000  6     -6.815      0.0028712424
  0.22222 -0.12830  0.00000  7     -6.560      0.0015373177
  0.22222 -0.12830  0.00000  8     -6.122      0.0001787138
  0.22222 -0.12830  0.00000  9     -4.889      0.0000000000
  0.22222 -0.12830  0.00000 10     -4.771      0.0000000000
  0.22222 -0.12830  0.00000 11     -4.117      0.0000000000
  0.22222 -0.12830  0.00000 12     -4.101      0.0000000000
  0.22222 -0.12830  0.00000 13     -3.286      0.0000000000
  0.22222 -0.12830  0.00000 14     -3.216      0.0000000000
  0.22222 -0.12830  0.00000 15     -2.347      0.0000000000
  0.22222 -0.12830  0.00000 16     -2.101      0.0000000000
  0.22222 -0.12830  0.00000 17      3.476     -0.0000000000
  0.22222 -0.12830  0.00000 18      4.102     -0.0000000000
  0.22222 -0.12830  0.00000 19      4.724     -0.0000000000
  0.22222 -0.12830  0.00000 20      5.943     -0.0000888830
  0.22222 -0.12830  0.00000 21      6.517     -0.0003980771
  0.22222 -0.12830  0.00000 22      7.200     -0.0025051500
  0.22222 -0.12830  0.00000 23      7.347     -0.0038314101
  0.22222 -0.12830  0.00000 24      7.494     -0.0033344802
  0.22222 -0.12830  0.00000 25      7.950     -0.0080411006
  0.22222 -0.12830  0.00000 26      8.339     -0.0140043491
  0.22222 -0.12830  0.00000 27      8.828     -0.0240048211
  0.22222 -0.12830  0.00000 28      9.128     -0.0330543365
  0.22222 -0.12830  0.00000 29      9.148     -0.0307208022
  0.22222 -0.12830  0.00000 30      9.911     -0.0394511490
  0.22222 -0.12830  0.00000 31     10.258     -0.0541187864
  0.22222 -0.12830  0.00000 32     10.289     -0.0567228649
  0.22222 -0.12830  0.00000 33     11.026     -0.0807149534
  0.22222 -0.12830  0.00000 34     11.307     -0.0761328331
  0.22222 -0.12830  0.00000 35     12.857     -0.1906920549
  0.33333 -0.19245  0.00000  1    -15.823      1.1916589186
  0.33333 -0.19245  0.00000  2    -14.713      0.9541334056
  0.33333 -0.19245  0.00000  3    -14.642      0.9321734732
  0.33333 -0.19245  0.00000  4    -12.661      0.5845734896
  0.33333 -0.19245  0.00000  5     -9.441      0.1189514935
  0.33333 -0.19245  0.00000  6     -8.709      0.0646282174
  0.33333 -0.19245  0.00000  7     -8.241      0.0442638695
  0.33333 -0.19245  0.00000  8     -7.690      0.0156095600
  0.33333 -0.19245  0.00000  9     -6.439      0.0019840512
  0.33333 -0.19245  0.00000 10     -4.994      0.0000001528
  0.33333 -0.19245  0.00000 11     -4.753      0.0000000000
  0.33333 -0.19245  0.00000 12     -4.451      0.0000000000
  0.33333 -0.19245  0.00000 13     -3.859      0.0000000000
  0.33333 -0.19245  0.00000 14     -3.807      0.0000000000
  0.33333 -0.19245  0.00000 15     -3.103      0.0000000000
  0.33333 -0.19245  0.00000 16     -2.538      0.0000000000
  0.33333 -0.19245  0.00000 17      2.318     -0.0000000000
  0.33333 -0.19245  0.00000 18      2.571     -0.0000000000
  0.33333 -0.19245  0.00000 19      3.948     -0.0000000000
  0.33333 -0.19245  0.00000 20      4.985     -0.0000000028
  0.33333 -0.19245  0.00000 21      5.357     -0.0000018715
  0.33333 -0.19245  0.00000 22      6.535     -0.0002946597
  0.33333 -0.19245  0.00000 23      7.100     -0.0024403270
  0.33333 -0.19245  0.00000 24      7.535     -0.0044529706
  0.33333 -0.19245  0.00000 25      8.362     -0.0123439756
  0.33333 -0.19245  0.00000 26      8.576     -0.0192987869
  0.33333 -0.19245  0.00000 27      9.939     -0.0574078370
  0.33333 -0.19245  0.00000 28      9.957     -0.0581416270
  0.33333 -0.19245  0.00000 29     10.363     -0.0586148379
  0.33333 -0.19245  0.00000 30     11.230     -0.1044755828
  0.33333 -0.19245  0.00000 31     11.427     -0.1092786327
  0.33333 -0.19245  0.00000 32     11.957     -0.1215730580
  0.33333 -0.19245  0.00000 33     12.112     -0.1526521610
  0.33333 -0.19245  0.00000 34     12.855     -0.1777407172
  0.33333 -0.19245  0.00000 35     13.205     -0.1805788009
  0.44444 -0.25660  0.00000  1    -14.561      0.9376694875
  0.44444 -0.25660  0.00000  2    -13.741      0.7746720607
  0.44444 -0.25660  0.00000  3    -13.598      0.7326968020
  0.44444 -0.25660  0.00000  4    -12.555      0.5522457894
  0.44444 -0.25660  0.00000  5    -10.395      0.1880236068
  0.44444 -0.25660  0.00000  6    -10.069      0.1681706293
  0.44444 -0.25660  0.00000  7     -9.245      0.1000529614
  0.44444 -0.25660  0.00000  8     -8.163      0.0408919637
  0.44444 -0.25660  0.00000  9     -7.244      0.0070266479
  0.44444 -0.25660  0.00000 10     -5.673      0.0001882137
  0.44444 -0.25660  0.00000 11     -5.108      0.0000044821
  0.44444 -0.25660  0.00000 12     -4.184      0.0000000000
  0.44444 -0.25660  0.00000 13     -4.136      0.0000000000
  0.44444 -0.25660  0.00000 14     -4.086      0.0000000000
  0.44444 -0.25660  0.00000 15     -3.359      0.0000000000
  0.44444 -0.25660  0.00000 16     -2.806      0.0000000000
  0.44444 -0.25660  0.00000 17      1.616     -0.0000000000
  0.44444 -0.25660  0.00000 18      1.727     -0.0000000000
  0.44444 -0.25660  0.00000 19      3.623     -0.0000000000
  0.44444 -0.25660  0.00000 20      4.361     -0.0000000000
  0.44444 -0.25660  0.00000 21      4.748     -0.0000000000
  0.44444 -0.25660  0.00000 22      5.503     -0.0000103513
  0.44444 -0.25660  0.00000 23      6.813     -0.0010549132
  0.44444 -0.25660  0.00000 24      7.199     -0.0020463275
  0.44444 -0.25660  0.00000 25      8.409     -0.0142620422
  0.44444 -0.25660  0.00000 26      9.381     -0.0294821013
  0.44444 -0.25660  0.00000 27     10.128     -0.0655723252
  0.44444 -0.25660  0.00000 28     10.162     -0.0663089967
  0.44444 -0.25660  0.00000 29     10.537     -0.0632470809
  0.44444 -0.25660  0.00000 30     11.369     -0.1297640502
  0.44444 -0.25660  0.00000 31     11.578     -0.1204854031
  0.44444 -0.25660  0.00000 32     13.522     -0.2533821276
  0.44444 -0.25660  0.00000 33     13.528     -0.2250323840
  0.44444 -0.25660  0.00000 34     14.164     -0.2794206825
  0.44444 -0.25660  0.00000 35     14.739     -0.3145919904
  0.22222  0.00000  0.00000  1    -17.098      1.4086865168
  0.22222  0.00000  0.00000  2    -15.898      1.1967823787
  0.22222  0.00000  0.00000  3    -15.836      1.1822730019
  0.22222  0.00000  0.00000  4    -13.489      0.7395391682
  0.22222  0.00000  0.00000  5    -10.148      0.1785217701
  0.22222  0.00000  0.00000  6     -6.381      0.0007710458
  0.22222  0.00000  0.00000  7     -6.310      0.0005418808
  0.22222  0.00000  0.00000  8     -5.500      0.0000003173
  0.22222  0.00000  0.00000  9     -4.592      0.0000000000
  0.22222  0.00000  0.00000 10     -4.284      0.0000000000
  0.22222  0.00000  0.00000 11     -4.186      0.0000000000
  0.22222  0.00000  0.00000 12     -3.707      0.0000000000
  0.22222  0.00000  0.00000 13     -3.477      0.0000000000
  0.22222  0.00000  0.00000 14     -2.837      0.0000000000
  0.22222  0.00000  0.00000 15     -2.330      0.0000000000
  0.22222  0.00000  0.00000 16     -2.089      0.0000000000
  0.22222  0.00000  0.00000 17      4.688     -0.0000000000
  0.22222  0.00000  0.00000 18      5.203     -0.0000017540
  0.22222  0.00000  0.00000 19      5.290     -0.0000059811
  0.22222  0.00000  0.00000 20      5.743     -0.0000731782
  0.22222  0.00000  0.00000 21      6.572     -0.0007164515
  0.22222  0.00000  0.00000 22      6.703     -0.0015699433
  0.22222  0.00000  0.00000 23      6.849     -0.0011740148
  0.22222  0.00000  0.00000 24      7.442     -0.0028882574
  0.22222  0.00000  0.00000 25      7.878     -0.0070423433
  0.22222  0.00000  0.00000 26      7.989     -0.0078562446
  0.22222  0.00000  0.00000 27      8.094     -0.0077551880
  0.22222  0.00000  0.00000 28      8.573     -0.0146870071
  0.22222  0.00000  0.00000 29      9.242     -0.0285844807
  0.22222  0.00000  0.00000 30      9.397     -0.0308357682
  0.22222  0.00000  0.00000 31      9.803     -0.0398564278
  0.22222  0.00000  0.00000 32      9.951     -0.0562491287
  0.22222  0.00000  0.00000 33     11.170     -0.0862754525
  0.22222  0.00000  0.00000 34     11.448     -0.1102376342
  0.22222  0.00000  0.00000 35     12.694     -0.1675001172
  0.33333 -0.06415  0.00000  1    -16.235      1.2668605442
  0.33333 -0.06415  0.00000  2    -15.086      1.0319598654
  0.33333 -0.06415  0.00000  3    -15.020      1.0130139696
  0.33333 -0.06415  0.00000  4    -12.878      0.6222841674
  0.33333 -0.06415  0.00000  5     -9.496      0.1238530251
  0.33333 -0.06415  0.00000  6     -7.753      0.0209817280
  0.33333 -0.06415  0.00000  7     -7.369      0.0124515309
  0.33333 -0.06415  0.00000  8     -7.087      0.0051597400
  0.33333 -0.06415  0.00000  9     -5.888      0.0002959307
  0.33333 -0.06415  0.00000 10     -5.102      0.0000000278
  0.33333 -0.06415  0.00000 11     -4.914      0.0000000000
  0.33333 -0.06415  0.00000 12     -4.427      0.0000000000
  0.33333 -0.06415  0.00000 13     -4.311      0.0000000000
  0.33333 -0.06415  0.00000 14     -3.938      0.0000000000
  0.33333 -0.06415  0.00000 15     -3.001      0.0000000000
  0.33333 -0.06415  0.00000 16     -2.710      0.0000000000
  0.33333 -0.06415  0.00000 17      3.664     -0.0000000000
  0.33333 -0.06415  0.00000 18      3.779     -0.0000000000
  0.33333 -0.06415  0.00000 19      4.868     -0.0000000000
  0.33333 -0.06415  0.00000 20      5.391     -0.0000004027
  0.33333 -0.06415  0.00000 21      6.431     -0.0002607785
  0.33333 -0.06415  0.00000 22      7.132     -0.0022494755
  0.33333 -0.06415  0.00000 23      7.400     -0.0034993695
  0.33333 -0.06415  0.00000 24      7.557     -0.0041406270
  0.33333 -0.06415  0.00000 25      7.763     -0.0074499066
  0.33333 -0.06415  0.00000 26      8.155     -0.0112825397
  0.33333 -0.06415  0.00000 27      8.715     -0.0161724606
  0.33333 -0.06415  0.00000 28      9.295     -0.0310278583
  0.33333 -0.06415  0.00000 29      9.570     -0.0319159868
  0.33333 -0.06415  0.00000 30     10.053     -0.0569670927
  0.33333 -0.06415  0.00000 31     10.651     -0.0650168638
  0.33333 -0.06415  0.00000 32     11.305     -0.0924506394
  0.33333 -0.06415  0.00000 33     11.892     -0.1430153690
  0.33333 -0.06415  0.00000 34     12.640     -0.1716187273
  0.33333 -0.06415  0.00000 35     12.736     -0.1854231604
  0.44444 -0.12830  0.00000  1    -15.043      1.0276473862
  0.44444 -0.12830  0.00000  2    -14.039      0.8215685008
  0.44444 -0.12830  0.00000  3    -13.955      0.7959026988
  0.44444 -0.12830  0.00000  4    -12.418      0.5431355599
  0.44444 -0.12830  0.00000  5     -9.711      0.1333636978
  0.44444 -0.12830  0.00000  6     -9.338      0.1097925270
  0.44444 -0.12830  0.00000  7     -8.920      0.0791227440
  0.44444 -0.12830  0.00000  8     -7.599      0.0144080636
  0.44444 -0.12830  0.00000  9     -7.414      0.0148315935
  0.44444 -0.12830  0.00000 10     -5.828      0.0002286801
  0.44444 -0.12830  0.00000 11     -5.454      0.0000403372
  0.44444 -0.12830  0.00000 12     -4.921      0.0000000003
  0.44444 -0.12830  0.00000 13     -4.537      0.0000000000
  0.44444 -0.12830  0.00000 14     -3.937      0.0000000000
  0.44444 -0.12830  0.00000 15     -3.463      0.0000000000
  0.44444 -0.12830  0.00000 16     -3.423      0.0000000000
  0.44444 -0.12830  0.00000 17      2.476     -0.0000000000
  0.44444 -0.12830  0.00000 18      2.955     -0.0000000000
  0.44444 -0.12830  0.00000 19      4.463     -0.0000000000
  0.44444 -0.12830  0.00000 20      4.929     -0.0000000000
  0.44444 -0.12830  0.00000 21      5.388     -0.0000023011
  0.44444 -0.12830  0.00000 22      6.181     -0.0001025383
  0.44444 -0.12830  0.00000 23      6.979     -0.0015013478
  0.44444 -0.12830  0.00000 24      7.686     -0.0054231482
  0.44444 -0.12830  0.00000 25      8.215     -0.0122572177
  0.44444 -0.12830  0.00000 26      8.730     -0.0204294373
  0.44444 -0.12830  0.00000 27      9.107     -0.0343432295
  0.44444 -0.12830  0.00000 28     10.269     -0.0573598972
  0.44444 -0.12830  0.00000 29     10.649     -0.0747527769
  0.44444 -0.12830  0.00000 30     11.408     -0.1062514645
  0.44444 -0.12830  0.00000 31     11.630     -0.1186121357
  0.44444 -0.12830  0.00000 32     12.069     -0.1393509889
  0.44444 -0.12830  0.00000 33     12.820     -0.1816744546
  0.44444 -0.12830  0.00000 34     13.422     -0.2327961481
  0.44444 -0.12830  0.00000 35     13.792     -0.2493934849
  0.55556 -0.19245  0.00000  1    -14.053      0.8401103653
  0.55556 -0.19245  0.00000  2    -13.530      0.7305982586
  0.55556 -0.19245  0.00000  3    -13.279      0.6799807092
  0.55556 -0.19245  0.00000  4    -12.596      0.5565879278
  0.55556 -0.19245  0.00000  5    -10.513      0.1955903618
  0.55556 -0.19245  0.00000  6    -10.206      0.1766350428
  0.55556 -0.19245  0.00000  7     -8.945      0.0830613131
  0.55556 -0.19245  0.00000  8     -8.613      0.0615810827
  0.55556 -0.19245  0.00000  9     -6.794      0.0023442962
  0.55556 -0.19245  0.00000 10     -6.215      0.0009958158
  0.55556 -0.19245  0.00000 11     -6.008      0.0005169335
  0.55556 -0.19245  0.00000 12     -5.169      0.0000146804
  0.55556 -0.19245  0.00000 13     -4.831      0.0000000000
  0.55556 -0.19245  0.00000 14     -3.719      0.0000000000
  0.55556 -0.19245  0.00000 15     -3.630      0.0000000000
  0.55556 -0.19245  0.00000 16     -3.500      0.0000000000
  0.55556 -0.19245  0.00000 17      2.044     -0.0000000000
  0.55556 -0.19245  0.00000 18      2.640     -0.0000000000
  0.55556 -0.19245  0.00000 19      4.463     -0.0000000000
  0.55556 -0.19245  0.00000 20      4.688     -0.0000000000
  0.55556 -0.19245  0.00000 21      5.049     -0.0000003546
  0.55556 -0.19245  0.00000 22      5.403     -0.0000052461
  0.55556 -0.19245  0.00000 23      6.905     -0.0009947600
  0.55556 -0.19245  0.00000 24      7.707     -0.0056558012
  0.55556 -0.19245  0.00000 25      8.163     -0.0116056034
  0.55556 -0.19245  0.00000 26      8.576     -0.0205468933
  0.55556 -0.19245  0.00000 27     10.183     -0.0638073443
  0.55556 -0.19245  0.00000 28     10.242     -0.0519011834
  0.55556 -0.19245  0.00000 29     10.631     -0.0795414124
  0.55556 -0.19245  0.00000 30     11.638     -0.1246051622
  0.55556 -0.19245  0.00000 31     12.407     -0.1719249790
  0.55556 -0.19245  0.00000 32     13.184     -0.2330865110
  0.55556 -0.19245  0.00000 33     13.315     -0.2050478670
  0.55556 -0.19245  0.00000 34     13.872     -0.2593194402
  0.55556 -0.19245  0.00000 35     14.346     -0.2763990453
  0.44444  0.00000  0.00000  1    -15.221      1.0626780089
  0.44444  0.00000  0.00000  2    -14.174      0.8421562197
  0.44444  0.00000  0.00000  3    -14.099      0.8240333292
  0.44444  0.00000  0.00000  4    -12.387      0.5408948346
  0.44444  0.00000  0.00000  5     -9.172      0.0953434620
  0.44444  0.00000  0.00000  6     -8.787      0.0696320944
  0.44444  0.00000  0.00000  7     -8.410      0.0516282370
  0.44444  0.00000  0.00000  8     -7.624      0.0154570887
  0.44444  0.00000  0.00000  9     -7.252      0.0112938496
  0.44444  0.00000  0.00000 10     -6.520      0.0014306429
  0.44444  0.00000  0.00000 11     -6.081      0.0004161157
  0.44444  0.00000  0.00000 12     -5.037      0.0000000000
  0.44444  0.00000  0.00000 13     -4.514      0.0000000000
  0.44444  0.00000  0.00000 14     -4.438      0.0000000000
  0.44444  0.00000  0.00000 15     -3.974      0.0000000000
  0.44444  0.00000  0.00000 16     -3.463      0.0000000000
  0.44444  0.00000  0.00000 17      3.205     -0.0000000000
  0.44444  0.00000  0.00000 18      4.189     -0.0000000000
  0.44444  0.00000  0.00000 19      4.236     -0.0000000000
  0.44444  0.00000  0.00000 20      6.212     -0.0002365245
  0.44444  0.00000  0.00000 21      6.552     -0.0006380699
  0.44444  0.00000  0.00000 22      7.068     -0.0012184314
  0.44444  0.00000  0.00000 23      7.520     -0.0034783196
  0.44444  0.00000  0.00000 24      7.887     -0.0069682614
  0.44444  0.00000  0.00000 25      8.146     -0.0115347907
  0.44444  0.00000  0.00000 26      8.472     -0.0124040065
  0.44444  0.00000  0.00000 27      8.865     -0.0196712426
  0.44444  0.00000  0.00000 28      9.267     -0.0287092294
  0.44444  0.00000  0.00000 29      9.364     -0.0380731618
  0.44444  0.00000  0.00000 30      9.825     -0.0402642424
  0.44444  0.00000  0.00000 31     11.099     -0.0691042048
  0.44444  0.00000  0.00000 32     12.160     -0.1419969869
  0.44444  0.00000  0.00000 33     12.433     -0.1802364579
  0.44444  0.00000  0.00000 34     12.806     -0.1940246452
  0.44444  0.00000  0.00000 35     13.419     -0.2248482363
  0.55556 -0.06415  0.00000  1    -14.016      0.8123140276
  0.55556 -0.06415  0.00000  2    -13.280      0.6859819285
  0.55556 -0.06415  0.00000  3    -13.181      0.6621607108
  0.55556 -0.06415  0.00000  4    -12.472      0.5473046890
  0.55556 -0.06415  0.00000  5     -9.905      0.1466690666
  0.55556 -0.06415  0.00000  6     -9.593      0.1266694393
  0.55556 -0.06415  0.00000  7     -8.928      0.0793169984
  0.55556 -0.06415  0.00000  8     -8.319      0.0471534769
  0.55556 -0.06415  0.00000  9     -7.456      0.0122830711
  0.55556 -0.06415  0.00000 10     -7.268      0.0098302705
  0.55556 -0.06415  0.00000 11     -6.472      0.0011691639
  0.55556 -0.06415  0.00000 12     -6.126      0.0006420239
  0.55556 -0.06415  0.00000 13     -5.105      0.0000001354
  0.55556 -0.06415  0.00000 14     -4.785      0.0000000000
  0.55556 -0.06415  0.00000 15     -4.024      0.0000000000
  0.55556 -0.06415  0.00000 16     -3.588      0.0000000000
  0.55556 -0.06415  0.00000 17      2.869     -0.0000000000
  0.55556 -0.06415  0.00000 18      3.675     -0.0000000000
  0.55556 -0.06415  0.00000 19      4.153     -0.0000000000
  0.55556 -0.06415  0.00000 20      5.544     -0.0000128263
  0.55556 -0.06415  0.00000 21      6.106     -0.0001708415
  0.55556 -0.06415  0.00000 22      6.752     -0.0005997492
  0.55556 -0.06415  0.00000 23      7.833     -0.0064568478
  0.55556 -0.06415  0.00000 24      8.143     -0.0110677988
  0.55556 -0.06415  0.00000 25      8.520     -0.0142541381
  0.55556 -0.06415  0.00000 26      9.138     -0.0257002131
  0.55556 -0.06415  0.00000 27      9.554     -0.0401623240
  0.55556 -0.06415  0.00000 28     10.344     -0.0598603031
  0.55556 -0.06415  0.00000 29     11.119     -0.0949313518
  0.55556 -0.06415  0.00000 30     11.247     -0.1010357919
  0.55556 -0.06415  0.00000 31     11.296     -0.1020158301
  0.55556 -0.06415  0.00000 32     12.176     -0.1514633347
  0.55556 -0.06415  0.00000 33     12.724     -0.1897292023
  0.55556 -0.06415  0.00000 34     13.119     -0.1949796676
  0.55556 -0.06415  0.00000 35     13.282     -0.2068613541
  0.66667  0.00000  0.00000  1    -13.132      0.6437960489
  0.66667  0.00000  0.00000  2    -12.910      0.6285172790
  0.66667  0.00000  0.00000  3    -12.910      0.6285173979
  0.66667  0.00000  0.00000  4    -12.821      0.6055227753
  0.66667  0.00000  0.00000  5     -9.750      0.1340046029
  0.66667  0.00000  0.00000  6     -9.336      0.1064425029
  0.66667  0.00000  0.00000  7     -9.336      0.1064424771
  0.66667  0.00000  0.00000  8     -8.235      0.0344237839
  0.66667  0.00000  0.00000  9     -8.235      0.0344238748
  0.66667  0.00000  0.00000 10     -8.179      0.0424247042
  0.66667  0.00000  0.00000 11     -6.315      0.0012200970
  0.66667  0.00000  0.00000 12     -6.315      0.0012200770
  0.66667  0.00000  0.00000 13     -5.918      0.0000596027
  0.66667  0.00000  0.00000 14     -4.721      0.0000000000
  0.66667  0.00000  0.00000 15     -4.721      0.0000000000
  0.66667  0.00000  0.00000 16     -3.431      0.0000000000
  0.66667  0.00000  0.00000 17      3.332     -0.0000000000
  0.66667  0.00000  0.00000 18      3.332     -0.0000000000
  0.66667  0.00000  0.00000 19      4.674     -0.0000000000
  0.66667  0.00000  0.00000 20      5.079     -0.0000000000
  0.66667  0.00000  0.00000 21      5.079     -0.0000000000
  0.66667  0.00000  0.00000 22      8.568     -0.0170450720
  0.66667  0.00000  0.00000 23      8.568     -0.0170450895
  0.66667  0.00000  0.00000 24      8.626     -0.0181994033
  0.66667  0.00000  0.00000 25      9.557     -0.0292175793
  0.66667  0.00000  0.00000 26     10.205     -0.0537927744
  0.66667  0.00000  0.00000 27     10.422     -0.0680474349
  0.66667  0.00000  0.00000 28     10.422     -0.0680477535
  0.66667  0.00000  0.00000 29     11.199     -0.0930496189
  0.66667  0.00000  0.00000 30     11.199     -0.0930499632
  0.66667  0.00000  0.00000 31     11.277     -0.1170443867
  0.66667  0.00000  0.00000 32     11.744     -0.1304152805
  0.66667  0.00000  0.00000 33     11.745     -0.1304159891
  0.66667  0.00000  0.00000 34     12.495     -0.1655838773
  0.66667  0.00000  0.00000 35     13.261     -0.1969174421
  0.00000  0.00000  0.10192  1    -17.622      1.4982096883
  0.00000  0.00000  0.10192  2    -17.199      1.4242275672
  0.00000  0.00000  0.10192  3    -15.599      1.1484944513
  0.00000  0.00000  0.10192  4    -14.595      0.9695340001
  0.00000  0.00000  0.10192  5     -9.941      0.1673579474
  0.00000  0.00000  0.10192  6     -8.277      0.0419971998
  0.00000  0.00000  0.10192  7     -4.250      0.0000000000
  0.00000  0.00000  0.10192  8     -2.856      0.0000000000
  0.00000  0.00000  0.10192  9     -2.856      0.0000000000
  0.00000  0.00000  0.10192 10     -2.656      0.0000000000
  0.00000  0.00000  0.10192 11     -2.656      0.0000000000
  0.00000  0.00000  0.10192 12     -2.467      0.0000000000
  0.00000  0.00000  0.10192 13     -1.994      0.0000000000
  0.00000  0.00000  0.10192 14     -1.994      0.0000000000
  0.00000  0.00000  0.10192 15     -1.724      0.0000000000
  0.00000  0.00000  0.10192 16     -1.724      0.0000000000
  0.00000  0.00000  0.10192 17      4.642     -0.0000000000
  0.00000  0.00000  0.10192 18      4.918     -0.0000000707
  0.00000  0.00000  0.10192 19      6.100     -0.0003096910
  0.00000  0.00000  0.10192 20      6.159     -0.0003927285
  0.00000  0.00000  0.10192 21      6.623     -0.0009421415
  0.00000  0.00000  0.10192 22      6.623     -0.0009421580
  0.00000  0.00000  0.10192 23      6.632     -0.0010229052
  0.00000  0.00000  0.10192 24      6.632     -0.0010229081
  0.00000  0.00000  0.10192 25      6.991     -0.0013417935
  0.00000  0.00000  0.10192 26      7.661     -0.0049246961
  0.00000  0.00000  0.10192 27      7.661     -0.0049247407
  0.00000  0.00000  0.10192 28      7.726     -0.0074671031
  0.00000  0.00000  0.10192 29      7.811     -0.0051647602
  0.00000  0.00000  0.10192 30      7.811     -0.0051647987
  0.00000  0.00000  0.10192 31      9.580     -0.0571585542
  0.00000  0.00000  0.10192 32     10.113     -0.0830497923
  0.00000  0.00000  0.10192 33     12.394     -0.1204472822
  0.00000  0.00000  0.10192 34     12.394     -0.1204482396
  0.00000  0.00000  0.10192 35     13.003     -0.1498601273
  0.11111 -0.06415  0.10192  1    -17.400      1.4568242259
  0.11111 -0.06415  0.10192  2    -16.979      1.3834998193
  0.11111 -0.06415  0.10192  3    -15.389      1.1061722696
  0.11111 -0.06415  0.10192  4    -14.399      0.9193382366
  0.11111 -0.06415  0.10192  5     -9.759      0.1511146597
  0.11111 -0.06415  0.10192  6     -8.137      0.0345492634
  0.11111 -0.06415  0.10192  7     -4.402      0.0000000000
  0.11111 -0.06415  0.10192  8     -3.978      0.0000000000
  0.11111 -0.06415  0.10192  9     -3.767      0.0000000000
  0.11111 -0.06415  0.10192 10     -3.250      0.0000000000
  0.11111 -0.06415  0.10192 11     -3.002      0.0000000000
  0.11111 -0.06415  0.10192 12     -2.896      0.0000000000
  0.11111 -0.06415  0.10192 13     -2.746      0.0000000000
  0.11111 -0.06415  0.10192 14     -2.203      0.0000000000
  0.11111 -0.06415  0.10192 15     -2.190      0.0000000000
  0.11111 -0.06415  0.10192 16     -1.861      0.0000000000
  0.11111 -0.06415  0.10192 17      4.904     -0.0000000000
  0.11111 -0.06415  0.10192 18      5.150     -0.0000040555
  0.11111 -0.06415  0.10192 19      5.799     -0.0001415998
  0.11111 -0.06415  0.10192 20      6.097     -0.0003071563
  0.11111 -0.06415  0.10192 21      6.487     -0.0008065904
  0.11111 -0.06415  0.10192 22      6.784     -0.0015627180
  0.11111 -0.06415  0.10192 23      6.992     -0.0021475114
  0.11111 -0.06415  0.10192 24      7.052     -0.0018756127
  0.11111 -0.06415  0.10192 25      7.231     -0.0033002790
  0.11111 -0.06415  0.10192 26      7.457     -0.0032273944
  0.11111 -0.06415  0.10192 27      7.659     -0.0053792859
  0.11111 -0.06415  0.10192 28      8.171     -0.0106418205
  0.11111 -0.06415  0.10192 29      8.416     -0.0135580161
  0.11111 -0.06415  0.10192 30      8.500     -0.0129806350
  0.11111 -0.06415  0.10192 31      9.660     -0.0447174522
  0.11111 -0.06415  0.10192 32     10.378     -0.0759614166
  0.11111 -0.06415  0.10192 33     11.165     -0.0899844496
  0.11111 -0.06415  0.10192 34     11.648     -0.0950289789
  0.11111 -0.06415  0.10192 35     12.134     -0.1313032867
  0.22222 -0.12830  0.10192  1    -16.740      1.3464874383
  0.22222 -0.12830  0.10192  2    -16.327      1.2727854116
  0.22222 -0.12830  0.10192  3    -14.784      0.9710288925
  0.22222 -0.12830  0.10192  4    -13.843      0.7883914902
  0.22222 -0.12830  0.10192  5     -9.281      0.1091680410
  0.22222 -0.12830  0.10192  6     -7.917      0.0258847726
  0.22222 -0.12830  0.10192  7     -6.320      0.0004292992
  0.22222 -0.12830  0.10192  8     -5.809      0.0000422223
  0.22222 -0.12830  0.10192  9     -5.382      0.0000006031
  0.22222 -0.12830  0.10192 10     -4.590      0.0000000000
  0.22222 -0.12830  0.10192 11     -3.998      0.0000000000
  0.22222 -0.12830  0.10192 12     -3.702      0.0000000000
  0.22222 -0.12830  0.10192 13     -3.465      0.0000000000
  0.22222 -0.12830  0.10192 14     -2.729      0.0000000000
  0.22222 -0.12830  0.10192 15     -2.571      0.0000000000
  0.22222 -0.12830  0.10192 16     -2.283      0.0000000000
  0.22222 -0.12830  0.10192 17      3.551     -0.0000000000
  0.22222 -0.12830  0.10192 18      3.789     -0.0000000000
  0.22222 -0.12830  0.10192 19      5.033     -0.0000000000
  0.22222 -0.12830  0.10192 20      5.621     -0.0000165401
  0.22222 -0.12830  0.10192 21      6.356     -0.0002788656
  0.22222 -0.12830  0.10192 22      6.890     -0.0012901139
  0.22222 -0.12830  0.10192 23      7.619     -0.0057513547
  0.22222 -0.12830  0.10192 24      7.880     -0.0073799286
  0.22222 -0.12830  0.10192 25      8.197     -0.0120426093
  0.22222 -0.12830  0.10192 26      8.263     -0.0133949799
  0.22222 -0.12830  0.10192 27      8.503     -0.0134859107
  0.22222 -0.12830  0.10192 28      9.045     -0.0274118158
  0.22222 -0.12830  0.10192 29      9.550     -0.0414367718
  0.22222 -0.12830  0.10192 30     10.031     -0.0511834814
  0.22222 -0.12830  0.10192 31     10.036     -0.0435113316
  0.22222 -0.12830  0.10192 32     10.385     -0.0510834046
  0.22222 -0.12830  0.10192 33     10.921     -0.0793961349
  0.22222 -0.12830  0.10192 34     11.730     -0.0960606475
  0.22222 -0.12830  0.10192 35     12.163     -0.1497668035
  0.33333 -0.19245  0.10192  1    -15.690      1.1623013939
  0.33333 -0.19245  0.10192  2    -15.300      1.0769128087
  0.33333 -0.19245  0.10192  3    -13.883      0.7817155078
  0.33333 -0.19245  0.10192  4    -13.070      0.6430994530
  0.33333 -0.19245  0.10192  5     -9.275      0.1055380220
  0.33333 -0.19245  0.10192  6     -8.898      0.0782896196
  0.33333 -0.19245  0.10192  7     -8.002      0.0314621406
  0.33333 -0.19245  0.10192  8     -7.100      0.0070815087
  0.33333 -0.19245  0.10192  9     -6.945      0.0054543075
  0.33333 -0.19245  0.10192 10     -5.863      0.0002065497
  0.33333 -0.19245  0.10192 11     -4.642      0.0000000000
  0.33333 -0.19245  0.10192 12     -4.324      0.0000000000
  0.33333 -0.19245  0.10192 13     -3.727      0.0000000000
  0.33333 -0.19245  0.10192 14     -3.252      0.0000000000
  0.33333 -0.19245  0.10192 15     -3.123      0.0000000000
  0.33333 -0.19245  0.10192 16     -2.747      0.0000000000
  0.33333 -0.19245  0.10192 17      2.420     -0.0000000000
  0.33333 -0.19245  0.10192 18      2.598     -0.0000000000
  0.33333 -0.19245  0.10192 19      4.072     -0.0000000000
  0.33333 -0.19245  0.10192 20      4.747     -0.0000000000
  0.33333 -0.19245  0.10192 21      5.330     -0.0000006639
  0.33333 -0.19245  0.10192 22      6.287     -0.0001144144
  0.33333 -0.19245  0.10192 23      7.253     -0.0024223980
  0.33333 -0.19245  0.10192 24      7.515     -0.0049338665
  0.33333 -0.19245  0.10192 25      8.155     -0.0112500687
  0.33333 -0.19245  0.10192 26      8.592     -0.0203006782
  0.33333 -0.19245  0.10192 27      9.469     -0.0383455451
  0.33333 -0.19245  0.10192 28     10.174     -0.0600789499
  0.33333 -0.19245  0.10192 29     11.137     -0.1065476101
  0.33333 -0.19245  0.10192 30     11.249     -0.0981868625
  0.33333 -0.19245  0.10192 31     11.755     -0.1205424808
  0.33333 -0.19245  0.10192 32     11.862     -0.1408169495
  0.33333 -0.19245  0.10192 33     12.048     -0.1304298184
  0.33333 -0.19245  0.10192 34     12.748     -0.1777696874
  0.33333 -0.19245  0.10192 35     13.451     -0.1965025675
  0.44444 -0.25660  0.10192  1    -14.452      0.9147748728
  0.44444 -0.25660  0.10192  2    -14.141      0.8506831200
  0.44444 -0.25660  0.10192  3    -13.147      0.6558680906
  0.44444 -0.25660  0.10192  4    -12.724      0.5821843805
  0.44444 -0.25660  0.10192  5    -10.334      0.1826468310
  0.44444 -0.25660  0.10192  6     -9.961      0.1562809543
  0.44444 -0.25660  0.10192  7     -9.352      0.1084656096
  0.44444 -0.25660  0.10192  8     -8.655      0.0650978772
  0.44444 -0.25660  0.10192  9     -6.527      0.0015203864
  0.44444 -0.25660  0.10192 10     -5.537      0.0000870954
  0.44444 -0.25660  0.10192 11     -4.995      0.0000003568
  0.44444 -0.25660  0.10192 12     -4.667      0.0000000000
  0.44444 -0.25660  0.10192 13     -4.370      0.0000000000
  0.44444 -0.25660  0.10192 14     -3.706      0.0000000000
  0.44444 -0.25660  0.10192 15     -3.557      0.0000000000
  0.44444 -0.25660  0.10192 16     -3.027      0.0000000000
  0.44444 -0.25660  0.10192 17      1.871     -0.0000000000
  0.44444 -0.25660  0.10192 18      1.957     -0.0000000000
  0.44444 -0.25660  0.10192 19      3.467     -0.0000000000
  0.44444 -0.25660  0.10192 20      4.156     -0.0000000000
  0.44444 -0.25660  0.10192 21      5.102     -0.0000010525
  0.44444 -0.25660  0.10192 22      5.717     -0.0000153954
  0.44444 -0.25660  0.10192 23      7.010     -0.0014468808
  0.44444 -0.25660  0.10192 24      7.273     -0.0030596675
  0.44444 -0.25660  0.10192 25      7.452     -0.0031761392
  0.44444 -0.25660  0.10192 26      8.495     -0.0194760626
  0.44444 -0.25660  0.10192 27      9.653     -0.0467994725
  0.44444 -0.25660  0.10192 28     10.524     -0.0861414740
  0.44444 -0.25660  0.10192 29     11.578     -0.1161168393
  0.44444 -0.25660  0.10192 30     11.837     -0.1418884154
  0.44444 -0.25660  0.10192 31     12.332     -0.1534280742
  0.44444 -0.25660  0.10192 32     13.092     -0.2208648267
  0.44444 -0.25660  0.10192 33     13.521     -0.2218282125
  0.44444 -0.25660  0.10192 34     13.790     -0.2438778089
  0.44444 -0.25660  0.10192 35     14.715     -0.3136445256
  0.22222  0.00000  0.10192  1    -16.958      1.3828178974
  0.22222  0.00000  0.10192  2    -16.542      1.3101238418
  0.22222  0.00000  0.10192  3    -14.982      1.0171520645
  0.22222  0.00000  0.10192  4    -14.023      0.8280579079
  0.22222  0.00000  0.10192  5     -9.422      0.1207097371
  0.22222  0.00000  0.10192  6     -7.932      0.0258905238
  0.22222  0.00000  0.10192  7     -5.383      0.0000000000
  0.22222  0.00000  0.10192  8     -5.217      0.0000000000
  0.22222  0.00000  0.10192  9     -4.947      0.0000000000
  0.22222  0.00000  0.10192 10     -4.493      0.0000000000
  0.22222  0.00000  0.10192 11     -3.895      0.0000000000
  0.22222  0.00000  0.10192 12     -3.373      0.0000000000
  0.22222  0.00000  0.10192 13     -3.211      0.0000000000
  0.22222  0.00000  0.10192 14     -3.007      0.0000000000
  0.22222  0.00000  0.10192 15     -2.463      0.0000000000
  0.22222  0.00000  0.10192 16     -2.264      0.0000000000
  0.22222  0.00000  0.10192 17      4.746     -0.0000000000
  0.22222  0.00000  0.10192 18      4.989     -0.0000000000
  0.22222  0.00000  0.10192 19      5.323     -0.0000050249
  0.22222  0.00000  0.10192 20      5.501     -0.0000176156
  0.22222  0.00000  0.10192 21      6.414     -0.0004803744
  0.22222  0.00000  0.10192 22      6.598     -0.0009192058
  0.22222  0.00000  0.10192 23      7.444     -0.0036640943
  0.22222  0.00000  0.10192 24      7.505     -0.0047130493
  0.22222  0.00000  0.10192 25      7.730     -0.0052257902
  0.22222  0.00000  0.10192 26      7.825     -0.0068424576
  0.22222  0.00000  0.10192 27      8.531     -0.0121408491
  0.22222  0.00000  0.10192 28      8.600     -0.0155029423
  0.22222  0.00000  0.10192 29      9.270     -0.0291683817
  0.22222  0.00000  0.10192 30      9.271     -0.0318651669
  0.22222  0.00000  0.10192 31      9.910     -0.0512485109
  0.22222  0.00000  0.10192 32     10.115     -0.0474553440
  0.22222  0.00000  0.10192 33     10.782     -0.0626405446
  0.22222  0.00000  0.10192 34     11.601     -0.1133598013
  0.22222  0.00000  0.10192 35     12.218     -0.1362919803
  0.33333 -0.06415  0.10192  1    -16.099      1.2392732231
  0.33333 -0.06415  0.10192  2    -15.697      1.1580842546
  0.33333 -0.06415  0.10192  3    -14.220      0.8479724385
  0.33333 -0.06415  0.10192  4    -13.343      0.6894443085
  0.33333 -0.06415  0.10192  5     -9.008      0.0881753322
  0.33333 -0.06415  0.10192  6     -8.199      0.0390754618
  0.33333 -0.06415  0.10192  7     -7.222      0.0079425406
  0.33333 -0.06415  0.10192  8     -6.581      0.0020115755
  0.33333 -0.06415  0.10192  9     -6.380      0.0014408339
  0.33333 -0.06415  0.10192 10     -5.762      0.0001163706
  0.33333 -0.06415  0.10192 11     -4.881      0.0000000000
  0.33333 -0.06415  0.10192 12     -4.553      0.0000000000
  0.33333 -0.06415  0.10192 13     -3.989      0.0000000000
  0.33333 -0.06415  0.10192 14     -3.484      0.0000000000
  0.33333 -0.06415  0.10192 15     -3.065      0.0000000000
  0.33333 -0.06415  0.10192 16     -2.645      0.0000000000
  0.33333 -0.06415  0.10192 17      3.714     -0.0000000000
  0.33333 -0.06415  0.10192 18      3.823     -0.0000000000
  0.33333 -0.06415  0.10192 19      4.919     -0.0000000000
  0.33333 -0.06415  0.10192 20      5.421     -0.0000002308
  0.33333 -0.06415  0.10192 21      6.007     -0.0000587399
  0.33333 -0.06415  0.10192 22      6.336     -0.0002837355
  0.33333 -0.06415  0.10192 23      7.450     -0.0032657715
  0.33333 -0.06415  0.10192 24      7.622     -0.0055863235
  0.33333 -0.06415  0.10192 25      8.203     -0.0106856938
  0.33333 -0.06415  0.10192 26      8.382     -0.0127126302
  0.33333 -0.06415  0.10192 27      8.807     -0.0210253378
  0.33333 -0.06415  0.10192 28      9.547     -0.0359742521
  0.33333 -0.06415  0.10192 29      9.799     -0.0405377542
  0.33333 -0.06415  0.10192 30      9.932     -0.0481666552
  0.33333 -0.06415  0.10192 31     10.542     -0.0593766826
  0.33333 -0.06415  0.10192 32     11.481     -0.1141744736
  0.33333 -0.06415  0.10192 33     11.784     -0.1220406093
  0.33333 -0.06415  0.10192 34     12.395     -0.1598171589
  0.33333 -0.06415  0.10192 35     12.845     -0.1913341377
  0.44444 -0.12830  0.10192  1    -14.920      1.0016736680
  0.44444 -0.12830  0.10192  2    -14.560      0.9246697364
  0.44444 -0.12830  0.10192  3    -13.312      0.6819747810
  0.44444 -0.12830  0.10192  4    -12.686      0.5825124482
  0.44444 -0.12830  0.10192  5     -9.757      0.1374610034
  0.44444 -0.12830  0.10192  6     -9.506      0.1192333054
  0.44444 -0.12830  0.10192  7     -8.636      0.0635104086
  0.44444 -0.12830  0.10192  8     -7.882      0.0289324449
  0.44444 -0.12830  0.10192  9     -6.851      0.0036701834
  0.44444 -0.12830  0.10192 10     -5.826      0.0002154036
  0.44444 -0.12830  0.10192 11     -5.580      0.0000651808
  0.44444 -0.12830  0.10192 12     -5.250      0.0000113525
  0.44444 -0.12830  0.10192 13     -4.634      0.0000000000
  0.44444 -0.12830  0.10192 14     -3.933      0.0000000000
  0.44444 -0.12830  0.10192 15     -3.554      0.0000000000
  0.44444 -0.12830  0.10192 16     -3.162      0.0000000000
  0.44444 -0.12830  0.10192 17      2.755     -0.0000000000
  0.44444 -0.12830  0.10192 18      2.988     -0.0000000000
  0.44444 -0.12830  0.10192 19      4.395     -0.0000000000
  0.44444 -0.12830  0.10192 20      4.765     -0.0000000000
  0.44444 -0.12830  0.10192 21      5.530     -0.0000144295
  0.44444 -0.12830  0.10192 22      6.249     -0.0002270550
  0.44444 -0.12830  0.10192 23      6.772     -0.0005517634
  0.44444 -0.12830  0.10192 24      7.320     -0.0031108020
  0.44444 -0.12830  0.10192 25      7.760     -0.0061277412
  0.44444 -0.12830  0.10192 26      8.906     -0.0258348443
  0.44444 -0.12830  0.10192 27      9.818     -0.0494540237
  0.44444 -0.12830  0.10192 28     10.378     -0.0665064302
  0.44444 -0.12830  0.10192 29     10.484     -0.0727629183
  0.44444 -0.12830  0.10192 30     11.405     -0.1148401679
  0.44444 -0.12830  0.10192 31     11.684     -0.1136592132
  0.44444 -0.12830  0.10192 32     12.319     -0.1523042039
  0.44444 -0.12830  0.10192 33     12.882     -0.1909080583
  0.44444 -0.12830  0.10192 34     13.322     -0.2200175459
  0.44444 -0.12830  0.10192 35     13.465     -0.2239559927
  0.55556 -0.19245  0.10192  1    -13.968      0.8232114415
  0.55556 -0.19245  0.10192  2    -13.744      0.7771250486
  0.55556 -0.19245  0.10192  3    -13.048      0.6318511882
  0.55556 -0.19245  0.10192  4    -12.748      0.5789743894
  0.55556 -0.19245  0.10192  5    -10.261      0.1763041590
  0.55556 -0.19245  0.10192  6     -9.987      0.1598750645
  0.55556 -0.19245  0.10192  7     -9.342      0.1062817068
  0.55556 -0.19245  0.10192  8     -9.046      0.0884921119
  0.55556 -0.19245  0.10192  9     -6.307      0.0009314161
  0.55556 -0.19245  0.10192 10     -5.915      0.0003720442
  0.55556 -0.19245  0.10192 11     -5.709      0.0001709086
  0.55556 -0.19245  0.10192 12     -5.408      0.0000561991
  0.55556 -0.19245  0.10192 13     -4.643      0.0000000000
  0.55556 -0.19245  0.10192 14     -4.328      0.0000000000
  0.55556 -0.19245  0.10192 15     -3.877      0.0000000000
  0.55556 -0.19245  0.10192 16     -3.467      0.0000000000
  0.55556 -0.19245  0.10192 17      2.437     -0.0000000000
  0.55556 -0.19245  0.10192 18      2.679     -0.0000000000
  0.55556 -0.19245  0.10192 19      4.261     -0.0000000000
  0.55556 -0.19245  0.10192 20      4.288     -0.0000000000
  0.55556 -0.19245  0.10192 21      5.738     -0.0000363471
  0.55556 -0.19245  0.10192 22      6.210     -0.0001399171
  0.55556 -0.19245  0.10192 23      6.580     -0.0004733438
  0.55556 -0.19245  0.10192 24      6.814     -0.0010062228
  0.55556 -0.19245  0.10192 25      7.711     -0.0048089538
  0.55556 -0.19245  0.10192 26      8.396     -0.0167130342
  0.55556 -0.19245  0.10192 27     10.290     -0.0650329118
  0.55556 -0.19245  0.10192 28     10.411     -0.0751580416
  0.55556 -0.19245  0.10192 29     11.108     -0.1100415645
  0.55556 -0.19245  0.10192 30     11.833     -0.1345399010
  0.55556 -0.19245  0.10192 31     12.782     -0.1926025006
  0.55556 -0.19245  0.10192 32     12.948     -0.2024533391
  0.55556 -0.19245  0.10192 33     13.300     -0.2017525454
  0.55556 -0.19245  0.10192 34     13.529     -0.2255224503
  0.55556 -0.19245  0.10192 35     14.504     -0.2958876401
  0.44444  0.00000  0.10192  1    -15.094      1.0353175393
  0.44444  0.00000  0.10192  2    -14.722      0.9548918651
  0.44444  0.00000  0.10192  3    -13.407      0.6955712941
  0.44444  0.00000  0.10192  4    -12.707      0.5860126223
  0.44444  0.00000  0.10192  5     -9.179      0.0960950945
  0.44444  0.00000  0.10192  6     -9.013      0.0849660334
  0.44444  0.00000  0.10192  7     -8.098      0.0365005687
  0.44444  0.00000  0.10192  8     -7.633      0.0199116876
  0.44444  0.00000  0.10192  9     -6.974      0.0049450776
  0.44444  0.00000  0.10192 10     -6.308      0.0007690320
  0.44444  0.00000  0.10192 11     -5.812      0.0001001114
  0.44444  0.00000  0.10192 12     -5.650      0.0000391706
  0.44444  0.00000  0.10192 13     -5.284      0.0000002688
  0.44444  0.00000  0.10192 14     -4.729      0.0000000000
  0.44444  0.00000  0.10192 15     -3.293      0.0000000000
  0.44444  0.00000  0.10192 16     -3.196      0.0000000000
  0.44444  0.00000  0.10192 17      3.551     -0.0000000000
  0.44444  0.00000  0.10192 18      3.882     -0.0000000000
  0.44444  0.00000  0.10192 19      4.410     -0.0000000000
  0.44444  0.00000  0.10192 20      5.709     -0.0000153750
  0.44444  0.00000  0.10192 21      6.392     -0.0003948781
  0.44444  0.00000  0.10192 22      6.580     -0.0005704553
  0.44444  0.00000  0.10192 23      7.636     -0.0039629471
  0.44444  0.00000  0.10192 24      7.819     -0.0057560541
  0.44444  0.00000  0.10192 25      8.447     -0.0163273413
  0.44444  0.00000  0.10192 26      8.814     -0.0245329820
  0.44444  0.00000  0.10192 27      9.445     -0.0345425732
  0.44444  0.00000  0.10192 28      9.499     -0.0280879617
  0.44444  0.00000  0.10192 29      9.707     -0.0358880614
  0.44444  0.00000  0.10192 30      9.965     -0.0458291814
  0.44444  0.00000  0.10192 31     10.329     -0.0561638657
  0.44444  0.00000  0.10192 32     11.466     -0.1088010693
  0.44444  0.00000  0.10192 33     12.278     -0.1565282244
  0.44444  0.00000  0.10192 34     13.171     -0.2225899632
  0.44444  0.00000  0.10192 35     13.481     -0.2386728760
  0.55556 -0.06415  0.10192  1    -13.915      0.7944259263
  0.55556 -0.06415  0.10192  2    -13.634      0.7443529600
  0.55556 -0.06415  0.10192  3    -12.829      0.6065082506
  0.55556 -0.06415  0.10192  4    -12.560      0.5624037055
  0.55556 -0.06415  0.10192  5     -9.816      0.1394296178
  0.55556 -0.06415  0.10192  6     -9.511      0.1189791140
  0.55556 -0.06415  0.10192  7     -9.088      0.0888718483
  0.55556 -0.06415  0.10192  8     -8.657      0.0638932899
  0.55556 -0.06415  0.10192  9     -7.328      0.0099813186
  0.55556 -0.06415  0.10192 10     -7.019      0.0060051897
  0.55556 -0.06415  0.10192 11     -6.398      0.0017614357
  0.55556 -0.06415  0.10192 12     -5.789      0.0001037778
  0.55556 -0.06415  0.10192 13     -5.647      0.0000461586
  0.55556 -0.06415  0.10192 14     -4.737      0.0000000000
  0.55556 -0.06415  0.10192 15     -3.935      0.0000000000
  0.55556 -0.06415  0.10192 16     -3.663      0.0000000000
  0.55556 -0.06415  0.10192 17      2.895     -0.0000000000
  0.55556 -0.06415  0.10192 18      3.060     -0.0000000000
  0.55556 -0.06415  0.10192 19      4.965     -0.0000000000
  0.55556 -0.06415  0.10192 20      5.807     -0.0000503789
  0.55556 -0.06415  0.10192 21      6.012     -0.0001224230
  0.55556 -0.06415  0.10192 22      6.780     -0.0009574129
  0.55556 -0.06415  0.10192 23      7.314     -0.0021545575
  0.55556 -0.06415  0.10192 24      8.190     -0.0094985712
  0.55556 -0.06415  0.10192 25      8.683     -0.0206518044
  0.55556 -0.06415  0.10192 26      9.283     -0.0282682930
  0.55556 -0.06415  0.10192 27      9.586     -0.0380820454
  0.55556 -0.06415  0.10192 28     10.276     -0.0636828487
  0.55556 -0.06415  0.10192 29     10.618     -0.0730698177
  0.55556 -0.06415  0.10192 30     10.989     -0.0871406497
  0.55556 -0.06415  0.10192 31     11.582     -0.1106716323
  0.55556 -0.06415  0.10192 32     11.876     -0.1272498391
  0.55556 -0.06415  0.10192 33     12.723     -0.1843296889
  0.55556 -0.06415  0.10192 34     13.177     -0.2141192618
  0.55556 -0.06415  0.10192 35     13.504     -0.2259624287
  0.66667  0.00000  0.10192  1    -13.064      0.6348862786
  0.66667  0.00000  0.10192  2    -12.910      0.6151551134
  0.66667  0.00000  0.10192  3    -12.909      0.6278240034
  0.66667  0.00000  0.10192  4    -12.909      0.6278240995
  0.66667  0.00000  0.10192  5     -9.445      0.1128776444
  0.66667  0.00000  0.10192  6     -9.416      0.1097568556
  0.66667  0.00000  0.10192  7     -9.416      0.1097567867
  0.66667  0.00000  0.10192  8     -8.714      0.0672015926
  0.66667  0.00000  0.10192  9     -7.920      0.0243363091
  0.66667  0.00000  0.10192 10     -7.920      0.0243363000
  0.66667  0.00000  0.10192 11     -6.805      0.0049301805
  0.66667  0.00000  0.10192 12     -6.805      0.0049302644
  0.66667  0.00000  0.10192 13     -5.193      0.0000000000
  0.66667  0.00000  0.10192 14     -4.378      0.0000000000
  0.66667  0.00000  0.10192 15     -4.378      0.0000000000
  0.66667  0.00000  0.10192 16     -4.012      0.0000000000
  0.66667  0.00000  0.10192 17      2.718     -0.0000000000
  0.66667  0.00000  0.10192 18      2.718     -0.0000000000
  0.66667  0.00000  0.10192 19      5.448     -0.0000014708
  0.66667  0.00000  0.10192 20      5.971     -0.0001183243
  0.66667  0.00000  0.10192 21      5.971     -0.0001183297
  0.66667  0.00000  0.10192 22      7.194     -0.0027737776
  0.66667  0.00000  0.10192 23      8.486     -0.0147730571
  0.66667  0.00000  0.10192 24      8.486     -0.0147730592
  0.66667  0.00000  0.10192 25      9.929     -0.0439766601
  0.66667  0.00000  0.10192 26     10.119     -0.0510583304
  0.66667  0.00000  0.10192 27     10.362     -0.0608641683
  0.66667  0.00000  0.10192 28     10.362     -0.0608638985
  0.66667  0.00000  0.10192 29     10.665     -0.0790705069
  0.66667  0.00000  0.10192 30     10.665     -0.0790718236
  0.66667  0.00000  0.10192 31     11.720     -0.1139079252
  0.66667  0.00000  0.10192 32     11.720     -0.1139084715
  0.66667  0.00000  0.10192 33     12.042     -0.1505783449
  0.66667  0.00000  0.10192 34     12.487     -0.1666249249
  0.66667  0.00000  0.10192 35     12.916     -0.1776041473
  0.00000  0.00000  0.20384  1    -17.622      1.4983267887
  0.00000  0.00000  0.20384  2    -17.199      1.4241752144
  0.00000  0.00000  0.20384  3    -15.599      1.1485482488
  0.00000  0.00000  0.20384  4    -14.595      0.9694758281
  0.00000  0.00000  0.20384  5     -9.941      0.1673901155
  0.00000  0.00000  0.20384  6     -8.277      0.0419953724
  0.00000  0.00000  0.20384  7     -4.250      0.0000000000
  0.00000  0.00000  0.20384  8     -2.856      0.0000000000
  0.00000  0.00000  0.20384  9     -2.856      0.0000000000
  0.00000  0.00000  0.20384 10     -2.656      0.0000000000
  0.00000  0.00000  0.20384 11     -2.656      0.0000000000
  0.00000  0.00000  0.20384 12     -2.467      0.0000000000
  0.00000  0.00000  0.20384 13     -1.994      0.0000000000
  0.00000  0.00000  0.20384 14     -1.994      0.0000000000
  0.00000  0.00000  0.20384 15     -1.724      0.0000000000
  0.00000  0.00000  0.20384 16     -1.724      0.0000000000
  0.00000  0.00000  0.20384 17      4.642     -0.0000000000
  0.00000  0.00000  0.20384 18      4.918     -0.0000000411
  0.00000  0.00000  0.20384 19      6.100     -0.0003061789
  0.00000  0.00000  0.20384 20      6.159     -0.0003920456
  0.00000  0.00000  0.20384 21      6.623     -0.0009409130
  0.00000  0.00000  0.20384 22      6.623     -0.0009409161
  0.00000  0.00000  0.20384 23      6.632     -0.0010250778
  0.00000  0.00000  0.20384 24      6.632     -0.0010250802
  0.00000  0.00000  0.20384 25      6.991     -0.0013362146
  0.00000  0.00000  0.20384 26      7.661     -0.0049276934
  0.00000  0.00000  0.20384 27      7.661     -0.0049277560
  0.00000  0.00000  0.20384 28      7.726     -0.0074610252
  0.00000  0.00000  0.20384 29      7.811     -0.0051664751
  0.00000  0.00000  0.20384 30      7.811     -0.0051664860
  0.00000  0.00000  0.20384 31      9.580     -0.0571342418
  0.00000  0.00000  0.20384 32     10.113     -0.0830069098
  0.00000  0.00000  0.20384 33     12.394     -0.1204650239
  0.00000  0.00000  0.20384 34     12.394     -0.1204660191
  0.00000  0.00000  0.20384 35     13.003     -0.1498915871
  0.11111 -0.06415  0.20384  1    -17.400      1.4568240429
  0.11111 -0.06415  0.20384  2    -16.979      1.3836330166
  0.11111 -0.06415  0.20384  3    -15.389      1.1061667748
  0.11111 -0.06415  0.20384  4    -14.399      0.9194894773
  0.11111 -0.06415  0.20384  5     -9.759      0.1512372715
  0.11111 -0.06415  0.20384  6     -8.137      0.0345340243
  0.11111 -0.06415  0.20384  7     -4.402      0.0000000000
  0.11111 -0.06415  0.20384  8     -3.978      0.0000000000
  0.11111 -0.06415  0.20384  9     -3.767      0.0000000000
  0.11111 -0.06415  0.20384 10     -3.250      0.0000000000
  0.11111 -0.06415  0.20384 11     -3.002      0.0000000000
  0.11111 -0.06415  0.20384 12     -2.896      0.0000000000
  0.11111 -0.06415  0.20384 13     -2.746      0.0000000000
  0.11111 -0.06415  0.20384 14     -2.203      0.0000000000
  0.11111 -0.06415  0.20384 15     -2.190      0.0000000000
  0.11111 -0.06415  0.20384 16     -1.861      0.0000000000
  0.11111 -0.06415  0.20384 17      4.904     -0.0000000000
  0.11111 -0.06415  0.20384 18      5.150     -0.0000042775
  0.11111 -0.06415  0.20384 19      5.799     -0.0001409598
  0.11111 -0.06415  0.20384 20      6.097     -0.0003079318
  0.11111 -0.06415  0.20384 21      6.487     -0.0008041248
  0.11111 -0.06415  0.20384 22      6.784     -0.0015645197
  0.11111 -0.06415  0.20384 23      6.992     -0.0021462456
  0.11111 -0.06415  0.20384 24      7.052     -0.0018759194
  0.11111 -0.06415  0.20384 25      7.231     -0.0033094129
  0.11111 -0.06415  0.20384 26      7.457     -0.0032254878
  0.11111 -0.06415  0.20384 27      7.659     -0.0053676591
  0.11111 -0.06415  0.20384 28      8.171     -0.0106505372
  0.11111 -0.06415  0.20384 29      8.416     -0.0135531303
  0.11111 -0.06415  0.20384 30      8.500     -0.0129857513
  0.11111 -0.06415  0.20384 31      9.660     -0.0447401009
  0.11111 -0.06415  0.20384 32     10.378     -0.0759542355
  0.11111 -0.06415  0.20384 33     11.165     -0.0900033286
  0.11111 -0.06415  0.20384 34     11.648     -0.0950284085
  0.11111 -0.06415  0.20384 35     12.134     -0.1313086427
  0.22222 -0.12830  0.20384  1    -16.740      1.3465572145
  0.22222 -0.12830  0.20384  2    -16.327      1.2729023511
  0.22222 -0.12830  0.20384  3    -14.784      0.9707504493
  0.22222 -0.12830  0.20384  4    -13.843      0.7885654408
  0.22222 -0.12830  0.20384  5     -9.281      0.1091852059
  0.22222 -0.12830  0.20384  6     -7.917      0.0259044044
  0.22222 -0.12830  0.20384  7     -6.320      0.0004304671
  0.22222 -0.12830  0.20384  8     -5.809      0.0000436813
  0.22222 -0.12830  0.20384  9     -5.382      0.0000008239
  0.22222 -0.12830  0.20384 10     -4.590      0.0000000000
  0.22222 -0.12830  0.20384 11     -3.998      0.0000000000
  0.22222 -0.12830  0.20384 12     -3.702      0.0000000000
  0.22222 -0.12830  0.20384 13     -3.465      0.0000000000
  0.22222 -0.12830  0.20384 14     -2.729      0.0000000000
  0.22222 -0.12830  0.20384 15     -2.571      0.0000000000
  0.22222 -0.12830  0.20384 16     -2.283      0.0000000000
  0.22222 -0.12830  0.20384 17      3.551     -0.0000000000
  0.22222 -0.12830  0.20384 18      3.789     -0.0000000000
  0.22222 -0.12830  0.20384 19      5.033     -0.0000000000
  0.22222 -0.12830  0.20384 20      5.621     -0.0000167935
  0.22222 -0.12830  0.20384 21      6.356     -0.0002792497
  0.22222 -0.12830  0.20384 22      6.890     -0.0012909172
  0.22222 -0.12830  0.20384 23      7.619     -0.0057483045
  0.22222 -0.12830  0.20384 24      7.880     -0.0073825032
  0.22222 -0.12830  0.20384 25      8.197     -0.0120360649
  0.22222 -0.12830  0.20384 26      8.263     -0.0133862234
  0.22222 -0.12830  0.20384 27      8.503     -0.0134885535
  0.22222 -0.12830  0.20384 28      9.045     -0.0274188615
  0.22222 -0.12830  0.20384 29      9.550     -0.0414402600
  0.22222 -0.12830  0.20384 30     10.031     -0.0511910038
  0.22222 -0.12830  0.20384 31     10.036     -0.0435109774
  0.22222 -0.12830  0.20384 32     10.385     -0.0510899831
  0.22222 -0.12830  0.20384 33     10.921     -0.0794194021
  0.22222 -0.12830  0.20384 34     11.730     -0.0960890212
  0.22222 -0.12830  0.20384 35     12.163     -0.1497710255
  0.33333 -0.19245  0.20384  1    -15.690      1.1624168939
  0.33333 -0.19245  0.20384  2    -15.300      1.0768062795
  0.33333 -0.19245  0.20384  3    -13.883      0.7815648266
  0.33333 -0.19245  0.20384  4    -13.070      0.6430417145
  0.33333 -0.19245  0.20384  5     -9.275      0.1055594123
  0.33333 -0.19245  0.20384  6     -8.898      0.0782800481
  0.33333 -0.19245  0.20384  7     -8.002      0.0314524008
  0.33333 -0.19245  0.20384  8     -7.100      0.0070793020
  0.33333 -0.19245  0.20384  9     -6.945      0.0054601560
  0.33333 -0.19245  0.20384 10     -5.863      0.0002079177
  0.33333 -0.19245  0.20384 11     -4.642      0.0000000000
  0.33333 -0.19245  0.20384 12     -4.324      0.0000000000
  0.33333 -0.19245  0.20384 13     -3.727      0.0000000000
  0.33333 -0.19245  0.20384 14     -3.252      0.0000000000
  0.33333 -0.19245  0.20384 15     -3.123      0.0000000000
  0.33333 -0.19245  0.20384 16     -2.747      0.0000000000
  0.33333 -0.19245  0.20384 17      2.420     -0.0000000000
  0.33333 -0.19245  0.20384 18      2.598     -0.0000000000
  0.33333 -0.19245  0.20384 19      4.072     -0.0000000000
  0.33333 -0.19245  0.20384 20      4.747     -0.0000000000
  0.33333 -0.19245  0.20384 21      5.330     -0.0000006443
  0.33333 -0.19245  0.20384 22      6.287     -0.0001139695
  0.33333 -0.19245  0.20384 23      7.253     -0.0024255108
  0.33333 -0.19245  0.20384 24      7.515     -0.0049456024
  0.33333 -0.19245  0.20384 25      8.155     -0.0112600743
  0.33333 -0.19245  0.20384 26      8.592     -0.0203128765
  0.33333 -0.19245  0.20384 27      9.469     -0.0383447959
  0.33333 -0.19245  0.20384 28     10.174     -0.0600656227
  0.33333 -0.19245  0.20384 29     11.137     -0.1065587302
  0.33333 -0.19245  0.20384 30     11.249     -0.0981843944
  0.33333 -0.19245  0.20384 31     11.755     -0.1204691014
  0.33333 -0.19245  0.20384 32     11.862     -0.1408154351
  0.33333 -0.19245  0.20384 33     12.048     -0.1304199805
  0.33333 -0.19245  0.20384 34     12.748     -0.1777945131
  0.33333 -0.19245  0.20384 35     13.451     -0.1965090660
  0.44444 -0.25660  0.20384  1    -14.452      0.9147031486
  0.44444 -0.25660  0.20384  2    -14.141      0.8508067791
  0.44444 -0.25660  0.20384  3    -13.147      0.6558288610
  0.44444 -0.25660  0.20384  4    -12.724      0.5821273115
  0.44444 -0.25660  0.20384  5    -10.334      0.1826308471
  0.44444 -0.25660  0.20384  6     -9.961      0.1562524189
  0.44444 -0.25660  0.20384  7     -9.352      0.1084472974
  0.44444 -0.25660  0.20384  8     -8.655      0.0650893228
  0.44444 -0.25660  0.20384  9     -6.527      0.0015119762
  0.44444 -0.25660  0.20384 10     -5.537      0.0000870738
  0.44444 -0.25660  0.20384 11     -4.995      0.0000002488
  0.44444 -0.25660  0.20384 12     -4.667      0.0000000000
  0.44444 -0.25660  0.20384 13     -4.370      0.0000000000
  0.44444 -0.25660  0.20384 14     -3.706      0.0000000000
  0.44444 -0.25660  0.20384 15     -3.557      0.0000000000
  0.44444 -0.25660  0.20384 16     -3.027      0.0000000000
  0.44444 -0.25660  0.20384 17      1.871     -0.0000000000
  0.44444 -0.25660  0.20384 18      1.957     -0.0000000000
  0.44444 -0.25660  0.20384 19      3.467     -0.0000000000
  0.44444 -0.25660  0.20384 20      4.156     -0.0000000000
  0.44444 -0.25660  0.20384 21      5.102     -0.0000010731
  0.44444 -0.25660  0.20384 22      5.717     -0.0000153246
  0.44444 -0.25660  0.20384 23      7.010     -0.0014450746
  0.44444 -0.25660  0.20384 24      7.273     -0.0030575209
  0.44444 -0.25660  0.20384 25      7.452     -0.0031867404
  0.44444 -0.25660  0.20384 26      8.495     -0.0194827728
  0.44444 -0.25660  0.20384 27      9.653     -0.0467839771
  0.44444 -0.25660  0.20384 28     10.524     -0.0861742468
  0.44444 -0.25660  0.20384 29     11.578     -0.1160863166
  0.44444 -0.25660  0.20384 30     11.837     -0.1418674514
  0.44444 -0.25660  0.20384 31     12.332     -0.1533818230
  0.44444 -0.25660  0.20384 32     13.092     -0.2208486293
  0.44444 -0.25660  0.20384 33     13.521     -0.2218215769
  0.44444 -0.25660  0.20384 34     13.790     -0.2439160475
  0.44444 -0.25660  0.20384 35     14.715     -0.3136686443
  0.22222  0.00000  0.20384  1    -16.958      1.3828698949
  0.22222  0.00000  0.20384  2    -16.542      1.3101240656
  0.22222  0.00000  0.20384  3    -14.982      1.0169901118
  0.22222  0.00000  0.20384  4    -14.023      0.8282259689
  0.22222  0.00000  0.20384  5     -9.422      0.1207856950
  0.22222  0.00000  0.20384  6     -7.932      0.0259079402
  0.22222  0.00000  0.20384  7     -5.383      0.0000000000
  0.22222  0.00000  0.20384  8     -5.217      0.0000000000
  0.22222  0.00000  0.20384  9     -4.947      0.0000000000
  0.22222  0.00000  0.20384 10     -4.493      0.0000000000
  0.22222  0.00000  0.20384 11     -3.895      0.0000000000
  0.22222  0.00000  0.20384 12     -3.373      0.0000000000
  0.22222  0.00000  0.20384 13     -3.211      0.0000000000
  0.22222  0.00000  0.20384 14     -3.007      0.0000000000
  0.22222  0.00000  0.20384 15     -2.463      0.0000000000
  0.22222  0.00000  0.20384 16     -2.264      0.0000000000
  0.22222  0.00000  0.20384 17      4.746     -0.0000000000
  0.22222  0.00000  0.20384 18      4.989     -0.0000000000
  0.22222  0.00000  0.20384 19      5.323     -0.0000049320
  0.22222  0.00000  0.20384 20      5.501     -0.0000179931
  0.22222  0.00000  0.20384 21      6.414     -0.0004810555
  0.22222  0.00000  0.20384 22      6.598     -0.0009198611
  0.22222  0.00000  0.20384 23      7.444     -0.0036666550
  0.22222  0.00000  0.20384 24      7.505     -0.0047163130
  0.22222  0.00000  0.20384 25      7.730     -0.0052277375
  0.22222  0.00000  0.20384 26      7.825     -0.0068386001
  0.22222  0.00000  0.20384 27      8.531     -0.0121431395
  0.22222  0.00000  0.20384 28      8.600     -0.0155122315
  0.22222  0.00000  0.20384 29      9.270     -0.0291620680
  0.22222  0.00000  0.20384 30      9.271     -0.0318790185
  0.22222  0.00000  0.20384 31      9.910     -0.0512427050
  0.22222  0.00000  0.20384 32     10.115     -0.0474444202
  0.22222  0.00000  0.20384 33     10.782     -0.0626218106
  0.22222  0.00000  0.20384 34     11.601     -0.1133473843
  0.22222  0.00000  0.20384 35     12.218     -0.1363078538
  0.33333 -0.06415  0.20384  1    -16.099      1.2394601685
  0.33333 -0.06415  0.20384  2    -15.697      1.1580161289
  0.33333 -0.06415  0.20384  3    -14.220      0.8479222132
  0.33333 -0.06415  0.20384  4    -13.343      0.6895032460
  0.33333 -0.06415  0.20384  5     -9.008      0.0881783524
  0.33333 -0.06415  0.20384  6     -8.199      0.0390913305
  0.33333 -0.06415  0.20384  7     -7.222      0.0079441132
  0.33333 -0.06415  0.20384  8     -6.581      0.0020109290
  0.33333 -0.06415  0.20384  9     -6.380      0.0014430760
  0.33333 -0.06415  0.20384 10     -5.762      0.0001169068
  0.33333 -0.06415  0.20384 11     -4.881      0.0000000000
  0.33333 -0.06415  0.20384 12     -4.553      0.0000000000
  0.33333 -0.06415  0.20384 13     -3.989      0.0000000000
  0.33333 -0.06415  0.20384 14     -3.484      0.0000000000
  0.33333 -0.06415  0.20384 15     -3.065      0.0000000000
  0.33333 -0.06415  0.20384 16     -2.645      0.0000000000
  0.33333 -0.06415  0.20384 17      3.714     -0.0000000000
  0.33333 -0.06415  0.20384 18      3.823     -0.0000000000
  0.33333 -0.06415  0.20384 19      4.919     -0.0000000000
  0.33333 -0.06415  0.20384 20      5.421     -0.0000002726
  0.33333 -0.06415  0.20384 21      6.007     -0.0000585299
  0.33333 -0.06415  0.20384 22      6.336     -0.0002838391
  0.33333 -0.06415  0.20384 23      7.450     -0.0032597812
  0.33333 -0.06415  0.20384 24      7.622     -0.0055872481
  0.33333 -0.06415  0.20384 25      8.203     -0.0106813846
  0.33333 -0.06415  0.20384 26      8.382     -0.0127112887
  0.33333 -0.06415  0.20384 27      8.807     -0.0210140005
  0.33333 -0.06415  0.20384 28      9.547     -0.0359600651
  0.33333 -0.06415  0.20384 29      9.799     -0.0405272150
  0.33333 -0.06415  0.20384 30      9.932     -0.0481613439
  0.33333 -0.06415  0.20384 31     10.542     -0.0593707857
  0.33333 -0.06415  0.20384 32     11.481     -0.1141856438
  0.33333 -0.06415  0.20384 33     11.784     -0.1220454678
  0.33333 -0.06415  0.20384 34     12.395     -0.1598079440
  0.33333 -0.06415  0.20384 35     12.845     -0.1913454337
  0.44444 -0.12830  0.20384  1    -14.920      1.0016429663
  0.44444 -0.12830  0.20384  2    -14.560      0.9246144419
  0.44444 -0.12830  0.20384  3    -13.312      0.6820328825
  0.44444 -0.12830  0.20384  4    -12.686      0.5824741429
  0.44444 -0.12830  0.20384  5     -9.757      0.1374966644
  0.44444 -0.12830  0.20384  6     -9.506      0.1192461427
  0.44444 -0.12830  0.20384  7     -8.636      0.0635114198
  0.44444 -0.12830  0.20384  8     -7.882      0.0289047422
  0.44444 -0.12830  0.20384  9     -6.851      0.0036685292
  0.44444 -0.12830  0.20384 10     -5.826      0.0002132893
  0.44444 -0.12830  0.20384 11     -5.580      0.0000663135
  0.44444 -0.12830  0.20384 12     -5.250      0.0000116982
  0.44444 -0.12830  0.20384 13     -4.634      0.0000000000
  0.44444 -0.12830  0.20384 14     -3.933      0.0000000000
  0.44444 -0.12830  0.20384 15     -3.554      0.0000000000
  0.44444 -0.12830  0.20384 16     -3.162      0.0000000000
  0.44444 -0.12830  0.20384 17      2.755     -0.0000000000
  0.44444 -0.12830  0.20384 18      2.988     -0.0000000000
  0.44444 -0.12830  0.20384 19      4.395     -0.0000000000
  0.44444 -0.12830  0.20384 20      4.765     -0.0000000000
  0.44444 -0.12830  0.20384 21      5.530     -0.0000144217
  0.44444 -0.12830  0.20384 22      6.249     -0.0002269334
  0.44444 -0.12830  0.20384 23      6.772     -0.0005531955
  0.44444 -0.12830  0.20384 24      7.320     -0.0031099162
  0.44444 -0.12830  0.20384 25      7.760     -0.0061310771
  0.44444 -0.12830  0.20384 26      8.906     -0.0258386017
  0.44444 -0.12830  0.20384 27      9.818     -0.0494670250
  0.44444 -0.12830  0.20384 28     10.378     -0.0665293633
  0.44444 -0.12830  0.20384 29     10.484     -0.0727749773
  0.44444 -0.12830  0.20384 30     11.405     -0.1148327543
  0.44444 -0.12830  0.20384 31     11.684     -0.1136566241
  0.44444 -0.12830  0.20384 32     12.319     -0.1523024460
  0.44444 -0.12830  0.20384 33     12.882     -0.1909148366
  0.44444 -0.12830  0.20384 34     13.322     -0.2200107911
  0.44444 -0.12830  0.20384 35     13.465     -0.2239596425
  0.55556 -0.19245  0.20384  1    -13.968      0.8231938656
  0.55556 -0.19245  0.20384  2    -13.744      0.7773703230
  0.55556 -0.19245  0.20384  3    -13.048      0.6318560883
  0.55556 -0.19245  0.20384  4    -12.748      0.5789651344
  0.55556 -0.19245  0.20384  5    -10.261      0.1762888967
  0.55556 -0.19245  0.20384  6     -9.987      0.1599689892
  0.55556 -0.19245  0.20384  7     -9.342      0.1062770082
  0.55556 -0.19245  0.20384  8     -9.046      0.0885539636
  0.55556 -0.19245  0.20384  9     -6.307      0.0009329722
  0.55556 -0.19245  0.20384 10     -5.915      0.0003760176
  0.55556 -0.19245  0.20384 11     -5.709      0.0001703854
  0.55556 -0.19245  0.20384 12     -5.408      0.0000571612
  0.55556 -0.19245  0.20384 13     -4.643      0.0000000000
  0.55556 -0.19245  0.20384 14     -4.328      0.0000000000
  0.55556 -0.19245  0.20384 15     -3.877      0.0000000000
  0.55556 -0.19245  0.20384 16     -3.467      0.0000000000
  0.55556 -0.19245  0.20384 17      2.437     -0.0000000000
  0.55556 -0.19245  0.20384 18      2.679     -0.0000000000
  0.55556 -0.19245  0.20384 19      4.261     -0.0000000000
  0.55556 -0.19245  0.20384 20      4.288     -0.0000000000
  0.55556 -0.19245  0.20384 21      5.738     -0.0000363070
  0.55556 -0.19245  0.20384 22      6.210     -0.0001391440
  0.55556 -0.19245  0.20384 23      6.580     -0.0004744296
  0.55556 -0.19245  0.20384 24      6.814     -0.0009981222
  0.55556 -0.19245  0.20384 25      7.711     -0.0048110969
  0.55556 -0.19245  0.20384 26      8.396     -0.0167176569
  0.55556 -0.19245  0.20384 27     10.290     -0.0650460754
  0.55556 -0.19245  0.20384 28     10.411     -0.0751887903
  0.55556 -0.19245  0.20384 29     11.108     -0.1100752108
  0.55556 -0.19245  0.20384 30     11.833     -0.1345202421
  0.55556 -0.19245  0.20384 31     12.782     -0.1926201274
  0.55556 -0.19245  0.20384 32     12.948     -0.2024213626
  0.55556 -0.19245  0.20384 33     13.300     -0.2017722969
  0.55556 -0.19245  0.20384 34     13.529     -0.2255161422
  0.55556 -0.19245  0.20384 35     14.504     -0.2959134887
  0.44444  0.00000  0.20384  1    -15.094      1.0354825076
  0.44444  0.00000  0.20384  2    -14.722      0.9547080234
  0.44444  0.00000  0.20384  3    -13.407      0.6956213992
  0.44444  0.00000  0.20384  4    -12.707      0.5859574128
  0.44444  0.00000  0.20384  5     -9.179      0.0961616366
  0.44444  0.00000  0.20384  6     -9.013      0.0849630485
  0.44444  0.00000  0.20384  7     -8.098      0.0364921417
  0.44444  0.00000  0.20384  8     -7.633      0.0199000190
  0.44444  0.00000  0.20384  9     -6.974      0.0049458033
  0.44444  0.00000  0.20384 10     -6.308      0.0007676128
  0.44444  0.00000  0.20384 11     -5.812      0.0001003444
  0.44444  0.00000  0.20384 12     -5.650      0.0000400182
  0.44444  0.00000  0.20384 13     -5.284      0.0000002790
  0.44444  0.00000  0.20384 14     -4.729      0.0000000000
  0.44444  0.00000  0.20384 15     -3.293      0.0000000000
  0.44444  0.00000  0.20384 16     -3.196      0.0000000000
  0.44444  0.00000  0.20384 17      3.551     -0.0000000000
  0.44444  0.00000  0.20384 18      3.882     -0.0000000000
  0.44444  0.00000  0.20384 19      4.410     -0.0000000000
  0.44444  0.00000  0.20384 20      5.709     -0.0000158980
  0.44444  0.00000  0.20384 21      6.392     -0.0003970059
  0.44444  0.00000  0.20384 22      6.580     -0.0005710793
  0.44444  0.00000  0.20384 23      7.636     -0.0039556314
  0.44444  0.00000  0.20384 24      7.819     -0.0057503147
  0.44444  0.00000  0.20384 25      8.447     -0.0163305226
  0.44444  0.00000  0.20384 26      8.814     -0.0245219767
  0.44444  0.00000  0.20384 27      9.445     -0.0345417221
  0.44444  0.00000  0.20384 28      9.499     -0.0280983626
  0.44444  0.00000  0.20384 29      9.707     -0.0358803860
  0.44444  0.00000  0.20384 30      9.965     -0.0458143381
  0.44444  0.00000  0.20384 31     10.329     -0.0561688156
  0.44444  0.00000  0.20384 32     11.466     -0.1088351914
  0.44444  0.00000  0.20384 33     12.278     -0.1565126275
  0.44444  0.00000  0.20384 34     13.171     -0.2226180177
  0.44444  0.00000  0.20384 35     13.481     -0.2387317929
  0.55556 -0.06415  0.20384  1    -13.915      0.7944596652
  0.55556 -0.06415  0.20384  2    -13.634      0.7444862016
  0.55556 -0.06415  0.20384  3    -12.829      0.6065541911
  0.55556 -0.06415  0.20384  4    -12.560      0.5623203115
  0.55556 -0.06415  0.20384  5     -9.816      0.1394133702
  0.55556 -0.06415  0.20384  6     -9.511      0.1189896504
  0.55556 -0.06415  0.20384  7     -9.088      0.0888589014
  0.55556 -0.06415  0.20384  8     -8.657      0.0639109053
  0.55556 -0.06415  0.20384  9     -7.328      0.0099936689
  0.55556 -0.06415  0.20384 10     -7.019      0.0059982520
  0.55556 -0.06415  0.20384 11     -6.398      0.0017546870
  0.55556 -0.06415  0.20384 12     -5.789      0.0001053406
  0.55556 -0.06415  0.20384 13     -5.647      0.0000471698
  0.55556 -0.06415  0.20384 14     -4.737      0.0000000000
  0.55556 -0.06415  0.20384 15     -3.935      0.0000000000
  0.55556 -0.06415  0.20384 16     -3.663      0.0000000000
  0.55556 -0.06415  0.20384 17      2.895     -0.0000000000
  0.55556 -0.06415  0.20384 18      3.060     -0.0000000000
  0.55556 -0.06415  0.20384 19      4.965     -0.0000000000
  0.55556 -0.06415  0.20384 20      5.807     -0.0000496989
  0.55556 -0.06415  0.20384 21      6.012     -0.0001230935
  0.55556 -0.06415  0.20384 22      6.780     -0.0009532060
  0.55556 -0.06415  0.20384 23      7.314     -0.0021562324
  0.55556 -0.06415  0.20384 24      8.190     -0.0095042948
  0.55556 -0.06415  0.20384 25      8.683     -0.0206318208
  0.55556 -0.06415  0.20384 26      9.283     -0.0282886888
  0.55556 -0.06415  0.20384 27      9.586     -0.0380950210
  0.55556 -0.06415  0.20384 28     10.276     -0.0637019231
  0.55556 -0.06415  0.20384 29     10.618     -0.0730811006
  0.55556 -0.06415  0.20384 30     10.989     -0.0871541467
  0.55556 -0.06415  0.20384 31     11.582     -0.1106760611
  0.55556 -0.06415  0.20384 32     11.876     -0.1272759812
  0.55556 -0.06415  0.20384 33     12.723     -0.1843180365
  0.55556 -0.06415  0.20384 34     13.177     -0.2141212104
  0.55556 -0.06415  0.20384 35     13.504     -0.2259638250
  0.66667  0.00000  0.20384  1    -13.064      0.6350282563
  0.66667  0.00000  0.20384  2    -12.910      0.6150119380
  0.66667  0.00000  0.20384  3    -12.909      0.6278441278
  0.66667  0.00000  0.20384  4    -12.909      0.6278442032
  0.66667  0.00000  0.20384  5     -9.445      0.1128861174
  0.66667  0.00000  0.20384  6     -9.416      0.1097566155
  0.66667  0.00000  0.20384  7     -9.416      0.1097564760
  0.66667  0.00000  0.20384  8     -8.714      0.0671933979
  0.66667  0.00000  0.20384  9     -7.920      0.0243222535
  0.66667  0.00000  0.20384 10     -7.920      0.0243221749
  0.66667  0.00000  0.20384 11     -6.805      0.0049219187
  0.66667  0.00000  0.20384 12     -6.805      0.0049218640
  0.66667  0.00000  0.20384 13     -5.193      0.0000000000
  0.66667  0.00000  0.20384 14     -4.378      0.0000000000
  0.66667  0.00000  0.20384 15     -4.378      0.0000000000
  0.66667  0.00000  0.20384 16     -4.012      0.0000000000
  0.66667  0.00000  0.20384 17      2.718     -0.0000000000
  0.66667  0.00000  0.20384 18      2.718     -0.0000000000
  0.66667  0.00000  0.20384 19      5.448     -0.0000014852
  0.66667  0.00000  0.20384 20      5.971     -0.0001175677
  0.66667  0.00000  0.20384 21      5.971     -0.0001175118
  0.66667  0.00000  0.20384 22      7.194     -0.0027822697
  0.66667  0.00000  0.20384 23      8.486     -0.0147554768
  0.66667  0.00000  0.20384 24      8.486     -0.0147554881
  0.66667  0.00000  0.20384 25      9.929     -0.0439789082
  0.66667  0.00000  0.20384 26     10.119     -0.0510120990
  0.66667  0.00000  0.20384 27     10.362     -0.0608268835
  0.66667  0.00000  0.20384 28     10.362     -0.0608268854
  0.66667  0.00000  0.20384 29     10.665     -0.0790835125
  0.66667  0.00000  0.20384 30     10.665     -0.0790843074
  0.66667  0.00000  0.20384 31     11.720     -0.1138898497
  0.66667  0.00000  0.20384 32     11.720     -0.1138893486
  0.66667  0.00000  0.20384 33     12.042     -0.1504618081
  0.66667  0.00000  0.20384 34     12.487     -0.1666512741
  0.66667  0.00000  0.20384 35     12.916     -0.1775907850
