 q(1:3)   w(Ry)   eps    epsi  --- NO LFC
  0.00000000  0.00000000  0.01000000    0.0000D+00  0.144705711808470E+02  0.272349412075368E-17    0.691057725021650E-01 -0.130063397475905E-19
  0.00000000  0.00000000  0.01000000    0.2010D-03  0.144705847460409E+02  0.272350260751025E-17    0.691057077201800E-01 -0.130063558918201E-19
  0.00000000  0.00000000  0.01000000    0.6050D-03  0.144706940896651E+02  0.272357101653465E-17    0.691051855428410E-01 -0.130064860241328E-19
  0.00000000  0.00000000  0.01000000    0.1013D-02  0.144709158227224E+02  0.272370974375259E-17    0.691041266669375E-01 -0.130067499142457E-19
  0.00000000  0.00000000  0.01000000    0.1425D-02  0.144712533534929E+02  0.272392092905484E-17    0.691025148667328E-01 -0.130071516196891E-19
  0.00000000  0.00000000  0.01000000    0.1842D-02  0.144717101874083E+02  0.272420677745255E-17    0.691003334816704E-01 -0.130076953143235E-19
  0.00000000  0.00000000  0.01000000    0.2262D-02  0.144722899304964E+02  0.272456956165587E-17    0.690975654027476E-01 -0.130083852925129E-19
  0.00000000  0.00000000  0.01000000    0.2687D-02  0.144729962929908E+02  0.272501162477769E-17    0.690941930583023E-01 -0.130092259734560E-19
  0.00000000  0.00000000  0.01000000    0.3116D-02  0.144738330931078E+02  0.272553538318225E-17    0.690901983992188E-01 -0.130102219057522E-19
  0.00000000  0.00000000  0.01000000    0.3549D-02  0.144748042610120E+02  0.272614332948138E-17    0.690855628834654E-01 -0.130113777721688E-19
  0.00000000  0.00000000  0.01000000    0.3987D-02  0.144759138429726E+02  0.272683803568912E-17    0.690802674599681E-01 -0.130126983946415E-19
  0.00000000  0.00000000  0.01000000    0.4429D-02  0.144771660057288E+02  0.272762215654301E-17    0.690742925517525E-01 -0.130141887395045E-19
  0.00000000  0.00000000  0.01000000    0.4875D-02  0.144785650410749E+02  0.272849843300939E-17    0.690676180383244E-01 -0.130158539229981E-19
  0.00000000  0.00000000  0.01000000    0.5327D-02  0.144801153706772E+02  0.272946969597554E-17    0.690602232372431E-01 -0.130176992170295E-19
  0.00000000  0.00000000  0.01000000    0.5782D-02  0.144818215511450E+02  0.273053887015000E-17    0.690520868848115E-01 -0.130197300552323E-19
  0.00000000  0.00000000  0.01000000    0.6242D-02  0.144836882793639E+02  0.273170897817833E-17    0.690431871158660E-01 -0.130219520393282E-19
  0.00000000  0.00000000  0.01000000    0.6707D-02  0.144857203981164E+02  0.273298314499378E-17    0.690335014425677E-01 -0.130243709458160E-19
  0.00000000  0.00000000  0.01000000    0.7176D-02  0.144879229020043E+02  0.273436460241685E-17    0.690230067321562E-01 -0.130269927330079E-19
  0.00000000  0.00000000  0.01000000    0.7650D-02  0.144903009436968E+02  0.273585669402301E-17    0.690116791835849E-01 -0.130298235484412E-19
  0.00000000  0.00000000  0.01000000    0.8129D-02  0.144928598405266E+02  0.273746288029363E-17    0.689994943029591E-01 -0.130328697366688E-19
  0.00000000  0.00000000  0.01000000    0.8613D-02  0.144956050814598E+02  0.273918674407743E-17    0.689864268776900E-01 -0.130361378474864E-19
  0.00000000  0.00000000  0.01000000    0.9102D-02  0.144985423344637E+02  0.274103199638064E-17    0.689724509492899E-01 -0.130396346446086E-19
  0.00000000  0.00000000  0.01000000    0.9595D-02  0.145016774543068E+02  0.274300248250838E-17    0.689575397846829E-01 -0.130433671148078E-19
  0.00000000  0.00000000  0.01000000    0.1009D-01  0.145050164908192E+02  0.274510218859224E-17    0.689416658459463E-01 -0.130473424775964E-19
  0.00000000  0.00000000  0.01000000    0.1060D-01  0.145085656976517E+02  0.274733524852422E-17    0.689248007583450E-01 -0.130515681954391E-19
  0.00000000  0.00000000  0.01000000    0.1111D-01  0.145123315415694E+02  0.274970595133541E-17    0.689069152765411E-01 -0.130560519845717E-19
  0.00000000  0.00000000  0.01000000    0.1162D-01  0.145163207123265E+02  0.275221874905304E-17    0.688879792488226E-01 -0.130608018264568E-19
  0.00000000  0.00000000  0.01000000    0.1214D-01  0.145205401331635E+02  0.275487826507273E-17    0.688679615792046E-01 -0.130658259799239E-19
  0.00000000  0.00000000  0.01000000    0.1266D-01  0.145249969719839E+02  0.275768930309211E-17    0.688468301872160E-01 -0.130711329940575E-19
  0.00000000  0.00000000  0.01000000    0.1319D-01  0.145296986532607E+02  0.276065685664865E-17    0.688245519651972E-01 -0.130767317218828E-19
  0.00000000  0.00000000  0.01000000    0.1373D-01  0.145346528707419E+02  0.276378611931985E-17    0.688010927328708E-01 -0.130826313349333E-19
  0.00000000  0.00000000  0.01000000    0.1427D-01  0.145398676010174E+02  0.276708249563473E-17    0.687764171889726E-01 -0.130888413387451E-19
  0.00000000  0.00000000  0.01000000    0.1481D-01  0.145453511180280E+02  0.277055161276831E-17    0.687504888596721E-01 -0.130953715893933E-19
  0.00000000  0.00000000  0.01000000    0.1536D-01  0.145511120086008E+02  0.277419933308585E-17    0.687232700434803E-01 -0.131022323111397E-19
  0.00000000  0.00000000  0.01000000    0.1592D-01  0.145571591891039E+02  0.277803176761694E-17    0.686947217523393E-01 -0.131094341153078E-19
  0.00000000  0.00000000  0.01000000    0.1648D-01  0.145635019233249E+02  0.278205529054628E-17    0.686648036485234E-01 -0.131169880204941E-19
  0.00000000  0.00000000  0.01000000    0.1705D-01  0.145701498416964E+02  0.278627655482258E-17    0.686334739769274E-01 -0.131249054742510E-19
  0.00000000  0.00000000  0.01000000    0.1762D-01  0.145771129619902E+02  0.279070250899418E-17    0.686006894923226E-01 -0.131331983763963E-19
  0.00000000  0.00000000  0.01000000    0.1820D-01  0.145844017116399E+02  0.279534041539701E-17    0.685664053810239E-01 -0.131418791041048E-19
  0.00000000  0.00000000  0.01000000    0.1879D-01  0.145920269518470E+02  0.280019786983561E-17    0.685305751764269E-01 -0.131509605389914E-19
  0.00000000  0.00000000  0.01000000    0.1938D-01  0.146000000036687E+02  0.280528282291889E-17    0.684931506677205E-01 -0.131604560964021E-19
  0.00000000  0.00000000  0.01000000    0.1997D-01  0.146083326762887E+02  0.281060360322871E-17    0.684540818010763E-01 -0.131703797571714E-19
  0.00000000  0.00000000  0.01000000    0.2058D-01  0.146170372977243E+02  0.281616894253195E-17    0.684133165724145E-01 -0.131807461021418E-19
  0.00000000  0.00000000  0.01000000    0.2118D-01  0.146261267482355E+02  0.282198800327213E-17    0.683708009108181E-01 -0.131915703497997E-19
  0.00000000  0.00000000  0.01000000    0.2180D-01  0.146356144967552E+02  0.282807040861186E-17    0.683264785514615E-01 -0.132028683974207E-19
  0.00000000  0.00000000  0.01000000    0.2242D-01  0.146455146406971E+02  0.283442627534560E-17    0.682802908967903E-01 -0.132146568662261E-19
  0.00000000  0.00000000  0.01000000    0.2305D-01  0.146558419495593E+02  0.284106625004259E-17    0.682321768644667E-01 -0.132269531510882E-19
  0.00000000  0.00000000  0.01000000    0.2368D-01  0.146666119128002E+02  0.284800154885004E-17    0.681820727203708E-01 -0.132397754754764E-19
  0.00000000  0.00000000  0.01000000    0.2432D-01  0.146778407925428E+02  0.285524400145446E-17    0.681299118946745E-01 -0.132531429524513E-19
  0.00000000  0.00000000  0.01000000    0.2497D-01  0.146895456817544E+02  0.286280609978595E-17    0.680756247786534E-01 -0.132670756526619E-19
  0.00000000  0.00000000  0.01000000    0.2562D-01  0.147017445686632E+02  0.287070105216626E-17    0.680191384994883E-01 -0.132815946805475E-19
  0.00000000  0.00000000  0.01000000    0.2628D-01  0.147144564082981E+02  0.287894284372264E-17    0.679603766698480E-01 -0.132967222601588E-19
  0.00000000  0.00000000  0.01000000    0.2695D-01  0.147277012022164E+02  0.288754630406779E-17    0.678992591083739E-01 -0.133124818323867E-19
  0.00000000  0.00000000  0.01000000    0.2762D-01  0.147415000876691E+02  0.289652718344454E-17    0.678357015265005E-01 -0.133288981657909E-19
  0.00000000  0.00000000  0.01000000    0.2830D-01  0.147558754377169E+02  0.290590223879507E-17    0.677696151760634E-01 -0.133459974837571E-19
  0.00000000  0.00000000  0.01000000    0.2899D-01  0.147708509741104E+02  0.291568933155122E-17    0.677009064510059E-01 -0.133638076114591E-19
  0.00000000  0.00000000  0.01000000    0.2968D-01  0.147864518951486E+02  0.292590753936449E-17    0.676294764349857E-01 -0.133823581470089E-19
  0.00000000  0.00000000  0.01000000    0.3038D-01  0.148027050212190E+02  0.293657728454944E-17    0.675552203848247E-01 -0.134016806624490E-19
  0.00000000  0.00000000  0.01000000    0.3109D-01  0.148196389613754E+02  0.294772048274415E-17    0.674780271372543E-01 -0.134218089419089E-19
  0.00000000  0.00000000  0.01000000    0.3180D-01  0.148372843051314E+02  0.295936071626458E-17    0.673977784232491E-01 -0.134427792665728E-19
  0.00000000  0.00000000  0.01000000    0.3252D-01  0.148556738447585E+02  0.297152343792751E-17    0.673143480699686E-01 -0.134646307591963E-19
  0.00000000  0.00000000  0.01000000    0.3325D-01  0.148748428348434E+02  0.298423621293559E-17    0.672276010646351E-01 -0.134874058054532E-19
  0.00000000  0.00000000  0.01000000    0.3399D-01  0.148948292978689E+02  0.299752900889946E-17    0.671373924468591E-01 -0.135111505755974E-19
  0.00000000  0.00000000  0.01000000    0.3473D-01  0.149156743873506E+02  0.301143454765064E-17    0.670435659850593E-01 -0.135359156791680E-19
  0.00000000  0.00000000  0.01000000    0.3548D-01  0.149374228240014E+02  0.302598873766524E-17    0.669459525771210E-01 -0.135617569990145E-19
  0.00000000  0.00000000  0.01000000    0.3624D-01  0.149601234260858E+02  0.304123121361247E-17    0.668443682928652E-01 -0.135887367715159E-19
  0.00000000  0.00000000  0.01000000    0.3701D-01  0.149838297636277E+02  0.305720602131456E-17    0.667386119420175E-01 -0.136169250119613E-19
  0.00000000  0.00000000  0.01000000    0.3778D-01  0.150086009792076E+02  0.307396250499407E-17    0.666284619989140E-01 -0.136464014356718E-19
  0.00000000  0.00000000  0.01000000    0.3856D-01  0.150345028390424E+02  0.309155648418607E-17    0.665136726306073E-01 -0.136772581115347E-19
  0.00000000  0.00000000  0.01000000    0.3935D-01  0.150616091131195E+02  0.311005186003461E-17    0.663939684325590E-01 -0.137096032348161E-19
  0.00000000  0.00000000  0.01000000    0.4015D-01  0.150900034454566E+02  0.312952288564579E-17    0.662690372215315E-01 -0.137435666826795E-19
  0.00000000  0.00000000  0.01000000    0.4095D-01  0.151197819941499E+02  0.315005751972121E-17    0.661385197476336E-01 -0.137793085611203E-19
  0.00000000  0.00000000  0.01000000    0.4177D-01  0.151510573687679E+02  0.317176267532300E-17    0.660019941618980E-01 -0.138170331274126E-19
  0.00000000  0.00000000  0.01000000    0.4259D-01  0.151839649804136E+02  0.319477312078334E-17    0.658589506291632E-01 -0.138570133364017E-19
  0.00000000  0.00000000  0.01000000    0.4342D-01  0.152186746029006E+02  0.321926852825623E-17    0.657087444270214E-01 -0.138996396522483E-19
  0.00000000  0.00000000  0.01000000    0.4426D-01  0.152554168665760E+02  0.324551452503853E-17    0.655504866727672E-01 -0.139455419986540E-19
  0.00000000  0.00000000  0.01000000    0.4511D-01  0.152946062850339E+02  0.300266582755940E-05    0.653825264517259E-01 -0.128360203745945E-07
  0.00000000  0.00000000  0.01000000    0.4596D-01  0.153367334665587E+02  0.443727951225940E-03    0.652029326416470E-01 -0.188647496405198E-05
  0.00000000  0.00000000  0.01000000    0.4682D-01  0.153817593934844E+02  0.222418917650498E-02    0.650120674436426E-01 -0.940068902726519E-05
  0.00000000  0.00000000  0.01000000    0.4770D-01  0.154293332907242E+02  0.549335671329882E-02    0.648116062047524E-01 -0.230750911485330E-04
  0.00000000  0.00000000  0.01000000    0.4858D-01  0.154793331844521E+02  0.102959046897553E-01    0.646022374268059E-01 -0.429694529709733E-04
  0.00000000  0.00000000  0.01000000    0.4947D-01  0.155317559915304E+02  0.166775564463859E-01    0.643841461043729E-01 -0.691338591395315E-04
  0.00000000  0.00000000  0.01000000    0.5037D-01  0.155866905043907E+02  0.246851072062733E-01    0.641571404477635E-01 -0.101607579207071E-03
  0.00000000  0.00000000  0.01000000    0.5128D-01  0.156444125421408E+02  0.343664472180694E-01    0.639202764396495E-01 -0.140415167428653E-03
  0.00000000  0.00000000  0.01000000    0.5219D-01  0.157054402433322E+02  0.460802576791700E-01    0.636716561929766E-01 -0.186814650132303E-03
  0.00000000  0.00000000  0.01000000    0.5312D-01  0.157697146678661E+02  0.611314669735481E-01    0.634117353390424E-01 -0.245816267843646E-03
  0.00000000  0.00000000  0.01000000    0.5406D-01  0.158365730083022E+02  0.799316915807539E-01    0.631433659948129E-01 -0.318702540847829E-03
  0.00000000  0.00000000  0.01000000    0.5500D-01  0.159055547173925E+02  0.102591289064686E+00    0.628685020185611E-01 -0.405503660717802E-03
  0.00000000  0.00000000  0.01000000    0.5596D-01  0.159763514644940E+02  0.129223194321125E+00    0.625884191527363E-01 -0.506240455989006E-03
  0.00000000  0.00000000  0.01000000    0.5692D-01  0.160487007148891E+02  0.159942975140366E+00    0.623041518721649E-01 -0.620929481524082E-03
  0.00000000  0.00000000  0.01000000    0.5789D-01  0.161223602901530E+02  0.194868888927430E+00    0.620165975015558E-01 -0.749586613417205E-03
  0.00000000  0.00000000  0.01000000    0.5888D-01  0.161970962890956E+02  0.234121940603598E+00    0.617265645287622E-01 -0.892230484793515E-03
  0.00000000  0.00000000  0.01000000    0.5987D-01  0.162726758488486E+02  0.277825941713489E+00    0.614348003706170E-01 -0.104888596230193E-02
  0.00000000  0.00000000  0.01000000    0.6088D-01  0.163488620677245E+02  0.326107570762407E+00    0.611420097040202E-01 -0.121958777152279E-02
  0.00000000  0.00000000  0.01000000    0.6189D-01  0.164254099817019E+02  0.379096434809145E+00    0.608488679435766E-01 -0.140438436089449E-02
  0.00000000  0.00000000  0.01000000    0.6291D-01  0.165020630520280E+02  0.436925132340011E+00    0.605560320787019E-01 -0.160334209404933E-02
  0.00000000  0.00000000  0.01000000    0.6395D-01  0.165785498660420E+02  0.499729317450307E+00    0.602641500521558E-01 -0.181654986809027E-02
  0.00000000  0.00000000  0.01000000    0.6499D-01  0.166545808792787E+02  0.567647765360050E+00    0.599738693317307E-01 -0.204412426544516E-02
  0.00000000  0.00000000  0.01000000    0.6605D-01  0.167298451129196E+02  0.640822439291280E+00    0.596858449770646E-01 -0.228621535412941E-02
  0.00000000  0.00000000  0.01000000    0.6711D-01  0.168040068127742E+02  0.719398558734829E+00    0.594007471585836E-01 -0.254301324498227E-02
  0.00000000  0.00000000  0.01000000    0.6819D-01  0.168767022252084E+02  0.803524669135021E+00    0.591192675694384E-01 -0.281475547054935E-02
  0.00000000  0.00000000  0.01000000    0.6928D-01  0.169475369448168E+02  0.893352713021308E+00    0.588421231811303E-01 -0.310173511082822E-02
  0.00000000  0.00000000  0.01000000    0.7038D-01  0.170160849515224E+02  0.989038102616518E+00    0.585700536472948E-01 -0.340430921063811E-02
  0.00000000  0.00000000  0.01000000    0.7149D-01  0.170818920676595E+02  0.109073979395189E+01    0.583038034852082E-01 -0.372290600761189E-02
  0.00000000  0.00000000  0.01000000    0.7261D-01  0.171444908159311E+02  0.119862061692067E+01    0.580440664752983E-01 -0.405802747449097E-02
  0.00000000  0.00000000  0.01000000    0.7374D-01  0.172034399900818E+02  0.131285136404230E+01    0.577913486717054E-01 -0.441024882100525E-02
  0.00000000  0.00000000  0.01000000    0.7488D-01  0.172584448048485E+02  0.143360610926701E+01    0.575455773040824E-01 -0.478013471765736E-02
  0.00000000  0.00000000  0.01000000    0.7604D-01  0.173097755495323E+02  0.156105914738062E+01    0.573047591390718E-01 -0.516795369105223E-02
  0.00000000  0.00000000  0.01000000    0.7720D-01  0.173610611786219E+02  0.169542014806467E+01    0.570560343403658E-01 -0.557189155628589E-02
  0.00000000  0.00000000  0.01000000    0.7838D-01  0.174168486913179E+02  0.184777449959353E+01    0.567766273974391E-01 -0.602350092931608E-02
  0.00000000  0.00000000  0.01000000    0.7957D-01  0.174642564959991E+02  0.204570628762022E+01    0.564847807632481E-01 -0.661644377409929E-02
  0.00000000  0.00000000  0.01000000    0.8077D-01  0.174610567312475E+02  0.230661989347639E+01    0.562880408746878E-01 -0.743569629517440E-02
  0.00000000  0.00000000  0.01000000    0.8198D-01  0.172808550319802E+02  0.263316866173896E+01    0.565544201663093E-01 -0.861747445882484E-02
  0.00000000  0.00000000  0.01000000    0.8321D-01  0.170683959682829E+02  0.265326366736327E+01    0.572054793869884E-01 -0.889252981437976E-02
  0.00000000  0.00000000  0.01000000    0.8445D-01  0.168297015626461E+02  0.280344011935562E+01    0.578145297388729E-01 -0.963056721762519E-02
  0.00000000  0.00000000  0.01000000    0.8570D-01  0.166517731944116E+02  0.256125915591749E+01    0.586657250175430E-01 -0.902355104080730E-02
  0.00000000  0.00000000  0.01000000    0.8696D-01  0.166395794913215E+02  0.250160640857209E+01    0.587693481967405E-01 -0.883542628906272E-02
  0.00000000  0.00000000  0.01000000    0.8824D-01  0.166621419871078E+02  0.237751426791981E+01    0.588187251963038E-01 -0.839281999176747E-02
  0.00000000  0.00000000  0.01000000    0.8953D-01  0.167536273391575E+02  0.234152409051088E+01    0.585449795075917E-01 -0.818237609804595E-02
  0.00000000  0.00000000  0.01000000    0.9083D-01  0.168409437676227E+02  0.236008365942082E+01    0.582354031461874E-01 -0.816108795691932E-02
  0.00000000  0.00000000  0.01000000    0.9214D-01  0.169064978043200E+02  0.240702377364462E+01    0.579737290656134E-01 -0.825387645169814E-02
  0.00000000  0.00000000  0.01000000    0.9347D-01  0.169544561107550E+02  0.245363365547033E+01    0.577715977585435E-01 -0.836065372222335E-02
  0.00000000  0.00000000  0.01000000    0.9481D-01  0.169969633675621E+02  0.249804419446823E+01    0.575900819922280E-01 -0.846401600501119E-02
  0.00000000  0.00000000  0.01000000    0.9617D-01  0.170383646443008E+02  0.254067390538116E+01    0.574144538890828E-01 -0.856135009626617E-02
  0.00000000  0.00000000  0.01000000    0.9754D-01  0.170828837627798E+02  0.258000522384306E+01    0.572326682099076E-01 -0.864377379173888E-02
  0.00000000  0.00000000  0.01000000    0.9892D-01  0.171326034052219E+02  0.262154173189644E+01    0.570329040074758E-01 -0.872687789535072E-02
  0.00000000  0.00000000  0.01000000    0.1003D+00  0.171858769934564E+02  0.266632385594110E+01    0.568196440798892E-01 -0.881535301072939E-02
  0.00000000  0.00000000  0.01000000    0.1017D+00  0.172413651962367E+02  0.271436017449610E+01    0.565972752144771E-01 -0.891027990409390E-02
  0.00000000  0.00000000  0.01000000    0.1031D+00  0.173001472467601E+02  0.276338434828531E+01    0.563648682849447E-01 -0.900326411042249E-02
  0.00000000  0.00000000  0.01000000    0.1046D+00  0.173618839071176E+02  0.281755860251357E+01    0.561194657249088E-01 -0.910729989139369E-02
  0.00000000  0.00000000  0.01000000    0.1060D+00  0.174246583584098E+02  0.287444025542894E+01    0.558695506818413E-01 -0.921646107655841E-02
  0.00000000  0.00000000  0.01000000    0.1075D+00  0.174896920743232E+02  0.293297336900314E+01    0.556125780354046E-01 -0.932607673515959E-02
  0.00000000  0.00000000  0.01000000    0.1090D+00  0.175555374463220E+02  0.299614161805892E+01    0.553499049451506E-01 -0.944637293326015E-02
  0.00000000  0.00000000  0.01000000    0.1105D+00  0.176211967429005E+02  0.305895049994128E+01    0.550896954966851E-01 -0.956329209871021E-02
  0.00000000  0.00000000  0.01000000    0.1120D+00  0.176889083996732E+02  0.312092302538186E+01    0.548259290211736E-01 -0.967315226039009E-02
  0.00000000  0.00000000  0.01000000    0.1135D+00  0.177599556736379E+02  0.318207024565826E+01    0.545551040491651E-01 -0.977469631871437E-02
  0.00000000  0.00000000  0.01000000    0.1151D+00  0.178353758550650E+02  0.324235461115565E+01    0.542746299506618E-01 -0.986677253786717E-02
  0.00000000  0.00000000  0.01000000    0.1166D+00  0.179162629372115E+02  0.330173760496641E+01    0.539818909004935E-01 -0.994817054192519E-02
  0.00000000  0.00000000  0.01000000    0.1182D+00  0.180039061296656E+02  0.336017972018919E+01    0.536738772378190E-01 -0.100174857888905E-01
  0.00000000  0.00000000  0.01000000    0.1198D+00  0.181000755640563E+02  0.341764043768238E+01    0.533464453421022E-01 -0.100728291527045E-01
  0.00000000  0.00000000  0.01000000    0.1214D+00  0.182075015962273E+02  0.347445524524621E+01    0.529927210256977E-01 -0.101123614656585E-01
  0.00000000  0.00000000  0.01000000    0.1230D+00  0.183318147771105E+02  0.353225840705469E+01    0.525971787946121E-01 -0.101346663842908E-01
  0.00000000  0.00000000  0.01000000    0.1247D+00  0.184680845935586E+02  0.360703556141384E+01    0.521578175716446E-01 -0.101870392586504E-01
  0.00000000  0.00000000  0.01000000    0.1263D+00  0.186086087433610E+02  0.368840809790782E+01    0.517071442751434E-01 -0.102488612821294E-01
  0.00000000  0.00000000  0.01000000    0.1280D+00  0.187564331549037E+02  0.377321193563814E+01    0.512413571501939E-01 -0.103081699383158E-01
  0.00000000  0.00000000  0.01000000    0.1297D+00  0.189127752383620E+02  0.386210229401334E+01    0.507577118260751E-01 -0.103650296062700E-01
  0.00000000  0.00000000  0.01000000    0.1314D+00  0.190826458599803E+02  0.394824953126214E+01    0.502523950299562E-01 -0.103973524729044E-01
  0.00000000  0.00000000  0.01000000    0.1331D+00  0.192770785417889E+02  0.403510783659278E+01    0.496975567152745E-01 -0.104027692851174E-01
  0.00000000  0.00000000  0.01000000    0.1348D+00  0.194989410428827E+02  0.413744909175636E+01    0.490752752180670E-01 -0.104132041033479E-01
  0.00000000  0.00000000  0.01000000    0.1366D+00  0.197398004924950E+02  0.426205778244710E+01    0.484026414949614E-01 -0.104507061737037E-01
  0.00000000  0.00000000  0.01000000    0.1384D+00  0.199996660337179E+02  0.439703431091522E+01    0.476954108955259E-01 -0.104860930091162E-01
  0.00000000  0.00000000  0.01000000    0.1402D+00  0.202866938140301E+02  0.454602150455858E+01    0.469364431938144E-01 -0.105179326933502E-01
  0.00000000  0.00000000  0.01000000    0.1420D+00  0.206106367645061E+02  0.470752222989721E+01    0.461130249889925E-01 -0.105323330231757E-01
  0.00000000  0.00000000  0.01000000    0.1438D+00  0.209926303133210E+02  0.488655797932546E+01    0.451873271390937E-01 -0.105184767559028E-01
  0.00000000  0.00000000  0.01000000    0.1457D+00  0.214550921591592E+02  0.511219534379304E+01    0.441049412375199E-01 -0.105090704602945E-01
  0.00000000  0.00000000  0.01000000    0.1475D+00  0.220063895751359E+02  0.543059882649720E+01    0.428329385133299E-01 -0.105700439788965E-01
  0.00000000  0.00000000  0.01000000    0.1494D+00  0.226466020711939E+02  0.589347454446319E+01    0.413559802066140E-01 -0.107623393497528E-01
  0.00000000  0.00000000  0.01000000    0.1513D+00  0.233193419806720E+02  0.661138051097777E+01    0.396923576312149E-01 -0.112533741258771E-01
  0.00000000  0.00000000  0.01000000    0.1532D+00  0.238906577653657E+02  0.762414206445972E+01    0.379885466325664E-01 -0.121231520368149E-01
  0.00000000  0.00000000  0.01000000    0.1552D+00  0.242259954489506E+02  0.887577373555119E+01    0.363929521904049E-01 -0.133334297817165E-01
  0.00000000  0.00000000  0.01000000    0.1571D+00  0.241703862779486E+02  0.102791061314286E+02    0.350362684507583E-01 -0.149001144505140E-01
  0.00000000  0.00000000  0.01000000    0.1591D+00  0.238565830286368E+02  0.114074697732993E+02    0.341165616899672E-01 -0.163134697781336E-01
  0.00000000  0.00000000  0.01000000    0.1611D+00  0.234655148441320E+02  0.125284295001757E+02    0.331624962943657E-01 -0.177057268776567E-01
  0.00000000  0.00000000  0.01000000    0.1631D+00  0.228728018295262E+02  0.136830828621063E+02    0.321974453828710E-01 -0.192613181544402E-01
  0.00000000  0.00000000  0.01000000    0.1652D+00  0.220238996510191E+02  0.147237971244519E+02    0.313801232036291E-01 -0.209787810111621E-01
  0.00000000  0.00000000  0.01000000    0.1672D+00  0.208875923947485E+02  0.156055383307949E+02    0.307249845063511E-01 -0.229552508668970E-01
  0.00000000  0.00000000  0.01000000    0.1693D+00  0.195696357552689E+02  0.160111628824119E+02    0.306096969849018E-01 -0.250437386947573E-01
  0.00000000  0.00000000  0.01000000    0.1714D+00  0.183670711926080E+02  0.159195080605465E+02    0.310895255684378E-01 -0.269465908687991E-01
  0.00000000  0.00000000  0.01000000    0.1736D+00  0.176026902088798E+02  0.154311139642536E+02    0.321232226833522E-01 -0.281603041491833E-01
  0.00000000  0.00000000  0.01000000    0.1757D+00  0.174216058599583E+02  0.150585238637671E+02    0.328541249771096E-01 -0.283977624662081E-01
  0.00000000  0.00000000  0.01000000    0.1779D+00  0.172972665830963E+02  0.153998884045235E+02    0.322498410983356E-01 -0.287122795727348E-01
  0.00000000  0.00000000  0.01000000    0.1801D+00  0.168073960358256E+02  0.157773073876605E+02    0.316278073414904E-01 -0.296894080059016E-01
  0.00000000  0.00000000  0.01000000    0.1823D+00  0.161871356193816E+02  0.159049839883327E+02    0.314318271762482E-01 -0.308839512880641E-01
  0.00000000  0.00000000  0.01000000    0.1845D+00  0.156716318497486E+02  0.158857898913401E+02    0.314717714203330E-01 -0.319018436040986E-01
  0.00000000  0.00000000  0.01000000    0.1868D+00  0.152364975778997E+02  0.159494487531074E+02    0.313162944907311E-01 -0.327816567792863E-01
  0.00000000  0.00000000  0.01000000    0.1890D+00  0.147707201175751E+02  0.160466258949494E+02    0.310525586339931E-01 -0.337349017186895E-01
  0.00000000  0.00000000  0.01000000    0.1913D+00  0.141940331709555E+02  0.161641660285569E+02    0.306731655820137E-01 -0.349306032413413E-01
  0.00000000  0.00000000  0.01000000    0.1937D+00  0.135251803481402E+02  0.160764926317739E+02    0.306426529011563E-01 -0.364229068229162E-01
  0.00000000  0.00000000  0.01000000    0.1960D+00  0.130584739738940E+02  0.156771824141323E+02    0.313681077753925E-01 -0.376585769948390E-01
  0.00000000  0.00000000  0.01000000    0.1984D+00  0.128961491505156E+02  0.154467014805654E+02    0.318493229444753E-01 -0.381483633710736E-01
  0.00000000  0.00000000  0.01000000    0.2008D+00  0.126316385773607E+02  0.156251617343427E+02    0.312893591388202E-01 -0.387045033084023E-01
  0.00000000  0.00000000  0.01000000    0.2032D+00  0.120016002026729E+02  0.157106705170214E+02    0.307053431283041E-01 -0.401947674355487E-01
  0.00000000  0.00000000  0.01000000    0.2056D+00  0.113929733084680E+02  0.152561124421186E+02    0.314246608124001E-01 -0.420801616776440E-01
  0.00000000  0.00000000  0.01000000    0.2081D+00  0.110455346033856E+02  0.147748829121207E+02    0.324581315123294E-01 -0.434171011056258E-01
  0.00000000  0.00000000  0.01000000    0.2106D+00  0.109784744234583E+02  0.141788733301541E+02    0.341405134502264E-01 -0.440930130148897E-01
  0.00000000  0.00000000  0.01000000    0.2131D+00  0.110951670679995E+02  0.139211432000466E+02    0.350114655972979E-01 -0.439290028925511E-01
  0.00000000  0.00000000  0.01000000    0.2157D+00  0.111586698166898E+02  0.137867458223147E+02    0.354704858795949E-01 -0.438244504989794E-01
  0.00000000  0.00000000  0.01000000    0.2182D+00  0.111828388540179E+02  0.136940959912946E+02    0.357754507362289E-01 -0.438093102215928E-01
  0.00000000  0.00000000  0.01000000    0.2208D+00  0.111850819039232E+02  0.136299010068087E+02    0.359787461332897E-01 -0.438429286757242E-01
  0.00000000  0.00000000  0.01000000    0.2235D+00  0.111720024919965E+02  0.135747835750055E+02    0.361450086680807E-01 -0.439187755585803E-01
  0.00000000  0.00000000  0.01000000    0.2261D+00  0.111587952991962E+02  0.135168069530413E+02    0.363215097521461E-01 -0.439967597217355E-01
  0.00000000  0.00000000  0.01000000    0.2288D+00  0.111666584441491E+02  0.134580012672881E+02    0.365147747398700E-01 -0.440074250664839E-01
  0.00000000  0.00000000  0.01000000    0.2315D+00  0.111817736229560E+02  0.134382502262471E+02    0.365873428747645E-01 -0.439706512797929E-01
  0.00000000  0.00000000  0.01000000    0.2342D+00  0.111947314651502E+02  0.134124818414967E+02    0.366779803838689E-01 -0.439441309881221E-01
  0.00000000  0.00000000  0.01000000    0.2370D+00  0.112264156316738E+02  0.133902045200186E+02    0.367681399873895E-01 -0.438548625317923E-01
  0.00000000  0.00000000  0.01000000    0.2397D+00  0.112715977528501E+02  0.133905716681994E+02    0.367924433560647E-01 -0.437091404794831E-01
  0.00000000  0.00000000  0.01000000    0.2426D+00  0.112824937522047E+02  0.134177079794930E+02    0.367113857206261E-01 -0.436590229022406E-01
  0.00000000  0.00000000  0.01000000    0.2454D+00  0.113341200533820E+02  0.133123378614902E+02    0.370783079898550E-01 -0.435498266269073E-01
  0.00000000  0.00000000  0.01000000    0.2483D+00  0.114685370522683E+02  0.132628722926480E+02    0.373044112095055E-01 -0.431409550816458E-01
  0.00000000  0.00000000  0.01000000    0.2512D+00  0.117060122438233E+02  0.131455377598086E+02    0.377813312985847E-01 -0.424274216408277E-01
  0.00000000  0.00000000  0.01000000    0.2541D+00  0.120837768574275E+02  0.131425366090228E+02    0.379106099197272E-01 -0.412322723779979E-01
  0.00000000  0.00000000  0.01000000    0.2570D+00  0.125557428391941E+02  0.132370750570704E+02    0.377200175715989E-01 -0.397668788015186E-01
  0.00000000  0.00000000  0.01000000    0.2600D+00  0.131054729322515E+02  0.134884778572315E+02    0.370533007466729E-01 -0.381361763320182E-01
  0.00000000  0.00000000  0.01000000    0.2630D+00  0.136973350982996E+02  0.138927276916987E+02    0.359864426198193E-01 -0.364997895081178E-01
  0.00000000  0.00000000  0.01000000    0.2661D+00  0.145696295161426E+02  0.143526772790580E+02    0.348327859203649E-01 -0.343141007457737E-01
  0.00000000  0.00000000  0.01000000    0.2692D+00  0.154758765302571E+02  0.158235070491370E+02    0.315907628152214E-01 -0.323003777599903E-01
  0.00000000  0.00000000  0.01000000    0.2723D+00  0.147473172594217E+02  0.184170952465107E+02    0.264918965358044E-01 -0.330842398775213E-01
  0.00000000  0.00000000  0.01000000    0.2754D+00  0.138760016177419E+02  0.179556928528241E+02    0.269462915114771E-01 -0.348687862131773E-01
  0.00000000  0.00000000  0.01000000    0.2786D+00  0.141457420842351E+02  0.187411981250128E+02    0.256572759551567E-01 -0.339924260714186E-01
  0.00000000  0.00000000  0.01000000    0.2818D+00  0.140085946843182E+02  0.199508969317796E+02    0.235724203079107E-01 -0.335715993355264E-01
  0.00000000  0.00000000  0.01000000    0.2850D+00  0.135923356293731E+02  0.209215111463686E+02    0.218364377874027E-01 -0.336109473031900E-01
  0.00000000  0.00000000  0.01000000    0.2883D+00  0.131168623849663E+02  0.218705511979637E+02    0.201682120867514E-01 -0.336277001365993E-01
  0.00000000  0.00000000  0.01000000    0.2916D+00  0.127800503384604E+02  0.225762690414882E+02    0.189891767159081E-01 -0.335448414568882E-01
  0.00000000  0.00000000  0.01000000    0.2949D+00  0.128734593674883E+02  0.234939026772185E+02    0.179373682055363E-01 -0.327354731060547E-01
  0.00000000  0.00000000  0.01000000    0.2983D+00  0.131006300512096E+02  0.253081087713648E+02    0.161312602956954E-01 -0.311627523704451E-01
  0.00000000  0.00000000  0.01000000    0.3017D+00  0.131041378324542E+02  0.280144361660285E+02    0.136997042243743E-01 -0.292876566466431E-01
  0.00000000  0.00000000  0.01000000    0.3051D+00  0.119266171975339E+02  0.326653469278074E+02    0.986266606741059E-02 -0.270124716329200E-01
  0.00000000  0.00000000  0.01000000    0.3086D+00  0.575086073505296E+01  0.395286737017844E+02    0.360422561177419E-02 -0.247737277460126E-01
  0.00000000  0.00000000  0.01000000    0.3121D+00 -0.585349709803717E+01  0.397308384134307E+02   -0.362939384537850E-02 -0.246346513877639E-01
  0.00000000  0.00000000  0.01000000    0.3156D+00 -0.102772700925299E+02  0.266138495758666E+02   -0.126268912333704E-01 -0.326983898321412E-01
  0.00000000  0.00000000  0.01000000    0.3192D+00 -0.771158637276417E+01  0.243766931953808E+02   -0.117969770056143E-01 -0.372908082978189E-01
  0.00000000  0.00000000  0.01000000    0.3228D+00 -0.752179920403809E+01  0.233175976468361E+02   -0.125303211430617E-01 -0.388440290512807E-01
  0.00000000  0.00000000  0.01000000    0.3265D+00 -0.817157412053218E+01  0.220514919084221E+02   -0.147756599711795E-01 -0.398730209736925E-01
  0.00000000  0.00000000  0.01000000    0.3301D+00 -0.887991046690918E+01  0.202767546934964E+02   -0.181222813929322E-01 -0.413811665849938E-01
  0.00000000  0.00000000  0.01000000    0.3339D+00 -0.896807671990147E+01  0.180533110575509E+02   -0.220699179147920E-01 -0.444281539481226E-01
  0.00000000  0.00000000  0.01000000    0.3376D+00 -0.833819870552910E+01  0.163367113705304E+02   -0.247855506576007E-01 -0.485613741711842E-01
  0.00000000  0.00000000  0.01000000    0.3414D+00 -0.756248246332699E+01  0.153581130181093E+02   -0.258049915244364E-01 -0.524055398720612E-01
  0.00000000  0.00000000  0.01000000    0.3452D+00 -0.700173405501704E+01  0.147716349986228E+02   -0.262015959215484E-01 -0.552777937998352E-01
  0.00000000  0.00000000  0.01000000    0.3491D+00 -0.661228892337899E+01  0.142765493865313E+02   -0.267117614573376E-01 -0.576731879181175E-01
  0.00000000  0.00000000  0.01000000    0.3530D+00 -0.629292259053748E+01  0.139239805147720E+02   -0.269529449316672E-01 -0.596371995118092E-01
  0.00000000  0.00000000  0.01000000    0.3570D+00 -0.620866949290275E+01  0.138307186635640E+02   -0.270134351725162E-01 -0.601763747344873E-01
  0.00000000  0.00000000  0.01000000    0.3610D+00 -0.653094540068800E+01  0.136510834482240E+02   -0.285187488096155E-01 -0.596103314227658E-01
  0.00000000  0.00000000  0.01000000    0.3650D+00 -0.686352805212894E+01  0.128735972233575E+02   -0.322477350896881E-01 -0.604855622002458E-01
  0.00000000  0.00000000  0.01000000    0.3691D+00 -0.691056969301824E+01  0.120691837776435E+02   -0.357280936399248E-01 -0.623984631253714E-01
  0.00000000  0.00000000  0.01000000    0.3732D+00 -0.679350297494306E+01  0.112701778750466E+02   -0.392305723356434E-01 -0.650821130119969E-01
  0.00000000  0.00000000  0.01000000    0.3773D+00 -0.645057159102228E+01  0.104616999729453E+02   -0.427028861650976E-01 -0.692566196241984E-01
  0.00000000  0.00000000  0.01000000    0.3815D+00 -0.595687839405112E+01  0.993760343318049E+01   -0.443747193211813E-01 -0.740284313194942E-01
  0.00000000  0.00000000  0.01000000    0.3858D+00 -0.546564171650898E+01  0.956605179193323E+01   -0.450282193266011E-01 -0.788090951654839E-01
  0.00000000  0.00000000  0.01000000    0.3900D+00 -0.495573547987252E+01  0.931096685994372E+01   -0.445445683230510E-01 -0.836915128200296E-01
  0.00000000  0.00000000  0.01000000    0.3944D+00 -0.445641100925804E+01  0.925370553035129E+01   -0.422446005429946E-01 -0.877206103431817E-01
  0.00000000  0.00000000  0.01000000    0.3987D+00 -0.410762653422879E+01  0.938555748046607E+01   -0.391346822368283E-01 -0.894192318977430E-01
  0.00000000  0.00000000  0.01000000    0.4031D+00 -0.372881775643722E+01  0.935900640081549E+01   -0.367389006274913E-01 -0.922114269430385E-01
  0.00000000  0.00000000  0.01000000    0.4076D+00 -0.305302375343162E+01  0.968092658707320E+01   -0.296291287315585E-01 -0.939519123514030E-01
  0.00000000  0.00000000  0.01000000    0.4121D+00 -0.291191900746370E+01  0.112961939659880E+02   -0.213980675097454E-01 -0.830094245299520E-01
  0.00000000  0.00000000  0.01000000    0.4166D+00 -0.555379914798438E+01  0.135553581200904E+02   -0.258806866551609E-01 -0.631679264331828E-01
  0.00000000  0.00000000  0.01000000    0.4212D+00 -0.728936199320732E+01  0.965403672949203E+01   -0.498127642937362E-01 -0.659720640211565E-01
  0.00000000  0.00000000  0.01000000    0.4259D+00 -0.626361476809966E+01  0.885505078988918E+01   -0.532417502800172E-01 -0.752693804340055E-01
  0.00000000  0.00000000  0.01000000    0.4305D+00 -0.598246423081245E+01  0.895551399363870E+01   -0.515769206275511E-01 -0.772086245079143E-01
  0.00000000  0.00000000  0.01000000    0.4353D+00 -0.618257417932084E+01  0.864282081776083E+01   -0.547505595756523E-01 -0.765375816544564E-01
  0.00000000  0.00000000  0.01000000    0.4401D+00 -0.618787791500143E+01  0.805429907703029E+01   -0.599823956939659E-01 -0.780746098924713E-01
  0.00000000  0.00000000  0.01000000    0.4449D+00 -0.605977208110096E+01  0.777621774862846E+01   -0.623494920466676E-01 -0.800101423258773E-01
  0.00000000  0.00000000  0.01000000    0.4497D+00 -0.607493141145482E+01  0.755599680343934E+01   -0.646283879341432E-01 -0.803847582083035E-01
  0.00000000  0.00000000  0.01000000    0.4547D+00 -0.614103637561961E+01  0.720113429129238E+01   -0.685623317392517E-01 -0.803979211291797E-01
  0.00000000  0.00000000  0.01000000    0.4596D+00 -0.613158758773569E+01  0.678705366144285E+01   -0.732913411298320E-01 -0.811261778535529E-01
  0.00000000  0.00000000  0.01000000    0.4647D+00 -0.604016583478122E+01  0.640208055330029E+01   -0.779675645044687E-01 -0.826392258351504E-01
  0.00000000  0.00000000  0.01000000    0.4697D+00 -0.592042263239441E+01  0.608700992567577E+01   -0.821105212755241E-01 -0.844209255048382E-01
  0.00000000  0.00000000  0.01000000    0.4749D+00 -0.579919896353502E+01  0.579925488930248E+01   -0.862179727431999E-01 -0.862188042039456E-01
  0.00000000  0.00000000  0.01000000    0.4800D+00 -0.569623338450696E+01  0.556191287513927E+01   -0.898715394576644E-01 -0.877523160792043E-01
  0.00000000  0.00000000  0.01000000    0.4853D+00 -0.562396697783351E+01  0.531249832029743E+01   -0.939651227379934E-01 -0.887611109168411E-01
  0.00000000  0.00000000  0.01000000    0.4905D+00 -0.555603173142796E+01  0.503818374212669E+01   -0.987690090048921E-01 -0.895632781540143E-01
  0.00000000  0.00000000  0.01000000    0.4959D+00 -0.543728536313747E+01  0.471666835027233E+01   -0.104944547645066E+00 -0.910359845681348E-01
  0.00000000  0.00000000  0.01000000    0.5013D+00 -0.525565604220332E+01  0.445782821832340E+01   -0.110659012234911E+00 -0.938605691451938E-01
  0.00000000  0.00000000  0.01000000    0.5067D+00 -0.508833328948975E+01  0.428690407637477E+01   -0.114942054602652E+00 -0.968383033086287E-01
  0.00000000  0.00000000  0.01000000    0.5122D+00 -0.499923723964861E+01  0.414163089583634E+01   -0.118618587431448E+00 -0.982698725778177E-01
  0.00000000  0.00000000  0.01000000    0.5177D+00 -0.490272470371496E+01  0.387602902438413E+01   -0.125516787722921E+00 -0.992319050451394E-01
  0.00000000  0.00000000  0.01000000    0.5233D+00 -0.474458259170838E+01  0.366300392823313E+01   -0.132055644738835E+00 -0.101952139323922E+00
  0.00000000  0.00000000  0.01000000    0.5290D+00 -0.458178665251164E+01  0.348001599084563E+01   -0.138408841095995E+00 -0.105126016730708E+00
  0.00000000  0.00000000  0.01000000    0.5347D+00 -0.441860876921170E+01  0.331879745236331E+01   -0.144689682779577E+00 -0.108675779113566E+00
  0.00000000  0.00000000  0.01000000    0.5405D+00 -0.426943698861515E+01  0.318764567518119E+01   -0.150389599741413E+00 -0.112283834727220E+00
  0.00000000  0.00000000  0.01000000    0.5463D+00 -0.412864933755313E+01  0.304571814990059E+01   -0.156850797360520E+00 -0.115709347365025E+00
  0.00000000  0.00000000  0.01000000    0.5522D+00 -0.398073552930453E+01  0.291913156780984E+01   -0.163361925968158E+00 -0.119795688902542E+00
  0.00000000  0.00000000  0.01000000    0.5582D+00 -0.384350682179050E+01  0.281616506789270E+01   -0.169292643751717E+00 -0.124041936619405E+00
  0.00000000  0.00000000  0.01000000    0.5642D+00 -0.371985416714560E+01  0.270789407026123E+01   -0.175713426180781E+00 -0.127911827571814E+00
  0.00000000  0.00000000  0.01000000    0.5703D+00 -0.359208970410990E+01  0.259319795811161E+01   -0.183010455342955E+00 -0.132118732604431E+00
  0.00000000  0.00000000  0.01000000    0.5764D+00 -0.345077754277913E+01  0.248547322723085E+01   -0.190804149970435E+00 -0.137429492488850E+00
  0.00000000  0.00000000  0.01000000    0.5826D+00 -0.330690642586927E+01  0.240405080320907E+01   -0.197839578004297E+00 -0.143825175301945E+00
  0.00000000  0.00000000  0.01000000    0.5888D+00 -0.316993144273334E+01  0.233275472798285E+01   -0.204640960216133E+00 -0.150595423310325E+00
  0.00000000  0.00000000  0.01000000    0.5952D+00 -0.303043965781787E+01  0.226879658168733E+01   -0.211460410299623E+00 -0.158313878586002E+00
  0.00000000  0.00000000  0.01000000    0.6016D+00 -0.288727334365170E+01  0.223091806353362E+01   -0.216870653309794E+00 -0.167570091339963E+00
  0.00000000  0.00000000  0.01000000    0.6080D+00 -0.277334777774297E+01  0.223816383721875E+01   -0.218359479615874E+00 -0.176221783186490E+00
  0.00000000  0.00000000  0.01000000    0.6145D+00 -0.270629218897997E+01  0.223116918499364E+01   -0.219985600323221E+00 -0.181364412380207E+00
  0.00000000  0.00000000  0.01000000    0.6211D+00 -0.259853436315875E+01  0.215462533729877E+01   -0.228045808120836E+00 -0.189088619803605E+00
  0.00000000  0.00000000  0.01000000    0.6277D+00 -0.245968481521928E+01  0.221148115079310E+01   -0.224819728539991E+00 -0.202133455846166E+00
  0.00000000  0.00000000  0.01000000    0.6344D+00 -0.250428529991543E+01  0.239800169941463E+01   -0.208311020256472E+00 -0.199470156454891E+00
  0.00000000  0.00000000  0.01000000    0.6412D+00 -0.264524382453263E+01  0.229922249335231E+01   -0.215345167463598E+00 -0.187176111432565E+00
  0.00000000  0.00000000  0.01000000    0.6481D+00 -0.269433964115926E+01  0.214547374280110E+01   -0.227130390898778E+00 -0.180861492894717E+00
  0.00000000  0.00000000  0.01000000    0.6550D+00 -0.265651768536318E+01  0.195336473541513E+01   -0.244328713038046E+00 -0.179657411854435E+00
  0.00000000  0.00000000  0.01000000    0.6620D+00 -0.254717502709072E+01  0.182379431003173E+01   -0.259536411181731E+00 -0.185829801613565E+00
  0.00000000  0.00000000  0.01000000    0.6690D+00 -0.244272933151440E+01  0.177164370808328E+01   -0.268265292857198E+00 -0.194565362627765E+00
  0.00000000  0.00000000  0.01000000    0.6762D+00 -0.238830106744118E+01  0.174209601740377E+01   -0.273295997269458E+00 -0.199350021195450E+00
  0.00000000  0.00000000  0.01000000    0.6833D+00 -0.235776998907364E+01  0.167116569089692E+01   -0.282304302517646E+00 -0.200094694116212E+00
  0.00000000  0.00000000  0.01000000    0.6906D+00 -0.232049940229299E+01  0.158768916463369E+01   -0.293530697432911E+00 -0.200834142573401E+00
  0.00000000  0.00000000  0.01000000    0.6980D+00 -0.226837525663398E+01  0.148636431426926E+01   -0.308420848850312E+00 -0.202094314936229E+00
  0.00000000  0.00000000  0.01000000    0.7054D+00 -0.219628764637890E+01  0.139028968148579E+01   -0.325058843123037E+00 -0.205768108842560E+00
  0.00000000  0.00000000  0.01000000    0.7129D+00 -0.210480113455640E+01  0.129908219085176E+01   -0.344045298058307E+00 -0.212344583160835E+00
  0.00000000  0.00000000  0.01000000    0.7204D+00 -0.200786993947870E+01  0.123965793159230E+01   -0.360589819169893E+00 -0.222627980326976E+00
  0.00000000  0.00000000  0.01000000    0.7281D+00 -0.191068654176391E+01  0.118045677622251E+01   -0.378788720502166E+00 -0.234022536978064E+00
  0.00000000  0.00000000  0.01000000    0.7358D+00 -0.180075838947368E+01  0.114300425499285E+01   -0.395841586246180E+00 -0.251254482570949E+00
  0.00000000  0.00000000  0.01000000    0.7436D+00 -0.172169547736222E+01  0.116388317614071E+01   -0.398645876623107E+00 -0.269488556565389E+00
  0.00000000  0.00000000  0.01000000    0.7515D+00 -0.169201460894458E+01  0.115506111966785E+01   -0.403140935911610E+00 -0.275205910372410E+00
  0.00000000  0.00000000  0.01000000    0.7594D+00 -0.164428146892518E+01  0.109166276146152E+01   -0.422109682098917E+00 -0.280244854611759E+00
  0.00000000  0.00000000  0.01000000    0.7675D+00 -0.158092243992378E+01  0.107604103572418E+01   -0.432279080867030E+00 -0.294226976701324E+00
  0.00000000  0.00000000  0.01000000    0.7756D+00 -0.153757337469103E+01  0.105625326222456E+01   -0.441856463405042E+00 -0.303538249678893E+00
  0.00000000  0.00000000  0.01000000    0.7838D+00 -0.150605784770888E+01  0.103434295495342E+01   -0.451175477458752E+00 -0.309862052953103E+00
  0.00000000  0.00000000  0.01000000    0.7920D+00 -0.147699259033827E+01  0.994446281124147E+00   -0.465864992774102E+00 -0.313662852881362E+00
  0.00000000  0.00000000  0.01000000    0.8004D+00 -0.144815376264770E+01  0.957386099352133E+00   -0.480517556749706E+00 -0.317674021359247E+00
  0.00000000  0.00000000  0.01000000    0.8089D+00 -0.141578882832308E+01  0.902471769454966E+00   -0.502246318745196E+00 -0.320148820864114E+00
  0.00000000  0.00000000  0.01000000    0.8174D+00 -0.137526499313428E+01  0.854665789155285E+00   -0.524548441880616E+00 -0.325983436114628E+00
  0.00000000  0.00000000  0.01000000    0.8260D+00 -0.134074799696249E+01  0.808966128628774E+00   -0.546790715314998E+00 -0.329916710031009E+00
  0.00000000  0.00000000  0.01000000    0.8347D+00 -0.130058132706700E+01  0.741549866289309E+00   -0.580251936021304E+00 -0.330841091299587E+00
  0.00000000  0.00000000  0.01000000    0.8435D+00 -0.124155560772005E+01  0.677326875515631E+00   -0.620705794738964E+00 -0.338624153401422E+00
  0.00000000  0.00000000  0.01000000    0.8524D+00 -0.117452697645137E+01  0.626028975054785E+00   -0.663040423587673E+00 -0.353403987409961E+00
  0.00000000  0.00000000  0.01000000    0.8613D+00 -0.110089956561082E+01  0.576913080909586E+00   -0.712644658128101E+00 -0.373452800016619E+00
  0.00000000  0.00000000  0.01000000    0.8704D+00 -0.101942480444100E+01  0.543449499327356E+00   -0.763863391149397E+00 -0.407211179938150E+00
  0.00000000  0.00000000  0.01000000    0.8796D+00 -0.939944033812841E+00  0.529200126365095E+00   -0.807826053499014E+00 -0.454816067993488E+00
  0.00000000  0.00000000  0.01000000    0.8888D+00 -0.877472106269426E+00  0.534299506824804E+00   -0.831385687088842E+00 -0.506237132119589E+00
  0.00000000  0.00000000  0.01000000    0.8981D+00 -0.839582451121144E+00  0.534931119868260E+00   -0.847164578132937E+00 -0.539761992271543E+00
  0.00000000  0.00000000  0.01000000    0.9076D+00 -0.806028760206778E+00  0.508001013790172E+00   -0.887943900528679E+00 -0.559628172004247E+00
  0.00000000  0.00000000  0.01000000    0.9171D+00 -0.755356784597335E+00  0.473033729014087E+00   -0.950941985991514E+00 -0.595516771520656E+00
  0.00000000  0.00000000  0.01000000    0.9267D+00 -0.689109136905145E+00  0.450836438600552E+00   -0.101619796001974E+01 -0.664828028933111E+00
  0.00000000  0.00000000  0.01000000    0.9364D+00 -0.628471743826815E+00  0.455882473629537E+00   -0.104257787729576E+01 -0.756267861398074E+00
  0.00000000  0.00000000  0.01000000    0.9462D+00 -0.581733104832985E+00  0.460443732185711E+00   -0.105688595006697E+01 -0.836528826192881E+00
  0.00000000  0.00000000  0.01000000    0.9561D+00 -0.549142488627421E+00  0.472696005949810E+00   -0.104598771116712E+01 -0.900375082207017E+00
  0.00000000  0.00000000  0.01000000    0.9662D+00 -0.527803877862767E+00  0.468863420519281E+00   -0.105897563587443E+01 -0.940718626193504E+00
  0.00000000  0.00000000  0.01000000    0.9763D+00 -0.504666878854736E+00  0.456960800722799E+00   -0.108881312651128E+01 -0.985887798417030E+00
  0.00000000  0.00000000  0.01000000    0.9865D+00 -0.480367086729011E+00  0.443762471105837E+00   -0.112319889908098E+01 -0.103760963806563E+01
  0.00000000  0.00000000  0.01000000    0.9968D+00 -0.453065587597151E+00  0.424852515254258E+00   -0.117445067020858E+01 -0.110131586891527E+01
  0.00000000  0.00000000  0.01000000    0.1007D+01 -0.423391543295667E+00  0.411257708390884E+00   -0.121526889666448E+01 -0.118044091677083E+01
  0.00000000  0.00000000  0.01000000    0.1018D+01 -0.399121981468594E+00  0.399848355947217E+00   -0.125047200027594E+01 -0.125274777307074E+01
  0.00000000  0.00000000  0.01000000    0.1028D+01 -0.377445957341217E+00  0.379376808815838E+00   -0.131793372577678E+01 -0.132467570890940E+01
  0.00000000  0.00000000  0.01000000    0.1039D+01 -0.350953932455069E+00  0.353534867496388E+00   -0.141424969499966E+01 -0.142465016713418E+01
  0.00000000  0.00000000  0.01000000    0.1050D+01 -0.317865863537526E+00  0.327074857158504E+00   -0.152807880480516E+01 -0.157234926470668E+01
  0.00000000  0.00000000  0.01000000    0.1061D+01 -0.281251839997641E+00  0.304409483904110E+00   -0.163739625433155E+01 -0.177221577903907E+01
  0.00000000  0.00000000  0.01000000    0.1072D+01 -0.236376787265484E+00  0.277900093827794E+00   -0.177590112982014E+01 -0.208786614081360E+01
  0.00000000  0.00000000  0.01000000    0.1083D+01 -0.185945071802866E+00  0.268970872357398E+00   -0.173909003729857E+01 -0.251560614059279E+01
  0.00000000  0.00000000  0.01000000    0.1094D+01 -0.139877573183321E+00  0.268089797332739E+00   -0.152975529358646E+01 -0.293193381392735E+01
  0.00000000  0.00000000  0.01000000    0.1106D+01 -0.102853058080635E+00  0.277674812486842E+00   -0.117302292210825E+01 -0.316683748658029E+01
  0.00000000  0.00000000  0.01000000    0.1117D+01 -0.788740269205361E-01  0.285991119342799E+00   -0.896173224398116E+00 -0.324945477715848E+01
  0.00000000  0.00000000  0.01000000    0.1129D+01 -0.636164062458564E-01  0.285636642592898E+00   -0.742875630380064E+00 -0.333549965249201E+01
  0.00000000  0.00000000  0.01000000    0.1141D+01 -0.453975142768572E-01  0.270050636908793E+00   -0.605394786947218E+00 -0.360123787393580E+01
  0.00000000  0.00000000  0.01000000    0.1153D+01 -0.112094517698798E-01  0.251652722206148E+00   -0.176652697530914E+00 -0.396586141154259E+01
  0.00000000  0.00000000  0.01000000    0.1165D+01  0.164612737260070E-01  0.262857696111215E+00    0.237313343073969E+00 -0.378947824179125E+01
  0.00000000  0.00000000  0.01000000    0.1177D+01  0.337545883183826E-01  0.249723086365541E+00    0.531560015111266E+00 -0.393258558836601E+01
  0.00000000  0.00000000  0.01000000    0.1189D+01  0.616354025946129E-01  0.234801225770345E+00    0.104589919230835E+01 -0.398437265026770E+01
  0.00000000  0.00000000  0.01000000    0.1201D+01  0.101761308504666E+00  0.221026921887114E+00    0.171870109753515E+01 -0.373304175048788E+01
  0.00000000  0.00000000  0.01000000    0.1214D+01  0.149116418631155E+00  0.228636105041349E+00    0.200128934019613E+01 -0.306852192403455E+01
  0.00000000  0.00000000  0.01000000    0.1226D+01  0.173649180556123E+00  0.265381726524808E+00    0.172645250700317E+01 -0.263847457041991E+01
  0.00000000  0.00000000  0.01000000    0.1239D+01  0.179552609371332E+00  0.275792340004981E+00    0.165791034468600E+01 -0.254654596822819E+01
  0.00000000  0.00000000  0.01000000    0.1252D+01  0.180899699942569E+00  0.290765132246410E+00    0.154260377320425E+01 -0.247947006137624E+01
  0.00000000  0.00000000  0.01000000    0.1265D+01  0.162704749520885E+00  0.296089378370810E+00    0.142546212652156E+01 -0.259404962778131E+01
  0.00000000  0.00000000  0.01000000    0.1278D+01  0.155992130141482E+00  0.252175102663528E+00    0.177413321364938E+01 -0.286804356658910E+01
  0.00000000  0.00000000  0.01000000    0.1291D+01  0.178076586397190E+00  0.219768035391447E+00    0.222569970514911E+01 -0.274678250222602E+01
  0.00000000  0.00000000  0.01000000    0.1305D+01  0.217960027034436E+00  0.190968991209613E+00    0.259551217548066E+01 -0.227409745065548E+01
  0.00000000  0.00000000  0.01000000    0.1318D+01  0.257957572584656E+00  0.198157899535676E+00    0.243796270294210E+01 -0.187279467518939E+01
  0.00000000  0.00000000  0.01000000    0.1332D+01  0.278999481171169E+00  0.205938909089939E+00    0.232013220040232E+01 -0.171256768037556E+01
  0.00000000  0.00000000  0.01000000    0.1346D+01  0.293332882961033E+00  0.202543270562450E+00    0.230847249482524E+01 -0.159397597836815E+01
  0.00000000  0.00000000  0.01000000    0.1360D+01  0.319649681610873E+00  0.186320712746445E+00    0.233506160490586E+01 -0.136108486121551E+01
  0.00000000  0.00000000  0.01000000    0.1374D+01  0.360173027718085E+00  0.187866543907616E+00    0.218262280134848E+01 -0.113845782662061E+01
  0.00000000  0.00000000  0.01000000    0.1388D+01  0.401280940847124E+00  0.212238652516361E+00    0.194728853801492E+01 -0.102992655095048E+01
  0.00000000  0.00000000  0.01000000    0.1402D+01  0.390424835793702E+00  0.285639123505055E+00    0.166833061943223E+01 -0.122056911385389E+01
  0.00000000  0.00000000  0.01000000    0.1417D+01  0.340525741534459E+00  0.272235477928653E+00    0.179158129127838E+01 -0.143229110046545E+01
  0.00000000  0.00000000  0.01000000    0.1431D+01  0.345912006363256E+00  0.206856084370423E+00    0.212941581628717E+01 -0.127339499540540E+01
  0.00000000  0.00000000  0.01000000    0.1446D+01  0.380374088878006E+00  0.206478428911664E+00    0.203063516131868E+01 -0.110228948306817E+01
  0.00000000  0.00000000  0.01000000    0.1461D+01  0.406148976715052E+00  0.200706685450627E+00    0.197889617253920E+01 -0.977911343895685E+00
  0.00000000  0.00000000  0.01000000    0.1476D+01  0.425512021633393E+00  0.221109779568650E+00    0.185045441857771E+01 -0.961555838124038E+00
  0.00000000  0.00000000  0.01000000    0.1491D+01  0.419730831815651E+00  0.240078007836201E+00    0.179516821709877E+01 -0.102680188497858E+01
  0.00000000  0.00000000  0.01000000    0.1507D+01  0.406317053784142E+00  0.231891162379811E+00    0.185645594601851E+01 -0.105950691269249E+01
  0.00000000  0.00000000  0.01000000    0.1522D+01  0.399424924998641E+00  0.215622320509690E+00    0.193864297986345E+01 -0.104654134430744E+01
  0.00000000  0.00000000  0.01000000    0.1538D+01  0.402421537944665E+00  0.187061986441124E+00    0.204342023408054E+01 -0.949865283238527E+00
  0.00000000  0.00000000  0.01000000    0.1554D+01  0.424537162788259E+00  0.156999353358399E+00    0.207211987730746E+01 -0.766296827070973E+00
  0.00000000  0.00000000  0.01000000    0.1570D+01  0.457356952679291E+00  0.147593363031767E+00    0.198025013245986E+01 -0.639045224920412E+00
  0.00000000  0.00000000  0.01000000    0.1586D+01  0.483653216100046E+00  0.154153729176516E+00    0.187692515195415E+01 -0.598228238596230E+00
  0.00000000  0.00000000  0.01000000    0.1602D+01  0.499190764901379E+00  0.164198266101673E+00    0.180766345529658E+01 -0.594592740740500E+00
  0.00000000  0.00000000  0.01000000    0.1619D+01  0.504364711282471E+00  0.175307279310295E+00    0.176897822753270E+01 -0.614862129111615E+00
  0.00000000  0.00000000  0.01000000    0.1636D+01  0.496595088777346E+00  0.181155927509943E+00    0.177720889459087E+01 -0.648318787185752E+00
  0.00000000  0.00000000  0.01000000    0.1652D+01  0.487936143253779E+00  0.163089562501659E+00    0.184349537071361E+01 -0.616176640407521E+00
  0.00000000  0.00000000  0.01000000    0.1669D+01  0.496975980321925E+00  0.134122224565654E+00    0.187556581068088E+01 -0.506171462622511E+00
  0.00000000  0.00000000  0.01000000    0.1687D+01  0.520359974948062E+00  0.117036791486912E+00    0.182921259826666E+01 -0.411417448987954E+00
  0.00000000  0.00000000  0.01000000    0.1704D+01  0.547075013737688E+00  0.110982574827689E+00    0.175565023392541E+01 -0.356160633487279E+00
  0.00000000  0.00000000  0.01000000    0.1721D+01  0.565804197035884E+00  0.119301953863705E+00    0.169216343795750E+01 -0.356799057805948E+00
  0.00000000  0.00000000  0.01000000    0.1739D+01  0.575265963904924E+00  0.120504776252314E+00    0.166525425768658E+01 -0.348831852250693E+00
  0.00000000  0.00000000  0.01000000    0.1757D+01  0.586377912237179E+00  0.116847841503009E+00    0.164025246640174E+01 -0.326853989925710E+00
  0.00000000  0.00000000  0.01000000    0.1775D+01  0.599526496935977E+00  0.117114711330634E+00    0.160667267663516E+01 -0.313856030865367E+00
  0.00000000  0.00000000  0.01000000    0.1793D+01  0.605421122749792E+00  0.123090998963132E+00    0.158617532922298E+01 -0.322492721955165E+00
  0.00000000  0.00000000  0.01000000    0.1812D+01  0.609262333069050E+00  0.114441915008537E+00    0.158539221784276E+01 -0.297795073815920E+00
  0.00000000  0.00000000  0.01000000    0.1830D+01  0.621079844782419E+00  0.105852590023408E+00    0.156464984257744E+01 -0.266668190423344E+00
  0.00000000  0.00000000  0.01000000    0.1849D+01  0.632791208150134E+00  0.104360914000240E+00    0.153845544849355E+01 -0.253724474495771E+00
  0.00000000  0.00000000  0.01000000    0.1868D+01  0.645457985444550E+00  0.960565475353890E-01    0.151571865809637E+01 -0.225568053405418E+00
  0.00000000  0.00000000  0.01000000    0.1887D+01  0.664318035125602E+00  0.924049743601805E-01    0.147673114246573E+01 -0.205409602240629E+00
  0.00000000  0.00000000  0.01000000    0.1907D+01  0.683531001794953E+00  0.973743897715363E-01    0.143389167328091E+01 -0.204269193815002E+00
  0.00000000  0.00000000  0.01000000    0.1926D+01  0.696825009253351E+00  0.109438773139146E+00    0.140053522167824E+01 -0.219958891204064E+00
  0.00000000  0.00000000  0.01000000    0.1946D+01  0.696949448271464E+00  0.124302051825766E+00    0.139059058826932E+01 -0.248014061565264E+00
  0.00000000  0.00000000  0.01000000    0.1966D+01  0.692405107314487E+00  0.119517804147877E+00    0.140245495440318E+01 -0.242081311642387E+00
  0.00000000  0.00000000  0.01000000    0.1986D+01  0.701103170479696E+00  0.105718653748508E+00    0.139461381397939E+01 -0.210292437862031E+00
  0.00000000  0.00000000  0.01000000    0.2007D+01  0.728086279848602E+00  0.100057832915218E+00    0.134800537125330E+01 -0.185250704399658E+00
  0.00000000  0.00000000  0.01000000    0.2027D+01  0.749808687570417E+00  0.132933052247001E+00    0.129303161628171E+01 -0.229240661322769E+00
  0.00000000  0.00000000  0.01000000    0.2048D+01  0.717482843467792E+00  0.184422865948705E+00    0.130738236262954E+01 -0.336051522906907E+00
  0.00000000  0.00000000  0.01000000    0.2069D+01  0.681220218699448E+00  0.139354169197053E+00    0.140899192188712E+01 -0.288231167088374E+00
  0.00000000  0.00000000  0.01000000    0.2090D+01  0.693532782846623E+00  0.107350219097708E+00    0.140815468042002E+01 -0.217964769950872E+00
  0.00000000  0.00000000  0.01000000    0.2111D+01  0.713888798657668E+00  0.104013761851164E+00    0.137166002429820E+01 -0.199851180430876E+00
  0.00000000  0.00000000  0.01000000    0.2133D+01  0.716378472567396E+00  0.113518507474343E+00    0.136171732992569E+01 -0.215779961032496E+00
  0.00000000  0.00000000  0.01000000    0.2155D+01  0.716805732259951E+00  0.963834165609232E-01    0.137030286697111E+01 -0.184254207378474E+00
  0.00000000  0.00000000  0.01000000    0.2177D+01  0.724640749309268E+00  0.912273973584560E-01    0.135846370711831E+01 -0.171021445487923E+00
  0.00000000  0.00000000  0.01000000    0.2199D+01  0.732141817450316E+00  0.787117736519763E-01    0.135024919226397E+01 -0.145163827911603E+00
  0.00000000  0.00000000  0.01000000    0.2222D+01  0.753136499486620E+00  0.632931819418791E-01    0.131846869908368E+01 -0.110803392628906E+00
  0.00000000  0.00000000  0.01000000    0.2244D+01  0.776635872256842E+00  0.741079926389408E-01    0.127598643625743E+01 -0.121756922134909E+00
  0.00000000  0.00000000  0.01000000    0.2267D+01  0.778533582454162E+00  0.940012813868024E-01    0.126600958627370E+01 -0.152859845791830E+00
  0.00000000  0.00000000  0.01000000    0.2291D+01  0.774330520786523E+00  0.861542951424318E-01    0.127564638991100E+01 -0.141932175761505E+00
  0.00000000  0.00000000  0.01000000    0.2314D+01  0.785288268727580E+00  0.771295268191051E-01    0.126125069546774E+01 -0.123877655143529E+00
  0.00000000  0.00000000  0.01000000    0.2338D+01  0.792353698705188E+00  0.877781810467967E-01    0.124676168802366E+01 -0.138118208260260E+00
  0.00000000  0.00000000  0.01000000    0.2362D+01  0.796410489056627E+00  0.799578759755777E-01    0.124310374924825E+01 -0.124804904974199E+00
  0.00000000  0.00000000  0.01000000    0.2386D+01  0.810572697461199E+00  0.811588857041166E-01    0.122145048754266E+01 -0.122298173652040E+00
  0.00000000  0.00000000  0.01000000    0.2410D+01  0.807605142261868E+00  0.103768803427147E+00    0.121811827145427E+01 -0.156515441577721E+00
  0.00000000  0.00000000  0.01000000    0.2435D+01  0.794844864346147E+00  0.903436266356245E-01    0.124206090476638E+01 -0.141175079153626E+00
  0.00000000  0.00000000  0.01000000    0.2460D+01  0.806445144798197E+00  0.681672613878270E-01    0.123121293314406E+01 -0.104072067863594E+00
  0.00000000  0.00000000  0.01000000    0.2485D+01  0.821670114179891E+00  0.777386923242869E-01    0.120623621584599E+01 -0.114122717177875E+00
  0.00000000  0.00000000  0.01000000    0.2510D+01  0.823727261630464E+00  0.806929849189520E-01    0.120245491562247E+01 -0.117793450443762E+00
  0.00000000  0.00000000  0.01000000    0.2536D+01  0.828961812173870E+00  0.758741749151361E-01    0.119630602993840E+01 -0.109496881080138E+00
  0.00000000  0.00000000  0.01000000    0.2562D+01  0.833166249229122E+00  0.816939575448539E-01    0.118881109277864E+01 -0.116565791079712E+00
  0.00000000  0.00000000  0.01000000    0.2588D+01  0.830853509602988E+00  0.794757675489808E-01    0.119266869948195E+01 -0.114085406425335E+00
  0.00000000  0.00000000  0.01000000    0.2614D+01  0.837489971853417E+00  0.653942641087718E-01    0.118680811426734E+01 -0.926702956204657E-01
  0.00000000  0.00000000  0.01000000    0.2641D+01  0.853625130293169E+00  0.647523660423282E-01    0.116477220687455E+01 -0.883546578221855E-01
  0.00000000  0.00000000  0.01000000    0.2668D+01  0.860970394383664E+00  0.773369098464798E-01    0.115218363584785E+01 -0.103495221848995E+00
  0.00000000  0.00000000  0.01000000    0.2695D+01  0.858825830917450E+00  0.800963714234799E-01    0.115434008180078E+01 -0.107656813072513E+00
  0.00000000  0.00000000  0.01000000    0.2723D+01  0.863133023327711E+00  0.732301369079533E-01    0.115028994577649E+01 -0.975931727050512E-01
  0.00000000  0.00000000  0.01000000    0.2750D+01  0.868071457234785E+00  0.801797024812425E-01    0.114223409458409E+01 -0.105502823649359E+00
  0.00000000  0.00000000  0.01000000    0.2778D+01  0.867482471219602E+00  0.791621094765280E-01    0.114324073709167E+01 -0.104326428936876E+00
  0.00000000  0.00000000  0.01000000    0.2807D+01  0.873501108556155E+00  0.735802108723181E-01    0.113675218756489E+01 -0.957554201721047E-01
  0.00000000  0.00000000  0.01000000    0.2835D+01  0.874041751367291E+00  0.838583566313594E-01    0.113367452190369E+01 -0.108768353700459E+00
  0.00000000  0.00000000  0.01000000    0.2864D+01  0.873436765914730E+00  0.715412177108523E-01    0.113727275120992E+01 -0.931514228230597E-01
  0.00000000  0.00000000  0.01000000    0.2893D+01  0.883212197344359E+00  0.688200360372449E-01    0.112539782949910E+01 -0.876911793284122E-01
  0.00000000  0.00000000  0.01000000    0.2923D+01  0.887981525384564E+00  0.736145729500932E-01    0.111846283134504E+01 -0.927217079818863E-01
  0.00000000  0.00000000  0.01000000    0.2953D+01  0.893713453443814E+00  0.675857492710836E-01    0.111256421255740E+01 -0.841360120832202E-01
  0.00000000  0.00000000  0.01000000    0.2983D+01  0.901850520274475E+00  0.723186356940827E-01    0.110174664300331E+01 -0.883481378691070E-01
  0.00000000  0.00000000  0.01000000    0.3013D+01  0.913322373708397E+00  0.712354761072586E-01    0.108828321625468E+01 -0.848817189648666E-01
  0.00000000  0.00000000  0.01000000    0.3044D+01  0.913371926146151E+00  0.970625828474200E-01    0.108261826729138E+01 -0.115048122515084E+00
  0.00000000  0.00000000  0.01000000    0.3075D+01  0.900245027822840E+00  0.938979620638590E-01    0.109885420296375E+01 -0.114613429760488E+00
  0.00000000  0.00000000  0.01000000    0.3106D+01  0.901898970571409E+00  0.827351023104976E-01    0.109951898003953E+01 -0.100863642463490E+00
  0.00000000  0.00000000  0.01000000    0.3138D+01  0.905358714205240E+00  0.891060745631718E-01    0.109393798640957E+01 -0.107666186070861E+00
  0.00000000  0.00000000  0.01000000    0.3170D+01  0.904152990994218E+00  0.865326095804640E-01    0.109596889269562E+01 -0.104890487836223E+00
  0.00000000  0.00000000  0.01000000    0.3202D+01  0.903965775734688E+00  0.865640265618804E-01    0.109618452214678E+01 -0.104970949829063E+00
  0.00000000  0.00000000  0.01000000    0.3234D+01  0.906158913152189E+00  0.812637546805465E-01    0.109475475142113E+01 -0.981769094400643E-01
  0.00000000  0.00000000  0.01000000    0.3267D+01  0.908026413244774E+00  0.846769390700897E-01    0.109179499881992E+01 -0.101814063163361E+00
  0.00000000  0.00000000  0.01000000    0.3301D+01  0.905870108471334E+00  0.822998495268075E-01    0.109487389927040E+01 -0.994711673540489E-01
  0.00000000  0.00000000  0.01000000    0.3334D+01  0.908961473429019E+00  0.749030002977040E-01    0.109273631572424E+01 -0.900469722586066E-01
  0.00000000  0.00000000  0.01000000    0.3368D+01  0.911648180521891E+00  0.776542985033287E-01    0.108901288258385E+01 -0.927622445423247E-01
  0.00000000  0.00000000  0.01000000    0.3402D+01  0.913501671684735E+00  0.711949627086695E-01    0.108807967376814E+01 -0.848009305282575E-01
  0.00000000  0.00000000  0.01000000    0.3437D+01  0.917936490598164E+00  0.707701654862728E-01    0.108296290853157E+01 -0.834932100829024E-01
  0.00000000  0.00000000  0.01000000    0.3472D+01  0.920715482120941E+00  0.685138404720771E-01    0.108013074106298E+01 -0.803765188260997E-01
  0.00000000  0.00000000  0.01000000    0.3507D+01  0.927438046167762E+00  0.636868876780411E-01    0.107317853623248E+01 -0.736948426667837E-01
  0.00000000  0.00000000  0.01000000    0.3543D+01  0.935086201658322E+00  0.677957200708829E-01    0.106382805090224E+01 -0.771297754309872E-01
  0.00000000  0.00000000  0.01000000    0.3579D+01  0.935535843584867E+00  0.738852089779471E-01    0.106228040839797E+01 -0.838950324627977E-01
  0.00000000  0.00000000  0.01000000    0.3615D+01  0.935777875056664E+00  0.696696519484669E-01    0.106273894869025E+01 -0.791220380828580E-01
  0.00000000  0.00000000  0.01000000    0.3652D+01  0.941343275517111E+00  0.684366869211849E-01    0.105672645224115E+01 -0.768251702160773E-01
  0.00000000  0.00000000  0.01000000    0.3689D+01  0.945277679839892E+00  0.724603096290334E-01    0.105171035967588E+01 -0.806189122280814E-01
  0.00000000  0.00000000  0.01000000    0.3726D+01  0.947870381355488E+00  0.732076497557887E-01    0.104874076423718E+01 -0.809982546802456E-01
  0.00000000  0.00000000  0.01000000    0.3764D+01  0.948663328262741E+00  0.779822181820785E-01    0.104703968319308E+01 -0.860689715597857E-01
  0.00000000  0.00000000  0.01000000    0.3803D+01  0.948243798564694E+00  0.766783273899395E-01    0.104773010154801E+01 -0.847231396233715E-01
  0.00000000  0.00000000  0.01000000    0.3841D+01  0.949757948148509E+00  0.764243841878911E-01    0.104612620889291E+01 -0.841788704725345E-01
  0.00000000  0.00000000  0.01000000    0.3880D+01  0.952660337685739E+00  0.749021823132926E-01    0.104324298089847E+01 -0.820241725840557E-01
  0.00000000  0.00000000  0.01000000    0.3920D+01  0.958022929498225E+00  0.755875190679401E-01    0.103735866085270E+01 -0.818470676882080E-01
  0.00000000  0.00000000  0.01000000    0.3959D+01  0.959907907724036E+00  0.828270174724413E-01    0.103406761122064E+01 -0.892259928406387E-01
  0.00000000  0.00000000  0.01000000    0.4000D+01  0.959133018621979E+00  0.837930213452755E-01    0.103471098042451E+01 -0.903957611567470E-01
  0.00000000  0.00000000  0.01000000    0.4040D+01  0.956223438643621E+00  0.878142375450564E-01    0.103703478388202E+01 -0.952355016349289E-01
  0.00000000  0.00000000  0.01000000    0.4081D+01  0.961479114437541E+00  0.776872859781611E-01    0.103331807142432E+01 -0.834918567816248E-01
  0.00000000  0.00000000  0.01000000    0.4123D+01  0.960394992156271E+00  0.976991413335827E-01    0.103057325569791E+01 -0.104838241541620E+00
  0.00000000  0.00000000  0.01000000    0.4164D+01  0.957474294939743E+00  0.836452904909990E-01    0.103650403777033E+01 -0.905493565650748E-01
  0.00000000  0.00000000  0.01000000    0.4207D+01  0.956176393626580E+00  0.985668286356510E-01    0.103483557499441E+01 -0.106675359762525E+00
  0.00000000  0.00000000  0.01000000    0.4249D+01  0.948742647238832E+00  0.884578967459153E-01    0.104494278635792E+01 -0.974273069415095E-01
  0.00000000  0.00000000  0.01000000    0.4292D+01  0.945995470575837E+00  0.871336981324245E-01    0.104819476207218E+01 -0.965470647832918E-01
  0.00000000  0.00000000  0.01000000    0.4336D+01  0.952960690376108E+00  0.698167246474155E-01    0.104375889163635E+01 -0.764688699876025E-01
  0.00000000  0.00000000  0.01000000    0.4380D+01  0.956314576116041E+00  0.853119733142081E-01    0.103742491561520E+01 -0.925477546059270E-01
  0.00000000  0.00000000  0.01000000    0.4424D+01  0.955437209392234E+00  0.699722662094413E-01    0.104105755200336E+01 -0.762427456791911E-01
  0.00000000  0.00000000  0.01000000    0.4469D+01  0.963342202662233E+00  0.720313069464764E-01    0.103228134877326E+01 -0.771860450867016E-01
  0.00000000  0.00000000  0.01000000    0.4515D+01  0.973290973606681E+00  0.669240975825615E-01    0.102260706426159E+01 -0.703151028963676E-01
  0.00000000  0.00000000  0.01000000    0.4560D+01  0.980427127590454E+00  0.820159807928436E-01    0.101287563825661E+01 -0.847304063250018E-01
  0.00000000  0.00000000  0.01000000    0.4607D+01  0.975510401960774E+00  0.885114086679185E-01    0.101673407432203E+01 -0.922517740231472E-01
  0.00000000  0.00000000  0.01000000    0.4653D+01  0.974902617160037E+00  0.838280148471306E-01    0.101821520186223E+01 -0.875522924617086E-01
  0.00000000  0.00000000  0.01000000    0.4700D+01  0.977746170401053E+00  0.879376100994724E-01    0.101455356816148E+01 -0.912480343087590E-01
  0.00000000  0.00000000  0.01000000    0.4748D+01  0.978518753278853E+00  0.892331907156998E-01    0.101352435106055E+01 -0.924254250724807E-01
  0.00000000  0.00000000  0.01000000    0.4796D+01  0.982264509809215E+00  0.903179261432074E-01    0.100952066420817E+01 -0.928240935913527E-01
  0.00000000  0.00000000  0.01000000    0.4845D+01  0.980561749407179E+00  0.100536541250317E+00    0.100921441591025E+01 -0.103474285853917E+00
  0.00000000  0.00000000  0.01000000    0.4894D+01  0.981611077488212E+00  0.928059408158816E-01    0.100970796860433E+01 -0.954623476900837E-01
  0.00000000  0.00000000  0.01000000    0.4944D+01  0.989337652390697E+00  0.101201066890188E+00    0.100031041102131E+01 -0.102323489429615E+00
  0.00000000  0.00000000  0.01000000    0.4994D+01  0.994108136791175E+00  0.111115029098351E+00    0.993514474808607E+00 -0.111048673371014E+00
  0.00000000  0.00000000  0.01000000    0.5044D+01  0.985799383107834E+00  0.135891865597094E+00    0.995488449417959E+00 -0.137227497693582E+00
  0.00000000  0.00000000  0.01000000    0.5095D+01  0.968668260857177E+00  0.137389123666262E+00    0.101198742398326E+01 -0.143533210450506E+00
  0.00000000  0.00000000  0.01000000    0.5147D+01  0.957854452951566E+00  0.138291276675881E+00    0.102268268659831E+01 -0.147650923298627E+00
  0.00000000  0.00000000  0.01000000    0.5199D+01  0.942397828311132E+00  0.143222947575144E+00    0.103716747151306E+01 -0.157625769008158E+00
  0.00000000  0.00000000  0.01000000    0.5252D+01  0.918059888349364E+00  0.136438401763886E+00    0.106571540073691E+01 -0.158382375547563E+00
  0.00000000  0.00000000  0.01000000    0.5305D+01  0.909857631351840E+00  0.993963599966149E-01    0.108611115724870E+01 -0.118650975561786E+00
  0.00000000  0.00000000  0.01000000    0.5359D+01  0.933087533139335E+00  0.759805469322711E-01    0.106465141916493E+01 -0.866936854768697E-01
  0.00000000  0.00000000  0.01000000    0.5413D+01  0.948544054019046E+00  0.965882556607627E-01    0.104342806679552E+01 -0.106250096083821E+00
  0.00000000  0.00000000  0.01000000    0.5468D+01  0.950645455305303E+00  0.984534227555129E-01    0.104075409224845E+01 -0.107785507264387E+00
  0.00000000  0.00000000  0.01000000    0.5523D+01  0.937755928595859E+00  0.123574379694108E+00    0.104817391342919E+01 -0.138124897122756E+00
  0.00000000  0.00000000  0.01000000    0.5579D+01  0.913923384571063E+00  0.105623759763707E+00    0.107976142426892E+01 -0.124789958550656E+00
  0.00000000  0.00000000  0.01000000    0.5635D+01  0.922353558652004E+00  0.731076953234148E-01    0.107741411167521E+01 -0.853981229590691E-01
  0.00000000  0.00000000  0.01000000    0.5692D+01  0.938383457691328E+00  0.837233197898983E-01    0.105724638262596E+01 -0.943283646613716E-01
  0.00000000  0.00000000  0.01000000    0.5750D+01  0.941589952803899E+00  0.882113314801776E-01    0.105279350003879E+01 -0.986292559043897E-01
  0.00000000  0.00000000  0.01000000    0.5808D+01  0.926373465933666E+00  0.107058430141182E+00    0.106525097498634E+01 -0.123108121381109E+00
  0.00000000  0.00000000  0.01000000    0.5867D+01  0.919933760869571E+00  0.735701183166116E-01    0.108012659435962E+01 -0.863812643084665E-01
  0.00000000  0.00000000  0.01000000    0.5926D+01  0.928726808976883E+00  0.810005979933161E-01    0.106861419641079E+01 -0.932011309426684E-01
  0.00000000  0.00000000  0.01000000    0.5986D+01  0.926174378904888E+00  0.770749487227464E-01    0.107228435081473E+01 -0.892340181694189E-01
  0.00000000  0.00000000  0.01000000    0.6047D+01  0.927706601284871E+00  0.722096012265089E-01    0.107143566181558E+01 -0.833969940198863E-01
  0.00000000  0.00000000  0.01000000    0.6108D+01  0.927487549824904E+00  0.729835091028222E-01    0.107154653657317E+01 -0.843194352537130E-01
  0.00000000  0.00000000  0.01000000    0.6170D+01  0.929848491084301E+00  0.648431655765406E-01    0.107023944917586E+01 -0.746333563745757E-01
  0.00000000  0.00000000  0.01000000    0.6232D+01  0.929112040763769E+00  0.718054275803408E-01    0.106990611845870E+01 -0.826865468707051E-01
  0.00000000  0.00000000  0.01000000    0.6295D+01  0.926992069706711E+00  0.605347017350010E-01    0.107417717120533E+01 -0.701462254041016E-01
  0.00000000  0.00000000  0.01000000    0.6359D+01  0.931308871441429E+00  0.586111022446475E-01    0.106952156544462E+01 -0.673093962136410E-01
  0.00000000  0.00000000  0.01000000    0.6423D+01  0.933512881234392E+00  0.569507205417376E-01    0.106725036125335E+01 -0.651096286871130E-01
  0.00000000  0.00000000  0.01000000    0.6488D+01  0.935034781638858E+00  0.554917511553369E-01    0.106572534420365E+01 -0.632478777921292E-01
  0.00000000  0.00000000  0.01000000    0.6554D+01  0.935227430329232E+00  0.536112573766321E-01    0.106575647300235E+01 -0.610937433206239E-01
  0.00000000  0.00000000  0.01000000    0.6620D+01  0.939153152943152E+00  0.459949142965391E-01    0.106224122986503E+01 -0.520231382674701E-01
  0.00000000  0.00000000  0.01000000    0.6687D+01  0.947877196401868E+00  0.452897458227890E-01    0.105258598674893E+01 -0.502927509781316E-01
  0.00000000  0.00000000  0.01000000    0.6755D+01  0.954524932181796E+00  0.505214673083158E-01    0.104471489216560E+01 -0.552950766308560E-01
  0.00000000  0.00000000  0.01000000    0.6823D+01  0.956707050792853E+00  0.579351009852387E-01    0.104143297983049E+01 -0.630658306592758E-01
  0.00000000  0.00000000  0.01000000    0.6892D+01  0.952090675698438E+00  0.661060359484387E-01    0.104528096181811E+01 -0.725764705000143E-01
  0.00000000  0.00000000  0.01000000    0.6962D+01  0.947942742965570E+00  0.627932560312073E-01    0.105030733779629E+01 -0.695740518750861E-01
  0.00000000  0.00000000  0.01000000    0.7032D+01  0.946303220713232E+00  0.660320559540854E-01    0.105162327259105E+01 -0.733811797935260E-01
  0.00000000  0.00000000  0.01000000    0.7103D+01  0.937868311252103E+00  0.689052872770561E-01    0.106052322222975E+01 -0.779167569849655E-01
  0.00000000  0.00000000  0.01000000    0.7175D+01  0.932571053737303E+00  0.568123802182902E-01    0.106833946042647E+01 -0.650834136280719E-01
  0.00000000  0.00000000  0.01000000    0.7247D+01  0.934353328879304E+00  0.512264677292399E-01    0.106705154512125E+01 -0.585017250456547E-01
  0.00000000  0.00000000  0.01000000    0.7321D+01  0.938914086694146E+00  0.443637073883503E-01    0.106268765501515E+01 -0.502120107051519E-01
  0.00000000  0.00000000  0.01000000    0.7395D+01  0.944049863248713E+00  0.452014825188029E-01    0.105684323474734E+01 -0.506020739584193E-01
  0.00000000  0.00000000  0.01000000    0.7469D+01  0.948037206623488E+00  0.438821457658345E-01    0.105255579981226E+01 -0.487200362088529E-01
  0.00000000  0.00000000  0.01000000    0.7545D+01  0.954855950386093E+00  0.456363930145776E-01    0.104489157592031E+01 -0.499395564294690E-01
  0.00000000  0.00000000  0.01000000    0.7621D+01  0.953093114959991E+00  0.594454757526143E-01    0.104514963295488E+01 -0.651871429857943E-01
  0.00000000  0.00000000  0.01000000    0.7698D+01  0.945877335403608E+00  0.562786341703021E-01    0.105349006175048E+01 -0.626814699624929E-01
  0.00000000  0.00000000  0.01000000    0.7776D+01  0.948522602654251E+00  0.517031783428299E-01    0.105114791142864E+01 -0.572971985877900E-01
  0.00000000  0.00000000  0.01000000    0.7854D+01  0.945874904556479E+00  0.638890219573987E-01    0.105242078250617E+01 -0.710856521914889E-01
  0.00000000  0.00000000  0.01000000    0.7934D+01  0.938210466921352E+00  0.590262975441361E-01    0.106165674522750E+01 -0.667927604124575E-01
  0.00000000  0.00000000  0.01000000    0.8014D+01  0.930229339017632E+00  0.610914445579097E-01    0.107038712698301E+01 -0.702961012739497E-01
  0.00000000  0.00000000  0.01000000    0.8095D+01  0.924248585874347E+00  0.460339127896808E-01    0.107928259936444E+01 -0.537556689984670E-01
  0.00000000  0.00000000  0.01000000    0.8176D+01  0.933234090006075E+00  0.339251185797433E-01    0.107012835447413E+01 -0.389015271836502E-01
  0.00000000  0.00000000  0.01000000    0.8259D+01  0.936825644320928E+00  0.446786204014561E-01    0.106501213792875E+01 -0.507920265867117E-01
  0.00000000  0.00000000  0.01000000    0.8342D+01  0.931404377250718E+00  0.388640138299657E-01    0.107178146287609E+01 -0.447214234904813E-01
  0.00000000  0.00000000  0.01000000    0.8427D+01  0.937709002577784E+00  0.272810105198132E-01    0.106552704023675E+01 -0.309996537453878E-01
  0.00000000  0.00000000  0.01000000    0.8512D+01  0.946906014809778E+00  0.338132559034675E-01    0.105472608830365E+01 -0.376634244308176E-01
  0.00000000  0.00000000  0.01000000    0.8598D+01  0.947479373843396E+00  0.414379673119055E-01    0.105341702724262E+01 -0.460711457639598E-01
  0.00000000  0.00000000  0.01000000    0.8685D+01  0.942829015998025E+00  0.470609898792695E-01    0.105800171801217E+01 -0.528097961547302E-01
  0.00000000  0.00000000  0.01000000    0.8772D+01  0.935899804532505E+00  0.484333652728838E-01    0.106563654035457E+01 -0.551473176478613E-01
  0.00000000  0.00000000  0.01000000    0.8861D+01  0.927313980976045E+00  0.480501693756621E-01    0.107549574355697E+01 -0.557284303923927E-01
  0.00000000  0.00000000  0.01000000    0.8950D+01  0.917523104208745E+00  0.417166875856483E-01    0.108764242026706E+01 -0.494514403430833E-01
  0.00000000  0.00000000  0.01000000    0.9041D+01  0.912922201757014E+00  0.272305293630091E-01    0.109440989255540E+01 -0.326439215269841E-01
  0.00000000  0.00000000  0.01000000    0.9132D+01  0.918180050153169E+00  0.132691022702004E-01    0.108888359843593E+01 -0.157360289254595E-01
  0.00000000  0.00000000  0.01000000    0.9224D+01  0.926807263040848E+00  0.100513403970209E-01    0.107884609559530E+01 -0.117002205045812E-01
  0.00000000  0.00000000  0.01000000    0.9317D+01  0.927376222862979E+00  0.129364303019085E-01    0.107810123312239E+01 -0.150389681305751E-01
  0.00000000  0.00000000  0.01000000    0.9411D+01  0.929643814419427E+00  0.723938132984429E-03    0.107568014552988E+01 -0.837660471854635E-03
  0.00000000  0.00000000  0.01000000    0.9506D+01  0.937570588748824E+00 -0.155847984048651E-20    0.106658635840368E+01  0.177293673421253E-20
  0.00000000  0.00000000  0.01000000    0.9602D+01  0.942108436109796E+00 -0.114817480678122E-20    0.106144893907251E+01  0.129361853032561E-20
  0.00000000  0.00000000  0.01000000    0.9699D+01  0.945463848893817E+00 -0.981199032552965E-21    0.105768189991610E+01  0.109765852830933E-20
  0.00000000  0.00000000  0.01000000    0.9797D+01  0.948230490904479E+00 -0.880629280468119E-21    0.105459591269433E+01  0.979411702839009E-21
  0.00000000  0.00000000  0.01000000    0.9896D+01  0.950613309810281E+00 -0.811657870879908E-21    0.105195244972909E+01  0.898183811232788E-21
  0.00000000  0.00000000  0.01000000    0.9996D+01  0.952719177498456E+00 -0.760425147560829E-21    0.104962723918887E+01  0.837773571788270E-21
