 0.000000 -0.673989 1 1
 0.000000  0.246780 1 2
 0.000000  0.246795 1 3
 0.000000  0.246806 1 4
 0.000000  0.490177 1 5
 0.000000  0.490204 1 6
 0.000000  0.490211 1 7
 0.000000  0.529507 1 8
 0.000000  0.962386 1 9
 0.000000  0.964399 1 10
 0.000000  1.480976 1 11
 0.000000  1.495122 1 12
 0.000000  1.596759 1 13
 0.000000  2.170266 1 14
 0.000000  2.170294 1 15
 0.000000  2.320365 1 16
 0.000000  2.337582 1 17
 0.000000  2.349714 1 18
 0.047619 -0.673360 1 1
 0.047619  0.240957 1 2
 0.047619  0.243020 1 3
 0.047619  0.244016 1 4
 0.047619  0.487268 1 5
 0.047619  0.494575 1 6
 0.047619  0.494934 1 7
 0.047619  0.534902 1 8
 0.047619  0.948737 1 9
 0.047619  0.961451 1 10
 0.047619  1.483541 1 11
 0.047619  1.488382 1 12
 0.047619  1.590075 1 13
 0.047619  2.154424 1 14
 0.047619  2.162824 1 15
 0.047619  2.304730 1 16
 0.047619  2.333787 1 17
 0.047619  2.340532 1 18
 0.095238 -0.671360 1 1
 0.095238  0.225258 1 2
 0.095238  0.233209 1 3
 0.095238  0.234751 1 4
 0.095238  0.480059 1 5
 0.095238  0.507615 1 6
 0.095238  0.508084 1 7
 0.095238  0.549560 1 8
 0.095238  0.917506 1 9
 0.095238  0.962826 1 10
 0.095238  1.471093 1 11
 0.095238  1.481614 1 12
 0.095238  1.570653 1 13
 0.095238  2.127605 1 14
 0.095238  2.143099 1 15
 0.095238  2.275031 1 16
 0.095238  2.302798 1 17
 0.095238  2.337173 1 18
 0.142857 -0.667795 1 1
 0.142857  0.202499 1 2
 0.142857  0.219093 1 3
 0.142857  0.220741 1 4
 0.142857  0.470027 1 5
 0.142857  0.526856 1 6
 0.142857  0.527532 1 7
 0.142857  0.569878 1 8
 0.142857  0.880639 1 9
 0.142857  0.968097 1 10
 0.142857  1.455725 1 11
 0.142857  1.470376 1 12
 0.142857  1.542917 1 13
 0.142857  2.095589 1 14
 0.142857  2.114301 1 15
 0.142857  2.224582 1 16
 0.142857  2.255904 1 17
 0.142857  2.335285 1 18
 0.190476 -0.662539 1 1
 0.190476  0.175334 1 2
 0.190476  0.202455 1 3
 0.190476  0.203686 1 4
 0.190476  0.458297 1 5
 0.190476  0.550038 1 6
 0.190476  0.550653 1 7
 0.190476  0.591845 1 8
 0.190476  0.847561 1 9
 0.190476  0.976958 1 10
 0.190476  1.448297 1 11
 0.190476  1.455399 1 12
 0.190476  1.512557 1 13
 0.190476  2.063171 1 14
 0.190476  2.083567 1 15
 0.190476  2.160188 1 16
 0.190476  2.204412 1 17
 0.190476  2.330644 1 18
 0.238095 -0.655644 1 1
 0.238095  0.145434 1 2
 0.238095  0.184630 1 3
 0.238095  0.184908 1 4
 0.238095  0.445247 1 5
 0.238095  0.575618 1 6
 0.238095  0.575775 1 7
 0.238095  0.610918 1 8
 0.238095  0.823577 1 9
 0.238095  0.989359 1 10
 0.238095  1.435263 1 11
 0.238095  1.459841 1 12
 0.238095  1.486197 1 13
 0.238095  2.032505 1 14
 0.238095  2.052647 1 15
 0.238095  2.109821 1 16
 0.238095  2.155857 1 17
 0.238095  2.325450 1 18
 0.285714 -0.647290 1 1
 0.285714  0.113802 1 2
 0.285714  0.165439 1 3
 0.285714  0.166499 1 4
 0.285714  0.431076 1 5
 0.285714  0.602473 1 6
 0.285714  0.602955 1 7
 0.285714  0.620503 1 8
 0.285714  0.812953 1 9
 0.285714  1.005313 1 10
 0.285714  1.423170 1 11
 0.285714  1.461965 1 12
 0.285714  1.489837 1 13
 0.285714  2.003214 1 14
 0.285714  2.011336 1 15
 0.285714  2.087856 1 16
 0.285714  2.133218 1 17
 0.285714  2.323017 1 18
 0.333333 -0.637617 1 1
 0.333333  0.081113 1 2
 0.333333  0.146250 1 3
 0.333333  0.148528 1 4
 0.333333  0.416372 1 5
 0.333333  0.614441 1 6
 0.333333  0.631114 1 7
 0.333333  0.632150 1 8
 0.333333  0.819855 1 9
 0.333333  1.024055 1 10
 0.333333  1.418993 1 11
 0.333333  1.451292 1 12
 0.333333  1.527517 1 13
 0.333333  1.960982 1 14
 0.333333  1.973505 1 15
 0.333333  2.070324 1 16
 0.333333  2.154969 1 17
 0.333333  2.323706 1 18
 0.380952 -0.626614 1 1
 0.380952  0.047849 1 2
 0.380952  0.128180 1 3
 0.380952  0.130913 1 4
 0.380952  0.401933 1 5
 0.380952  0.594817 1 6
 0.380952  0.661628 1 7
 0.380952  0.663324 1 8
 0.380952  0.842168 1 9
 0.380952  1.043671 1 10
 0.380952  1.417944 1 11
 0.380952  1.450243 1 12
 0.380952  1.570656 1 13
 0.380952  1.916407 1 14
 0.380952  1.930848 1 15
 0.380952  2.047105 1 16
 0.380952  2.197970 1 17
 0.380952  2.323393 1 18
 0.428571 -0.614164 1 1
 0.428571  0.014240 1 2
 0.428571  0.111697 1 3
 0.428571  0.113826 1 4
 0.428571  0.388185 1 5
 0.428571  0.568418 1 6
 0.428571  0.693968 1 7
 0.428571  0.695819 1 8
 0.428571  0.873124 1 9
 0.428571  1.062147 1 10
 0.428571  1.410129 1 11
 0.428571  1.460522 1 12
 0.428571  1.613654 1 13
 0.428571  1.870942 1 14
 0.428571  1.882673 1 15
 0.428571  2.020460 1 16
 0.428571  2.228707 1 17
 0.428571  2.315772 1 18
 0.476190 -0.600174 1 1
 0.476190 -0.019621 1 2
 0.476190  0.096871 1 3
 0.476190  0.097627 1 4
 0.476190  0.375047 1 5
 0.476190  0.540052 1 6
 0.476190  0.727707 1 7
 0.476190  0.728556 1 8
 0.476190  0.907891 1 9
 0.476190  1.079167 1 10
 0.476190  1.399844 1 11
 0.476190  1.469240 1 12
 0.476190  1.660030 1 13
 0.476190  1.799239 1 14
 0.476190  1.859308 1 15
 0.476190  1.996164 1 16
 0.476190  2.226243 1 17
 0.476190  2.297169 1 18
 0.523810 -0.584646 1 1
 0.523810 -0.053541 1 2
 0.523810  0.082788 1 3
 0.523810  0.083439 1 4
 0.523810  0.362503 1 5
 0.523810  0.511767 1 6
 0.523810  0.761102 1 7
 0.523810  0.762279 1 8
 0.523810  0.944628 1 9
 0.523810  1.096964 1 10
 0.523810  1.394408 1 11
 0.523810  1.467028 1 12
 0.523810  1.716220 1 13
 0.523810  1.725101 1 14
 0.523810  1.841843 1 15
 0.523810  1.979108 1 16
 0.523810  2.192523 1 17
 0.523810  2.270469 1 18
 0.571429 -0.567669 1 1
 0.571429 -0.087112 1 2
 0.571429  0.069577 1 3
 0.571429  0.070927 1 4
 0.571429  0.351216 1 5
 0.571429  0.484315 1 6
 0.571429  0.794098 1 7
 0.571429  0.797255 1 8
 0.571429  0.983047 1 9
 0.571429  1.118808 1 10
 0.571429  1.395969 1 11
 0.571429  1.453396 1 12
 0.571429  1.654673 1 13
 0.571429  1.785022 1 14
 0.571429  1.820332 1 15
 0.571429  1.969188 1 16
 0.571429  2.149167 1 17
 0.571429  2.245487 1 18
 0.619048 -0.549379 1 1
 0.619048 -0.119896 1 2
 0.619048  0.057810 1 3
 0.619048  0.058969 1 4
 0.619048  0.342217 1 5
 0.619048  0.458306 1 6
 0.619048  0.828631 1 7
 0.619048  0.832626 1 8
 0.619048  1.022892 1 9
 0.619048  1.146151 1 10
 0.619048  1.399213 1 11
 0.619048  1.432890 1 12
 0.619048  1.592559 1 13
 0.619048  1.785343 1 14
 0.619048  1.855675 1 15
 0.619048  1.962767 1 16
 0.619048  2.120338 1 17
 0.619048  2.232399 1 18
 0.666667 -0.529902 1 1
 0.666667 -0.151751 1 2
 0.666667  0.047031 1 3
 0.666667  0.047609 1 4
 0.666667  0.335915 1 5
 0.666667  0.434694 1 6
 0.666667  0.865083 1 7
 0.666667  0.868875 1 8
 0.666667  1.063129 1 9
 0.666667  1.177371 1 10
 0.666667  1.395847 1 11
 0.666667  1.411817 1 12
 0.666667  1.539545 1 13
 0.666667  1.733315 1 14
 0.666667  1.912932 1 15
 0.666667  1.959803 1 16
 0.666667  2.111874 1 17
 0.666667  2.232657 1 18
 0.714286 -0.509308 1 1
 0.714286 -0.182912 1 2
 0.714286  0.037023 1 3
 0.714286  0.037284 1 4
 0.714286  0.331664 1 5
 0.714286  0.414378 1 6
 0.714286  0.902963 1 7
 0.714286  0.906354 1 8
 0.714286  1.102676 1 9
 0.714286  1.209281 1 10
 0.714286  1.382378 1 11
 0.714286  1.392309 1 12
 0.714286  1.497659 1 13
 0.714286  1.670055 1 14
 0.714286  1.945361 1 15
 0.714286  1.962395 1 16
 0.714286  2.111701 1 17
 0.714286  2.237230 1 18
 0.761905 -0.487593 1 1
 0.761905 -0.213734 1 2
 0.761905  0.028263 1 3
 0.761905  0.028379 1 4
 0.761905  0.328367 1 5
 0.761905  0.397561 1 6
 0.761905  0.941844 1 7
 0.761905  0.944246 1 8
 0.761905  1.142192 1 9
 0.761905  1.239874 1 10
 0.761905  1.362587 1 11
 0.761905  1.367737 1 12
 0.761905  1.468024 1 13
 0.761905  1.607912 1 14
 0.761905  1.949275 1 15
 0.761905  1.976375 1 16
 0.761905  2.109476 1 17
 0.761905  2.231700 1 18
 0.809524 -0.464676 1 1
 0.809524 -0.244371 1 2
 0.809524  0.020913 1 3
 0.809524  0.021682 1 4
 0.809524  0.325456 1 5
 0.809524  0.383551 1 6
 0.809524  0.980473 1 7
 0.809524  0.981648 1 8
 0.809524  1.184437 1 9
 0.809524  1.270126 1 10
 0.809524  1.333820 1 11
 0.809524  1.339008 1 12
 0.809524  1.448935 1 13
 0.809524  1.557425 1 14
 0.809524  1.937742 1 15
 0.809524  2.004519 1 16
 0.809524  2.104102 1 17
 0.809524  2.203342 1 18
 0.857143 -0.440482 1 1
 0.857143 -0.274643 1 2
 0.857143  0.015628 1 3
 0.857143  0.016905 1 4
 0.857143  0.323569 1 5
 0.857143  0.371102 1 6
 0.857143  1.015442 1 7
 0.857143  1.018765 1 8
 0.857143  1.231541 1 9
 0.857143  1.298031 1 10
 0.857143  1.302949 1 11
 0.857143  1.310305 1 12
 0.857143  1.435826 1 13
 0.857143  1.520212 1 14
 0.857143  1.930959 1 15
 0.857143  2.041529 1 16
 0.857143  2.100287 1 17
 0.857143  2.149967 1 18
 0.904762 -0.415019 1 1
 0.904762 -0.304256 1 2
 0.904762  0.012349 1 3
 0.904762  0.013633 1 4
 0.904762  0.324197 1 5
 0.904762  0.359119 1 6
 0.904762  1.046482 1 7
 0.904762  1.051145 1 8
 0.904762  1.264302 1 9
 0.904762  1.275849 1 10
 0.904762  1.288058 1 11
 0.904762  1.343756 1 12
 0.904762  1.421574 1 13
 0.904762  1.489870 1 14
 0.904762  1.938618 1 15
 0.904762  2.048627 1 16
 0.904762  2.098835 1 17
 0.904762  2.115365 1 18
 0.952381 -0.388467 1 1
 0.952381 -0.333057 1 2
 0.952381  0.010666 1 3
 0.952381  0.011431 1 4
 0.952381  0.328519 1 5
 0.952381  0.347239 1 6
 0.952381  1.070487 1 7
 0.952381  1.074336 1 8
 0.952381  1.242310 1 9
 0.952381  1.255878 1 10
 0.952381  1.333720 1 11
 0.952381  1.386523 1 12
 0.952381  1.400247 1 13
 0.952381  1.459455 1 14
 0.952381  1.939098 1 15
 0.952381  2.013896 1 16
 0.952381  2.099734 1 17
 0.952381  2.138237 1 18
 1.000000 -0.361124 1 1
 1.000000 -0.361063 1 2
 1.000000  0.010153 1 3
 1.000000  0.010203 1 4
 1.000000  0.335696 1 5
 1.000000  0.336834 1 6
 1.000000  1.081541 1 7
 1.000000  1.083292 1 8
 1.000000  1.232731 1 9
 1.000000  1.248921 1 10
 1.000000  1.342368 1 11
 1.000000  1.396840 1 12
 1.000000  1.420336 1 13
 1.000000  1.434215 1 14
 1.000000  1.898303 1 15
 1.000000  2.041322 1 16
 1.000000  2.105333 1 17
 1.000000  2.143757 1 18
 1.000000 -0.361124 1 1
 1.000000 -0.361063 1 2
 1.000000  0.010153 1 3
 1.000000  0.010203 1 4
 1.000000  0.335696 1 5
 1.000000  0.336834 1 6
 1.000000  1.081541 1 7
 1.000000  1.083292 1 8
 1.000000  1.232731 1 9
 1.000000  1.248921 1 10
 1.000000  1.342368 1 11
 1.000000  1.396840 1 12
 1.000000  1.420336 1 13
 1.000000  1.434215 1 14
 1.000000  1.898303 1 15
 1.000000  2.041322 1 16
 1.000000  2.105333 1 17
 1.000000  2.143757 1 18
 1.058926 -0.361466 1 1
 1.058926 -0.359885 1 2
 1.058926  0.002231 1 3
 1.058926  0.011474 1 4
 1.058926  0.337618 1 5
 1.058926  0.348954 1 6
 1.058926  1.072328 1 7
 1.058926  1.074277 1 8
 1.058926  1.220952 1 9
 1.058926  1.231869 1 10
 1.058926  1.353922 1 11
 1.058926  1.407472 1 12
 1.058926  1.424736 1 13
 1.058926  1.439238 1 14
 1.058926  1.905056 1 15
 1.058926  2.049387 1 16
 1.058926  2.098984 1 17
 1.058926  2.136814 1 18
 1.117851 -0.362950 1 1
 1.117851 -0.356247 1 2
 1.117851 -0.018436 1 3
 1.117851  0.014668 1 4
 1.117851  0.340658 1 5
 1.117851  0.381884 1 6
 1.117851  1.044202 1 7
 1.117851  1.053013 1 8
 1.117851  1.180660 1 9
 1.117851  1.201972 1 10
 1.117851  1.373918 1 11
 1.117851  1.432477 1 12
 1.117851  1.446028 1 13
 1.117851  1.458950 1 14
 1.117851  1.927586 1 15
 1.117851  2.057540 1 16
 1.117851  2.087084 1 17
 1.117851  2.136569 1 18
 1.176777 -0.366037 1 1
 1.176777 -0.350271 1 2
 1.176777 -0.043563 1 3
 1.176777  0.019780 1 4
 1.176777  0.345905 1 5
 1.176777  0.426426 1 6
 1.176777  1.006023 1 7
 1.176777  1.025423 1 8
 1.176777  1.124361 1 9
 1.176777  1.168197 1 10
 1.176777  1.397602 1 11
 1.176777  1.452257 1 12
 1.176777  1.483296 1 13
 1.176777  1.495584 1 14
 1.176777  1.941547 1 15
 1.176777  2.055660 1 16
 1.176777  2.078782 1 17
 1.176777  2.140466 1 18
 1.235702 -0.371354 1 1
 1.235702 -0.341896 1 2
 1.235702 -0.067649 1 3
 1.235702  0.026669 1 4
 1.235702  0.353414 1 5
 1.235702  0.478890 1 6
 1.235702  0.965067 1 7
 1.235702  0.996461 1 8
 1.235702  1.063024 1 9
 1.235702  1.131170 1 10
 1.235702  1.425302 1 11
 1.235702  1.479816 1 12
 1.235702  1.519767 1 13
 1.235702  1.542373 1 14
 1.235702  1.936615 1 15
 1.235702  2.028991 1 16
 1.235702  2.086799 1 17
 1.235702  2.134703 1 18
 1.294628 -0.379580 1 1
 1.294628 -0.330884 1 2
 1.294628 -0.088187 1 3
 1.294628  0.035058 1 4
 1.294628  0.363020 1 5
 1.294628  0.539329 1 6
 1.294628  0.924793 1 7
 1.294628  0.966571 1 8
 1.294628  1.003213 1 9
 1.294628  1.093476 1 10
 1.294628  1.455161 1 11
 1.294628  1.513818 1 12
 1.294628  1.558989 1 13
 1.294628  1.591518 1 14
 1.294628  1.902544 1 15
 1.294628  2.003699 1 16
 1.294628  2.086852 1 17
 1.294628  2.125662 1 18
 1.353553 -0.391356 1 1
 1.353553 -0.317146 1 2
 1.353553 -0.103764 1 3
 1.353553  0.044872 1 4
 1.353553  0.374720 1 5
 1.353553  0.608447 1 6
 1.353553  0.885282 1 7
 1.353553  0.933523 1 8
 1.353553  0.949339 1 9
 1.353553  1.056309 1 10
 1.353553  1.482358 1 11
 1.353553  1.551293 1 12
 1.353553  1.597623 1 13
 1.353553  1.645021 1 14
 1.353553  1.835644 1 15
 1.353553  1.991643 1 16
 1.353553  2.072991 1 17
 1.353553  2.132979 1 18
 1.353553 -0.391348 1 1
 1.353553 -0.317138 1 2
 1.353553 -0.103760 1 3
 1.353553  0.044882 1 4
 1.353553  0.374766 1 5
 1.353553  0.608603 1 6
 1.353553  0.885555 1 7
 1.353553  0.934169 1 8
 1.353553  0.945704 1 9
 1.353553  1.049870 1 10
 1.353553  1.469106 1 11
 1.353553  1.553968 1 12
 1.353553  1.599135 1 13
 1.353553  1.645794 1 14
 1.353553  1.823044 1 15
 1.353553  2.026704 1 16
 1.353553  2.091244 1 17
 1.353553  2.134136 1 18
 1.401765 -0.404072 1 1
 1.401765 -0.304586 1 2
 1.401765 -0.111639 1 3
 1.401765  0.053718 1 4
 1.401765  0.384932 1 5
 1.401765  0.665519 1 6
 1.401765  0.853550 1 7
 1.401765  0.901067 1 8
 1.401765  0.904012 1 9
 1.401765  1.018608 1 10
 1.401765  1.486285 1 11
 1.401765  1.586886 1 12
 1.401765  1.627315 1 13
 1.401765  1.696847 1 14
 1.401765  1.764473 1 15
 1.401765  1.992863 1 16
 1.401765  2.059757 1 17
 1.401765  2.167483 1 18
 1.449977 -0.419252 1 1
 1.449977 -0.290483 1 2
 1.449977 -0.113954 1 3
 1.449977  0.063805 1 4
 1.449977  0.396915 1 5
 1.449977  0.728332 1 6
 1.449977  0.820686 1 7
 1.449977  0.863546 1 8
 1.449977  0.869116 1 9
 1.449977  0.987406 1 10
 1.449977  1.497234 1 11
 1.449977  1.619007 1 12
 1.449977  1.654520 1 13
 1.449977  1.692936 1 14
 1.449977  1.762658 1 15
 1.449977  1.966586 1 16
 1.449977  2.048253 1 17
 1.449977  2.207890 1 18
 1.498189 -0.436438 1 1
 1.498189 -0.274745 1 2
 1.498189 -0.110855 1 3
 1.498189  0.075306 1 4
 1.498189  0.410657 1 5
 1.498189  0.787315 1 6
 1.498189  0.795641 1 7
 1.498189  0.827721 1 8
 1.498189  0.838424 1 9
 1.498189  0.956109 1 10
 1.498189  1.497152 1 11
 1.498189  1.630318 1 12
 1.498189  1.649652 1 13
 1.498189  1.689072 1 14
 1.498189  1.798624 1 15
 1.498189  1.957926 1 16
 1.498189  2.049048 1 17
 1.498189  2.244470 1 18
 1.546401 -0.455021 1 1
 1.546401 -0.257318 1 2
 1.546401 -0.103294 1 3
 1.546401  0.088168 1 4
 1.546401  0.425599 1 5
 1.546401  0.755034 1 6
 1.546401  0.791165 1 7
 1.546401  0.808224 1 8
 1.546401  0.873343 1 9
 1.546401  0.924756 1 10
 1.546401  1.482720 1 11
 1.546401  1.580300 1 12
 1.546401  1.667532 1 13
 1.546401  1.720886 1 14
 1.546401  1.812231 1 15
 1.546401  1.967633 1 16
 1.546401  2.042839 1 17
 1.546401  2.269148 1 18
 1.594613 -0.474395 1 1
 1.594613 -0.238179 1 2
 1.594613 -0.092546 1 3
 1.594613  0.102044 1 4
 1.594613  0.440880 1 5
 1.594613  0.724777 1 6
 1.594613  0.758105 1 7
 1.594613  0.787418 1 8
 1.594613  0.893425 1 9
 1.594613  0.946590 1 10
 1.594613  1.453056 1 11
 1.594613  1.535749 1 12
 1.594613  1.677488 1 13
 1.594613  1.753748 1 14
 1.594613  1.813065 1 15
 1.594613  1.970293 1 16
 1.594613  2.021362 1 17
 1.594613  2.280809 1 18
 1.642824 -0.494043 1 1
 1.642824 -0.217355 1 2
 1.642824 -0.079602 1 3
 1.642824  0.116379 1 4
 1.642824  0.455648 1 5
 1.642824  0.697215 1 6
 1.642824  0.726903 1 7
 1.642824  0.771325 1 8
 1.642824  0.863433 1 9
 1.642824  1.016975 1 10
 1.642824  1.411754 1 11
 1.642824  1.496831 1 12
 1.642824  1.681140 1 13
 1.642824  1.784455 1 14
 1.642824  1.812734 1 15
 1.642824  1.947029 1 16
 1.642824  1.993418 1 17
 1.642824  2.285799 1 18
 1.691036 -0.513532 1 1
 1.691036 -0.194954 1 2
 1.691036 -0.064804 1 3
 1.691036  0.130597 1 4
 1.691036  0.469292 1 5
 1.691036  0.672099 1 6
 1.691036  0.698662 1 7
 1.691036  0.758147 1 8
 1.691036  0.835984 1 9
 1.691036  1.081031 1 10
 1.691036  1.364712 1 11
 1.691036  1.461002 1 12
 1.691036  1.681911 1 13
 1.691036  1.811914 1 14
 1.691036  1.815029 1 15
 1.691036  1.907462 1 16
 1.691036  1.972638 1 17
 1.691036  2.293800 1 18
 1.739248 -0.532555 1 1
 1.739248 -0.171101 1 2
 1.739248 -0.047920 1 3
 1.739248  0.144347 1 4
 1.739248  0.481501 1 5
 1.739248  0.648693 1 6
 1.739248  0.674096 1 7
 1.739248  0.746248 1 8
 1.739248  0.812923 1 9
 1.739248  1.136368 1 10
 1.739248  1.313622 1 11
 1.739248  1.432628 1 12
 1.739248  1.683012 1 13
 1.739248  1.792119 1 14
 1.739248  1.842378 1 15
 1.739248  1.899918 1 16
 1.739248  1.968464 1 17
 1.739248  2.311906 1 18
 1.787460 -0.550887 1 1
 1.787460 -0.145888 1 2
 1.787460 -0.028620 1 3
 1.787460  0.157568 1 4
 1.787460  0.492132 1 5
 1.787460  0.626480 1 6
 1.787460  0.652879 1 7
 1.787460  0.735500 1 8
 1.787460  0.795888 1 9
 1.787460  1.181719 1 10
 1.787460  1.257612 1 11
 1.787460  1.418689 1 12
 1.787460  1.685656 1 13
 1.787460  1.752678 1 14
 1.787460  1.871213 1 15
 1.787460  1.938999 1 16
 1.787460  1.989910 1 17
 1.787460  2.340516 1 18
 1.835672 -0.568343 1 1
 1.835672 -0.119308 1 2
 1.835672 -0.006871 1 3
 1.835672  0.170376 1 4
 1.835672  0.501182 1 5
 1.835672  0.605546 1 6
 1.835672  0.633505 1 7
 1.835672  0.726981 1 8
 1.835672  0.785777 1 9
 1.835672  1.194815 1 10
 1.835672  1.222532 1 11
 1.835672  1.418573 1 12
 1.835672  1.688139 1 13
 1.835672  1.730718 1 14
 1.835672  1.900901 1 15
 1.835672  1.992129 1 16
 1.835672  2.039632 1 17
 1.835672  2.372768 1 18
 1.883883 -0.584748 1 1
 1.883883 -0.091206 1 2
 1.883883  0.017009 1 3
 1.883883  0.182852 1 4
 1.883883  0.508761 1 5
 1.883883  0.586393 1 6
 1.883883  0.614374 1 7
 1.883883  0.721771 1 8
 1.883883  0.782528 1 9
 1.883883  1.136563 1 10
 1.883883  1.255792 1 11
 1.883883  1.424986 1 12
 1.883883  1.687519 1 13
 1.883883  1.735517 1 14
 1.883883  1.930772 1 15
 1.883883  2.046733 1 16
 1.883883  2.101991 1 17
 1.883883  2.398830 1 18
 1.932095 -0.599943 1 1
 1.932095 -0.061327 1 2
 1.932095  0.042467 1 3
 1.932095  0.194875 1 4
 1.932095  0.514895 1 5
 1.932095  0.569494 1 6
 1.932095  0.594864 1 7
 1.932095  0.719818 1 8
 1.932095  0.785198 1 9
 1.932095  1.080174 1 10
 1.932095  1.290170 1 11
 1.932095  1.431100 1 12
 1.932095  1.678151 1 13
 1.932095  1.763228 1 14
 1.932095  1.959835 1 15
 1.932095  2.091563 1 16
 1.932095  2.159477 1 17
 1.932095  2.412337 1 18
 1.980307 -0.613796 1 1
 1.980307 -0.029471 1 2
 1.980307  0.068836 1 3
 1.980307  0.206105 1 4
 1.980307  0.519350 1 5
 1.980307  0.554913 1 6
 1.980307  0.575536 1 7
 1.980307  0.719112 1 8
 1.980307  0.792467 1 9
 1.980307  1.030297 1 10
 1.980307  1.322298 1 11
 1.980307  1.434206 1 12
 1.980307  1.654444 1 13
 1.980307  1.805126 1 14
 1.980307  1.986292 1 15
 1.980307  2.116325 1 16
 1.980307  2.202748 1 17
 1.980307  2.413491 1 18
 2.028519 -0.626209 1 1
 2.028519  0.004320 1 2
 2.028519  0.095472 1 3
 2.028519  0.216122 1 4
 2.028519  0.521718 1 5
 2.028519  0.542226 1 6
 2.028519  0.557693 1 7
 2.028519  0.715592 1 8
 2.028519  0.803367 1 9
 2.028519  0.990437 1 10
 2.028519  1.349770 1 11
 2.028519  1.434346 1 12
 2.028519  1.617077 1 13
 2.028519  1.849607 1 14
 2.028519  2.008597 1 15
 2.028519  2.125129 1 16
 2.028519  2.225059 1 17
 2.028519  2.407811 1 18
 2.076731 -0.637149 1 1
 2.076731  0.039688 1 2
 2.076731  0.121894 1 3
 2.076731  0.224602 1 4
 2.076731  0.521710 1 5
 2.076731  0.530804 1 6
 2.076731  0.542567 1 7
 2.076731  0.704838 1 8
 2.076731  0.817607 1 9
 2.076731  0.962955 1 10
 2.076731  1.373837 1 11
 2.076731  1.431609 1 12
 2.076731  1.571852 1 13
 2.076731  1.890025 1 14
 2.076731  2.028145 1 15
 2.076731  2.130229 1 16
 2.076731  2.225618 1 17
 2.076731  2.403490 1 18
 2.124943 -0.646662 1 1
 2.124943  0.076031 1 2
 2.124943  0.147763 1 3
 2.124943  0.231433 1 4
 2.124943  0.519393 1 5
 2.124943  0.520284 1 6
 2.124943  0.530490 1 7
 2.124943  0.684838 1 8
 2.124943  0.835382 1 9
 2.124943  0.947407 1 10
 2.124943  1.395779 1 11
 2.124943  1.428106 1 12
 2.124943  1.528540 1 13
 2.124943  1.928756 1 14
 2.124943  2.048555 1 15
 2.124943  2.141504 1 16
 2.124943  2.213726 1 17
 2.124943  2.405891 1 18
 2.173154 -0.654823 1 1
 2.173154  0.112650 1 2
 2.173154  0.172670 1 3
 2.173154  0.236705 1 4
 2.173154  0.510521 1 5
 2.173154  0.515612 1 6
 2.173154  0.520678 1 7
 2.173154  0.656638 1 8
 2.173154  0.856999 1 9
 2.173154  0.940955 1 10
 2.173154  1.406848 1 11
 2.173154  1.436277 1 12
 2.173154  1.500461 1 13
 2.173154  1.971671 1 14
 2.173154  2.071977 1 15
 2.173154  2.163529 1 16
 2.173154  2.206374 1 17
 2.173154  2.411827 1 18
 2.221366 -0.661652 1 1
 2.221366  0.148754 1 2
 2.221366  0.195869 1 3
 2.221366  0.240638 1 4
 2.221366  0.502311 1 5
 2.221366  0.510912 1 6
 2.221366  0.512048 1 7
 2.221366  0.622967 1 8
 2.221366  0.882213 1 9
 2.221366  0.940664 1 10
 2.221366  1.413383 1 11
 2.221366  1.450894 1 12
 2.221366  1.501983 1 13
 2.221366  2.018788 1 14
 2.221366  2.098882 1 15
 2.221366  2.196287 1 16
 2.221366  2.217315 1 17
 2.221366  2.412105 1 18
 2.269578 -0.667090 1 1
 2.269578  0.183316 1 2
 2.269578  0.216242 1 3
 2.269578  0.243475 1 4
 2.269578  0.496150 1 5
 2.269578  0.503689 1 6
 2.269578  0.506395 1 7
 2.269578  0.587594 1 8
 2.269578  0.909477 1 9
 2.269578  0.944551 1 10
 2.269578  1.432100 1 11
 2.269578  1.463237 1 12
 2.269578  1.527724 1 13
 2.269578  2.066573 1 14
 2.269578  2.125559 1 15
 2.269578  2.234348 1 16
 2.269578  2.250757 1 17
 2.269578  2.399662 1 18
 2.317790 -0.671019 1 1
 2.317790  0.214315 1 2
 2.317790  0.232403 1 3
 2.317790  0.245393 1 4
 2.317790  0.492251 1 5
 2.317790  0.496749 1 6
 2.317790  0.501073 1 7
 2.317790  0.556010 1 8
 2.317790  0.935437 1 9
 2.317790  0.950973 1 10
 2.317790  1.458921 1 11
 2.317790  1.478357 1 12
 2.317790  1.559022 1 13
 2.317790  2.112883 1 14
 2.317790  2.146998 1 15
 2.317790  2.269987 1 16
 2.317790  2.296547 1 17
 2.317790  2.376377 1 18
 2.366002 -0.673330 1 1
 2.366002  0.237577 1 2
 2.366002  0.242959 1 3
 2.366002  0.246488 1 4
 2.366002  0.490389 1 5
 2.366002  0.491989 1 6
 2.366002  0.494259 1 7
 2.366002  0.535578 1 8
 2.366002  0.955267 1 9
 2.366002  0.957830 1 10
 2.366002  1.478857 1 11
 2.366002  1.490685 1 12
 2.366002  1.585558 1 13
 2.366002  2.150890 1 14
 2.366002  2.162283 1 15
 2.366002  2.301305 1 16
 2.366002  2.330969 1 17
 2.366002  2.354093 1 18
 2.414214 -0.673989 1 1
 2.414214  0.246780 1 2
 2.414214  0.246795 1 3
 2.414214  0.246806 1 4
 2.414214  0.490177 1 5
 2.414214  0.490204 1 6
 2.414214  0.490211 1 7
 2.414214  0.529507 1 8
 2.414214  0.962386 1 9
 2.414214  0.964399 1 10
 2.414214  1.480976 1 11
 2.414214  1.495122 1 12
 2.414214  1.596759 1 13
 2.414214  2.170266 1 14
 2.414214  2.170294 1 15
 2.414214  2.320365 1 16
 2.414214  2.337582 1 17
 2.414214  2.349714 1 18
 2.414214 -0.673989 1 1
 2.414214  0.246780 1 2
 2.414214  0.246795 1 3
 2.414214  0.246806 1 4
 2.414214  0.490177 1 5
 2.414214  0.490204 1 6
 2.414214  0.490211 1 7
 2.414214  0.529507 1 8
 2.414214  0.962386 1 9
 2.414214  0.964399 1 10
 2.414214  1.480976 1 11
 2.414214  1.495122 1 12
 2.414214  1.596759 1 13
 2.414214  2.170266 1 14
 2.414214  2.170294 1 15
 2.414214  2.320365 1 16
 2.414214  2.337582 1 17
 2.414214  2.349714 1 18
 2.462326 -0.673385 1 1
 2.462326  0.236487 1 2
 2.462326  0.245114 1 3
 2.462326  0.245382 1 4
 2.462326  0.491450 1 5
 2.462326  0.492088 1 6
 2.462326  0.493072 1 7
 2.462326  0.535845 1 8
 2.462326  0.956439 1 9
 2.462326  0.957703 1 10
 2.462326  1.480634 1 11
 2.462326  1.482682 1 12
 2.462326  1.579855 1 13
 2.462326  2.156297 1 14
 2.462326  2.163390 1 15
 2.462326  2.306158 1 16
 2.462326  2.332223 1 17
 2.462326  2.344043 1 18
 2.510439 -0.671237 1 1
 2.510439  0.210284 1 2
 2.510439  0.240800 1 3
 2.510439  0.241388 1 4
 2.510439  0.492945 1 5
 2.510439  0.497170 1 6
 2.510439  0.498996 1 7
 2.510439  0.556726 1 8
 2.510439  0.944082 1 9
 2.510439  0.946651 1 10
 2.510439  1.454074 1 11
 2.510439  1.474957 1 12
 2.510439  1.545843 1 13
 2.510439  2.128326 1 14
 2.510439  2.145776 1 15
 2.510439  2.255038 1 16
 2.510439  2.334607 1 17
 2.510439  2.347648 1 18
 2.558551 -0.667482 1 1
 2.558551  0.175258 1 2
 2.558551  0.234542 1 3
 2.558551  0.235250 1 4
 2.558551  0.488915 1 5
 2.558551  0.506461 1 6
 2.558551  0.507815 1 7
 2.558551  0.587775 1 8
 2.558551  0.929229 1 9
 2.558551  0.931420 1 10
 2.558551  1.419263 1 11
 2.558551  1.467130 1 12
 2.558551  1.508149 1 13
 2.558551  2.092205 1 14
 2.558551  2.125082 1 15
 2.558551  2.188361 1 16
 2.558551  2.334601 1 17
 2.558551  2.362072 1 18
 2.606664 -0.662079 1 1
 2.606664  0.135965 1 2
 2.606664  0.226990 1 3
 2.606664  0.227351 1 4
 2.606664  0.481832 1 5
 2.606664  0.517935 1 6
 2.606664  0.518400 1 7
 2.606664  0.622305 1 8
 2.606664  0.913434 1 9
 2.606664  0.914704 1 10
 2.606664  1.394743 1 11
 2.606664  1.446332 1 12
 2.606664  1.490489 1 13
 2.606664  2.053755 1 14
 2.606664  2.096681 1 15
 2.606664  2.134892 1 16
 2.606664  2.335222 1 17
 2.606664  2.375422 1 18
 2.654776 -0.655059 1 1
 2.654776  0.094693 1 2
 2.654776  0.218149 1 3
 2.654776  0.218560 1 4
 2.654776  0.473138 1 5
 2.654776  0.529654 1 6
 2.654776  0.530001 1 7
 2.654776  0.657388 1 8
 2.654776  0.897742 1 9
 2.654776  0.900205 1 10
 2.654776  1.393306 1 11
 2.654776  1.411333 1 12
 2.654776  1.499898 1 13
 2.654776  2.010132 1 14
 2.654776  2.057561 1 15
 2.654776  2.109021 1 16
 2.654776  2.339966 1 17
 2.654776  2.382721 1 18
 2.702889 -0.646567 1 1
 2.702889  0.052684 1 2
 2.702889  0.208353 1 3
 2.702889  0.209548 1 4
 2.702889  0.463839 1 5
 2.702889  0.540643 1 6
 2.702889  0.541374 1 7
 2.702889  0.693166 1 8
 2.702889  0.886134 1 9
 2.702889  0.889473 1 10
 2.702889  1.369760 1 11
 2.702889  1.423129 1 12
 2.702889  1.517976 1 13
 2.702889  1.964695 1 14
 2.702889  2.010630 1 15
 2.702889  2.102111 1 16
 2.702889  2.347689 1 17
 2.702889  2.381954 1 18
 2.751001 -0.636830 1 1
 2.751001  0.010839 1 2
 2.751001  0.198830 1 3
 2.751001  0.200319 1 4
 2.751001  0.454678 1 5
 2.751001  0.550639 1 6
 2.751001  0.551417 1 7
 2.751001  0.731019 1 8
 2.751001  0.881153 1 9
 2.751001  0.884948 1 10
 2.751001  1.334559 1 11
 2.751001  1.463037 1 12
 2.751001  1.531445 1 13
 2.751001  1.929928 1 14
 2.751001  1.964899 1 15
 2.751001  2.090009 1 16
 2.751001  2.349603 1 17
 2.751001  2.376488 1 18
 2.799114 -0.626005 1 1
 2.799114 -0.030186 1 2
 2.799114  0.190238 1 3
 2.799114  0.191273 1 4
 2.799114  0.446058 1 5
 2.799114  0.559170 1 6
 2.799114  0.559833 1 7
 2.799114  0.771527 1 8
 2.799114  0.883971 1 9
 2.799114  0.888294 1 10
 2.799114  1.303102 1 11
 2.799114  1.501699 1 12
 2.799114  1.531930 1 13
 2.799114  1.915501 1 14
 2.799114  1.929749 1 15
 2.799114  2.050367 1 16
 2.799114  2.336556 1 17
 2.799114  2.373701 1 18
 2.847226 -0.614099 1 1
 2.847226 -0.069879 1 2
 2.847226  0.182732 1 3
 2.847226  0.182743 1 4
 2.847226  0.438076 1 5
 2.847226  0.565923 1 6
 2.847226  0.565995 1 7
 2.847226  0.812702 1 8
 2.847226  0.895332 1 9
 2.847226  0.899698 1 10
 2.847226  1.277393 1 11
 2.847226  1.520746 1 12
 2.847226  1.530439 1 13
 2.847226  1.904257 1 14
 2.847226  1.920708 1 15
 2.847226  1.975794 1 16
 2.847226  2.318204 1 17
 2.847226  2.370023 1 18
 2.895339 -0.601004 1 1
 2.895339 -0.107892 1 2
 2.895339  0.174904 1 3
 2.895339  0.176039 1 4
 2.895339  0.430655 1 5
 2.895339  0.569269 1 6
 2.895339  0.570277 1 7
 2.895339  0.850095 1 8
 2.895339  0.915067 1 9
 2.895339  0.918794 1 10
 2.895339  1.258596 1 11
 2.895339  1.510854 1 12
 2.895339  1.539267 1 13
 2.895339  1.875265 1 14
 2.895339  1.894121 1 15
 2.895339  1.926324 1 16
 2.895339  2.303630 1 17
 2.895339  2.367832 1 18
 2.943451 -0.586653 1 1
 2.943451 -0.143990 1 2
 2.943451  0.167959 1 3
 2.943451  0.169678 1 4
 2.943451  0.423721 1 5
 2.943451  0.569638 1 6
 2.943451  0.571481 1 7
 2.943451  0.879744 1 8
 2.943451  0.941453 1 9
 2.943451  0.944933 1 10
 2.943451  1.245444 1 11
 2.943451  1.499249 1 12
 2.943451  1.530766 1 13
 2.943451  1.777705 1 14
 2.943451  1.885432 1 15
 2.943451  1.928217 1 16
 2.943451  2.295908 1 17
 2.943451  2.373707 1 18
 2.991564 -0.571168 1 1
 2.991564 -0.177971 1 2
 2.991564  0.162029 1 3
 2.991564  0.163456 1 4
 2.991564  0.417311 1 5
 2.991564  0.567817 1 6
 2.991564  0.569515 1 7
 2.991564  0.901498 1 8
 2.991564  0.972204 1 9
 2.991564  0.976656 1 10
 2.991564  1.234492 1 11
 2.991564  1.483488 1 12
 2.991564  1.505520 1 13
 2.991564  1.699922 1 14
 2.991564  1.876979 1 15
 2.991564  1.930998 1 16
 2.991564  2.294142 1 17
 2.991564  2.388244 1 18
 3.039676 -0.554902 1 1
 3.039676 -0.209606 1 2
 3.039676  0.157100 1 3
 3.039676  0.157599 1 4
 3.039676  0.411590 1 5
 3.039676  0.564858 1 6
 3.039676  0.565483 1 7
 3.039676  0.918148 1 8
 3.039676  1.006119 1 9
 3.039676  1.012019 1 10
 3.039676  1.225672 1 11
 3.039676  1.460675 1 12
 3.039676  1.468175 1 13
 3.039676  1.650905 1 14
 3.039676  1.868412 1 15
 3.039676  1.942432 1 16
 3.039676  2.294545 1 17
 3.039676  2.403354 1 18
 3.087789 -0.538538 1 1
 3.087789 -0.238407 1 2
 3.087789  0.152622 1 3
 3.087789  0.153053 1 4
 3.087789  0.406806 1 5
 3.087789  0.561093 1 6
 3.087789  0.561739 1 7
 3.087789  0.931182 1 8
 3.087789  1.043243 1 9
 3.087789  1.049524 1 10
 3.087789  1.225819 1 11
 3.087789  1.423757 1 12
 3.087789  1.429183 1 13
 3.087789  1.624257 1 14
 3.087789  1.871335 1 15
 3.087789  1.962600 1 16
 3.087789  2.295007 1 17
 3.087789  2.406634 1 18
 3.135901 -0.523124 1 1
 3.135901 -0.263514 1 2
 3.135901  0.148954 1 3
 3.135901  0.149787 1 4
 3.135901  0.403149 1 5
 3.135901  0.557741 1 6
 3.135901  0.559122 1 7
 3.135901  0.939478 1 8
 3.135901  1.084035 1 9
 3.135901  1.088765 1 10
 3.135901  1.241962 1 11
 3.135901  1.377521 1 12
 3.135901  1.387166 1 13
 3.135901  1.608716 1 14
 3.135901  1.894012 1 15
 3.135901  1.988071 1 16
 3.135901  2.295831 1 17
 3.135901  2.391318 1 18
 3.184014 -0.510087 1 1
 3.184014 -0.283574 1 2
 3.184014  0.146663 1 3
 3.184014  0.147322 1 4
 3.184014  0.400679 1 5
 3.184014  0.555919 1 6
 3.184014  0.557253 1 7
 3.184014  0.942756 1 8
 3.184014  1.128043 1 9
 3.184014  1.130518 1 10
 3.184014  1.272208 1 11
 3.184014  1.330906 1 12
 3.184014  1.338910 1 13
 3.184014  1.595314 1 14
 3.184014  1.932345 1 15
 3.184014  2.014891 1 16
 3.184014  2.296473 1 17
 3.184014  2.363205 1 18
 3.232126 -0.501123 1 1
 3.232126 -0.296850 1 2
 3.232126  0.145471 1 3
 3.232126  0.145745 1 4
 3.232126  0.399286 1 5
 3.232126  0.555237 1 6
 3.232126  0.555997 1 7
 3.232126  0.943058 1 8
 3.232126  1.172050 1 9
 3.232126  1.176120 1 10
 3.232126  1.280902 1 11
 3.232126  1.291852 1 12
 3.232126  1.307534 1 13
 3.232126  1.581074 1 14
 3.232126  1.974647 1 15
 3.232126  2.037114 1 16
 3.232126  2.295454 1 17
 3.232126  2.337163 1 18
 3.280239 -0.497863 1 1
 3.280239 -0.301602 1 2
 3.280239  0.145079 1 3
 3.280239  0.145083 1 4
 3.280239  0.398765 1 5
 3.280239  0.555023 1 6
 3.280239  0.555146 1 7
 3.280239  0.942046 1 8
 3.280239  1.203254 1 9
 3.280239  1.212644 1 10
 3.280239  1.246295 1 11
 3.280239  1.260875 1 12
 3.280239  1.323844 1 13
 3.280239  1.571861 1 14
 3.280239  2.011034 1 15
 3.280239  2.045992 1 16
 3.280239  2.295374 1 17
 3.280239  2.323828 1 18
 3.280239 -0.497863 1 1
 3.280239 -0.301602 1 2
 3.280239  0.145079 1 3
 3.280239  0.145083 1 4
 3.280239  0.398765 1 5
 3.280239  0.555023 1 6
 3.280239  0.555146 1 7
 3.280239  0.942046 1 8
 3.280239  1.203254 1 9
 3.280239  1.212644 1 10
 3.280239  1.246295 1 11
 3.280239  1.260875 1 12
 3.280239  1.323844 1 13
 3.280239  1.571861 1 14
 3.280239  2.011034 1 15
 3.280239  2.045992 1 16
 3.280239  2.295374 1 17
 3.280239  2.323828 1 18
 3.330747 -0.497019 1 1
 3.330747 -0.301122 1 2
 3.330747  0.136405 1 3
 3.330747  0.143049 1 4
 3.330747  0.406111 1 5
 3.330747  0.552745 1 6
 3.330747  0.560271 1 7
 3.330747  0.947835 1 8
 3.330747  1.176662 1 9
 3.330747  1.196331 1 10
 3.330747  1.260882 1 11
 3.330747  1.270564 1 12
 3.330747  1.342026 1 13
 3.330747  1.582468 1 14
 3.330747  2.011736 1 15
 3.330747  2.044816 1 16
 3.330747  2.282909 1 17
 3.330747  2.327224 1 18
 3.381254 -0.494444 1 1
 3.381254 -0.299808 1 2
 3.381254  0.114309 1 3
 3.381254  0.137430 1 4
 3.381254  0.424723 1 5
 3.381254  0.547738 1 6
 3.381254  0.573648 1 7
 3.381254  0.957523 1 8
 3.381254  1.120611 1 9
 3.381254  1.175763 1 10
 3.381254  1.272192 1 11
 3.381254  1.299053 1 12
 3.381254  1.379279 1 13
 3.381254  1.604430 1 14
 3.381254  2.009504 1 15
 3.381254  2.039966 1 16
 3.381254  2.255421 1 17
 3.381254  2.336999 1 18
 3.431762 -0.490260 1 1
 3.431762 -0.297734 1 2
 3.431762  0.085173 1 3
 3.431762  0.128608 1 4
 3.431762  0.447847 1 5
 3.431762  0.542560 1 6
 3.431762  0.595265 1 7
 3.431762  0.958294 1 8
 3.431762  1.060552 1 9
 3.431762  1.160055 1 10
 3.431762  1.280096 1 11
 3.431762  1.331169 1 12
 3.431762  1.420215 1 13
 3.431762  1.639836 1 14
 3.431762  2.006049 1 15
 3.431762  2.026326 1 16
 3.431762  2.214052 1 17
 3.431762  2.340870 1 18
 3.482269 -0.484484 1 1
 3.482269 -0.294998 1 2
 3.482269  0.053549 1 3
 3.482269  0.117005 1 4
 3.482269  0.470722 1 5
 3.482269  0.537751 1 6
 3.482269  0.625101 1 7
 3.482269  0.948073 1 8
 3.482269  1.004171 1 9
 3.482269  1.153976 1 10
 3.482269  1.285497 1 11
 3.482269  1.364561 1 12
 3.482269  1.461111 1 13
 3.482269  1.682045 1 14
 3.482269  1.994202 1 15
 3.482269  2.006275 1 16
 3.482269  2.164631 1 17
 3.482269  2.325043 1 18
 3.532777 -0.477024 1 1
 3.532777 -0.291808 1 2
 3.532777  0.021983 1 3
 3.532777  0.102918 1 4
 3.532777  0.491272 1 5
 3.532777  0.533216 1 6
 3.532777  0.662745 1 7
 3.532777  0.929788 1 8
 3.532777  0.954747 1 9
 3.532777  1.159654 1 10
 3.532777  1.285754 1 11
 3.532777  1.403440 1 12
 3.532777  1.500785 1 13
 3.532777  1.721547 1 14
 3.532777  1.953028 1 15
 3.532777  1.996361 1 16
 3.532777  2.116775 1 17
 3.532777  2.285045 1 18
 3.583285 -0.467790 1 1
 3.583285 -0.288640 1 2
 3.583285 -0.008032 1 3
 3.583285  0.086439 1 4
 3.583285  0.509179 1 5
 3.583285  0.529750 1 6
 3.583285  0.707255 1 7
 3.583285  0.905483 1 8
 3.583285  0.912605 1 9
 3.583285  1.174171 1 10
 3.583285  1.282569 1 11
 3.583285  1.447631 1 12
 3.583285  1.538798 1 13
 3.583285  1.752344 1 14
 3.583285  1.897829 1 15
 3.583285  1.981028 1 16
 3.583285  2.079268 1 17
 3.583285  2.229450 1 18
 3.633792 -0.456821 1 1
 3.633792 -0.286323 1 2
 3.633792 -0.035245 1 3
 3.633792  0.067715 1 4
 3.633792  0.524915 1 5
 3.633792  0.529144 1 6
 3.633792  0.756237 1 7
 3.633792  0.876447 1 8
 3.633792  0.877301 1 9
 3.633792  1.191235 1 10
 3.633792  1.280917 1 11
 3.633792  1.492296 1 12
 3.633792  1.575769 1 13
 3.633792  1.766507 1 14
 3.633792  1.843338 1 15
 3.633792  1.956521 1 16
 3.633792  2.056253 1 17
 3.633792  2.173733 1 18
 3.684300 -0.444298 1 1
 3.684300 -0.285895 1 2
 3.684300 -0.058400 1 3
 3.684300  0.047252 1 4
 3.684300  0.532982 1 5
 3.684300  0.539420 1 6
 3.684300  0.797377 1 7
 3.684300  0.844059 1 8
 3.684300  0.857441 1 9
 3.684300  1.205247 1 10
 3.684300  1.284332 1 11
 3.684300  1.532915 1 12
 3.684300  1.613453 1 13
 3.684300  1.738955 1 14
 3.684300  1.822040 1 15
 3.684300  1.923793 1 16
 3.684300  2.046956 1 17
 3.684300  2.131105 1 18
 3.734808 -0.430467 1 1
 3.734808 -0.288302 1 2
 3.734808 -0.076239 1 3
 3.734808  0.025944 1 4
 3.734808  0.541712 1 5
 3.734808  0.553766 1 6
 3.734808  0.788502 1 7
 3.734808  0.810574 1 8
 3.734808  0.891138 1 9
 3.734808  1.213159 1 10
 3.734808  1.293126 1 11
 3.734808  1.566734 1 12
 3.734808  1.652857 1 13
 3.734808  1.686396 1 14
 3.734808  1.825864 1 15
 3.734808  1.888160 1 16
 3.734808  2.044419 1 17
 3.734808  2.108234 1 18
 3.785315 -0.415544 1 1
 3.785315 -0.294114 1 2
 3.785315 -0.087710 1 3
 3.785315  0.004724 1 4
 3.785315  0.554055 1 5
 3.785315  0.569598 1 6
 3.785315  0.756855 1 7
 3.785315  0.778055 1 8
 3.785315  0.948740 1 9
 3.785315  1.214472 1 10
 3.785315  1.305281 1 11
 3.785315  1.581520 1 12
 3.785315  1.645499 1 13
 3.785315  1.695120 1 14
 3.785315  1.833694 1 15
 3.785315  1.859692 1 16
 3.785315  2.039604 1 17
 3.785315  2.102715 1 18
 3.835823 -0.399640 1 1
 3.835823 -0.303440 1 2
 3.835823 -0.092226 1 3
 3.835823 -0.015778 1 4
 3.835823  0.568718 1 5
 3.835823  0.587897 1 6
 3.835823  0.723088 1 7
 3.835823  0.747972 1 8
 3.835823  1.009212 1 9
 3.835823  1.210290 1 10
 3.835823  1.318644 1 11
 3.835823  1.543857 1 12
 3.835823  1.658132 1 13
 3.835823  1.734834 1 14
 3.835823  1.825454 1 15
 3.835823  1.864065 1 16
 3.835823  2.028984 1 17
 3.835823  2.104141 1 18
 3.886330 -0.382870 1 1
 3.886330 -0.315982 1 2
 3.886330 -0.089836 1 3
 3.886330 -0.035134 1 4
 3.886330  0.585420 1 5
 3.886330  0.607657 1 6
 3.886330  0.692600 1 7
 3.886330  0.720716 1 8
 3.886330  1.067776 1 9
 3.886330  1.201158 1 10
 3.886330  1.333056 1 11
 3.886330  1.489108 1 12
 3.886330  1.687861 1 13
 3.886330  1.767759 1 14
 3.886330  1.820141 1 15
 3.886330  1.883797 1 16
 3.886330  2.015074 1 17
 3.886330  2.104392 1 18
 3.936838 -0.365491 1 1
 3.936838 -0.331132 1 2
 3.936838 -0.081357 1 3
 3.936838 -0.052886 1 4
 3.936838  0.603980 1 5
 3.936838  0.623732 1 6
 3.936838  0.671885 1 7
 3.936838  0.696160 1 8
 3.936838  1.119535 1 9
 3.936838  1.185118 1 10
 3.936838  1.351777 1 11
 3.936838  1.437631 1 12
 3.936838  1.716344 1 13
 3.936838  1.774262 1 14
 3.936838  1.845001 1 15
 3.936838  1.892398 1 16
 3.936838  2.006382 1 17
 3.936838  2.102837 1 18
 3.987346 -0.348066 1 1
 3.987346 -0.348008 1 2
 3.987346 -0.068326 1 3
 3.987346 -0.068240 1 4
 3.987346  0.620822 1 5
 3.987346  0.622247 1 6
 3.987346  0.675562 1 7
 3.987346  0.676266 1 8
 3.987346  1.152861 1 9
 3.987346  1.163465 1 10
 3.987346  1.381080 1 11
 3.987346  1.397251 1 12
 3.987346  1.738738 1 13
 3.987346  1.763890 1 14
 3.987346  1.877642 1 15
 3.987346  1.882767 1 16
 3.987346  2.008304 1 17
 3.987346  2.103231 1 18
 3.987346 -0.348066 1 1
 3.987346 -0.348008 1 2
 3.987346 -0.068326 1 3
 3.987346 -0.068240 1 4
 3.987346  0.620822 1 5
 3.987346  0.622247 1 6
 3.987346  0.675562 1 7
 3.987346  0.676266 1 8
 3.987346  1.152861 1 9
 3.987346  1.163465 1 10
 3.987346  1.381080 1 11
 3.987346  1.397251 1 12
 3.987346  1.738738 1 13
 3.987346  1.763890 1 14
 3.987346  1.877642 1 15
 3.987346  1.882767 1 16
 3.987346  2.008304 1 17
 3.987346  2.103231 1 18
 4.037346 -0.348550 1 1
 4.037346 -0.348061 1 2
 4.037346 -0.067248 1 3
 4.037346 -0.066074 1 4
 4.037346  0.592127 1 5
 4.037346  0.593509 1 6
 4.037346  0.708205 1 7
 4.037346  0.710020 1 8
 4.037346  1.151617 1 9
 4.037346  1.162039 1 10
 4.037346  1.378696 1 11
 4.037346  1.396692 1 12
 4.037346  1.727508 1 13
 4.037346  1.741786 1 14
 4.037346  1.897520 1 15
 4.037346  1.903957 1 16
 4.037346  2.016974 1 17
 4.037346  2.107147 1 18
 4.087346 -0.349681 1 1
 4.087346 -0.348891 1 2
 4.087346 -0.062699 1 3
 4.087346 -0.060980 1 4
 4.087346  0.550332 1 5
 4.087346  0.551319 1 6
 4.087346  0.759421 1 7
 4.087346  0.763052 1 8
 4.087346  1.151812 1 9
 4.087346  1.160746 1 10
 4.087346  1.376056 1 11
 4.087346  1.395604 1 12
 4.087346  1.692274 1 13
 4.087346  1.704154 1 14
 4.087346  1.924477 1 15
 4.087346  1.942504 1 16
 4.087346  2.038536 1 17
 4.087346  2.109522 1 18
 4.137346 -0.351259 1 1
 4.137346 -0.350473 1 2
 4.137346 -0.055200 1 3
 4.137346 -0.053573 1 4
 4.137346  0.509549 1 5
 4.137346  0.510809 1 6
 4.137346  0.813753 1 7
 4.137346  0.817802 1 8
 4.137346  1.154118 1 9
 4.137346  1.161820 1 10
 4.137346  1.375753 1 11
 4.137346  1.394350 1 12
 4.137346  1.647036 1 13
 4.137346  1.661869 1 14
 4.137346  1.952011 1 15
 4.137346  1.981497 1 16
 4.137346  2.058636 1 17
 4.137346  2.117667 1 18
 4.187346 -0.353081 1 1
 4.187346 -0.352606 1 2
 4.187346 -0.045336 1 3
 4.187346 -0.044344 1 4
 4.187346  0.471233 1 5
 4.187346  0.472784 1 6
 4.187346  0.868255 1 7
 4.187346  0.872041 1 8
 4.187346  1.159077 1 9
 4.187346  1.166282 1 10
 4.187346  1.378997 1 11
 4.187346  1.393418 1 12
 4.187346  1.599854 1 13
 4.187346  1.617904 1 14
 4.187346  1.978690 1 15
 4.187346  2.012670 1 16
 4.187346  2.072420 1 17
 4.187346  2.126562 1 18
 4.237346 -0.354973 1 1
 4.237346 -0.354912 1 2
 4.237346 -0.033685 1 3
 4.237346 -0.033657 1 4
 4.237346  0.436637 1 5
 4.237346  0.436736 1 6
 4.237346  0.920969 1 7
 4.237346  0.925337 1 8
 4.237346  1.166985 1 9
 4.237346  1.173673 1 10
 4.237346  1.383715 1 11
 4.237346  1.395092 1 12
 4.237346  1.552693 1 13
 4.237346  1.575492 1 14
 4.237346  1.996240 1 15
 4.237346  2.032308 1 16
 4.237346  2.077555 1 17
 4.237346  2.132899 1 18
 4.287346 -0.357123 1 1
 4.287346 -0.356696 1 2
 4.287346 -0.021928 1 3
 4.287346 -0.021083 1 4
 4.287346  0.403416 1 5
 4.287346  0.406271 1 6
 4.287346  0.970550 1 7
 4.287346  0.976110 1 8
 4.287346  1.177768 1 9
 4.287346  1.183581 1 10
 4.287346  1.387678 1 11
 4.287346  1.398680 1 12
 4.287346  1.507073 1 13
 4.287346  1.535854 1 14
 4.287346  2.002592 1 15
 4.287346  2.029731 1 16
 4.287346  2.079710 1 17
 4.287346  2.134816 1 18
 4.337346 -0.358891 1 1
 4.337346 -0.358275 1 2
 4.337346 -0.009942 1 3
 4.337346 -0.008854 1 4
 4.337346  0.374879 1 5
 4.337346  0.379975 1 6
 4.337346  1.015022 1 7
 4.337346  1.021107 1 8
 4.337346  1.191137 1 9
 4.337346  1.197237 1 10
 4.337346  1.387868 1 11
 4.337346  1.400622 1 12
 4.337346  1.466405 1 13
 4.337346  1.498578 1 14
 4.337346  1.991129 1 15
 4.337346  2.017951 1 16
 4.337346  2.082403 1 17
 4.337346  2.131604 1 18
 4.387346 -0.360161 1 1
 4.387346 -0.359600 1 2
 4.387346  0.000758 1 3
 4.387346  0.001403 1 4
 4.387346  0.353275 1 5
 4.387346  0.358246 1 6
 4.387346  1.050940 1 7
 4.387346  1.055782 1 8
 4.387346  1.206763 1 9
 4.387346  1.216969 1 10
 4.387346  1.374482 1 11
 4.387346  1.403398 1 12
 4.387346  1.436816 1 13
 4.387346  1.464198 1 14
 4.387346  1.949791 1 15
 4.387346  2.026186 1 16
 4.387346  2.089405 1 17
 4.387346  2.126964 1 18
 4.437346 -0.360919 1 1
 4.437346 -0.360566 1 2
 4.437346  0.008041 1 3
 4.437346  0.008147 1 4
 4.437346  0.340183 1 5
 4.437346  0.342832 1 6
 4.437346  1.073904 1 7
 4.437346  1.076643 1 8
 4.437346  1.224259 1 9
 4.437346  1.238648 1 10
 4.437346  1.352910 1 11
 4.437346  1.401872 1 12
 4.437346  1.421934 1 13
 4.437346  1.439559 1 14
 4.437346  1.911951 1 15
 4.437346  2.038232 1 16
 4.437346  2.096282 1 17
 4.437346  2.132044 1 18
 4.487346 -0.361124 1 1
 4.487346 -0.361063 1 2
 4.487346  0.010153 1 3
 4.487346  0.010203 1 4
 4.487346  0.335696 1 5
 4.487346  0.336834 1 6
 4.487346  1.081541 1 7
 4.487346  1.083292 1 8
 4.487346  1.232731 1 9
 4.487346  1.248921 1 10
 4.487346  1.342368 1 11
 4.487346  1.396840 1 12
 4.487346  1.420336 1 13
 4.487346  1.434215 1 14
 4.487346  1.898303 1 15
 4.487346  2.041322 1 16
 4.487346  2.105333 1 17
 4.487346  2.143757 1 18
