 0.000000 -0.566168 2 1
 0.000000 -0.001384 2 2
 0.000000 -0.001357 2 3
 0.000000 -0.001331 2 4
 0.000000  0.128825 2 5
 0.000000  0.128878 2 6
 0.000000  2.543229 2 7
 0.000000  2.543312 2 8
 0.000000  2.543402 2 9
 0.050000 -0.562529 2 1
 0.050000 -0.001529 2 2
 0.050000 -0.001475 2 3
 0.050000 -0.000131 2 4
 0.050000  0.126795 2 5
 0.050000  0.129743 2 6
 0.050000  2.515128 2 7
 0.050000  2.516846 2 8
 0.050000  2.538157 2 9
 0.100000 -0.551648 2 1
 0.100000 -0.001966 2 2
 0.100000 -0.001887 2 3
 0.100000  0.003332 2 4
 0.100000  0.120649 2 5
 0.100000  0.132243 2 6
 0.100000  2.439793 2 7
 0.100000  2.443708 2 8
 0.100000  2.520096 2 9
 0.150000 -0.533582 2 1
 0.150000 -0.002445 2 2
 0.150000 -0.002305 2 3
 0.150000  0.008860 2 4
 0.150000  0.110569 2 5
 0.150000  0.136102 2 6
 0.150000  2.337774 2 7
 0.150000  2.343635 2 8
 0.150000  2.482271 2 9
 0.200000 -0.508226 2 1
 0.200000 -0.002556 2 2
 0.200000 -0.002357 2 3
 0.200000  0.016301 2 4
 0.200000  0.096781 2 5
 0.200000  0.141138 2 6
 0.200000  2.230255 2 7
 0.200000  2.237358 2 8
 0.200000  2.418534 2 9
 0.250000 -0.475963 2 1
 0.250000 -0.001846 2 2
 0.250000 -0.001637 2 3
 0.250000  0.025561 2 4
 0.250000  0.079602 2 5
 0.250000  0.147205 2 6
 0.250000  2.128739 2 7
 0.250000  2.136005 2 8
 0.250000  2.333938 2 9
 0.300000 -0.438497 2 1
 0.300000  0.000059 2 2
 0.300000  0.000234 2 3
 0.300000  0.036541 2 4
 0.300000  0.059465 2 5
 0.300000  0.153948 2 6
 0.300000  2.032751 2 7
 0.300000  2.038987 2 8
 0.300000  2.246821 2 9
 0.350000 -0.398147 2 1
 0.350000  0.003452 2 2
 0.350000  0.003589 2 3
 0.350000  0.036923 2 4
 0.350000  0.049038 2 5
 0.350000  0.160853 2 6
 0.350000  1.936467 2 7
 0.350000  1.940912 2 8
 0.350000  2.173327 2 9
 0.400000 -0.355769 2 1
 0.400000  0.008633 2 2
 0.400000  0.008810 2 3
 0.400000  0.012604 2 4
 0.400000  0.062718 2 5
 0.400000  0.168091 2 6
 0.400000  1.837073 2 7
 0.400000  1.839869 2 8
 0.400000  2.111780 2 9
 0.450000 -0.310705 2 1
 0.450000 -0.012844 2 2
 0.450000  0.016058 2 3
 0.450000  0.016330 2 4
 0.450000  0.077188 2 5
 0.450000  0.177856 2 6
 0.450000  1.737647 2 7
 0.450000  1.739317 2 8
 0.450000  2.049226 2 9
 0.500000 -0.264358 2 1
 0.500000 -0.038715 2 2
 0.500000  0.026240 2 3
 0.500000  0.026526 2 4
 0.500000  0.092094 2 5
 0.500000  0.194736 2 6
 0.500000  1.643383 2 7
 0.500000  1.644090 2 8
 0.500000  1.980722 2 9
 0.550000 -0.222888 2 1
 0.550000 -0.064275 2 2
 0.550000  0.039409 2 3
 0.550000  0.039615 2 4
 0.550000  0.107155 2 5
 0.550000  0.223394 2 6
 0.550000  1.555663 2 7
 0.550000  1.555841 2 8
 0.550000  1.915146 2 9
 0.600000 -0.193438 2 1
 0.600000 -0.088791 2 2
 0.600000  0.055359 2 3
 0.600000  0.055467 2 4
 0.600000  0.122077 2 5
 0.600000  0.264034 2 6
 0.600000  1.470893 2 7
 0.600000  1.471657 2 8
 0.600000  1.862449 2 9
 0.650000 -0.177806 2 1
 0.650000 -0.111632 2 2
 0.650000  0.073574 2 3
 0.650000  0.073702 2 4
 0.650000  0.136468 2 5
 0.650000  0.312072 2 6
 0.650000  1.385475 2 7
 0.650000  1.386420 2 8
 0.650000  1.820745 2 9
 0.700000 -0.172599 2 1
 0.700000 -0.132334 2 2
 0.700000  0.093576 2 3
 0.700000  0.093819 2 4
 0.700000  0.149850 2 5
 0.700000  0.366644 2 6
 0.700000  1.298349 2 7
 0.700000  1.299164 2 8
 0.700000  1.778867 2 9
 0.750000 -0.173597 2 1
 0.750000 -0.150558 2 2
 0.750000  0.114950 2 3
 0.750000  0.115249 2 4
 0.750000  0.161783 2 5
 0.750000  0.437323 2 6
 0.750000  1.212905 2 7
 0.750000  1.213495 2 8
 0.750000  1.730749 2 9
 0.800000 -0.177962 2 1
 0.800000 -0.166004 2 2
 0.800000  0.136908 2 3
 0.800000  0.137152 2 4
 0.800000  0.171969 2 5
 0.800000  0.537383 2 6
 0.800000  1.134692 2 7
 0.800000  1.135159 2 8
 0.800000  1.683043 2 9
 0.850000 -0.183781 2 1
 0.850000 -0.178362 2 2
 0.850000  0.157880 2 3
 0.850000  0.158015 2 4
 0.850000  0.180242 2 5
 0.850000  0.668442 2 6
 0.850000  1.068540 2 7
 0.850000  1.069166 2 8
 0.850000  1.646061 2 9
 0.900000 -0.189334 2 1
 0.900000 -0.187350 2 2
 0.900000  0.175536 2 3
 0.900000  0.175631 2 4
 0.900000  0.186442 2 5
 0.900000  0.811577 2 6
 0.900000  1.017852 2 7
 0.900000  1.019020 2 8
 0.900000  1.622122 2 9
 0.950000 -0.193217 2 1
 0.950000 -0.192785 2 2
 0.950000  0.187357 2 3
 0.950000  0.187579 2 4
 0.950000  0.190346 2 5
 0.950000  0.929125 2 6
 0.950000  0.985599 2 7
 0.950000  0.987493 2 8
 0.950000  1.607309 2 9
 1.000000 -0.194614 2 1
 1.000000 -0.194577 2 2
 1.000000  0.191381 2 3
 1.000000  0.191826 2 4
 1.000000  0.191862 2 5
 1.000000  0.974399 2 6
 1.000000  0.975755 2 7
 1.000000  0.977251 2 8
 1.000000  1.601692 2 9
 1.000000 -0.194614 2 1
 1.000000 -0.194577 2 2
 1.000000  0.191381 2 3
 1.000000  0.191826 2 4
 1.000000  0.191862 2 5
 1.000000  0.974399 2 6
 1.000000  0.975755 2 7
 1.000000  0.977251 2 8
 1.000000  1.601692 2 9
 1.050508 -0.193087 2 1
 1.050508 -0.192855 2 2
 1.050508  0.185605 2 3
 1.050508  0.187388 2 4
 1.050508  0.192058 2 5
 1.050508  0.949973 2 6
 1.050508  0.963318 2 7
 1.050508  0.987315 2 8
 1.050508  1.607631 2 9
 1.101015 -0.188496 2 1
 1.101015 -0.187856 2 2
 1.101015  0.169028 2 3
 1.101015  0.174745 2 4
 1.101015  0.192897 2 5
 1.101015  0.883728 2 6
 1.101015  0.931256 2 7
 1.101015  1.021092 2 8
 1.101015  1.626728 2 9
 1.151523 -0.180816 2 1
 1.151523 -0.180177 2 2
 1.151523  0.144636 2 3
 1.151523  0.155218 2 4
 1.151523  0.194187 2 5
 1.151523  0.795109 2 6
 1.151523  0.890439 2 7
 1.151523  1.076198 2 8
 1.151523  1.661033 2 9
 1.202031 -0.170917 2 1
 1.202031 -0.169977 2 2
 1.202031  0.115523 2 3
 1.202031  0.131386 2 4
 1.202031  0.195836 2 5
 1.202031  0.701296 2 6
 1.202031  0.849948 2 7
 1.202031  1.146181 2 8
 1.202031  1.712639 2 9
 1.252538 -0.161986 2 1
 1.252538 -0.155986 2 2
 1.252538  0.084184 2 3
 1.252538  0.106866 2 4
 1.252538  0.197816 2 5
 1.252538  0.612909 2 6
 1.252538  0.815377 2 7
 1.252538  1.220350 2 8
 1.252538  1.778380 2 9
 1.303046 -0.156282 2 1
 1.303046 -0.138961 2 2
 1.303046  0.052449 2 3
 1.303046  0.085918 2 4
 1.303046  0.200105 2 5
 1.303046  0.534885 2 6
 1.303046  0.789170 2 7
 1.303046  1.290063 2 8
 1.303046  1.850335 2 9
 1.353553 -0.156996 2 1
 1.353553 -0.119000 2 2
 1.353553  0.021832 2 3
 1.353553  0.072824 2 4
 1.353553  0.202604 2 5
 1.353553  0.468266 2 6
 1.353553  0.770884 2 7
 1.353553  1.354716 2 8
 1.353553  1.923397 2 9
 1.404061 -0.165421 2 1
 1.404061 -0.096006 2 2
 1.404061 -0.006418 2 3
 1.404061  0.069954 2 4
 1.404061  0.205122 2 5
 1.404061  0.410564 2 6
 1.404061  0.758247 2 7
 1.404061  1.420606 2 8
 1.404061  1.999751 2 9
 1.454569 -0.179444 2 1
 1.454569 -0.069837 2 2
 1.454569 -0.031333 2 3
 1.454569  0.076137 2 4
 1.454569  0.207451 2 5
 1.454569  0.357489 2 6
 1.454569  0.749191 2 7
 1.454569  1.492299 2 8
 1.454569  2.082822 2 9
 1.505076 -0.195313 2 1
 1.505076 -0.052279 2 2
 1.505076 -0.040573 2 3
 1.505076  0.087736 2 4
 1.505076  0.209458 2 5
 1.505076  0.305956 2 6
 1.505076  0.742857 2 7
 1.505076  1.565419 2 8
 1.505076  2.168707 2 9
 1.555584 -0.210206 2 1
 1.555584 -0.068945 2 2
 1.555584 -0.008559 2 3
 1.555584  0.100856 2 4
 1.555584  0.211094 2 5
 1.555584  0.255693 2 6
 1.555584  0.738745 2 7
 1.555584  1.628888 2 8
 1.555584  2.246913 2 9
 1.606092 -0.222505 2 1
 1.606092 -0.081122 2 2
 1.606092  0.025333 2 3
 1.606092  0.112363 2 4
 1.606092  0.208585 2 5
 1.606092  0.212332 2 6
 1.606092  0.735938 2 7
 1.606092  1.673531 2 8
 1.606092  2.307396 2 9
 1.656599 -0.230862 2 1
 1.656599 -0.088587 2 2
 1.656599  0.058430 2 3
 1.656599  0.120099 2 4
 1.656599  0.167906 2 5
 1.656599  0.213104 2 6
 1.656599  0.733855 2 7
 1.656599  1.697765 2 8
 1.656599  2.344748 2 9
 1.707107 -0.233892 2 1
 1.707107 -0.091091 2 2
 1.707107  0.077149 2 3
 1.707107  0.122805 2 4
 1.707107  0.146826 2 5
 1.707107  0.213329 2 6
 1.707107  0.732877 2 7
 1.707107  1.705038 2 8
 1.707107  2.357022 2 9
 1.707107 -0.233892 2 1
 1.707107 -0.091091 2 2
 1.707107  0.077149 2 3
 1.707107  0.122805 2 4
 1.707107  0.146826 2 5
 1.707107  0.213329 2 6
 1.707107  0.732877 2 7
 1.707107  1.705038 2 8
 1.707107  2.357022 2 9
 1.757614 -0.236019 2 1
 1.757614 -0.090061 2 2
 1.757614  0.065985 2 3
 1.757614  0.123159 2 4
 1.757614  0.146453 2 5
 1.757614  0.209897 2 6
 1.757614  0.769892 2 7
 1.757614  1.708300 2 8
 1.757614  2.355963 2 9
 1.808122 -0.243072 2 1
 1.808122 -0.087019 2 2
 1.808122  0.039837 2 3
 1.808122  0.122597 2 4
 1.808122  0.145389 2 5
 1.808122  0.199958 2 6
 1.808122  0.869207 2 7
 1.808122  1.723356 2 8
 1.808122  2.356798 2 9
 1.858630 -0.257232 2 1
 1.858630 -0.082057 2 2
 1.858630  0.010413 2 3
 1.858630  0.120376 2 4
 1.858630  0.143769 2 5
 1.858630  0.184471 2 6
 1.858630  1.007377 2 7
 1.858630  1.760151 2 8
 1.858630  2.368033 2 9
 1.909137 -0.281339 2 1
 1.909137 -0.075364 2 2
 1.909137 -0.013283 2 3
 1.909137  0.117041 2 4
 1.909137  0.141770 2 5
 1.909137  0.164720 2 6
 1.909137  1.164677 2 7
 1.909137  1.819827 2 8
 1.909137  2.390149 2 9
 1.959645 -0.315538 2 1
 1.959645 -0.067236 2 2
 1.959645 -0.026056 2 3
 1.959645  0.113322 2 4
 1.959645  0.139574 2 5
 1.959645  0.142157 2 6
 1.959645  1.328953 2 7
 1.959645  1.889990 2 8
 1.959645  2.413365 2 9
 2.010153 -0.355707 2 1
 2.010153 -0.058041 2 2
 2.010153 -0.028353 2 3
 2.010153  0.109956 2 4
 2.010153  0.118251 2 5
 2.010153  0.137353 2 6
 2.010153  1.495038 2 7
 2.010153  1.955067 2 8
 2.010153  2.427901 2 9
 2.060660 -0.397030 2 1
 2.060660 -0.048191 2 2
 2.060660 -0.024148 2 3
 2.060660  0.094379 2 4
 2.060660  0.107696 2 5
 2.060660  0.135272 2 6
 2.060660  1.662272 2 7
 2.060660  2.010145 2 8
 2.060660  2.433979 2 9
 2.111168 -0.436918 2 1
 2.111168 -0.038126 2 2
 2.111168 -0.017538 2 3
 2.111168  0.071653 2 4
 2.111168  0.107279 2 5
 2.111168  0.133468 2 6
 2.111168  1.831378 2 7
 2.111168  2.064942 2 8
 2.111168  2.440953 2 9
 2.161675 -0.473920 2 1
 2.161675 -0.028338 2 2
 2.161675 -0.011269 2 3
 2.161675  0.050928 2 4
 2.161675  0.109200 2 5
 2.161675  0.132009 2 6
 2.161675  2.000341 2 7
 2.161675  2.135094 2 8
 2.161675  2.457335 2 9
 2.212183 -0.506299 2 1
 2.212183 -0.019382 2 2
 2.212183 -0.006616 2 3
 2.212183  0.032928 2 4
 2.212183  0.113310 2 5
 2.212183  0.130883 2 6
 2.212183  2.162838 2 7
 2.212183  2.228209 2 8
 2.212183  2.482631 2 9
 2.262691 -0.532381 2 1
 2.262691 -0.011809 2 2
 2.262691 -0.003730 2 3
 2.262691  0.018265 2 4
 2.262691  0.118663 2 5
 2.262691  0.130023 2 6
 2.262691  2.310165 2 7
 2.262691  2.336436 2 8
 2.262691  2.509082 2 9
 2.313198 -0.551176 2 1
 2.313198 -0.006095 2 2
 2.313198 -0.002199 2 3
 2.313198  0.007458 2 4
 2.313198  0.123847 2 5
 2.313198  0.129383 2 6
 2.313198  2.431455 2 7
 2.313198  2.440270 2 8
 2.313198  2.529208 2 9
 2.363706 -0.562432 2 1
 2.363706 -0.002560 2 2
 2.363706 -0.001517 2 3
 2.363706  0.000850 2 4
 2.363706  0.127544 2 5
 2.363706  0.128972 2 6
 2.363706  2.513328 2 7
 2.363706  2.516276 2 8
 2.363706  2.540345 2 9
 2.414214 -0.566168 2 1
 2.414214 -0.001384 2 2
 2.414214 -0.001357 2 3
 2.414214 -0.001331 2 4
 2.414214  0.128825 2 5
 2.414214  0.128878 2 6
 2.414214  2.543229 2 7
 2.414214  2.543312 2 8
 2.414214  2.543402 2 9
 2.414214 -0.566168 2 1
 2.414214 -0.001384 2 2
 2.414214 -0.001357 2 3
 2.414214 -0.001331 2 4
 2.414214  0.128825 2 5
 2.414214  0.128878 2 6
 2.414214  2.543229 2 7
 2.414214  2.543312 2 8
 2.414214  2.543402 2 9
 2.465156 -0.562364 2 1
 2.465156 -0.002239 2 2
 2.465156 -0.002189 2 3
 2.465156  0.001269 2 4
 2.465156  0.128221 2 5
 2.465156  0.128298 2 6
 2.465156  2.505636 2 7
 2.465156  2.530251 2 8
 2.465156  2.531853 2 9
 2.516099 -0.550911 2 1
 2.516099 -0.004986 2 2
 2.516099 -0.004920 2 3
 2.516099  0.009108 2 4
 2.516099  0.126593 2 5
 2.516099  0.126693 2 6
 2.516099  2.401778 2 7
 2.516099  2.495123 2 8
 2.516099  2.497722 2 9
 2.567042 -0.531993 2 1
 2.567042 -0.009848 2 2
 2.567042 -0.009781 2 3
 2.567042  0.022107 2 4
 2.567042  0.124467 2 5
 2.567042  0.124593 2 6
 2.567042  2.257764 2 7
 2.567042  2.440969 2 8
 2.567042  2.443766 2 9
 2.617984 -0.506231 2 1
 2.617984 -0.016994 2 2
 2.617984 -0.016936 2 3
 2.617984  0.039979 2 4
 2.617984  0.122571 2 5
 2.617984  0.122728 2 6
 2.617984  2.103018 2 7
 2.617984  2.368716 2 8
 2.617984  2.371275 2 9
 2.668927 -0.474314 2 1
 2.668927 -0.026314 2 2
 2.668927 -0.026273 2 3
 2.668927  0.062175 2 4
 2.668927  0.121579 2 5
 2.668927  0.121780 2 6
 2.668927  1.959444 2 7
 2.668927  2.277861 2 8
 2.668927  2.279985 2 9
 2.719870 -0.436618 2 1
 2.719870 -0.037344 2 2
 2.719870 -0.037320 2 3
 2.719870  0.088186 2 4
 2.719870  0.121874 2 5
 2.719870  0.122136 2 6
 2.719870  1.835700 2 7
 2.719870  2.170698 2 8
 2.719870  2.172233 2 9
 2.770812 -0.393452 2 1
 2.770812 -0.049380 2 2
 2.770812 -0.049365 2 3
 2.770812  0.118084 2 4
 2.770812  0.123475 2 5
 2.770812  0.123796 2 6
 2.770812  1.727702 2 7
 2.770812  2.054635 2 8
 2.770812  2.055549 2 9
 2.821755 -0.345934 2 1
 2.821755 -0.061653 2 2
 2.821755 -0.061641 2 3
 2.821755  0.126132 2 4
 2.821755  0.126475 2 5
 2.821755  0.152535 2 6
 2.821755  1.625815 2 7
 2.821755  1.938372 2 8
 2.821755  1.938885 2 9
 2.872698 -0.296481 2 1
 2.872698 -0.073419 2 2
 2.872698 -0.073410 2 3
 2.872698  0.129485 2 4
 2.872698  0.129793 2 5
 2.872698  0.191903 2 6
 2.872698  1.523333 2 7
 2.872698  1.825064 2 8
 2.872698  1.825575 2 9
 2.923640 -0.248153 2 1
 2.923640 -0.083981 2 2
 2.923640 -0.083962 2 3
 2.923640  0.133183 2 4
 2.923640  0.133416 2 5
 2.923640  0.235271 2 6
 2.923640  1.420893 2 7
 2.923640  1.710721 2 8
 2.923640  1.711491 2 9
 2.974583 -0.203403 2 1
 2.974583 -0.092765 2 2
 2.974583 -0.092736 2 3
 2.974583  0.136939 2 4
 2.974583  0.137100 2 5
 2.974583  0.281261 2 6
 2.974583  1.324791 2 7
 2.974583  1.589516 2 8
 2.974583  1.590423 2 9
 3.025526 -0.164064 2 1
 3.025526 -0.099410 2 2
 3.025526 -0.099384 2 3
 3.025526  0.140508 2 4
 3.025526  0.140644 2 5
 3.025526  0.330875 2 6
 3.025526  1.241644 2 7
 3.025526  1.460629 2 8
 3.025526  1.461317 2 9
 3.076468 -0.132184 2 1
 3.076468 -0.103807 2 2
 3.076468 -0.103792 2 3
 3.076468  0.143676 2 4
 3.076468  0.143833 2 5
 3.076468  0.390242 2 6
 3.076468  1.173482 2 7
 3.076468  1.329665 2 8
 3.076468  1.329886 2 9
 3.127411 -0.110065 2 1
 3.127411 -0.106026 2 2
 3.127411 -0.105998 2 3
 3.127411  0.146273 2 4
 3.127411  0.146454 2 5
 3.127411  0.469809 2 6
 3.127411  1.117747 2 7
 3.127411  1.204188 2 8
 3.127411  1.204594 2 9
 3.178354 -0.106206 2 1
 3.178354 -0.106171 2 2
 3.178354 -0.098737 2 3
 3.178354  0.148200 2 4
 3.178354  0.148368 2 5
 3.178354  0.579488 2 6
 3.178354  1.071247 2 7
 3.178354  1.089535 2 8
 3.178354  1.090296 2 9
 3.229296 -0.104603 2 1
 3.229296 -0.104574 2 2
 3.229296 -0.096858 2 3
 3.229296  0.149409 2 4
 3.229296  0.149522 2 5
 3.229296  0.723580 2 6
 3.229296  0.986788 2 7
 3.229296  0.987762 2 8
 3.229296  1.033750 2 9
 3.280239 -0.101627 2 1
 3.280239 -0.101602 2 2
 3.280239 -0.101582 2 3
 3.280239  0.149836 2 4
 3.280239  0.149892 2 5
 3.280239  0.894899 2 6
 3.280239  0.896109 2 7
 3.280239  0.896298 2 8
 3.280239  1.012231 2 9
 3.280239 -0.101627 2 1
 3.280239 -0.101602 2 2
 3.280239 -0.101582 2 3
 3.280239  0.149836 2 4
 3.280239  0.149892 2 5
 3.280239  0.894899 2 6
 3.280239  0.896109 2 7
 3.280239  0.896298 2 8
 3.280239  1.012231 2 9
 3.331182 -0.110004 2 1
 3.331182 -0.097751 2 2
 3.331182 -0.097715 2 3
 3.331182  0.149350 2 4
 3.331182  0.149418 2 5
 3.331182  0.815566 2 6
 3.331182  0.816439 2 7
 3.331182  0.967331 2 8
 3.331182  1.131882 2 9
 3.382124 -0.119398 2 1
 3.382124 -0.093563 2 2
 3.382124 -0.093519 2 3
 3.382124  0.147915 2 4
 3.382124  0.147954 2 5
 3.382124  0.750475 2 6
 3.382124  0.751033 2 7
 3.382124  0.955227 2 8
 3.382124  1.363126 2 9
 3.433067 -0.127316 2 1
 3.433067 -0.089743 2 2
 3.433067 -0.089693 2 3
 3.433067  0.145557 2 4
 3.433067  0.145587 2 5
 3.433067  0.701499 2 6
 3.433067  0.701724 2 7
 3.433067  0.940291 2 8
 3.433067  1.604372 2 9
 3.484010 -0.131503 2 1
 3.484010 -0.087201 2 2
 3.484010 -0.087128 2 3
 3.484010  0.142595 2 4
 3.484010  0.142640 2 5
 3.484010  0.667742 2 6
 3.484010  0.667957 2 7
 3.484010  0.925901 2 8
 3.484010  1.825769 2 9
 3.534952 -0.130239 2 1
 3.534952 -0.086906 2 2
 3.534952 -0.086824 2 3
 3.534952  0.139629 2 4
 3.534952  0.139666 2 5
 3.534952  0.646670 2 6
 3.534952  0.646989 2 7
 3.534952  0.916521 2 8
 3.534952  2.001985 2 9
 3.585895 -0.122591 2 1
 3.585895 -0.089557 2 2
 3.585895 -0.089485 2 3
 3.585895  0.137412 2 4
 3.585895  0.137426 2 5
 3.585895  0.636638 2 6
 3.585895  0.636878 2 7
 3.585895  0.916164 2 8
 3.585895  2.119779 2 9
 3.636838 -0.108297 2 1
 3.636838 -0.095321 2 2
 3.636838 -0.095255 2 3
 3.636838  0.136735 2 4
 3.636838  0.136780 2 5
 3.636838  0.638355 2 6
 3.636838  0.638511 2 7
 3.636838  0.924067 2 8
 3.636838  2.177411 2 9
 3.687780 -0.103943 2 1
 3.687780 -0.103885 2 2
 3.687780 -0.087414 2 3
 3.687780  0.138304 2 4
 3.687780  0.138399 2 5
 3.687780  0.653948 2 6
 3.687780  0.654153 2 7
 3.687780  0.934756 2 8
 3.687780  2.178070 2 9
 3.738723 -0.115081 2 1
 3.738723 -0.115031 2 2
 3.738723 -0.060116 2 3
 3.738723  0.142395 2 4
 3.738723  0.142517 2 5
 3.738723  0.683740 2 6
 3.738723  0.684106 2 7
 3.738723  0.942720 2 8
 3.738723  2.128507 2 9
 3.789666 -0.128245 2 1
 3.789666 -0.128202 2 2
 3.789666 -0.026922 2 3
 3.789666  0.148662 2 4
 3.789666  0.148786 2 5
 3.789666  0.723715 2 6
 3.789666  0.724256 2 7
 3.789666  0.946635 2 8
 3.789666  2.041706 2 9
 3.840608 -0.142541 2 1
 3.840608 -0.142506 2 2
 3.840608  0.010999 2 3
 3.840608  0.156362 2 4
 3.840608  0.156485 2 5
 3.840608  0.766915 2 6
 3.840608  0.767419 2 7
 3.840608  0.949304 2 8
 3.840608  1.935849 2 9
 3.891551 -0.156710 2 1
 3.891551 -0.156681 2 2
 3.891551  0.051704 2 3
 3.891551  0.164719 2 4
 3.891551  0.164855 2 5
 3.891551  0.808055 2 6
 3.891551  0.808395 2 7
 3.891551  0.954000 2 8
 3.891551  1.829954 2 9
 3.942494 -0.169528 2 1
 3.942494 -0.169503 2 2
 3.942494  0.092668 2 3
 3.942494  0.173041 2 4
 3.942494  0.173194 2 5
 3.942494  0.847211 2 6
 3.942494  0.847570 2 7
 3.942494  0.961093 2 8
 3.942494  1.739462 2 9
 3.993436 -0.180142 2 1
 3.993436 -0.180103 2 2
 3.993436  0.130877 2 3
 3.993436  0.180584 2 4
 3.993436  0.180747 2 5
 3.993436  0.887771 2 6
 3.993436  0.888123 2 7
 3.993436  0.968141 2 8
 3.993436  1.672833 2 9
 4.044379 -0.188055 2 1
 4.044379 -0.188009 2 2
 4.044379  0.162718 2 3
 4.044379  0.186517 2 4
 4.044379  0.186742 2 5
 4.044379  0.928816 2 6
 4.044379  0.929809 2 7
 4.044379  0.972807 2 8
 4.044379  1.630588 2 9
 4.095322 -0.192953 2 1
 4.095322 -0.192912 2 2
 4.095322  0.184139 2 3
 4.095322  0.190226 2 4
 4.095322  0.190545 2 5
 4.095322  0.961918 2 6
 4.095322  0.963689 2 7
 4.095322  0.974816 2 8
 4.095322  1.608393 2 9
 4.146264 -0.194614 2 1
 4.146264 -0.194577 2 2
 4.146264  0.191381 2 3
 4.146264  0.191826 2 4
 4.146264  0.191862 2 5
 4.146264  0.974399 2 6
 4.146264  0.975755 2 7
 4.146264  0.977251 2 8
 4.146264  1.601692 2 9
 4.146264 -0.101627 2 1
 4.146264 -0.101602 2 2
 4.146264 -0.101582 2 3
 4.146264  0.149836 2 4
 4.146264  0.149892 2 5
 4.146264  0.894899 2 6
 4.146264  0.896109 2 7
 4.146264  0.896298 2 8
 4.146264  1.012231 2 9
 4.201820 -0.106487 2 1
 4.201820 -0.106338 2 2
 4.201820 -0.092957 2 3
 4.201820  0.148995 2 4
 4.201820  0.149785 2 5
 4.201820  0.746757 2 6
 4.201820  0.863097 2 7
 4.201820  1.057292 2 8
 4.201820  1.069681 2 9
 4.257375 -0.119529 2 1
 4.257375 -0.108254 2 2
 4.257375 -0.080106 2 3
 4.257375  0.146386 2 4
 4.257375  0.149556 2 5
 4.257375  0.624120 2 6
 4.257375  0.815984 2 7
 4.257375  1.138884 2 8
 4.257375  1.263845 2 9
 4.312931 -0.138757 2 1
 4.312931 -0.107586 2 2
 4.312931 -0.063158 2 3
 4.312931  0.142519 2 4
 4.312931  0.149139 2 5
 4.312931  0.524981 2 6
 4.312931  0.779430 2 7
 4.312931  1.228187 2 8
 4.312931  1.471614 2 9
 4.368487 -0.161423 2 1
 4.368487 -0.105140 2 2
 4.368487 -0.042841 2 3
 4.368487  0.137960 2 4
 4.368487  0.148625 2 5
 4.368487  0.443292 2 6
 4.368487  0.757263 2 7
 4.368487  1.321742 2 8
 4.368487  1.684887 2 9
 4.424042 -0.184652 2 1
 4.424042 -0.101621 2 2
 4.424042 -0.019832 2 3
 4.424042  0.133287 2 4
 4.424042  0.148141 2 5
 4.424042  0.374056 2 6
 4.424042  0.748941 2 7
 4.424042  1.419135 2 8
 4.424042  1.892704 2 9
 4.479598 -0.205343 2 1
 4.479598 -0.097769 2 2
 4.479598  0.006047 2 3
 4.479598  0.129053 2 4
 4.479598  0.147717 2 5
 4.479598  0.315321 2 6
 4.479598  0.747655 2 7
 4.479598  1.517287 2 8
 4.479598  2.079793 2 9
 4.535153 -0.221093 2 1
 4.535153 -0.094320 2 2
 4.535153  0.035015 2 3
 4.535153  0.125706 2 4
 4.535153  0.147304 2 5
 4.535153  0.266597 2 6
 4.535153  0.744137 2 7
 4.535153  1.608766 2 8
 4.535153  2.228517 2 9
 4.590709 -0.230713 2 1
 4.590709 -0.091939 2 2
 4.590709  0.063309 2 3
 4.590709  0.123557 2 4
 4.590709  0.146951 2 5
 4.590709  0.229369 2 6
 4.590709  0.736740 2 7
 4.590709  1.678258 2 8
 4.590709  2.323771 2 9
 4.646264 -0.233892 2 1
 4.646264 -0.091091 2 2
 4.646264  0.077149 2 3
 4.646264  0.122805 2 4
 4.646264  0.146826 2 5
 4.646264  0.213329 2 6
 4.646264  0.732877 2 7
 4.646264  1.705038 2 8
 4.646264  2.357022 2 9
