 0.000000 -0.593865 1 1
 0.000000 -0.145437 1 2
 0.000000 -0.145434 1 3
 0.000000 -0.145431 1 4
 0.000000 -0.049713 1 5
 0.000000 -0.049707 1 6
 0.000000  2.468382 1 7
 0.000000  2.468641 1 8
 0.000000  2.468778 1 9
 0.050000 -0.590170 1 1
 0.050000 -0.145467 1 2
 0.050000 -0.145453 1 3
 0.050000 -0.144296 1 4
 0.050000 -0.051355 1 5
 0.050000 -0.048997 1 6
 0.050000  2.438752 1 7
 0.050000  2.440740 1 8
 0.050000  2.463444 1 9
 0.100000 -0.579386 1 1
 0.100000 -0.145559 1 2
 0.100000 -0.145510 1 3
 0.100000 -0.141104 1 4
 0.100000 -0.056261 1 5
 0.100000 -0.046966 1 6
 0.100000  2.360529 1 7
 0.100000  2.365542 1 8
 0.100000  2.446220 1 9
 0.150000 -0.561848 1 1
 0.150000 -0.145504 1 2
 0.150000 -0.145395 1 3
 0.150000 -0.136088 1 4
 0.150000 -0.064287 1 5
 0.150000 -0.043760 1 6
 0.150000  2.257643 1 7
 0.150000  2.265793 1 8
 0.150000  2.410073 1 9
 0.200000 -0.537084 1 1
 0.200000 -0.144953 1 2
 0.200000 -0.144798 1 3
 0.200000 -0.129413 1 4
 0.200000 -0.075263 1 5
 0.200000 -0.039449 1 6
 0.200000  2.151824 1 7
 0.200000  2.162141 1 8
 0.200000  2.346838 1 9
 0.250000 -0.504844 1 1
 0.250000 -0.143524 1 2
 0.250000 -0.143373 1 3
 0.250000 -0.121125 1 4
 0.250000 -0.088979 1 5
 0.250000 -0.033937 1 6
 0.250000  2.051539 1 7
 0.250000  2.061942 1 8
 0.250000  2.260245 1 9
 0.300000 -0.466964 1 1
 0.300000 -0.140921 1 2
 0.300000 -0.140807 1 3
 0.300000 -0.111260 1 4
 0.300000 -0.105153 1 5
 0.300000 -0.027008 1 6
 0.300000  1.953336 1 7
 0.300000  1.961609 1 8
 0.300000  2.170702 1 9
 0.350000 -0.427073 1 1
 0.350000 -0.136939 1 2
 0.350000 -0.136844 1 3
 0.350000 -0.123393 1 4
 0.350000 -0.100002 1 5
 0.350000 -0.018344 1 6
 0.350000  1.852431 1 7
 0.350000  1.857688 1 8
 0.350000  2.097410 1 9
 0.400000 -0.387919 1 1
 0.400000 -0.143225 1 2
 0.400000 -0.131359 1 3
 0.400000 -0.131242 1 4
 0.400000 -0.087695 1 5
 0.400000 -0.007043 1 6
 0.400000  1.750564 1 7
 0.400000  1.753424 1 8
 0.400000  2.038049 1 9
 0.450000 -0.350349 1 1
 0.450000 -0.164111 1 2
 0.450000 -0.123874 1 3
 0.450000 -0.123699 1 4
 0.450000 -0.074726 1 5
 0.450000  0.009628 1 6
 0.450000  1.654292 1 7
 0.450000  1.655681 1 8
 0.450000  1.976259 1 9
 0.500000 -0.316064 1 1
 0.500000 -0.185491 1 2
 0.500000 -0.114115 1 3
 0.500000 -0.113912 1 4
 0.500000 -0.061394 1 5
 0.500000  0.037121 1 6
 0.500000  1.567469 1 7
 0.500000  1.568081 1 8
 0.500000  1.906658 1 9
 0.550000 -0.289745 1 1
 0.550000 -0.206763 1 2
 0.550000 -0.101890 1 3
 0.550000 -0.101731 1 4
 0.550000 -0.047931 1 5
 0.550000  0.081308 1 6
 0.550000  1.486669 1 7
 0.550000  1.487344 1 8
 0.550000  1.842010 1 9
 0.600000 -0.275512 1 1
 0.600000 -0.227313 1 2
 0.600000 -0.087352 1 3
 0.600000 -0.087284 1 4
 0.600000 -0.034608 1 5
 0.600000  0.142432 1 6
 0.600000  1.404907 1 7
 0.600000  1.405599 1 8
 0.600000  1.794582 1 9
 0.650000 -0.272801 1 1
 0.650000 -0.246588 1 2
 0.650000 -0.070974 1 3
 0.650000 -0.070903 1 4
 0.650000 -0.021813 1 5
 0.650000  0.213167 1 6
 0.650000  1.317523 1 7
 0.650000  1.318063 1 8
 0.650000  1.758046 1 9
 0.700000 -0.277859 1 1
 0.700000 -0.264149 1 2
 0.700000 -0.053244 1 3
 0.700000 -0.053094 1 4
 0.700000 -0.009988 1 5
 0.700000  0.285521 1 6
 0.700000  1.226173 1 7
 0.700000  1.226579 1 8
 0.700000  1.714253 1 9
 0.750000 -0.286606 1 1
 0.750000 -0.279667 1 2
 0.750000 -0.034676 1 3
 0.750000 -0.034504 1 4
 0.750000  0.000505 1 5
 0.750000  0.359424 1 6
 0.750000  1.137215 1 7
 0.750000  1.137489 1 8
 0.750000  1.657208 1 9
 0.800000 -0.295965 1 1
 0.800000 -0.292863 1 2
 0.800000 -0.016159 1 3
 0.800000 -0.016028 1 4
 0.800000  0.009453 1 5
 0.800000  0.446424 1 6
 0.800000  1.057221 1 7
 0.800000  1.057363 1 8
 0.800000  1.602010 1 9
 0.850000 -0.304356 1 1
 0.850000 -0.303462 1 2
 0.850000  0.000886 1 3
 0.850000  0.000958 1 4
 0.850000  0.016734 1 5
 0.850000  0.562240 1 6
 0.850000  0.990324 1 7
 0.850000  0.990569 1 8
 0.850000  1.565188 1 9
 0.900000 -0.311209 1 1
 0.900000 -0.311183 1 2
 0.900000  0.014695 1 3
 0.900000  0.014744 1 4
 0.900000  0.022201 1 5
 0.900000  0.705558 1 6
 0.900000  0.939200 1 7
 0.900000  0.939679 1 8
 0.900000  1.545165 1 9
 0.950000 -0.315919 1 1
 0.950000 -0.315827 1 2
 0.950000  0.023648 1 3
 0.950000  0.023757 1 4
 0.950000  0.025640 1 5
 0.950000  0.838678 1 6
 0.950000  0.906702 1 7
 0.950000  0.907251 1 8
 0.950000  1.530454 1 9
 1.000000 -0.317498 1 1
 1.000000 -0.317494 1 2
 1.000000  0.026669 1 3
 1.000000  0.026899 1 4
 1.000000  0.026904 1 5
 1.000000  0.895583 1 6
 1.000000  0.895905 1 7
 1.000000  0.896159 1 8
 1.000000  1.522824 1 9
 1.000000 -0.317498 1 1
 1.000000 -0.317494 1 2
 1.000000  0.026669 1 3
 1.000000  0.026899 1 4
 1.000000  0.026904 1 5
 1.000000  0.895583 1 6
 1.000000  0.895905 1 7
 1.000000  0.896159 1 8
 1.000000  1.522824 1 9
 1.050508 -0.315870 1 1
 1.050508 -0.315806 1 2
 1.050508  0.022137 1 3
 1.050508  0.023619 1 4
 1.050508  0.027113 1 5
 1.050508  0.865194 1 6
 1.050508  0.877547 1 7
 1.050508  0.907270 1 8
 1.050508  1.531511 1 9
 1.101015 -0.311185 1 1
 1.101015 -0.310825 1 2
 1.101015  0.008955 1 3
 1.101015  0.014104 1 4
 1.101015  0.027808 1 5
 1.101015  0.787318 1 6
 1.101015  0.833226 1 7
 1.101015  0.942127 1 8
 1.101015  1.555791 1 9
 1.151523 -0.303976 1 1
 1.151523 -0.302719 1 2
 1.151523 -0.011108 1 3
 1.151523 -0.001022 1 4
 1.151523  0.028953 1 5
 1.151523  0.691314 1 6
 1.151523  0.781667 1 7
 1.151523  0.998381 1 8
 1.151523  1.592428 1 9
 1.202031 -0.295072 1 1
 1.202031 -0.291416 1 2
 1.202031 -0.035793 1 3
 1.202031 -0.020079 1 4
 1.202031  0.030485 1 5
 1.202031  0.600137 1 6
 1.202031  0.734131 1 7
 1.202031  1.068675 1 8
 1.202031  1.641229 1 9
 1.252538 -0.285801 1 1
 1.252538 -0.276709 1 2
 1.252538 -0.062932 1 3
 1.252538 -0.040551 1 4
 1.252538  0.032308 1 5
 1.252538  0.520936 1 6
 1.252538  0.691756 1 7
 1.252538  1.142776 1 8
 1.252538  1.701986 1 9
 1.303046 -0.278300 1 1
 1.303046 -0.258602 1 2
 1.303046 -0.090856 1 3
 1.303046 -0.059523 1 4
 1.303046  0.034316 1 5
 1.303046  0.450519 1 6
 1.303046  0.652552 1 7
 1.303046  1.214542 1 8
 1.303046  1.772851 1 9
 1.353553 -0.275347 1 1
 1.353553 -0.237397 1 2
 1.353553 -0.118214 1 3
 1.353553 -0.073697 1 4
 1.353553  0.036416 1 5
 1.353553  0.385265 1 6
 1.353553  0.617840 1 7
 1.353553  1.285052 1 8
 1.353553  1.851054 1 9
 1.404061 -0.278820 1 1
 1.404061 -0.213252 1 2
 1.404061 -0.143819 1 3
 1.404061 -0.080308 1 4
 1.404061  0.038529 1 5
 1.404061  0.324339 1 6
 1.404061  0.591859 1 7
 1.404061  1.358257 1 8
 1.404061  1.933746 1 9
 1.454569 -0.287806 1 1
 1.454569 -0.185943 1 2
 1.454569 -0.166626 1 3
 1.454569 -0.079092 1 4
 1.454569  0.040565 1 5
 1.454569  0.267493 1 6
 1.454569  0.577197 1 7
 1.454569  1.433627 1 8
 1.454569  2.017887 1 9
 1.505076 -0.299353 1 1
 1.505076 -0.185887 1 2
 1.505076 -0.155258 1 3
 1.505076 -0.072521 1 4
 1.505076  0.042410 1 5
 1.505076  0.213558 1 6
 1.505076  0.571619 1 7
 1.505076  1.504617 1 8
 1.505076  2.099878 1 9
 1.555584 -0.310954 1 1
 1.555584 -0.201246 1 2
 1.555584 -0.121600 1 3
 1.555584 -0.063877 1 4
 1.555584  0.043941 1 5
 1.555584  0.161604 1 6
 1.555584  0.569405 1 7
 1.555584  1.564325 1 8
 1.555584  2.174959 1 9
 1.606092 -0.321050 1 1
 1.606092 -0.212512 1 2
 1.606092 -0.086479 1 3
 1.606092 -0.055896 1 4
 1.606092  0.045063 1 5
 1.606092  0.112715 1 6
 1.606092  0.566027 1 7
 1.606092  1.609508 1 8
 1.606092  2.236281 1 9
 1.656599 -0.328183 1 1
 1.656599 -0.219457 1 2
 1.656599 -0.053514 1 3
 1.656599 -0.050434 1 4
 1.656599  0.045728 1 5
 1.656599  0.071025 1 6
 1.656599  0.561580 1 7
 1.656599  1.638608 1 8
 1.656599  2.276374 1 9
 1.707107 -0.330835 1 1
 1.707107 -0.221797 1 2
 1.707107 -0.048522 1 3
 1.707107 -0.036213 1 4
 1.707107  0.045928 1 5
 1.707107  0.050742 1 6
 1.707107  0.559384 1 7
 1.707107  1.648959 1 8
 1.707107  2.289895 1 9
 1.707107 -0.330835 1 1
 1.707107 -0.221797 1 2
 1.707107 -0.048522 1 3
 1.707107 -0.036213 1 4
 1.707107  0.045928 1 5
 1.707107  0.050742 1 6
 1.707107  0.559384 1 7
 1.707107  1.648959 1 8
 1.707107  2.289895 1 9
 1.757614 -0.331100 1 1
 1.757614 -0.220921 1 2
 1.757614 -0.049462 1 3
 1.757614 -0.036473 1 4
 1.757614  0.036491 1 5
 1.757614  0.042990 1 6
 1.757614  0.598673 1 7
 1.757614  1.652086 1 8
 1.757614  2.289391 1 9
 1.808122 -0.332335 1 1
 1.808122 -0.218307 1 2
 1.808122 -0.052840 1 3
 1.808122 -0.037224 1 4
 1.808122  0.000497 1 5
 1.808122  0.034447 1 6
 1.808122  0.707125 1 7
 1.808122  1.666395 1 8
 1.808122  2.290993 1 9
 1.858630 -0.336253 1 1
 1.858630 -0.214018 1 2
 1.858630 -0.065569 1 3
 1.858630 -0.038389 1 4
 1.858630 -0.037728 1 5
 1.858630  0.021050 1 6
 1.858630  0.863731 1 7
 1.858630  1.701055 1 8
 1.858630  2.301504 1 9
 1.909137 -0.346313 1 1
 1.909137 -0.208220 1 2
 1.909137 -0.101731 1 3
 1.909137 -0.050992 1 4
 1.909137 -0.039849 1 5
 1.909137  0.003850 1 6
 1.909137  1.044637 1 7
 1.909137  1.756667 1 8
 1.909137  2.321464 1 9
 1.959645 -0.366183 1 1
 1.959645 -0.201208 1 2
 1.959645 -0.133071 1 3
 1.959645 -0.056402 1 4
 1.959645 -0.041464 1 5
 1.959645 -0.015951 1 6
 1.959645  1.228971 1 7
 1.959645  1.822083 1 8
 1.959645  2.342866 1 9
 2.010153 -0.395707 1 1
 2.010153 -0.193338 1 2
 2.010153 -0.149314 1 3
 2.010153 -0.060524 1 4
 2.010153 -0.043098 1 5
 2.010153 -0.037148 1 6
 2.010153  1.406330 1 7
 2.010153  1.884774 1 8
 2.010153  2.356957 1 9
 2.060660 -0.430821 1 1
 2.060660 -0.184970 1 2
 2.060660 -0.154160 1 3
 2.060660 -0.063511 1 4
 2.060660 -0.058551 1 5
 2.060660 -0.044634 1 6
 2.060660  1.577883 1 7
 2.060660  1.941750 1 8
 2.060660  2.362852 1 9
 2.111168 -0.467664 1 1
 2.111168 -0.176448 1 2
 2.111168 -0.153320 1 3
 2.111168 -0.079093 1 4
 2.111168 -0.064868 1 5
 2.111168 -0.045989 1 6
 2.111168  1.748929 1 7
 2.111168  2.000555 1 8
 2.111168  2.368285 1 9
 2.161675 -0.503249 1 1
 2.161675 -0.168158 1 2
 2.161675 -0.150630 1 3
 2.161675 -0.097871 1 4
 2.161675 -0.064188 1 5
 2.161675 -0.047119 1 6
 2.161675  1.919378 1 7
 2.161675  2.071661 1 8
 2.161675  2.381954 1 9
 2.212183 -0.534782 1 1
 2.212183 -0.160569 1 2
 2.212183 -0.148113 1 3
 2.212183 -0.114164 1 4
 2.212183 -0.061545 1 5
 2.212183 -0.048026 1 6
 2.212183  2.082616 1 7
 2.212183  2.160152 1 8
 2.212183  2.405212 1 9
 2.262691 -0.560255 1 1
 2.262691 -0.154167 1 2
 2.262691 -0.146511 1 3
 2.262691 -0.127448 1 4
 2.262691 -0.057656 1 5
 2.262691 -0.048737 1 6
 2.262691  2.230554 1 7
 2.262691  2.261919 1 8
 2.262691  2.431543 1 9
 2.313198 -0.578765 1 1
 2.313198 -0.149367 1 2
 2.313198 -0.145756 1 3
 2.313198 -0.137298 1 4
 2.313198 -0.053681 1 5
 2.313198 -0.049266 1 6
 2.313198  2.353568 1 7
 2.313198  2.362828 1 8
 2.313198  2.452861 1 9
 2.363706 -0.590055 1 1
 2.363706 -0.146422 1 2
 2.363706 -0.145490 1 3
 2.363706 -0.143379 1 4
 2.363706 -0.050769 1 5
 2.363706 -0.049599 1 6
 2.363706  2.437617 1 7
 2.363706  2.440151 1 8
 2.363706  2.465144 1 9
 2.414214 -0.593865 1 1
 2.414214 -0.145437 1 2
 2.414214 -0.145434 1 3
 2.414214 -0.145431 1 4
 2.414214 -0.049713 1 5
 2.414214 -0.049707 1 6
 2.414214  2.468382 1 7
 2.414214  2.468641 1 8
 2.414214  2.468778 1 9
 2.414214 -0.593865 1 1
 2.414214 -0.145437 1 2
 2.414214 -0.145434 1 3
 2.414214 -0.145431 1 4
 2.414214 -0.049713 1 5
 2.414214 -0.049707 1 6
 2.414214  2.468382 1 7
 2.414214  2.468641 1 8
 2.414214  2.468778 1 9
 2.465156 -0.589988 1 1
 2.465156 -0.146123 1 2
 2.465156 -0.146098 1 3
 2.465156 -0.143002 1 4
 2.465156 -0.050194 1 5
 2.465156 -0.050172 1 6
 2.465156  2.429746 1 7
 2.465156  2.455152 1 8
 2.465156  2.456481 1 9
 2.516099 -0.578457 1 1
 2.516099 -0.148311 1 2
 2.516099 -0.148274 1 3
 2.516099 -0.135776 1 4
 2.516099 -0.051472 1 5
 2.516099 -0.051430 1 6
 2.516099  2.324005 1 7
 2.516099  2.419109 1 8
 2.516099  2.420693 1 9
 2.567042 -0.559694 1 1
 2.567042 -0.152232 1 2
 2.567042 -0.152192 1 3
 2.567042 -0.123847 1 4
 2.567042 -0.053082 1 5
 2.567042 -0.053015 1 6
 2.567042  2.181150 1 7
 2.567042  2.363589 1 8
 2.567042  2.365197 1 9
 2.617984 -0.534368 1 1
 2.617984 -0.158064 1 2
 2.617984 -0.158030 1 3
 2.617984 -0.107371 1 4
 2.617984 -0.054420 1 5
 2.617984 -0.054322 1 6
 2.617984  2.031949 1 7
 2.617984  2.289696 1 8
 2.617984  2.291670 1 9
 2.668927 -0.503084 1 1
 2.668927 -0.165723 1 2
 2.668927 -0.165703 1 3
 2.668927 -0.086529 1 4
 2.668927 -0.054974 1 5
 2.668927 -0.054842 1 6
 2.668927  1.894882 1 7
 2.668927  2.197274 1 8
 2.668927  2.199363 1 9
 2.719870 -0.466324 1 1
 2.719870 -0.174772 1 2
 2.719870 -0.174760 1 3
 2.719870 -0.061413 1 4
 2.719870 -0.054502 1 5
 2.719870 -0.054332 1 6
 2.719870  1.773560 1 7
 2.719870  2.088963 1 8
 2.719870  2.090687 1 9
 2.770812 -0.424914 1 1
 2.770812 -0.184529 1 2
 2.770812 -0.184511 1 3
 2.770812 -0.053042 1 4
 2.770812 -0.052836 1 5
 2.770812 -0.031827 1 6
 2.770812  1.662692 1 7
 2.770812  1.972573 1 8
 2.770812  1.973829 1 9
 2.821755 -0.380672 1 1
 2.821755 -0.194253 1 2
 2.821755 -0.194231 1 3
 2.821755 -0.050808 1 4
 2.821755 -0.050587 1 5
 2.821755  0.002761 1 6
 2.821755  1.556338 1 7
 2.821755  1.856484 1 8
 2.821755  1.857569 1 9
 2.872698 -0.336365 1 1
 2.872698 -0.203283 1 2
 2.872698 -0.203254 1 3
 2.872698 -0.048085 1 4
 2.872698 -0.047889 1 5
 2.872698  0.043037 1 6
 2.872698  1.452169 1 7
 2.872698  1.742198 1 8
 2.872698  1.742848 1 9
 2.923640 -0.294930 1 1
 2.923640 -0.211043 1 2
 2.923640 -0.211005 1 3
 2.923640 -0.045171 1 4
 2.923640 -0.045030 1 5
 2.923640  0.089656 1 6
 2.923640  1.351209 1 7
 2.923640  1.622405 1 8
 2.923640  1.622948 1 9
 2.974583 -0.258758 1 1
 2.974583 -0.217072 1 2
 2.974583 -0.217031 1 3
 2.974583 -0.042327 1 4
 2.974583 -0.042240 1 5
 2.974583  0.143612 1 6
 2.974583  1.255624 1 7
 2.974583  1.489385 1 8
 2.974583  1.490632 1 9
 3.025526 -0.229927 1 1
 3.025526 -0.221062 1 2
 3.025526 -0.221030 1 3
 3.025526 -0.039760 1 4
 3.025526 -0.039690 1 5
 3.025526  0.206421 1 6
 3.025526  1.167821 1 7
 3.025526  1.344546 1 8
 3.025526  1.345782 1 9
 3.076468 -0.222884 1 1
 3.076468 -0.222869 1 2
 3.076468 -0.210167 1 3
 3.076468 -0.037599 1 4
 3.076468 -0.037518 1 5
 3.076468  0.279604 1 6
 3.076468  1.090357 1 7
 3.076468  1.197273 1 8
 3.076468  1.197797 1 9
 3.127411 -0.222591 1 1
 3.127411 -0.222579 1 2
 3.127411 -0.200034 1 3
 3.127411 -0.035920 1 4
 3.127411 -0.035824 1 5
 3.127411  0.364512 1 6
 3.127411  1.025732 1 7
 3.127411  1.058461 1 8
 3.127411  1.058981 1 9
 3.178354 -0.220391 1 1
 3.178354 -0.220366 1 2
 3.178354 -0.198402 1 3
 3.178354 -0.034746 1 4
 3.178354 -0.034655 1 5
 3.178354  0.464445 1 6
 3.178354  0.935209 1 7
 3.178354  0.936221 1 8
 3.178354  0.975580 1 9
 3.229296 -0.216651 1 1
 3.229296 -0.216629 1 2
 3.229296 -0.203098 1 3
 3.229296 -0.034065 1 4
 3.229296 -0.034011 1 5
 3.229296  0.587412 1 6
 3.229296  0.829364 1 7
 3.229296  0.830432 1 8
 3.229296  0.939946 1 9
 3.280239 -0.211895 1 1
 3.280239 -0.211879 1 2
 3.280239 -0.211876 1 3
 3.280239 -0.033845 1 4
 3.280239 -0.033839 1 5
 3.280239  0.739848 1 6
 3.280239  0.740826 1 7
 3.280239  0.740973 1 8
 3.280239  0.922132 1 9
 3.280239 -0.211895 1 1
 3.280239 -0.211879 1 2
 3.280239 -0.211876 1 3
 3.280239 -0.033845 1 4
 3.280239 -0.033839 1 5
 3.280239  0.739848 1 6
 3.280239  0.740826 1 7
 3.280239  0.740973 1 8
 3.280239  0.922132 1 9
 3.331182 -0.222767 1 1
 3.331182 -0.206695 1 2
 3.331182 -0.206679 1 3
 3.331182 -0.034042 1 4
 3.331182 -0.034013 1 5
 3.331182  0.667674 1 6
 3.331182  0.668583 1 7
 3.331182  0.846982 1 8
 3.331182  1.005413 1 9
 3.382124 -0.233719 1 1
 3.382124 -0.201677 1 2
 3.382124 -0.201663 1 3
 3.382124 -0.034455 1 4
 3.382124 -0.034446 1 5
 3.382124  0.613880 1 6
 3.382124  0.614647 1 7
 3.382124  0.842228 1 8
 3.382124  1.244280 1 9
 3.433067 -0.242579 1 1
 3.433067 -0.197655 1 2
 3.433067 -0.197641 1 3
 3.433067 -0.034876 1 4
 3.433067 -0.034840 1 5
 3.433067  0.577225 1 6
 3.433067  0.577760 1 7
 3.433067  0.825138 1 8
 3.433067  1.509995 1 9
 3.484010 -0.247450 1 1
 3.484010 -0.195725 1 2
 3.484010 -0.195699 1 3
 3.484010 -0.034913 1 4
 3.484010 -0.034852 1 5
 3.484010  0.552456 1 6
 3.484010  0.552747 1 7
 3.484010  0.808913 1 8
 3.484010  1.747974 1 9
 3.534952 -0.247098 1 1
 3.534952 -0.196959 1 2
 3.534952 -0.196922 1 3
 3.534952 -0.034109 1 4
 3.534952 -0.034056 1 5
 3.534952  0.533529 1 6
 3.534952  0.533709 1 7
 3.534952  0.796623 1 8
 3.534952  1.926616 1 9
 3.585895 -0.240901 1 1
 3.585895 -0.201906 1 2
 3.585895 -0.201867 1 3
 3.585895 -0.032049 1 4
 3.585895 -0.032012 1 5
 3.585895  0.519038 1 6
 3.585895  0.519229 1 7
 3.585895  0.790301 1 8
 3.585895  2.041843 1 9
 3.636838 -0.228563 1 1
 3.636838 -0.210355 1 2
 3.636838 -0.210310 1 3
 3.636838 -0.028438 1 4
 3.636838 -0.028390 1 5
 3.636838  0.514329 1 6
 3.636838  0.514480 1 7
 3.636838  0.792134 1 8
 3.636838  2.101879 1 9
 3.687780 -0.221623 1 1
 3.687780 -0.221568 1 2
 3.687780 -0.209992 1 3
 3.687780 -0.023202 1 4
 3.687780 -0.023134 1 5
 3.687780  0.527269 1 6
 3.687780  0.527387 1 7
 3.687780  0.803106 1 8
 3.687780  2.107909 1 9
 3.738723 -0.235016 1 1
 3.738723 -0.234972 1 2
 3.738723 -0.185505 1 3
 3.738723 -0.016628 1 4
 3.738723 -0.016551 1 5
 3.738723  0.560773 1 6
 3.738723  0.560955 1 7
 3.738723  0.820213 1 8
 3.738723  2.059864 1 9
 3.789666 -0.249836 1 1
 3.789666 -0.249816 1 2
 3.789666 -0.156074 1 3
 3.789666 -0.009299 1 4
 3.789666 -0.009222 1 5
 3.789666  0.608412 1 6
 3.789666  0.608718 1 7
 3.789666  0.836779 1 8
 3.789666  1.971701 1 9
 3.840608 -0.265132 1 1
 3.840608 -0.265101 1 2
 3.840608 -0.123138 1 3
 3.840608 -0.001770 1 4
 3.840608 -0.001695 1 5
 3.840608  0.658324 1 6
 3.840608  0.658661 1 7
 3.840608  0.847275 1 8
 3.840608  1.868052 1 9
 3.891551 -0.279695 1 1
 3.891551 -0.279660 1 2
 3.891551 -0.088357 1 3
 3.891551  0.005586 1 4
 3.891551  0.005662 1 5
 3.891551  0.702651 1 6
 3.891551  0.702850 1 7
 3.891551  0.852108 1 8
 3.891551  1.768872 1 9
 3.942494 -0.292509 1 1
 3.942494 -0.292488 1 2
 3.942494 -0.053690 1 3
 3.942494  0.012471 1 4
 3.942494  0.012553 1 5
 3.942494  0.743311 1 6
 3.942494  0.743493 1 7
 3.942494  0.856885 1 8
 3.942494  1.682997 1 9
 3.993436 -0.302997 1 1
 3.993436 -0.302989 1 2
 3.993436 -0.021776 1 3
 3.993436  0.018451 1 4
 3.993436  0.018553 1 5
 3.993436  0.787647 1 6
 3.993436  0.787956 1 7
 3.993436  0.866384 1 8
 3.993436  1.613446 1 9
 4.044379 -0.310868 1 1
 4.044379 -0.310855 1 2
 4.044379  0.004143 1 3
 4.044379  0.023002 1 4
 4.044379  0.023144 1 5
 4.044379  0.836798 1 6
 4.044379  0.837065 1 7
 4.044379  0.879807 1 8
 4.044379  1.562683 1 9
 4.095322 -0.315808 1 1
 4.095322 -0.315797 1 2
 4.095322  0.021016 1 3
 4.095322  0.025777 1 4
 4.095322  0.025962 1 5
 4.095322  0.878720 1 6
 4.095322  0.878913 1 7
 4.095322  0.891585 1 8
 4.095322  1.532536 1 9
 4.146264 -0.317498 1 1
 4.146264 -0.317494 1 2
 4.146264  0.026669 1 3
 4.146264  0.026899 1 4
 4.146264  0.026904 1 5
 4.146264  0.895583 1 6
 4.146264  0.895905 1 7
 4.146264  0.896159 1 8
 4.146264  1.522824 1 9
 4.146264 -0.211895 1 1
 4.146264 -0.211879 1 2
 4.146264 -0.211876 1 3
 4.146264 -0.033845 1 4
 4.146264 -0.033839 1 5
 4.146264  0.739848 1 6
 4.146264  0.740826 1 7
 4.146264  0.740973 1 8
 4.146264  0.922132 1 9
 4.201820 -0.219830 1 1
 4.201820 -0.216052 1 2
 4.201820 -0.200373 1 3
 4.201820 -0.034179 1 4
 4.201820 -0.033913 1 5
 4.201820  0.606579 1 6
 4.201820  0.719100 1 7
 4.201820  0.912516 1 8
 4.201820  0.957249 1 9
 4.257375 -0.227765 1 1
 4.257375 -0.224820 1 2
 4.257375 -0.184550 1 3
 4.257375 -0.035273 1 4
 4.257375 -0.034125 1 5
 4.257375  0.505299 1 6
 4.257375  0.677744 1 7
 4.257375  1.037276 1 8
 4.257375  1.117429 1 9
 4.312931 -0.245020 1 1
 4.312931 -0.227277 1 2
 4.312931 -0.164108 1 3
 4.312931 -0.037073 1 4
 4.312931 -0.034460 1 5
 4.312931  0.422816 1 6
 4.312931  0.635698 1 7
 4.312931  1.136953 1 8
 4.312931  1.343683 1 9
 4.368487 -0.265347 1 1
 4.368487 -0.227720 1 2
 4.368487 -0.139718 1 3
 4.368487 -0.039452 1 4
 4.368487 -0.034831 1 5
 4.368487  0.345721 1 6
 4.368487  0.599728 1 7
 4.368487  1.243980 1 8
 4.368487  1.577167 1 9
 4.424042 -0.286161 1 1
 4.424042 -0.226818 1 2
 4.424042 -0.112128 1 3
 4.424042 -0.042113 1 4
 4.424042 -0.035153 1 5
 4.424042  0.270489 1 6
 4.424042  0.574292 1 7
 4.424042  1.351661 1 8
 4.424042  1.802110 1 9
 4.479598 -0.304842 1 1
 4.479598 -0.225234 1 2
 4.479598 -0.080584 1 3
 4.479598 -0.044650 1 4
 4.479598 -0.035444 1 5
 4.479598  0.202287 1 6
 4.479598  0.561025 1 7
 4.479598  1.456413 1 8
 4.479598  2.001041 1 9
 4.535153 -0.319192 1 1
 4.535153 -0.223550 1 2
 4.535153 -0.046710 1 3
 4.535153 -0.042956 1 4
 4.535153 -0.035768 1 5
 4.535153  0.145001 1 6
 4.535153  0.557335 1 7
 4.535153  1.551718 1 8
 4.535153  2.156800 1 9
 4.590709 -0.327962 1 1
 4.590709 -0.222275 1 2
 4.590709 -0.048052 1 3
 4.590709 -0.036081 1 4
 4.590709  0.001055 1 5
 4.590709  0.095651 1 6
 4.590709  0.558258 1 7
 4.590709  1.622296 1 8
 4.590709  2.255693 1 9
 4.646264 -0.330835 1 1
 4.646264 -0.221797 1 2
 4.646264 -0.048522 1 3
 4.646264 -0.036213 1 4
 4.646264  0.045928 1 5
 4.646264  0.050742 1 6
 4.646264  0.559384 1 7
 4.646264  1.648959 1 8
 4.646264  2.289895 1 9
