 0.000000 -0.217245 2 1
 0.000000 -0.213521 2 2
 0.000000 -0.156317 2 3
 0.000000 -0.156150 2 4
 0.000000 -0.092154 2 5
 0.000000 -0.091700 2 6
 0.000000 -0.051857 2 7
 0.000000 -0.051426 2 8
 0.000000  0.002896 2 9
 0.000000  0.003371 2 10
 0.000000  0.139783 2 11
 0.000000  0.139816 2 12
 0.000000  0.288689 2 13
 0.000000  0.290013 2 14
 0.000000  0.294741 2 15
 0.000000  0.296419 2 16
 0.000000  0.341173 2 17
 0.000000  0.342718 2 18
 0.000000  0.596512 2 19
 0.000000  0.597064 2 20
 0.000000  0.605550 2 21
 0.000000  0.605832 2 22
 0.026316 -0.218007 2 1
 0.026316 -0.213930 2 2
 0.026316 -0.156468 2 3
 0.026316 -0.156007 2 4
 0.026316 -0.092106 2 5
 0.026316 -0.090207 2 6
 0.026316 -0.062943 2 7
 0.026316 -0.039969 2 8
 0.026316 -0.000312 2 9
 0.026316  0.006973 2 10
 0.026316  0.136251 2 11
 0.026316  0.143545 2 12
 0.026316  0.286899 2 13
 0.026316  0.291429 2 14
 0.026316  0.294115 2 15
 0.026316  0.296498 2 16
 0.026316  0.335364 2 17
 0.026316  0.348360 2 18
 0.026316  0.584882 2 19
 0.026316  0.605474 2 20
 0.026316  0.606208 2 21
 0.026316  0.608643 2 22
 0.052632 -0.220067 2 1
 0.052632 -0.215284 2 2
 0.052632 -0.156680 2 3
 0.052632 -0.155834 2 4
 0.052632 -0.091170 2 5
 0.052632 -0.087098 2 6
 0.052632 -0.073230 2 7
 0.052632 -0.028100 2 8
 0.052632 -0.003344 2 9
 0.052632  0.011191 2 10
 0.052632  0.132960 2 11
 0.052632  0.147431 2 12
 0.052632  0.284239 2 13
 0.052632  0.292623 2 14
 0.052632  0.292972 2 15
 0.052632  0.296354 2 16
 0.052632  0.328747 2 17
 0.052632  0.354487 2 18
 0.052632  0.573005 2 19
 0.052632  0.605617 2 20
 0.052632  0.606967 2 21
 0.052632  0.620349 2 22
 0.078947 -0.223035 2 1
 0.078947 -0.217715 2 2
 0.078947 -0.156897 2 3
 0.078947 -0.155713 2 4
 0.078947 -0.092529 2 5
 0.078947 -0.082808 2 6
 0.078947 -0.079115 2 7
 0.078947 -0.016069 2 8
 0.078947 -0.005970 2 9
 0.078947  0.015803 2 10
 0.078947  0.129994 2 11
 0.078947  0.151411 2 12
 0.078947  0.281213 2 13
 0.078947  0.290565 2 14
 0.078947  0.294157 2 15
 0.078947  0.295715 2 16
 0.078947  0.322072 2 17
 0.078947  0.360383 2 18
 0.078947  0.561191 2 19
 0.078947  0.606087 2 20
 0.078947  0.608006 2 21
 0.078947  0.631810 2 22
 0.105263 -0.226601 2 1
 0.105263 -0.221162 2 2
 0.105263 -0.157130 2 3
 0.105263 -0.155683 2 4
 0.105263 -0.100248 2 5
 0.105263 -0.077681 2 6
 0.105263 -0.076576 2 7
 0.105263 -0.008179 2 8
 0.105263 -0.003894 2 9
 0.105263  0.020803 2 10
 0.105263  0.127431 2 11
 0.105263  0.155438 2 12
 0.105263  0.277876 2 13
 0.105263  0.288050 2 14
 0.105263  0.294519 2 15
 0.105263  0.294955 2 16
 0.105263  0.315424 2 17
 0.105263  0.366010 2 18
 0.105263  0.549483 2 19
 0.105263  0.606908 2 20
 0.105263  0.609306 2 21
 0.105263  0.642891 2 22
 0.131579 -0.230552 2 1
 0.131579 -0.225440 2 2
 0.131579 -0.157399 2 3
 0.131579 -0.155776 2 4
 0.131579 -0.109844 2 5
 0.131579 -0.071890 2 6
 0.131579 -0.070380 2 7
 0.131579 -0.009965 2 8
 0.131579  0.008445 2 9
 0.131579  0.026187 2 10
 0.131579  0.125353 2 11
 0.131579  0.159469 2 12
 0.131579  0.274262 2 13
 0.131579  0.285152 2 14
 0.131579  0.292755 2 15
 0.131579  0.295363 2 16
 0.131579  0.308869 2 17
 0.131579  0.371363 2 18
 0.131579  0.537898 2 19
 0.131579  0.608092 2 20
 0.131579  0.610853 2 21
 0.131579  0.653470 2 22
 0.157895 -0.234740 2 1
 0.157895 -0.230315 2 2
 0.157895 -0.157727 2 3
 0.157895 -0.156021 2 4
 0.157895 -0.119337 2 5
 0.157895 -0.065591 2 6
 0.157895 -0.062812 2 7
 0.157895 -0.011326 2 8
 0.157895  0.020949 2 9
 0.157895  0.031935 2 10
 0.157895  0.123854 2 11
 0.157895  0.163461 2 12
 0.157895  0.270406 2 13
 0.157895  0.281950 2 14
 0.157895  0.290440 2 15
 0.157895  0.295379 2 16
 0.157895  0.302474 2 17
 0.157895  0.376437 2 18
 0.157895  0.526470 2 19
 0.157895  0.609637 2 20
 0.157895  0.612629 2 21
 0.157895  0.663407 2 22
 0.184211 -0.239065 2 1
 0.184211 -0.235563 2 2
 0.184211 -0.158138 2 3
 0.184211 -0.156435 2 4
 0.184211 -0.128280 2 5
 0.184211 -0.058990 2 6
 0.184211 -0.054544 2 7
 0.184211 -0.012272 2 8
 0.184211  0.033627 2 9
 0.184211  0.038019 2 10
 0.184211  0.123024 2 11
 0.184211  0.167373 2 12
 0.184211  0.266337 2 13
 0.184211  0.278525 2 14
 0.184211  0.287604 2 15
 0.184211  0.294998 2 16
 0.184211  0.296284 2 17
 0.184211  0.381242 2 18
 0.184211  0.515224 2 19
 0.184211  0.611529 2 20
 0.184211  0.614613 2 21
 0.184211  0.672591 2 22
 0.210526 -0.243449 2 1
 0.210526 -0.240979 2 2
 0.210526 -0.158650 2 3
 0.210526 -0.157023 2 4
 0.210526 -0.136474 2 5
 0.210526 -0.052209 2 6
 0.210526 -0.046054 2 7
 0.210526 -0.012824 2 8
 0.210526  0.044387 2 9
 0.210526  0.046450 2 10
 0.210526  0.122952 2 11
 0.210526  0.171164 2 12
 0.210526  0.262085 2 13
 0.210526  0.274965 2 14
 0.210526  0.284302 2 15
 0.210526  0.290338 2 16
 0.210526  0.294218 2 17
 0.210526  0.385785 2 18
 0.210526  0.504216 2 19
 0.210526  0.613734 2 20
 0.210526  0.616773 2 21
 0.210526  0.680918 2 22
 0.236842 -0.247836 2 1
 0.236842 -0.246378 2 2
 0.236842 -0.159269 2 3
 0.236842 -0.157775 2 4
 0.236842 -0.143805 2 5
 0.236842 -0.045348 2 6
 0.236842 -0.037731 2 7
 0.236842 -0.013017 2 8
 0.236842  0.050962 2 9
 0.236842  0.059362 2 10
 0.236842  0.123707 2 11
 0.236842  0.174793 2 12
 0.236842  0.257682 2 13
 0.236842  0.271362 2 14
 0.236842  0.280609 2 15
 0.236842  0.284660 2 16
 0.236842  0.293029 2 17
 0.236842  0.390067 2 18
 0.236842  0.493525 2 19
 0.236842  0.616197 2 20
 0.236842  0.619067 2 21
 0.236842  0.688313 2 22
 0.263158 -0.252223 2 1
 0.263158 -0.251561 2 2
 0.263158 -0.159992 2 3
 0.263158 -0.158668 2 4
 0.263158 -0.150217 2 5
 0.263158 -0.038488 2 6
 0.263158 -0.029887 2 7
 0.263158 -0.012899 2 8
 0.263158  0.057648 2 9
 0.263158  0.072291 2 10
 0.263158  0.125331 2 11
 0.263158  0.178222 2 12
 0.263158  0.253165 2 13
 0.263158  0.267805 2 14
 0.263158  0.276620 2 15
 0.263158  0.279244 2 16
 0.263158  0.291424 2 17
 0.263158  0.394089 2 18
 0.263158  0.483244 2 19
 0.263158  0.618851 2 20
 0.263158  0.621446 2 21
 0.263158  0.694744 2 22
 0.289474 -0.256848 2 1
 0.289474 -0.256094 2 2
 0.289474 -0.160802 2 3
 0.289474 -0.159663 2 4
 0.289474 -0.155687 2 5
 0.289474 -0.031729 2 6
 0.289474 -0.022774 2 7
 0.289474 -0.012532 2 8
 0.289474  0.064316 2 9
 0.289474  0.085109 2 10
 0.289474  0.127811 2 11
 0.289474  0.181412 2 12
 0.289474  0.248594 2 13
 0.289474  0.264384 2 14
 0.289474  0.272453 2 15
 0.289474  0.274076 2 16
 0.289474  0.289406 2 17
 0.289474  0.397834 2 18
 0.289474  0.473510 2 19
 0.289474  0.621606 2 20
 0.289474  0.623849 2 21
 0.289474  0.700200 2 22
 0.315789 -0.261431 2 1
 0.315789 -0.260088 2 2
 0.315789 -0.161672 2 3
 0.315789 -0.160712 2 4
 0.315789 -0.160238 2 5
 0.315789 -0.025179 2 6
 0.315789 -0.016553 2 7
 0.315789 -0.011984 2 8
 0.315789  0.070822 2 9
 0.315789  0.097670 2 10
 0.315789  0.131071 2 11
 0.315789  0.184329 2 12
 0.315789  0.244045 2 13
 0.315789  0.261177 2 14
 0.315789  0.268241 2 15
 0.315789  0.269123 2 16
 0.315789  0.286992 2 17
 0.315789  0.401283 2 18
 0.315789  0.464464 2 19
 0.315789  0.624365 2 20
 0.315789  0.626213 2 21
 0.315789  0.704716 2 22
 0.342105 -0.265603 2 1
 0.342105 -0.263742 2 2
 0.342105 -0.163917 2 3
 0.342105 -0.162567 2 4
 0.342105 -0.161761 2 5
 0.342105 -0.018971 2 6
 0.342105 -0.011327 2 7
 0.342105 -0.011310 2 8
 0.342105  0.076998 2 9
 0.342105  0.109773 2 10
 0.342105  0.134950 2 11
 0.342105  0.186938 2 12
 0.342105  0.239623 2 13
 0.342105  0.258253 2 14
 0.342105  0.264136 2 15
 0.342105  0.264360 2 16
 0.342105  0.284238 2 17
 0.342105  0.404399 2 18
 0.342105  0.456268 2 19
 0.342105  0.627022 2 20
 0.342105  0.628467 2 21
 0.342105  0.708349 2 22
 0.368421 -0.269256 2 1
 0.368421 -0.267008 2 2
 0.368421 -0.166802 2 3
 0.368421 -0.163445 2 4
 0.368421 -0.162749 2 5
 0.368421 -0.013266 2 6
 0.368421 -0.010633 2 7
 0.368421 -0.007055 2 8
 0.368421  0.082663 2 9
 0.368421  0.121163 2 10
 0.368421  0.139205 2 11
 0.368421  0.189205 2 12
 0.368421  0.235458 2 13
 0.368421  0.255668 2 14
 0.368421  0.259795 2 15
 0.368421  0.260306 2 16
 0.368421  0.281248 2 17
 0.368421  0.407140 2 18
 0.368421  0.449080 2 19
 0.368421  0.629464 2 20
 0.368421  0.630545 2 21
 0.368421  0.711182 2 22
 0.394737 -0.272328 2 1
 0.394737 -0.269813 2 2
 0.394737 -0.168983 2 3
 0.394737 -0.164262 2 4
 0.394737 -0.163624 2 5
 0.394737 -0.009968 2 6
 0.394737 -0.008234 2 7
 0.394737 -0.003740 2 8
 0.394737  0.087634 2 9
 0.394737  0.131535 2 10
 0.394737  0.143517 2 11
 0.394737  0.191104 2 12
 0.394737  0.231692 2 13
 0.394737  0.253454 2 14
 0.394737  0.255490 2 15
 0.394737  0.256922 2 16
 0.394737  0.278195 2 17
 0.394737  0.409461 2 18
 0.394737  0.443034 2 19
 0.394737  0.631584 2 20
 0.394737  0.632392 2 21
 0.394737  0.713313 2 22
 0.421053 -0.274766 2 1
 0.421053 -0.272082 2 2
 0.421053 -0.170555 2 3
 0.421053 -0.164967 2 4
 0.421053 -0.164342 2 5
 0.421053 -0.009389 2 6
 0.421053 -0.004065 2 7
 0.421053 -0.001289 2 8
 0.421053  0.091731 2 9
 0.421053  0.140480 2 10
 0.421053  0.147505 2 11
 0.421053  0.192607 2 12
 0.421053  0.228483 2 13
 0.421053  0.251611 2 14
 0.421053  0.251622 2 15
 0.421053  0.254169 2 16
 0.421053  0.275323 2 17
 0.421053  0.411314 2 18
 0.421053  0.438246 2 19
 0.421053  0.633277 2 20
 0.421053  0.633956 2 21
 0.421053  0.714839 2 22
 0.447368 -0.276534 2 1
 0.447368 -0.273753 2 2
 0.447368 -0.171605 2 3
 0.447368 -0.165512 2 4
 0.447368 -0.164876 2 5
 0.447368 -0.008942 2 6
 0.447368 -0.000931 2 7
 0.447368  0.000386 2 8
 0.447368  0.094792 2 9
 0.447368  0.147510 2 10
 0.447368  0.150763 2 11
 0.447368  0.193695 2 12
 0.447368  0.225994 2 13
 0.447368  0.248428 2 14
 0.447368  0.250175 2 15
 0.447368  0.252205 2 16
 0.447368  0.272934 2 17
 0.447368  0.412661 2 18
 0.447368  0.434788 2 19
 0.447368  0.634488 2 20
 0.447368  0.635169 2 21
 0.447368  0.715854 2 22
 0.473684 -0.277606 2 1
 0.473684 -0.274775 2 2
 0.473684 -0.172204 2 3
 0.473684 -0.165856 2 4
 0.473684 -0.165204 2 5
 0.473684 -0.008661 2 6
 0.473684  0.001016 2 7
 0.473684  0.001357 2 8
 0.473684  0.096686 2 9
 0.473684  0.152056 2 10
 0.473684  0.152911 2 11
 0.473684  0.194353 2 12
 0.473684  0.224399 2 13
 0.473684  0.246297 2 14
 0.473684  0.249196 2 15
 0.473684  0.251084 2 16
 0.473684  0.271337 2 17
 0.473684  0.413476 2 18
 0.473684  0.432705 2 19
 0.473684  0.635212 2 20
 0.473684  0.635939 2 21
 0.473684  0.716430 2 22
 0.500000 -0.277965 2 1
 0.500000 -0.275120 2 2
 0.500000 -0.172398 2 3
 0.500000 -0.165973 2 4
 0.500000 -0.165315 2 5
 0.500000 -0.008565 2 6
 0.500000  0.001669 2 7
 0.500000  0.001684 2 8
 0.500000  0.097327 2 9
 0.500000  0.153576 2 10
 0.500000  0.153725 2 11
 0.500000  0.194574 2 12
 0.500000  0.223846 2 13
 0.500000  0.245542 2 14
 0.500000  0.248843 2 15
 0.500000  0.250726 2 16
 0.500000  0.270774 2 17
 0.500000  0.413748 2 18
 0.500000  0.432010 2 19
 0.500000  0.635453 2 20
 0.500000  0.636203 2 21
 0.500000  0.716617 2 22
 0.500000 -0.277965 2 1
 0.500000 -0.275120 2 2
 0.500000 -0.172398 2 3
 0.500000 -0.165973 2 4
 0.500000 -0.165315 2 5
 0.500000 -0.008565 2 6
 0.500000  0.001669 2 7
 0.500000  0.001684 2 8
 0.500000  0.097327 2 9
 0.500000  0.153576 2 10
 0.500000  0.153725 2 11
 0.500000  0.194574 2 12
 0.500000  0.223846 2 13
 0.500000  0.245542 2 14
 0.500000  0.248843 2 15
 0.500000  0.250726 2 16
 0.500000  0.270774 2 17
 0.500000  0.413748 2 18
 0.500000  0.432010 2 19
 0.500000  0.635453 2 20
 0.500000  0.636203 2 21
 0.500000  0.716617 2 22
 0.537216 -0.277419 2 1
 0.537216 -0.274215 2 2
 0.537216 -0.171996 2 3
 0.537216 -0.165867 2 4
 0.537216 -0.164943 2 5
 0.537216 -0.008756 2 6
 0.537216 -0.000382 2 7
 0.537216  0.001737 2 8
 0.537216  0.096074 2 9
 0.537216  0.150737 2 10
 0.537216  0.151957 2 11
 0.537216  0.194132 2 12
 0.537216  0.224906 2 13
 0.537216  0.247087 2 14
 0.537216  0.248669 2 15
 0.537216  0.252293 2 16
 0.537216  0.271877 2 17
 0.537216  0.413204 2 18
 0.537216  0.433373 2 19
 0.537216  0.635250 2 20
 0.537216  0.635356 2 21
 0.537216  0.716245 2 22
 0.574432 -0.276787 2 1
 0.574432 -0.270631 2 2
 0.574432 -0.170727 2 3
 0.574432 -0.165584 2 4
 0.574432 -0.163888 2 5
 0.574432 -0.009315 2 6
 0.574432 -0.006472 2 7
 0.574432  0.001938 2 8
 0.574432  0.092595 2 9
 0.574432  0.142722 2 10
 0.574432  0.147485 2 11
 0.574432  0.192832 2 12
 0.574432  0.227402 2 13
 0.574432  0.248217 2 14
 0.574432  0.251348 2 15
 0.574432  0.256704 2 16
 0.574432  0.274898 2 17
 0.574432  0.411615 2 18
 0.574432  0.437388 2 19
 0.574432  0.632537 2 20
 0.574432  0.635096 2 21
 0.574432  0.715062 2 22
 0.611648 -0.276469 2 1
 0.611648 -0.264332 2 2
 0.611648 -0.168432 2 3
 0.611648 -0.165218 2 4
 0.611648 -0.162316 2 5
 0.611648 -0.016267 2 6
 0.611648 -0.010188 2 7
 0.611648  0.002268 2 8
 0.611648  0.087586 2 9
 0.611648  0.131614 2 10
 0.611648  0.141002 2 11
 0.611648  0.190731 2 12
 0.611648  0.230112 2 13
 0.611648  0.247673 2 14
 0.611648  0.257514 2 15
 0.611648  0.263219 2 16
 0.611648  0.279107 2 17
 0.611648  0.409100 2 18
 0.611648  0.443834 2 19
 0.611648  0.628458 2 20
 0.611648  0.634746 2 21
 0.611648  0.712883 2 22
 0.648865 -0.276297 2 1
 0.648865 -0.256036 2 2
 0.648865 -0.164905 2 3
 0.648865 -0.164899 2 4
 0.648865 -0.160481 2 5
 0.648865 -0.029178 2 6
 0.648865 -0.011242 2 7
 0.648865  0.002727 2 8
 0.648865  0.081876 2 9
 0.648865  0.119207 2 10
 0.648865  0.133324 2 11
 0.648865  0.187891 2 12
 0.648865  0.232232 2 13
 0.648865  0.247263 2 14
 0.648865  0.264820 2 15
 0.648865  0.270872 2 16
 0.648865  0.283619 2 17
 0.648865  0.405846 2 18
 0.648865  0.452313 2 19
 0.648865  0.623591 2 20
 0.648865  0.634405 2 21
 0.648865  0.709452 2 22
 0.686081 -0.276232 2 1
 0.686081 -0.246436 2 2
 0.686081 -0.164789 2 3
 0.686081 -0.159931 2 4
 0.686081 -0.158666 2 5
 0.686081 -0.044274 2 6
 0.686081 -0.012248 2 7
 0.686081  0.003317 2 8
 0.686081  0.076165 2 9
 0.686081  0.106794 2 10
 0.686081  0.125021 2 11
 0.686081  0.184325 2 12
 0.686081  0.233480 2 13
 0.686081  0.247175 2 14
 0.686081  0.272782 2 15
 0.686081  0.278695 2 16
 0.686081  0.287708 2 17
 0.686081  0.402084 2 18
 0.686081  0.462276 2 19
 0.686081  0.618564 2 20
 0.686081  0.634161 2 21
 0.686081  0.704496 2 22
 0.723297 -0.276247 2 1
 0.723297 -0.236352 2 2
 0.723297 -0.164991 2 3
 0.723297 -0.157132 2 4
 0.723297 -0.153416 2 5
 0.723297 -0.060147 2 6
 0.723297 -0.012894 2 7
 0.723297  0.004033 2 8
 0.723297  0.070921 2 9
 0.723297  0.095208 2 10
 0.723297  0.116463 2 11
 0.723297  0.179981 2 12
 0.723297  0.233925 2 13
 0.723297  0.247486 2 14
 0.723297  0.281159 2 15
 0.723297  0.285818 2 16
 0.723297  0.290928 2 17
 0.723297  0.398066 2 18
 0.723297  0.473056 2 19
 0.723297  0.613951 2 20
 0.723297  0.634071 2 21
 0.723297  0.697800 2 22
 0.760513 -0.276281 2 1
 0.760513 -0.226853 2 2
 0.760513 -0.165577 2 3
 0.760513 -0.156061 2 4
 0.760513 -0.145356 2 5
 0.760513 -0.074884 2 6
 0.760513 -0.012845 2 7
 0.760513  0.004858 2 8
 0.760513  0.066369 2 9
 0.760513  0.084859 2 10
 0.760513  0.107884 2 11
 0.760513  0.174739 2 12
 0.760513  0.233859 2 13
 0.760513  0.248140 2 14
 0.760513  0.289873 2 15
 0.760513  0.291564 2 16
 0.760513  0.293095 2 17
 0.760513  0.394027 2 18
 0.760513  0.484012 2 19
 0.760513  0.610171 2 20
 0.760513  0.634140 2 21
 0.760513  0.689241 2 22
 0.797729 -0.276251 2 1
 0.797729 -0.219453 2 2
 0.797729 -0.166535 2 3
 0.797729 -0.155535 2 4
 0.797729 -0.135894 2 5
 0.797729 -0.086048 2 6
 0.797729 -0.011817 2 7
 0.797729  0.005753 2 8
 0.797729  0.062566 2 9
 0.797729  0.075890 2 10
 0.797729  0.099476 2 11
 0.797729  0.168476 2 12
 0.797729  0.233661 2 13
 0.797729  0.248968 2 14
 0.797729  0.294155 2 15
 0.797729  0.295468 2 16
 0.797729  0.298886 2 17
 0.797729  0.390160 2 18
 0.797729  0.494611 2 19
 0.797729  0.607464 2 20
 0.797729  0.634333 2 21
 0.797729  0.678838 2 22
 0.834945 -0.276084 2 1
 0.834945 -0.215947 2 2
 0.834945 -0.167776 2 3
 0.834945 -0.155552 2 4
 0.834945 -0.125281 2 5
 0.834945 -0.091097 2 6
 0.834945 -0.009613 2 7
 0.834945  0.006668 2 8
 0.834945  0.059479 2 9
 0.834945  0.068315 2 10
 0.834945  0.091400 2 11
 0.834945  0.161136 2 12
 0.834945  0.233663 2 13
 0.834945  0.249762 2 14
 0.834945  0.294074 2 15
 0.834945  0.297278 2 16
 0.834945  0.308131 2 17
 0.834945  0.386593 2 18
 0.834945  0.504525 2 19
 0.834945  0.605934 2 20
 0.834945  0.634585 2 21
 0.834945  0.666762 2 22
 0.872161 -0.275748 2 1
 0.872161 -0.217403 2 2
 0.872161 -0.169146 2 3
 0.872161 -0.156082 2 4
 0.872161 -0.113816 2 5
 0.872161 -0.088609 2 6
 0.872161 -0.006115 2 7
 0.872161  0.007558 2 8
 0.872161  0.057034 2 9
 0.872161  0.062141 2 10
 0.872161  0.083750 2 11
 0.872161  0.152784 2 12
 0.872161  0.234031 2 13
 0.872161  0.250345 2 14
 0.872161  0.292751 2 15
 0.872161  0.296923 2 16
 0.872161  0.317482 2 17
 0.872161  0.383375 2 18
 0.872161  0.513649 2 19
 0.872161  0.605622 2 20
 0.872161  0.634829 2 21
 0.872161  0.653322 2 22
 0.909378 -0.275284 2 1
 0.909378 -0.223147 2 2
 0.909378 -0.170453 2 3
 0.909378 -0.157098 2 4
 0.909378 -0.101816 2 5
 0.909378 -0.079425 2 6
 0.909378 -0.001271 2 7
 0.909378  0.008409 2 8
 0.909378  0.055145 2 9
 0.909378  0.057510 2 10
 0.909378  0.076533 2 11
 0.909378  0.143653 2 12
 0.909378  0.234717 2 13
 0.909378  0.250631 2 14
 0.909378  0.289995 2 15
 0.909378  0.294475 2 16
 0.909378  0.326727 2 17
 0.909378  0.380506 2 18
 0.909378  0.522021 2 19
 0.909378  0.606568 2 20
 0.909378  0.635014 2 21
 0.909378  0.638987 2 22
 0.946594 -0.274789 2 1
 0.946594 -0.231453 2 2
 0.946594 -0.171516 2 3
 0.946594 -0.158582 2 4
 0.946594 -0.089534 2 5
 0.946594 -0.066019 2 6
 0.946594  0.004908 2 7
 0.946594  0.009255 2 8
 0.946594  0.053712 2 9
 0.946594  0.054770 2 10
 0.946594  0.069598 2 11
 0.946594  0.134114 2 12
 0.946594  0.235487 2 13
 0.946594  0.250647 2 14
 0.946594  0.285565 2 15
 0.946594  0.290136 2 16
 0.946594  0.335615 2 17
 0.946594  0.377955 2 18
 0.946594  0.529765 2 19
 0.946594  0.608801 2 20
 0.946594  0.624327 2 21
 0.946594  0.635124 2 22
 0.983810 -0.274391 2 1
 0.983810 -0.240758 2 2
 0.983810 -0.172204 2 3
 0.983810 -0.160489 2 4
 0.983810 -0.077164 2 5
 0.983810 -0.051244 2 6
 0.983810  0.010174 2 7
 0.983810  0.012281 2 8
 0.983810  0.052629 2 9
 0.983810  0.054545 2 10
 0.983810  0.062649 2 11
 0.983810  0.124656 2 12
 0.983810  0.236033 2 13
 0.983810  0.250502 2 14
 0.983810  0.279276 2 15
 0.983810  0.284254 2 16
 0.983810  0.343871 2 17
 0.983810  0.375696 2 18
 0.983810  0.536970 2 19
 0.983810  0.609999 2 20
 0.983810  0.612268 2 21
 0.983810  0.635166 2 22
 1.021026 -0.274193 2 1
 1.021026 -0.250017 2 2
 1.021026 -0.172466 2 3
 1.021026 -0.162701 2 4
 1.021026 -0.064836 2 5
 1.021026 -0.037733 2 6
 1.021026  0.011252 2 7
 1.021026  0.020514 2 8
 1.021026  0.051796 2 9
 1.021026  0.055305 2 10
 1.021026  0.057598 2 11
 1.021026  0.115808 2 12
 1.021026  0.236107 2 13
 1.021026  0.250339 2 14
 1.021026  0.271153 2 15
 1.021026  0.277340 2 16
 1.021026  0.351236 2 17
 1.021026  0.373728 2 18
 1.021026  0.543630 2 19
 1.021026  0.596671 2 20
 1.021026  0.616739 2 21
 1.021026  0.635168 2 22
 1.058242 -0.274233 2 1
 1.058242 -0.258541 2 2
 1.058242 -0.172347 2 3
 1.058242 -0.165028 2 4
 1.058242 -0.052636 2 5
 1.058242 -0.027382 2 6
 1.058242  0.012519 2 7
 1.058242  0.029056 2 8
 1.058242  0.047241 2 9
 1.058242  0.051135 2 10
 1.058242  0.064252 2 11
 1.058242  0.108047 2 12
 1.058242  0.235625 2 13
 1.058242  0.250266 2 14
 1.058242  0.261572 2 15
 1.058242  0.270044 2 16
 1.058242  0.357502 2 17
 1.058242  0.372070 2 18
 1.058242  0.549626 2 19
 1.058242  0.584936 2 20
 1.058242  0.621780 2 21
 1.058242  0.635159 2 22
 1.095458 -0.274467 2 1
 1.095458 -0.265798 2 2
 1.095458 -0.171973 2 3
 1.095458 -0.167216 2 4
 1.095458 -0.040720 2 5
 1.095458 -0.020720 2 6
 1.095458  0.013897 2 7
 1.095458  0.037131 2 8
 1.095458  0.038395 2 9
 1.095458  0.050605 2 10
 1.095458  0.073554 2 11
 1.095458  0.101733 2 12
 1.095458  0.234714 2 13
 1.095458  0.250319 2 14
 1.095458  0.251392 2 15
 1.095458  0.263134 2 16
 1.095458  0.362498 2 17
 1.095458  0.370761 2 18
 1.095458  0.554726 2 19
 1.095458  0.575304 2 20
 1.095458  0.626765 2 21
 1.095458  0.635158 2 22
 1.132674 -0.274789 2 1
 1.132674 -0.271348 2 2
 1.132674 -0.171519 2 3
 1.132674 -0.169006 2 4
 1.132674 -0.029445 2 5
 1.132674 -0.017019 2 6
 1.132674  0.015189 2 7
 1.132674  0.029141 2 8
 1.132674  0.043848 2 9
 1.132674  0.050201 2 10
 1.132674  0.083256 2 11
 1.132674  0.097080 2 12
 1.132674  0.233667 2 13
 1.132674  0.241971 2 14
 1.132674  0.250459 2 15
 1.132674  0.257407 2 16
 1.132674  0.366087 2 17
 1.132674  0.369855 2 18
 1.132674  0.558652 2 19
 1.132674  0.568153 2 20
 1.132674  0.631000 2 21
 1.132674  0.635168 2 22
 1.169891 -0.275168 2 1
 1.169891 -0.274725 2 2
 1.169891 -0.171160 2 3
 1.169891 -0.170178 2 4
 1.169891 -0.019954 2 5
 1.169891 -0.015259 2 6
 1.169891  0.016118 2 7
 1.169891  0.020771 2 8
 1.169891  0.048322 2 9
 1.169891  0.049943 2 10
 1.169891  0.090638 2 11
 1.169891  0.094226 2 12
 1.169891  0.232835 2 13
 1.169891  0.235112 2 14
 1.169891  0.250598 2 15
 1.169891  0.253606 2 16
 1.169891  0.368046 2 17
 1.169891  0.369525 2 18
 1.169891  0.561127 2 19
 1.169891  0.563762 2 20
 1.169891  0.633842 2 21
 1.169891  0.635182 2 22
 1.207107 -0.276091 2 1
 1.207107 -0.275097 2 2
 1.207107 -0.171025 2 3
 1.207107 -0.170585 2 4
 1.207107 -0.015637 2 5
 1.207107 -0.014747 2 6
 1.207107  0.016318 2 7
 1.207107  0.016950 2 8
 1.207107  0.049834 2 9
 1.207107  0.049917 2 10
 1.207107  0.093262 2 11
 1.207107  0.093415 2 12
 1.207107  0.232370 2 13
 1.207107  0.232712 2 14
 1.207107  0.250656 2 15
 1.207107  0.252271 2 16
 1.207107  0.368414 2 17
 1.207107  0.369704 2 18
 1.207107  0.561910 2 19
 1.207107  0.562345 2 20
 1.207107  0.634843 2 21
 1.207107  0.635188 2 22
 1.207107 -0.276091 2 1
 1.207107 -0.275097 2 2
 1.207107 -0.171025 2 3
 1.207107 -0.170585 2 4
 1.207107 -0.015637 2 5
 1.207107 -0.014747 2 6
 1.207107  0.016318 2 7
 1.207107  0.016950 2 8
 1.207107  0.049834 2 9
 1.207107  0.049917 2 10
 1.207107  0.093262 2 11
 1.207107  0.093415 2 12
 1.207107  0.232370 2 13
 1.207107  0.232712 2 14
 1.207107  0.250656 2 15
 1.207107  0.252271 2 16
 1.207107  0.368414 2 17
 1.207107  0.369704 2 18
 1.207107  0.561910 2 19
 1.207107  0.562345 2 20
 1.207107  0.634843 2 21
 1.207107  0.635188 2 22
 1.245239 -0.275586 2 1
 1.245239 -0.274603 2 2
 1.245239 -0.171636 2 3
 1.245239 -0.171184 2 4
 1.245239 -0.014242 2 5
 1.245239 -0.013379 2 6
 1.245239  0.016605 2 7
 1.245239  0.017236 2 8
 1.245239  0.047999 2 9
 1.245239  0.048087 2 10
 1.245239  0.092144 2 11
 1.245239  0.092302 2 12
 1.245239  0.233580 2 13
 1.245239  0.233932 2 14
 1.245239  0.251446 2 15
 1.245239  0.253054 2 16
 1.245239  0.368000 2 17
 1.245239  0.369289 2 18
 1.245239  0.562238 2 19
 1.245239  0.562672 2 20
 1.245239  0.633942 2 21
 1.245239  0.634282 2 22
 1.283372 -0.274082 2 1
 1.283372 -0.273133 2 2
 1.283372 -0.173377 2 3
 1.283372 -0.172892 2 4
 1.283372 -0.010172 2 5
 1.283372 -0.009383 2 6
 1.283372  0.017457 2 7
 1.283372  0.018087 2 8
 1.283372  0.042687 2 9
 1.283372  0.042787 2 10
 1.283372  0.088870 2 11
 1.283372  0.089040 2 12
 1.283372  0.237012 2 13
 1.283372  0.237400 2 14
 1.283372  0.253748 2 15
 1.283372  0.255338 2 16
 1.283372  0.366762 2 17
 1.283372  0.368047 2 18
 1.283372  0.563196 2 19
 1.283372  0.563626 2 20
 1.283372  0.631280 2 21
 1.283372  0.631602 2 22
 1.321505 -0.271616 2 1
 1.321505 -0.270723 2 2
 1.321505 -0.176000 2 3
 1.321505 -0.175471 2 4
 1.321505 -0.003739 2 5
 1.321505 -0.003062 2 6
 1.321505  0.018853 2 7
 1.321505  0.019483 2 8
 1.321505  0.034398 2 9
 1.321505  0.034515 2 10
 1.321505  0.083657 2 11
 1.321505  0.083845 2 12
 1.321505  0.242158 2 13
 1.321505  0.242613 2 14
 1.321505  0.257378 2 15
 1.321505  0.258942 2 16
 1.321505  0.364714 2 17
 1.321505  0.365992 2 18
 1.321505  0.564705 2 19
 1.321505  0.565130 2 20
 1.321505  0.626978 2 21
 1.321505  0.627273 2 22
 1.359637 -0.268246 2 1
 1.359637 -0.267433 2 2
 1.359637 -0.179183 2 3
 1.359637 -0.178612 2 4
 1.359637  0.004614 2 5
 1.359637  0.005155 2 6
 1.359637  0.020757 2 7
 1.359637  0.021389 2 8
 1.359637  0.023764 2 9
 1.359637  0.023896 2 10
 1.359637  0.076827 2 11
 1.359637  0.077035 2 12
 1.359637  0.248387 2 13
 1.359637  0.248941 2 14
 1.359637  0.262080 2 15
 1.359637  0.263614 2 16
 1.359637  0.361875 2 17
 1.359637  0.363145 2 18
 1.359637  0.566646 2 19
 1.359637  0.567067 2 20
 1.359637  0.621233 2 21
 1.359637  0.621491 2 22
 1.397770 -0.264051 2 1
 1.397770 -0.263343 2 2
 1.397770 -0.182605 2 3
 1.397770 -0.182002 2 4
 1.397770  0.011406 2 5
 1.397770  0.011548 2 6
 1.397770  0.014351 2 7
 1.397770  0.014740 2 8
 1.397770  0.023124 2 9
 1.397770  0.023761 2 10
 1.397770  0.068793 2 11
 1.397770  0.069023 2 12
 1.397770  0.255091 2 13
 1.397770  0.255771 2 14
 1.397770  0.267579 2 15
 1.397770  0.269085 2 16
 1.397770  0.358280 2 17
 1.397770  0.359540 2 18
 1.397770  0.568870 2 19
 1.397770  0.569288 2 20
 1.397770  0.614305 2 21
 1.397770  0.614521 2 22
 1.435902 -0.259125 2 1
 1.435902 -0.258549 2 2
 1.435902 -0.185992 2 3
 1.435902 -0.185374 2 4
 1.435902 -0.002137 2 5
 1.435902 -0.001995 2 6
 1.435902  0.024725 2 7
 1.435902  0.024949 2 8
 1.435902  0.025900 2 9
 1.435902  0.026544 2 10
 1.435902  0.060191 2 11
 1.435902  0.060452 2 12
 1.435902  0.261765 2 13
 1.435902  0.262589 2 14
 1.435902  0.273614 2 15
 1.435902  0.275094 2 16
 1.435902  0.353974 2 17
 1.435902  0.355225 2 18
 1.435902  0.571216 2 19
 1.435902  0.571634 2 20
 1.435902  0.606508 2 21
 1.435902  0.606679 2 22
 1.474035 -0.253584 2 1
 1.474035 -0.253163 2 2
 1.474035 -0.189135 2 3
 1.474035 -0.188521 2 4
 1.474035 -0.016404 2 5
 1.474035 -0.016269 2 6
 1.474035  0.029021 2 7
 1.474035  0.029673 2 8
 1.474035  0.033633 2 9
 1.474035  0.033665 2 10
 1.474035  0.053026 2 11
 1.474035  0.053347 2 12
 1.474035  0.268025 2 13
 1.474035  0.268999 2 14
 1.474035  0.279947 2 15
 1.474035  0.281404 2 16
 1.474035  0.349022 2 17
 1.474035  0.350265 2 18
 1.474035  0.573522 2 19
 1.474035  0.573943 2 20
 1.474035  0.598194 2 21
 1.474035  0.598322 2 22
 1.512168 -0.247557 2 1
 1.512168 -0.247306 2 2
 1.512168 -0.191898 2 3
 1.512168 -0.191303 2 4
 1.512168 -0.031017 2 5
 1.512168 -0.030887 2 6
 1.512168  0.032420 2 7
 1.512168  0.033078 2 8
 1.512168  0.033131 2 9
 1.512168  0.033134 2 10
 1.512168  0.055164 2 11
 1.512168  0.055391 2 12
 1.512168  0.273605 2 13
 1.512168  0.274722 2 14
 1.512168  0.286378 2 15
 1.512168  0.287817 2 16
 1.512168  0.343509 2 17
 1.512168  0.344747 2 18
 1.512168  0.575644 2 19
 1.512168  0.576071 2 20
 1.512168  0.589720 2 21
 1.512168  0.589810 2 22
 1.550300 -0.241217 2 1
 1.550300 -0.241073 2 2
 1.550300 -0.194203 2 3
 1.550300 -0.193640 2 4
 1.550300 -0.045653 2 5
 1.550300 -0.045505 2 6
 1.550300  0.024665 2 7
 1.550300  0.024701 2 8
 1.550300  0.036024 2 9
 1.550300  0.036681 2 10
 1.550300  0.065102 2 11
 1.550300  0.065171 2 12
 1.550300  0.278341 2 13
 1.550300  0.279585 2 14
 1.550300  0.292739 2 15
 1.550300  0.294162 2 16
 1.550300  0.337540 2 17
 1.550300  0.338777 2 18
 1.550300  0.577465 2 19
 1.550300  0.577901 2 20
 1.550300  0.581426 2 21
 1.550300  0.581489 2 22
 1.588433 -0.234798 2 1
 1.588433 -0.234518 2 2
 1.588433 -0.196027 2 3
 1.588433 -0.195504 2 4
 1.588433 -0.060022 2 5
 1.588433 -0.059821 2 6
 1.588433  0.014831 2 7
 1.588433  0.014857 2 8
 1.588433  0.039754 2 9
 1.588433  0.040402 2 10
 1.588433  0.076160 2 11
 1.588433  0.076191 2 12
 1.588433  0.282158 2 13
 1.588433  0.283504 2 14
 1.588433  0.298892 2 15
 1.588433  0.300303 2 16
 1.588433  0.331244 2 17
 1.588433  0.332488 2 18
 1.588433  0.573610 2 19
 1.588433  0.573662 2 20
 1.588433  0.578901 2 21
 1.588433  0.579351 2 22
 1.626565 -0.228378 2 1
 1.626565 -0.227873 2 2
 1.626565 -0.197387 2 3
 1.626565 -0.196905 2 4
 1.626565 -0.073837 2 5
 1.626565 -0.073553 2 6
 1.626565  0.005035 2 7
 1.626565  0.005042 2 8
 1.626565  0.043523 2 9
 1.626565  0.044149 2 10
 1.626565  0.086901 2 11
 1.626565  0.086997 2 12
 1.626565  0.285053 2 13
 1.626565  0.286472 2 14
 1.626565  0.304720 2 15
 1.626565  0.306118 2 16
 1.626565  0.324781 2 17
 1.626565  0.326041 2 18
 1.626565  0.566511 2 19
 1.626565  0.566570 2 20
 1.626565  0.579910 2 21
 1.626565  0.580377 2 22
 1.664698 -0.222077 2 1
 1.664698 -0.221331 2 2
 1.664698 -0.198334 2 3
 1.664698 -0.197888 2 4
 1.664698 -0.086837 2 5
 1.664698 -0.086454 2 6
 1.664698 -0.004295 2 7
 1.664698 -0.004239 2 8
 1.664698  0.047239 2 9
 1.664698  0.047830 2 10
 1.664698  0.096920 2 11
 1.664698  0.097054 2 12
 1.664698  0.287089 2 13
 1.664698  0.288550 2 14
 1.664698  0.310123 2 15
 1.664698  0.311511 2 16
 1.664698  0.318327 2 17
 1.664698  0.319615 2 18
 1.664698  0.560285 2 19
 1.664698  0.560370 2 20
 1.664698  0.580494 2 21
 1.664698  0.580980 2 22
 1.702831 -0.216050 2 1
 1.702831 -0.215068 2 2
 1.702831 -0.198937 2 3
 1.702831 -0.198519 2 4
 1.702831 -0.098777 2 5
 1.702831 -0.098287 2 6
 1.702831 -0.012845 2 7
 1.702831 -0.012729 2 8
 1.702831  0.050800 2 9
 1.702831  0.051343 2 10
 1.702831  0.105948 2 11
 1.702831  0.106099 2 12
 1.702831  0.288378 2 13
 1.702831  0.289854 2 14
 1.702831  0.312086 2 15
 1.702831  0.313411 2 16
 1.702831  0.315016 2 17
 1.702831  0.316394 2 18
 1.702831  0.555015 2 19
 1.702831  0.555144 2 20
 1.702831  0.580695 2 21
 1.702831  0.581200 2 22
 1.740963 -0.210459 2 1
 1.740963 -0.209259 2 2
 1.740963 -0.199274 2 3
 1.740963 -0.198875 2 4
 1.740963 -0.109432 2 5
 1.740963 -0.108832 2 6
 1.740963 -0.020404 2 7
 1.740963 -0.020220 2 8
 1.740963  0.054099 2 9
 1.740963  0.054583 2 10
 1.740963  0.113809 2 11
 1.740963  0.113958 2 12
 1.740963  0.289066 2 13
 1.740963  0.290533 2 14
 1.740963  0.306271 2 15
 1.740963  0.307643 2 16
 1.740963  0.319320 2 17
 1.740963  0.320689 2 18
 1.740963  0.550713 2 19
 1.740963  0.550898 2 20
 1.740963  0.580589 2 21
 1.740963  0.581111 2 22
 1.779096 -0.205476 2 1
 1.779096 -0.204086 2 2
 1.779096 -0.199426 2 3
 1.779096 -0.199036 2 4
 1.779096 -0.118585 2 5
 1.779096 -0.117875 2 6
 1.779096 -0.026799 2 7
 1.779096 -0.026546 2 8
 1.779096  0.057021 2 9
 1.779096  0.057436 2 10
 1.779096  0.120372 2 11
 1.779096  0.120509 2 12
 1.779096  0.289315 2 13
 1.779096  0.290762 2 14
 1.779096  0.301110 2 15
 1.779096  0.302533 2 16
 1.779096  0.322958 2 17
 1.779096  0.324320 2 18
 1.779096  0.547344 2 19
 1.779096  0.547592 2 20
 1.779096  0.580278 2 21
 1.779096  0.580815 2 22
 1.817228 -0.201282 2 1
 1.817228 -0.199737 2 2
 1.817228 -0.199464 2 3
 1.817228 -0.199074 2 4
 1.817228 -0.126036 2 5
 1.817228 -0.125220 2 6
 1.817228 -0.031902 2 7
 1.817228 -0.031584 2 8
 1.817228  0.059452 2 9
 1.817228  0.059794 2 10
 1.817228  0.125552 2 11
 1.817228  0.125671 2 12
 1.817228  0.289294 2 13
 1.817228  0.290714 2 14
 1.817228  0.296817 2 15
 1.817228  0.298290 2 16
 1.817228  0.325866 2 17
 1.817228  0.327222 2 18
 1.817228  0.544838 2 19
 1.817228  0.545148 2 20
 1.817228  0.579876 2 21
 1.817228  0.580424 2 22
 1.855361 -0.199448 2 1
 1.855361 -0.199054 2 2
 1.855361 -0.198067 2 3
 1.855361 -0.196407 2 4
 1.855361 -0.131583 2 5
 1.855361 -0.130671 2 6
 1.855361 -0.035614 2 7
 1.855361 -0.035244 2 8
 1.855361  0.061286 2 9
 1.855361  0.061557 2 10
 1.855361  0.129290 2 11
 1.855361  0.129392 2 12
 1.855361  0.289154 2 13
 1.855361  0.290548 2 14
 1.855361  0.293590 2 15
 1.855361  0.295104 2 16
 1.855361  0.327988 2 17
 1.855361  0.329339 2 18
 1.855361  0.543120 2 19
 1.855361  0.543481 2 20
 1.855361  0.579494 2 21
 1.855361  0.580049 2 22
 1.893494 -0.199420 2 1
 1.893494 -0.199022 2 2
 1.893494 -0.196029 2 3
 1.893494 -0.194296 2 4
 1.893494 -0.135028 2 5
 1.893494 -0.134043 2 6
 1.893494 -0.037868 2 7
 1.893494 -0.037463 2 8
 1.893494  0.062431 2 9
 1.893494  0.062647 2 10
 1.893494  0.131548 2 11
 1.893494  0.131637 2 12
 1.893494  0.289018 2 13
 1.893494  0.290394 2 14
 1.893494  0.291585 2 15
 1.893494  0.293127 2 16
 1.893494  0.329279 2 17
 1.893494  0.330628 2 18
 1.893494  0.542120 2 19
 1.893494  0.542514 2 20
 1.893494  0.579223 2 21
 1.893494  0.579782 2 22
 1.931626 -0.199408 2 1
 1.931626 -0.199008 2 2
 1.931626 -0.195329 2 3
 1.931626 -0.193570 2 4
 1.931626 -0.136198 2 5
 1.931626 -0.135186 2 6
 1.931626 -0.038623 2 7
 1.931626 -0.038206 2 8
 1.931626  0.062821 2 9
 1.931626  0.063014 2 10
 1.931626  0.132303 2 11
 1.931626  0.132387 2 12
 1.931626  0.288963 2 13
 1.931626  0.290333 2 14
 1.931626  0.290905 2 15
 1.931626  0.292456 2 16
 1.931626  0.329713 2 17
 1.931626  0.331061 2 18
 1.931626  0.541792 2 19
 1.931626  0.542198 2 20
 1.931626  0.579126 2 21
 1.931626  0.579686 2 22
