 0.000000 -0.216974 1 1
 0.000000 -0.213795 1 2
 0.000000 -0.156356 1 3
 0.000000 -0.156111 1 4
 0.000000 -0.092160 1 5
 0.000000 -0.091699 1 6
 0.000000 -0.051912 1 7
 0.000000 -0.051363 1 8
 0.000000  0.002996 1 9
 0.000000  0.003270 1 10
 0.000000  0.139780 1 11
 0.000000  0.139823 1 12
 0.000000  0.288788 1 13
 0.000000  0.289907 1 14
 0.000000  0.295036 1 15
 0.000000  0.296133 1 16
 0.000000  0.341386 1 17
 0.000000  0.342506 1 18
 0.000000  0.596759 1 19
 0.000000  0.596817 1 20
 0.000000  0.605459 1 21
 0.000000  0.605925 1 22
 0.026316 -0.217769 1 1
 0.026316 -0.214171 1 2
 0.026316 -0.156486 1 3
 0.026316 -0.155990 1 4
 0.026316 -0.092083 1 5
 0.026316 -0.090236 1 6
 0.026316 -0.062940 1 7
 0.026316 -0.039964 1 8
 0.026316 -0.000306 1 9
 0.026316  0.006967 1 10
 0.026316  0.136253 1 11
 0.026316  0.143546 1 12
 0.026316  0.286923 1 13
 0.026316  0.291397 1 14
 0.026316  0.294300 1 15
 0.026316  0.296320 1 16
 0.026316  0.335386 1 17
 0.026316  0.348338 1 18
 0.026316  0.584885 1 19
 0.026316  0.605430 1 20
 0.026316  0.606253 1 21
 0.026316  0.608641 1 22
 0.052632 -0.219882 1 1
 0.052632 -0.215474 1 2
 0.052632 -0.156689 1 3
 0.052632 -0.155824 1 4
 0.052632 -0.091122 1 5
 0.052632 -0.087158 1 6
 0.052632 -0.073220 1 7
 0.052632 -0.028095 1 8
 0.052632 -0.003341 1 9
 0.052632  0.011188 1 10
 0.052632  0.132963 1 11
 0.052632  0.147431 1 12
 0.052632  0.284249 1 13
 0.052632  0.292735 1 14
 0.052632  0.292955 1 15
 0.052632  0.296250 1 16
 0.052632  0.328758 1 17
 0.052632  0.354477 1 18
 0.052632  0.573006 1 19
 0.052632  0.605590 1 20
 0.052632  0.606994 1 21
 0.052632  0.620348 1 22
 0.078947 -0.222891 1 1
 0.078947 -0.217864 1 2
 0.078947 -0.156904 1 3
 0.078947 -0.155706 1 4
 0.078947 -0.092493 1 5
 0.078947 -0.082894 1 6
 0.078947 -0.079068 1 7
 0.078947 -0.016065 1 8
 0.078947 -0.005968 1 9
 0.078947  0.015801 1 10
 0.078947  0.129997 1 11
 0.078947  0.151412 1 12
 0.078947  0.281219 1 13
 0.078947  0.290643 1 14
 0.078947  0.294144 1 15
 0.078947  0.295644 1 16
 0.078947  0.322079 1 17
 0.078947  0.360376 1 18
 0.078947  0.561191 1 19
 0.078947  0.606067 1 20
 0.078947  0.608027 1 21
 0.078947  0.631810 1 22
 0.105263 -0.226488 1 1
 0.105263 -0.221278 1 2
 0.105263 -0.157136 1 3
 0.105263 -0.155677 1 4
 0.105263 -0.100237 1 5
 0.105263 -0.077711 1 6
 0.105263 -0.076560 1 7
 0.105263 -0.008177 1 8
 0.105263 -0.003890 1 9
 0.105263  0.020801 1 10
 0.105263  0.127433 1 11
 0.105263  0.155438 1 12
 0.105263  0.277880 1 13
 0.105263  0.288110 1 14
 0.105263  0.294466 1 15
 0.105263  0.294946 1 16
 0.105263  0.315428 1 17
 0.105263  0.366005 1 18
 0.105263  0.549483 1 19
 0.105263  0.606890 1 20
 0.105263  0.609325 1 21
 0.105263  0.642891 1 22
 0.131579 -0.230468 1 1
 0.131579 -0.225527 1 2
 0.131579 -0.157404 1 3
 0.131579 -0.155772 1 4
 0.131579 -0.109839 1 5
 0.131579 -0.071859 1 6
 0.131579 -0.070419 1 7
 0.131579 -0.009964 1 8
 0.131579  0.008449 1 9
 0.131579  0.026185 1 10
 0.131579  0.125356 1 11
 0.131579  0.159469 1 12
 0.131579  0.274265 1 13
 0.131579  0.285201 1 14
 0.131579  0.292713 1 15
 0.131579  0.295355 1 16
 0.131579  0.308872 1 17
 0.131579  0.371359 1 18
 0.131579  0.537897 1 19
 0.131579  0.608074 1 20
 0.131579  0.610871 1 21
 0.131579  0.653470 1 22
 0.157895 -0.234686 1 1
 0.157895 -0.230371 1 2
 0.157895 -0.157730 1 3
 0.157895 -0.156018 1 4
 0.157895 -0.119334 1 5
 0.157895 -0.065579 1 6
 0.157895 -0.062830 1 7
 0.157895 -0.011325 1 8
 0.157895  0.020953 1 9
 0.157895  0.031933 1 10
 0.157895  0.123857 1 11
 0.157895  0.163460 1 12
 0.157895  0.270409 1 13
 0.157895  0.281993 1 14
 0.157895  0.290404 1 15
 0.157895  0.295372 1 16
 0.157895  0.302475 1 17
 0.157895  0.376434 1 18
 0.157895  0.526469 1 19
 0.157895  0.609619 1 20
 0.157895  0.612648 1 21
 0.157895  0.663408 1 22
 0.184211 -0.239049 1 1
 0.184211 -0.235580 1 2
 0.184211 -0.158140 1 3
 0.184211 -0.156434 1 4
 0.184211 -0.128278 1 5
 0.184211 -0.058996 1 6
 0.184211 -0.054543 1 7
 0.184211 -0.012271 1 8
 0.184211  0.033629 1 9
 0.184211  0.038018 1 10
 0.184211  0.123027 1 11
 0.184211  0.167373 1 12
 0.184211  0.266340 1 13
 0.184211  0.278563 1 14
 0.184211  0.287572 1 15
 0.184211  0.294994 1 16
 0.184211  0.296284 1 17
 0.184211  0.381240 1 18
 0.184211  0.515222 1 19
 0.184211  0.611509 1 20
 0.184211  0.614633 1 21
 0.184211  0.672591 1 22
 0.210526 -0.243491 1 1
 0.210526 -0.240938 1 2
 0.210526 -0.158648 1 3
 0.210526 -0.157025 1 4
 0.210526 -0.136473 1 5
 0.210526 -0.052228 1 6
 0.210526 -0.046039 1 7
 0.210526 -0.012823 1 8
 0.210526  0.044386 1 9
 0.210526  0.046451 1 10
 0.210526  0.122954 1 11
 0.210526  0.171164 1 12
 0.210526  0.262088 1 13
 0.210526  0.275001 1 14
 0.210526  0.284271 1 15
 0.210526  0.290338 1 16
 0.210526  0.294214 1 17
 0.210526  0.385783 1 18
 0.210526  0.504214 1 19
 0.210526  0.613713 1 20
 0.210526  0.616794 1 21
 0.210526  0.680918 1 22
 0.236842 -0.247978 1 1
 0.236842 -0.246236 1 2
 0.236842 -0.159262 1 3
 0.236842 -0.157782 1 4
 0.236842 -0.143804 1 5
 0.236842 -0.045374 1 6
 0.236842 -0.037708 1 7
 0.236842 -0.013016 1 8
 0.236842  0.050961 1 9
 0.236842  0.059362 1 10
 0.236842  0.123710 1 11
 0.236842  0.174792 1 12
 0.236842  0.257685 1 13
 0.236842  0.271397 1 14
 0.236842  0.280579 1 15
 0.236842  0.284660 1 16
 0.236842  0.293026 1 17
 0.236842  0.390065 1 18
 0.236842  0.493523 1 19
 0.236842  0.616176 1 20
 0.236842  0.619088 1 21
 0.236842  0.688313 1 22
 0.263158 -0.252538 1 1
 0.263158 -0.251246 1 2
 0.263158 -0.159977 1 3
 0.263158 -0.158682 1 4
 0.263158 -0.150217 1 5
 0.263158 -0.038518 1 6
 0.263158 -0.029859 1 7
 0.263158 -0.012899 1 8
 0.263158  0.057647 1 9
 0.263158  0.072289 1 10
 0.263158  0.125334 1 11
 0.263158  0.178222 1 12
 0.263158  0.253168 1 13
 0.263158  0.267842 1 14
 0.263158  0.276587 1 15
 0.263158  0.279244 1 16
 0.263158  0.291421 1 17
 0.263158  0.394087 1 18
 0.263158  0.483243 1 19
 0.263158  0.618830 1 20
 0.263158  0.621467 1 21
 0.263158  0.694744 1 22
 0.289474 -0.257170 1 1
 0.289474 -0.255772 1 2
 0.289474 -0.160776 1 3
 0.289474 -0.159689 1 4
 0.289474 -0.155686 1 5
 0.289474 -0.031762 1 6
 0.289474 -0.022744 1 7
 0.289474 -0.012532 1 8
 0.289474  0.064315 1 9
 0.289474  0.085106 1 10
 0.289474  0.127814 1 11
 0.289474  0.181412 1 12
 0.289474  0.248596 1 13
 0.289474  0.264424 1 14
 0.289474  0.272417 1 15
 0.289474  0.274077 1 16
 0.289474  0.289403 1 17
 0.289474  0.397832 1 18
 0.289474  0.473509 1 19
 0.289474  0.621586 1 20
 0.289474  0.623869 1 21
 0.289474  0.700200 1 22
 0.315789 -0.261653 1 1
 0.315789 -0.259866 1 2
 0.315789 -0.161628 1 3
 0.315789 -0.160756 1 4
 0.315789 -0.160237 1 5
 0.315789 -0.025211 1 6
 0.315789 -0.016522 1 7
 0.315789 -0.011984 1 8
 0.315789  0.070822 1 9
 0.315789  0.097667 1 10
 0.315789  0.131074 1 11
 0.315789  0.184329 1 12
 0.315789  0.244047 1 13
 0.315789  0.261223 1 14
 0.315789  0.268198 1 15
 0.315789  0.269124 1 16
 0.315789  0.286990 1 17
 0.315789  0.401280 1 18
 0.315789  0.464463 1 19
 0.315789  0.624350 1 20
 0.315789  0.626228 1 21
 0.315789  0.704716 1 22
 0.342105 -0.265761 1 1
 0.342105 -0.263584 1 2
 0.342105 -0.163917 1 3
 0.342105 -0.162495 1 4
 0.342105 -0.161832 1 5
 0.342105 -0.019003 1 6
 0.342105 -0.011327 1 7
 0.342105 -0.011279 1 8
 0.342105  0.076998 1 9
 0.342105  0.109769 1 10
 0.342105  0.134954 1 11
 0.342105  0.186938 1 12
 0.342105  0.239625 1 13
 0.342105  0.258310 1 14
 0.342105  0.264084 1 15
 0.342105  0.264362 1 16
 0.342105  0.284235 1 17
 0.342105  0.404396 1 18
 0.342105  0.456266 1 19
 0.342105  0.627017 1 20
 0.342105  0.628472 1 21
 0.342105  0.708349 1 22
 0.368421 -0.269373 1 1
 0.368421 -0.266891 1 2
 0.368421 -0.166801 1 3
 0.368421 -0.163336 1 4
 0.368421 -0.162857 1 5
 0.368421 -0.013297 1 6
 0.368421 -0.010633 1 7
 0.368421 -0.007026 1 8
 0.368421  0.082662 1 9
 0.368421  0.121159 1 10
 0.368421  0.139209 1 11
 0.368421  0.189205 1 12
 0.368421  0.235460 1 13
 0.368421  0.255741 1 14
 0.368421  0.259797 1 15
 0.368421  0.260237 1 16
 0.368421  0.281246 1 17
 0.368421  0.407136 1 18
 0.368421  0.449079 1 19
 0.368421  0.629479 1 20
 0.368421  0.630531 1 21
 0.368421  0.711181 1 22
 0.394737 -0.272414 1 1
 0.394737 -0.269727 1 2
 0.394737 -0.168982 1 3
 0.394737 -0.164107 1 4
 0.394737 -0.163778 1 5
 0.394737 -0.009968 1 6
 0.394737 -0.008264 1 7
 0.394737 -0.003712 1 8
 0.394737  0.087634 1 9
 0.394737  0.131530 1 10
 0.394737  0.143523 1 11
 0.394737  0.191104 1 12
 0.394737  0.231693 1 13
 0.394737  0.253553 1 14
 0.394737  0.255493 1 15
 0.394737  0.256826 1 16
 0.394737  0.278193 1 17
 0.394737  0.409457 1 18
 0.394737  0.443034 1 19
 0.394737  0.631634 1 20
 0.394737  0.632343 1 21
 0.394737  0.713312 1 22
 0.421053 -0.274828 1 1
 0.421053 -0.272019 1 2
 0.421053 -0.170554 1 3
 0.421053 -0.164771 1 4
 0.421053 -0.164538 1 5
 0.421053 -0.009389 1 6
 0.421053 -0.004094 1 7
 0.421053 -0.001261 1 8
 0.421053  0.091730 1 9
 0.421053  0.140475 1 10
 0.421053  0.147511 1 11
 0.421053  0.192607 1 12
 0.421053  0.228484 1 13
 0.421053  0.251614 1 14
 0.421053  0.251761 1 15
 0.421053  0.254032 1 16
 0.421053  0.275321 1 17
 0.421053  0.411310 1 18
 0.421053  0.438246 1 19
 0.421053  0.633378 1 20
 0.421053  0.633856 1 21
 0.421053  0.714838 1 22
 0.447368 -0.276580 1 1
 0.447368 -0.273707 1 2
 0.447368 -0.171604 1 3
 0.447368 -0.165294 1 4
 0.447368 -0.165094 1 5
 0.447368 -0.008942 1 6
 0.447368 -0.000964 1 7
 0.447368  0.000418 1 8
 0.447368  0.094792 1 9
 0.447368  0.147503 1 10
 0.447368  0.150772 1 11
 0.447368  0.193695 1 12
 0.447368  0.225995 1 13
 0.447368  0.248430 1 14
 0.447368  0.250357 1 15
 0.447368  0.252027 1 16
 0.447368  0.272932 1 17
 0.447368  0.412658 1 18
 0.447368  0.434788 1 19
 0.447368  0.634624 1 20
 0.447368  0.635034 1 21
 0.447368  0.715853 1 22
 0.473684 -0.277641 1 1
 0.473684 -0.274740 1 2
 0.473684 -0.172204 1 3
 0.473684 -0.165633 1 4
 0.473684 -0.165427 1 5
 0.473684 -0.008661 1 6
 0.473684  0.000959 1 7
 0.473684  0.001414 1 8
 0.473684  0.096686 1 9
 0.473684  0.152038 1 10
 0.473684  0.152931 1 11
 0.473684  0.194353 1 12
 0.473684  0.224400 1 13
 0.473684  0.246300 1 14
 0.473684  0.249395 1 15
 0.473684  0.250887 1 16
 0.473684  0.271335 1 17
 0.473684  0.413472 1 18
 0.473684  0.432705 1 19
 0.473684  0.635356 1 20
 0.473684  0.635795 1 21
 0.473684  0.716429 1 22
 0.500000 -0.277997 1 1
 0.500000 -0.275088 1 2
 0.500000 -0.172398 1 3
 0.500000 -0.165750 1 4
 0.500000 -0.165538 1 5
 0.500000 -0.008564 1 6
 0.500000  0.001552 1 7
 0.500000  0.001800 1 8
 0.500000  0.097327 1 9
 0.500000  0.153512 1 10
 0.500000  0.153791 1 11
 0.500000  0.194574 1 12
 0.500000  0.223847 1 13
 0.500000  0.245545 1 14
 0.500000  0.249043 1 15
 0.500000  0.250530 1 16
 0.500000  0.270772 1 17
 0.500000  0.413745 1 18
 0.500000  0.432010 1 19
 0.500000  0.635598 1 20
 0.500000  0.636059 1 21
 0.500000  0.716616 1 22
 0.500000 -0.277997 1 1
 0.500000 -0.275088 1 2
 0.500000 -0.172398 1 3
 0.500000 -0.165750 1 4
 0.500000 -0.165538 1 5
 0.500000 -0.008564 1 6
 0.500000  0.001552 1 7
 0.500000  0.001800 1 8
 0.500000  0.097327 1 9
 0.500000  0.153512 1 10
 0.500000  0.153791 1 11
 0.500000  0.194574 1 12
 0.500000  0.223847 1 13
 0.500000  0.245545 1 14
 0.500000  0.249043 1 15
 0.500000  0.250530 1 16
 0.500000  0.270772 1 17
 0.500000  0.413745 1 18
 0.500000  0.432010 1 19
 0.500000  0.635598 1 20
 0.500000  0.636059 1 21
 0.500000  0.716616 1 22
 0.537216 -0.277608 1 1
 0.537216 -0.274128 1 2
 0.537216 -0.172017 1 3
 0.537216 -0.165472 1 4
 0.537216 -0.165391 1 5
 0.537216 -0.008753 1 6
 0.537216 -0.000118 1 7
 0.537216  0.001566 1 8
 0.537216  0.096049 1 9
 0.537216  0.150464 1 10
 0.537216  0.152240 1 11
 0.537216  0.194136 1 12
 0.537216  0.224879 1 13
 0.537216  0.247012 1 14
 0.537216  0.250353 1 15
 0.537216  0.250641 1 16
 0.537216  0.271902 1 17
 0.537216  0.413206 1 18
 0.537216  0.433417 1 19
 0.537216  0.634742 1 20
 0.537216  0.635964 1 21
 0.537216  0.716234 1 22
 0.574432 -0.277324 1 1
 0.574432 -0.270470 1 2
 0.574432 -0.170803 1 3
 0.574432 -0.165300 1 4
 0.574432 -0.164368 1 5
 0.574432 -0.009303 1 6
 0.574432 -0.005855 1 7
 0.574432  0.001621 1 8
 0.574432  0.092514 1 9
 0.574432  0.142357 1 10
 0.574432  0.147910 1 11
 0.574432  0.192836 1 12
 0.574432  0.227286 1 13
 0.574432  0.249891 1 14
 0.574432  0.251111 1 15
 0.574432  0.255125 1 16
 0.574432  0.274986 1 17
 0.574432  0.411640 1 18
 0.574432  0.437549 1 19
 0.574432  0.632289 1 20
 0.574432  0.635715 1 21
 0.574432  0.715008 1 22
 0.611648 -0.277386 1 1
 0.611648 -0.264168 1 2
 0.611648 -0.168569 1 3
 0.611648 -0.165089 1 4
 0.611648 -0.162840 1 5
 0.611648 -0.015307 1 6
 0.611648 -0.010157 1 7
 0.611648  0.001752 1 8
 0.611648  0.087457 1 9
 0.611648  0.131279 1 10
 0.611648  0.141524 1 11
 0.611648  0.190717 1 12
 0.611648  0.229872 1 13
 0.611648  0.249325 1 14
 0.611648  0.257174 1 15
 0.611648  0.261708 1 16
 0.611648  0.279253 1 17
 0.611648  0.409191 1 18
 0.611648  0.444146 1 19
 0.611648  0.628561 1 20
 0.611648  0.635401 1 21
 0.611648  0.712722 1 22
 0.648865 -0.277559 1 1
 0.648865 -0.255914 1 2
 0.648865 -0.165079 1 3
 0.648865 -0.164941 1 4
 0.648865 -0.161041 1 5
 0.648865 -0.028080 1 6
 0.648865 -0.011183 1 7
 0.648865  0.002008 1 8
 0.648865  0.081732 1 9
 0.648865  0.119103 1 10
 0.648865  0.133807 1 11
 0.648865  0.187835 1 12
 0.648865  0.231873 1 13
 0.648865  0.248881 1 14
 0.648865  0.264538 1 15
 0.648865  0.269394 1 16
 0.648865  0.283803 1 17
 0.648865  0.406068 1 18
 0.648865  0.452765 1 19
 0.648865  0.624035 1 20
 0.648865  0.635136 1 21
 0.648865  0.709093 1 22
 0.686081 -0.277729 1 1
 0.686081 -0.246402 1 2
 0.686081 -0.164966 1 3
 0.686081 -0.160119 1 4
 0.686081 -0.159242 1 5
 0.686081 -0.043313 1 6
 0.686081 -0.012151 1 7
 0.686081  0.002439 1 8
 0.686081  0.076040 1 9
 0.686081  0.107074 1 10
 0.686081  0.125296 1 11
 0.686081  0.184221 1 12
 0.686081  0.233027 1 13
 0.686081  0.248741 1 14
 0.686081  0.272744 1 15
 0.686081  0.277211 1 16
 0.686081  0.287923 1 17
 0.686081  0.402501 1 18
 0.686081  0.462828 1 19
 0.686081  0.619247 1 20
 0.686081  0.635017 1 21
 0.686081  0.703847 1 22
 0.723297 -0.277821 1 1
 0.723297 -0.236453 1 2
 0.723297 -0.165259 1 3
 0.723297 -0.157696 1 4
 0.723297 -0.153576 1 5
 0.723297 -0.059511 1 6
 0.723297 -0.012752 1 7
 0.723297  0.003072 1 8
 0.723297  0.070836 1 9
 0.723297  0.095885 1 10
 0.723297  0.116380 1 11
 0.723297  0.179860 1 12
 0.723297  0.233394 1 13
 0.723297  0.248984 1 14
 0.723297  0.281497 1 15
 0.723297  0.284307 1 16
 0.723297  0.291189 1 17
 0.723297  0.398715 1 18
 0.723297  0.473663 1 19
 0.723297  0.614719 1 20
 0.723297  0.635087 1 21
 0.723297  0.696809 1 22
 0.760513 -0.277782 1 1
 0.760513 -0.227110 1 2
 0.760513 -0.165875 1 3
 0.760513 -0.156586 1 4
 0.760513 -0.145467 1 5
 0.760513 -0.074612 1 6
 0.760513 -0.012657 1 7
 0.760513  0.003899 1 8
 0.760513  0.066325 1 9
 0.760513  0.085806 1 10
 0.760513  0.107355 1 11
 0.760513  0.174666 1 12
 0.760513  0.233237 1 13
 0.760513  0.249554 1 14
 0.760513  0.290027 1 15
 0.760513  0.290617 1 16
 0.760513  0.293419 1 17
 0.760513  0.394892 1 18
 0.760513  0.484635 1 19
 0.760513  0.610873 1 20
 0.760513  0.635328 1 21
 0.760513  0.687933 1 22
 0.797729 -0.277574 1 1
 0.797729 -0.219826 1 2
 0.797729 -0.166808 1 3
 0.797729 -0.156006 1 4
 0.797729 -0.135952 1 5
 0.797729 -0.086065 1 6
 0.797729 -0.011586 1 7
 0.797729  0.004866 1 8
 0.797729  0.062551 1 9
 0.797729  0.076904 1 10
 0.797729  0.098500 1 11
 0.797729  0.168520 1 12
 0.797729  0.232917 1 13
 0.797729  0.250292 1 14
 0.797729  0.293916 1 15
 0.797729  0.294551 1 16
 0.797729  0.299953 1 17
 0.797729  0.391167 1 18
 0.797729  0.495228 1 19
 0.797729  0.608013 1 20
 0.797729  0.635662 1 21
 0.797729  0.677337 1 22
 0.834945 -0.277191 1 1
 0.834945 -0.216294 1 2
 0.834945 -0.167984 1 3
 0.834945 -0.155970 1 4
 0.834945 -0.125309 1 5
 0.834945 -0.091303 1 6
 0.834945 -0.009347 1 7
 0.834945  0.005899 1 8
 0.834945  0.059472 1 9
 0.834945  0.069176 1 10
 0.834945  0.090074 1 11
 0.834945  0.161330 1 12
 0.834945  0.232765 1 13
 0.834945  0.250999 1 14
 0.834945  0.294522 1 15
 0.834945  0.295719 1 16
 0.834945  0.309352 1 17
 0.834945  0.387629 1 18
 0.834945  0.505131 1 19
 0.834945  0.606328 1 20
 0.834945  0.635984 1 21
 0.834945  0.665275 1 22
 0.872161 -0.276671 1 1
 0.872161 -0.217508 1 2
 0.872161 -0.169267 1 3
 0.872161 -0.156458 1 4
 0.872161 -0.113860 1 5
 0.872161 -0.088913 1 6
 0.872161 -0.005826 1 7
 0.872161  0.006938 1 8
 0.872161  0.057014 1 9
 0.872161  0.062654 1 10
 0.872161  0.082263 1 11
 0.872161  0.153087 1 12
 0.872161  0.232971 1 13
 0.872161  0.251507 1 14
 0.872161  0.293198 1 15
 0.872161  0.295358 1 16
 0.872161  0.318657 1 17
 0.872161  0.384326 1 18
 0.872161  0.514252 1 19
 0.872161  0.605937 1 20
 0.872161  0.636198 1 21
 0.872161  0.652095 1 22
 0.909378 -0.276104 1 1
 0.909378 -0.222835 1 2
 0.909378 -0.170487 1 3
 0.909378 -0.157451 1 4
 0.909378 -0.101946 1 5
 0.909378 -0.079705 1 6
 0.909378 -0.000969 1 7
 0.909378  0.007962 1 8
 0.909378  0.055093 1 9
 0.909378  0.057518 1 10
 0.909378  0.075140 1 11
 0.909378  0.143943 1 12
 0.909378  0.233528 1 13
 0.909378  0.251742 1 14
 0.909378  0.290368 1 15
 0.909378  0.292903 1 16
 0.909378  0.327682 1 17
 0.909378  0.381288 1 18
 0.909378  0.522634 1 19
 0.909378  0.606912 1 20
 0.909378  0.636245 1 21
 0.909378  0.638233 1 22
 0.946594 -0.275607 1 1
 0.946594 -0.230669 1 2
 0.946594 -0.171474 1 3
 0.946594 -0.158925 1 4
 0.946594 -0.089829 1 5
 0.946594 -0.066112 1 6
 0.946594  0.005210 1 7
 0.946594  0.009014 1 8
 0.946594  0.053615 1 9
 0.946594  0.054168 1 10
 0.946594  0.068585 1 11
 0.946594  0.134217 1 12
 0.946594  0.234250 1 13
 0.946594  0.251738 1 14
 0.946594  0.285793 1 15
 0.946594  0.288563 1 16
 0.946594  0.336254 1 17
 0.946594  0.378532 1 18
 0.946594  0.530395 1 19
 0.946594  0.609261 1 20
 0.946594  0.624152 1 21
 0.946594  0.636121 1 22
 0.983810 -0.275291 1 1
 0.983810 -0.239567 1 2
 0.983810 -0.172104 1 3
 0.983810 -0.160826 1 4
 0.983810 -0.077685 1 5
 0.983810 -0.051031 1 6
 0.983810  0.010170 1 7
 0.983810  0.012573 1 8
 0.983810  0.052480 1 9
 0.983810  0.053333 1 10
 0.983810  0.062265 1 11
 0.983810  0.124410 1 12
 0.983810  0.234856 1 13
 0.983810  0.251607 1 14
 0.983810  0.279334 1 15
 0.983810  0.282697 1 16
 0.983810  0.344188 1 17
 0.983810  0.376078 1 18
 0.983810  0.537606 1 19
 0.983810  0.610356 1 20
 0.983810  0.612869 1 21
 0.983810  0.635867 1 22
 1.021026 -0.275219 1 1
 1.021026 -0.248558 1 2
 1.021026 -0.172324 1 3
 1.021026 -0.163028 1 4
 1.021026 -0.065581 1 5
 1.021026 -0.037275 1 6
 1.021026  0.011486 1 7
 1.021026  0.020795 1 8
 1.021026  0.051593 1 9
 1.021026  0.055664 1 10
 1.021026  0.055970 1 11
 1.021026  0.115162 1 12
 1.021026  0.235095 1 13
 1.021026  0.251489 1 14
 1.021026  0.271079 1 15
 1.021026  0.275817 1 16
 1.021026  0.351306 1 17
 1.021026  0.373951 1 18
 1.021026  0.544245 1 19
 1.021026  0.597359 1 20
 1.021026  0.617444 1 21
 1.021026  0.635552 1 22
 1.058242 -0.275383 1 1
 1.058242 -0.256979 1 2
 1.058242 -0.172176 1 3
 1.058242 -0.165335 1 4
 1.058242 -0.053501 1 5
 1.058242 -0.026974 1 6
 1.058242  0.012940 1 7
 1.058242  0.029334 1 8
 1.058242  0.048219 1 9
 1.058242  0.050882 1 10
 1.058242  0.062625 1 11
 1.058242  0.107138 1 12
 1.058242  0.234855 1 13
 1.058242  0.251482 1 14
 1.058242  0.261446 1 15
 1.058242  0.268565 1 16
 1.058242  0.357442 1 17
 1.058242  0.372176 1 18
 1.058242  0.550184 1 19
 1.058242  0.585671 1 20
 1.058242  0.622513 1 21
 1.058242  0.635247 1 22
 1.095458 -0.275703 1 1
 1.095458 -0.264267 1 2
 1.095458 -0.171783 1 3
 1.095458 -0.167494 1 4
 1.095458 -0.041479 1 5
 1.095458 -0.020693 1 6
 1.095458  0.014405 1 7
 1.095458  0.037423 1 8
 1.095458  0.039606 1 9
 1.095458  0.050308 1 10
 1.095458  0.072353 1 11
 1.095458  0.100856 1 12
 1.095458  0.234215 1 13
 1.095458  0.251293 1 14
 1.095458  0.251609 1 15
 1.095458  0.261692 1 16
 1.095458  0.362424 1 17
 1.095458  0.370783 1 18
 1.095458  0.555201 1 19
 1.095458  0.575820 1 20
 1.095458  0.627452 1 21
 1.095458  0.634998 1 22
 1.132674 -0.276062 1 1
 1.132674 -0.269923 1 2
 1.132674 -0.171314 1 3
 1.132674 -0.169255 1 4
 1.132674 -0.029780 1 5
 1.132674 -0.017489 1 6
 1.132674  0.015679 1 7
 1.132674  0.030068 1 8
 1.132674  0.044167 1 9
 1.132674  0.049872 1 10
 1.132674  0.082654 1 11
 1.132674  0.096502 1 12
 1.132674  0.233414 1 13
 1.132674  0.241931 1 14
 1.132674  0.251816 1 15
 1.132674  0.255984 1 16
 1.132674  0.366086 1 17
 1.132674  0.369805 1 18
 1.132674  0.559039 1 19
 1.132674  0.568306 1 20
 1.132674  0.631599 1 21
 1.132674  0.634827 1 22
 1.169891 -0.276342 1 1
 1.169891 -0.273509 1 2
 1.169891 -0.170946 1 3
 1.169891 -0.170404 1 4
 1.169891 -0.019537 1 5
 1.169891 -0.016110 1 6
 1.169891  0.016550 1 7
 1.169891  0.020956 1 8
 1.169891  0.048663 1 9
 1.169891  0.049598 1 10
 1.169891  0.090526 1 11
 1.169891  0.093999 1 12
 1.169891  0.232761 1 13
 1.169891  0.235109 1 14
 1.169891  0.252002 1 15
 1.169891  0.252188 1 16
 1.169891  0.368181 1 17
 1.169891  0.369373 1 18
 1.169891  0.561454 1 19
 1.169891  0.563586 1 20
 1.169891  0.634360 1 21
 1.169891  0.634732 1 22
 1.207107 -0.276452 1 1
 1.207107 -0.274735 1 2
 1.207107 -0.170807 1 3
 1.207107 -0.170803 1 4
 1.207107 -0.015738 1 5
 1.207107 -0.014648 1 6
 1.207107  0.016412 1 7
 1.207107  0.016859 1 8
 1.207107  0.049485 1 9
 1.207107  0.050267 1 10
 1.207107  0.093187 1 11
 1.207107  0.093490 1 12
 1.207107  0.232503 1 13
 1.207107  0.232578 1 14
 1.207107  0.250853 1 15
 1.207107  0.252076 1 16
 1.207107  0.368563 1 17
 1.207107  0.369555 1 18
 1.207107  0.561963 1 19
 1.207107  0.562290 1 20
 1.207107  0.634702 1 21
 1.207107  0.635329 1 22
 1.207107 -0.276452 1 1
 1.207107 -0.274735 1 2
 1.207107 -0.170807 1 3
 1.207107 -0.170803 1 4
 1.207107 -0.015738 1 5
 1.207107 -0.014648 1 6
 1.207107  0.016412 1 7
 1.207107  0.016859 1 8
 1.207107  0.049485 1 9
 1.207107  0.050267 1 10
 1.207107  0.093187 1 11
 1.207107  0.093490 1 12
 1.207107  0.232503 1 13
 1.207107  0.232578 1 14
 1.207107  0.250853 1 15
 1.207107  0.252076 1 16
 1.207107  0.368563 1 17
 1.207107  0.369555 1 18
 1.207107  0.561963 1 19
 1.207107  0.562290 1 20
 1.207107  0.634702 1 21
 1.207107  0.635329 1 22
 1.245239 -0.275948 1 1
 1.245239 -0.274241 1 2
 1.245239 -0.171417 1 3
 1.245239 -0.171404 1 4
 1.245239 -0.014342 1 5
 1.245239 -0.013281 1 6
 1.245239  0.016695 1 7
 1.245239  0.017149 1 8
 1.245239  0.047659 1 9
 1.245239  0.048428 1 10
 1.245239  0.092071 1 11
 1.245239  0.092376 1 12
 1.245239  0.233706 1 13
 1.245239  0.233805 1 14
 1.245239  0.251641 1 15
 1.245239  0.252862 1 16
 1.245239  0.368149 1 17
 1.245239  0.369140 1 18
 1.245239  0.562293 1 19
 1.245239  0.562616 1 20
 1.245239  0.633802 1 21
 1.245239  0.634422 1 22
 1.283372 -0.274446 1 1
 1.283372 -0.272768 1 2
 1.283372 -0.173164 1 3
 1.283372 -0.173105 1 4
 1.283372 -0.010269 1 5
 1.283372 -0.009288 1 6
 1.283372  0.017536 1 7
 1.283372  0.018011 1 8
 1.283372  0.042370 1 9
 1.283372  0.043103 1 10
 1.283372  0.088800 1 11
 1.283372  0.089111 1 12
 1.283372  0.237121 1 13
 1.283372  0.237291 1 14
 1.283372  0.253938 1 15
 1.283372  0.255152 1 16
 1.283372  0.366911 1 17
 1.283372  0.367898 1 18
 1.283372  0.563255 1 19
 1.283372  0.563566 1 20
 1.283372  0.631143 1 21
 1.283372  0.631739 1 22
 1.321505 -0.271983 1 1
 1.321505 -0.270356 1 2
 1.321505 -0.175797 1 3
 1.321505 -0.175676 1 4
 1.321505 -0.003835 1 5
 1.321505 -0.002968 1 6
 1.321505  0.018914 1 7
 1.321505  0.019424 1 8
 1.321505  0.034113 1 9
 1.321505  0.034798 1 10
 1.321505  0.083588 1 11
 1.321505  0.083915 1 12
 1.321505  0.242247 1 13
 1.321505  0.242526 1 14
 1.321505  0.257558 1 15
 1.321505  0.258763 1 16
 1.321505  0.364863 1 17
 1.321505  0.365842 1 18
 1.321505  0.564772 1 19
 1.321505  0.565064 1 20
 1.321505  0.626845 1 21
 1.321505  0.627405 1 22
 1.359637 -0.268616 1 1
 1.359637 -0.267062 1 2
 1.359637 -0.178991 1 3
 1.359637 -0.178805 1 4
 1.359637  0.004516 1 5
 1.359637  0.005252 1 6
 1.359637  0.020797 1 7
 1.359637  0.021352 1 8
 1.359637  0.023511 1 9
 1.359637  0.024147 1 10
 1.359637  0.076754 1 11
 1.359637  0.077110 1 12
 1.359637  0.248457 1 13
 1.359637  0.248873 1 14
 1.359637  0.262249 1 15
 1.359637  0.263447 1 16
 1.359637  0.362025 1 17
 1.359637  0.362993 1 18
 1.359637  0.566722 1 19
 1.359637  0.566992 1 20
 1.359637  0.621105 1 21
 1.359637  0.621617 1 22
 1.397770 -0.264425 1 1
 1.397770 -0.262968 1 2
 1.397770 -0.182424 1 3
 1.397770 -0.182184 1 4
 1.397770  0.011177 1 5
 1.397770  0.011773 1 6
 1.397770  0.014238 1 7
 1.397770  0.014850 1 8
 1.397770  0.023140 1 9
 1.397770  0.023748 1 10
 1.397770  0.068705 1 11
 1.397770  0.069113 1 12
 1.397770  0.255146 1 13
 1.397770  0.255717 1 14
 1.397770  0.267736 1 15
 1.397770  0.268929 1 16
 1.397770  0.358433 1 17
 1.397770  0.359385 1 18
 1.397770  0.568958 1 19
 1.397770  0.569203 1 20
 1.397770  0.614185 1 21
 1.397770  0.614639 1 22
 1.435902 -0.259504 1 1
 1.435902 -0.258168 1 2
 1.435902 -0.185822 1 3
 1.435902 -0.185544 1 4
 1.435902 -0.002354 1 5
 1.435902 -0.001782 1 6
 1.435902  0.024573 1 7
 1.435902  0.025099 1 8
 1.435902  0.025891 1 9
 1.435902  0.026555 1 10
 1.435902  0.060069 1 11
 1.435902  0.060574 1 12
 1.435902  0.261812 1 13
 1.435902  0.262544 1 14
 1.435902  0.273759 1 15
 1.435902  0.274951 1 16
 1.435902  0.354132 1 17
 1.435902  0.355063 1 18
 1.435902  0.571316 1 19
 1.435902  0.571538 1 20
 1.435902  0.606396 1 21
 1.435902  0.606787 1 22
 1.474035 -0.253967 1 1
 1.474035 -0.252779 1 2
 1.474035 -0.188978 1 3
 1.474035 -0.188679 1 4
 1.474035 -0.016622 1 5
 1.474035 -0.016054 1 6
 1.474035  0.028988 1 7
 1.474035  0.029708 1 8
 1.474035  0.033404 1 9
 1.474035  0.033895 1 10
 1.474035  0.052860 1 11
 1.474035  0.053513 1 12
 1.474035  0.268067 1 13
 1.474035  0.268957 1 14
 1.474035  0.280079 1 15
 1.474035  0.281273 1 16
 1.474035  0.349189 1 17
 1.474035  0.350095 1 18
 1.474035  0.573634 1 19
 1.474035  0.573836 1 20
 1.474035  0.598091 1 21
 1.474035  0.598419 1 22
 1.512168 -0.247939 1 1
 1.512168 -0.246923 1 2
 1.512168 -0.191752 1 3
 1.512168 -0.191449 1 4
 1.512168 -0.031246 1 5
 1.512168 -0.030660 1 6
 1.512168  0.032364 1 7
 1.512168  0.033079 1 8
 1.512168  0.033136 1 9
 1.512168  0.033182 1 10
 1.512168  0.055059 1 11
 1.512168  0.055499 1 12
 1.512168  0.273647 1 13
 1.512168  0.274681 1 14
 1.512168  0.286498 1 15
 1.512168  0.287698 1 16
 1.512168  0.343689 1 17
 1.512168  0.344563 1 18
 1.512168  0.575769 1 19
 1.512168  0.575953 1 20
 1.512168  0.589627 1 21
 1.512168  0.589896 1 22
 1.550300 -0.241557 1 1
 1.550300 -0.240734 1 2
 1.550300 -0.194068 1 3
 1.550300 -0.193775 1 4
 1.550300 -0.045891 1 5
 1.550300 -0.045268 1 6
 1.550300  0.024580 1 7
 1.550300  0.024782 1 8
 1.550300  0.035946 1 9
 1.550300  0.036760 1 10
 1.550300  0.064988 1 11
 1.550300  0.065288 1 12
 1.550300  0.278385 1 13
 1.550300  0.279540 1 14
 1.550300  0.292847 1 15
 1.550300  0.294055 1 16
 1.550300  0.337738 1 17
 1.550300  0.338576 1 18
 1.550300  0.577602 1 19
 1.550300  0.577772 1 20
 1.550300  0.581343 1 21
 1.550300  0.581566 1 22
 1.588433 -0.234967 1 1
 1.588433 -0.234350 1 2
 1.588433 -0.195904 1 3
 1.588433 -0.195626 1 4
 1.588433 -0.060262 1 5
 1.588433 -0.059581 1 6
 1.588433  0.014664 1 7
 1.588433  0.015022 1 8
 1.588433  0.039656 1 9
 1.588433  0.040500 1 10
 1.588433  0.076028 1 11
 1.588433  0.076325 1 12
 1.588433  0.282208 1 13
 1.588433  0.283452 1 14
 1.588433  0.298989 1 15
 1.588433  0.300207 1 16
 1.588433  0.331466 1 17
 1.588433  0.332264 1 18
 1.588433  0.573536 1 19
 1.588433  0.573729 1 20
 1.588433  0.579051 1 21
 1.588433  0.579209 1 22
 1.626565 -0.228333 1 1
 1.626565 -0.227919 1 2
 1.626565 -0.197277 1 3
 1.626565 -0.197015 1 4
 1.626565 -0.074071 1 5
 1.626565 -0.073318 1 6
 1.626565  0.004797 1 7
 1.626565  0.005278 1 8
 1.626565  0.043405 1 9
 1.626565  0.044267 1 10
 1.626565  0.086792 1 11
 1.626565  0.087107 1 12
 1.626565  0.285111 1 13
 1.626565  0.286411 1 14
 1.626565  0.304805 1 15
 1.626565  0.306033 1 16
 1.626565  0.325030 1 17
 1.626565  0.325789 1 18
 1.626565  0.566445 1 19
 1.626565  0.566628 1 20
 1.626565  0.580073 1 21
 1.626565  0.580222 1 22
 1.664698 -0.221838 1 1
 1.664698 -0.221573 1 2
 1.664698 -0.198235 1 3
 1.664698 -0.197986 1 4
 1.664698 -0.087062 1 5
 1.664698 -0.086227 1 6
 1.664698 -0.004565 1 7
 1.664698 -0.003970 1 8
 1.664698  0.047102 1 9
 1.664698  0.047966 1 10
 1.664698  0.096824 1 11
 1.664698  0.097151 1 12
 1.664698  0.287157 1 13
 1.664698  0.288480 1 14
 1.664698  0.310199 1 15
 1.664698  0.311437 1 16
 1.664698  0.318609 1 17
 1.664698  0.319331 1 18
 1.664698  0.560226 1 19
 1.664698  0.560422 1 20
 1.664698  0.580671 1 21
 1.664698  0.580811 1 22
 1.702831 -0.215703 1 1
 1.702831 -0.215418 1 2
 1.702831 -0.198850 1 3
 1.702831 -0.198605 1 4
 1.702831 -0.098991 1 5
 1.702831 -0.098071 1 6
 1.702831 -0.013142 1 7
 1.702831 -0.012433 1 8
 1.702831  0.050645 1 9
 1.702831  0.051497 1 10
 1.702831  0.105860 1 11
 1.702831  0.106188 1 12
 1.702831  0.288456 1 13
 1.702831  0.289773 1 14
 1.702831  0.312401 1 15
 1.702831  0.313094 1 16
 1.702831  0.315083 1 17
 1.702831  0.316329 1 18
 1.702831  0.554962 1 19
 1.702831  0.555190 1 20
 1.702831  0.580886 1 21
 1.702831  0.581017 1 22
 1.740963 -0.210078 1 1
 1.740963 -0.209641 1 2
 1.740963 -0.199200 1 3
 1.740963 -0.198949 1 4
 1.740963 -0.109634 1 5
 1.740963 -0.108628 1 6
 1.740963 -0.020724 1 7
 1.740963 -0.019901 1 8
 1.740963  0.053925 1 9
 1.740963  0.054755 1 10
 1.740963  0.113726 1 11
 1.740963  0.114042 1 12
 1.740963  0.289154 1 13
 1.740963  0.290442 1 14
 1.740963  0.306620 1 15
 1.740963  0.307294 1 16
 1.740963  0.319378 1 17
 1.740963  0.320632 1 18
 1.740963  0.550665 1 19
 1.740963  0.550941 1 20
 1.740963  0.580793 1 21
 1.740963  0.580914 1 22
 1.779096 -0.205087 1 1
 1.779096 -0.204478 1 2
 1.779096 -0.199363 1 3
 1.779096 -0.199098 1 4
 1.779096 -0.118773 1 5
 1.779096 -0.117685 1 6
 1.779096 -0.027139 1 7
 1.779096 -0.026207 1 8
 1.779096  0.056828 1 9
 1.779096  0.057628 1 10
 1.779096  0.120293 1 11
 1.779096  0.120588 1 12
 1.779096  0.289414 1 13
 1.779096  0.290661 1 14
 1.779096  0.301488 1 15
 1.779096  0.302154 1 16
 1.779096  0.323009 1 17
 1.779096  0.324270 1 18
 1.779096  0.547300 1 19
 1.779096  0.547633 1 20
 1.779096  0.580496 1 21
 1.779096  0.580604 1 22
 1.817228 -0.200892 1 1
 1.817228 -0.200127 1 2
 1.817228 -0.199411 1 3
 1.817228 -0.199127 1 4
 1.817228 -0.126210 1 5
 1.817228 -0.125045 1 6
 1.817228 -0.032257 1 7
 1.817228 -0.031229 1 8
 1.817228  0.059239 1 9
 1.817228  0.060006 1 10
 1.817228  0.125477 1 11
 1.817228  0.125747 1 12
 1.817228  0.289403 1 13
 1.817228  0.290604 1 14
 1.817228  0.297221 1 15
 1.817228  0.297887 1 16
 1.817228  0.325912 1 17
 1.817228  0.327178 1 18
 1.817228  0.544797 1 19
 1.817228  0.545187 1 20
 1.817228  0.580107 1 21
 1.817228  0.580199 1 22
 1.855361 -0.199402 1 1
 1.855361 -0.199099 1 2
 1.855361 -0.197682 1 3
 1.855361 -0.196792 1 4
 1.855361 -0.131744 1 5
 1.855361 -0.130511 1 6
 1.855361 -0.035981 1 7
 1.855361 -0.034876 1 8
 1.855361  0.061052 1 9
 1.855361  0.061790 1 10
 1.855361  0.129217 1 11
 1.855361  0.129464 1 12
 1.855361  0.289270 1 13
 1.855361  0.290432 1 14
 1.855361  0.294012 1 15
 1.855361  0.294683 1 16
 1.855361  0.328029 1 17
 1.855361  0.329299 1 18
 1.855361  0.543081 1 19
 1.855361  0.543519 1 20
 1.855361  0.579738 1 21
 1.855361  0.579810 1 22
 1.893494 -0.199379 1 1
 1.893494 -0.199062 1 2
 1.893494 -0.195649 1 3
 1.893494 -0.194674 1 4
 1.893494 -0.135178 1 5
 1.893494 -0.133894 1 6
 1.893494 -0.038243 1 7
 1.893494 -0.037088 1 8
 1.893494  0.062180 1 9
 1.893494  0.062897 1 10
 1.893494  0.131476 1 11
 1.893494  0.131708 1 12
 1.893494  0.289138 1 13
 1.893494  0.290274 1 14
 1.893494  0.292018 1 15
 1.893494  0.292694 1 16
 1.893494  0.329318 1 17
 1.893494  0.330591 1 18
 1.893494  0.542081 1 19
 1.893494  0.542552 1 20
 1.893494  0.579480 1 21
 1.893494  0.579531 1 22
 1.931626 -0.199369 1 1
 1.931626 -0.199046 1 2
 1.931626 -0.194951 1 3
 1.931626 -0.193945 1 4
 1.931626 -0.136345 1 5
 1.931626 -0.135041 1 6
 1.931626 -0.039001 1 7
 1.931626 -0.037829 1 8
 1.931626  0.062563 1 9
 1.931626  0.063272 1 10
 1.931626  0.132231 1 11
 1.931626  0.132457 1 12
 1.931626  0.289085 1 13
 1.931626  0.290211 1 14
 1.931626  0.291342 1 15
 1.931626  0.292020 1 16
 1.931626  0.329751 1 17
 1.931626  0.331024 1 18
 1.931626  0.541754 1 19
 1.931626  0.542236 1 20
 1.931626  0.579388 1 21
 1.931626  0.579429 1 22
