 0.000000 -0.217509 1 1
 0.000000 -0.214317 1 2
 0.000000 -0.156467 1 3
 0.000000 -0.156219 1 4
 0.000000 -0.092415 1 5
 0.000000 -0.091967 1 6
 0.000000 -0.052047 1 7
 0.000000 -0.051495 1 8
 0.000000  0.002625 1 9
 0.000000  0.002896 1 10
 0.000000  0.139859 1 11
 0.000000  0.139903 1 12
 0.000000  0.288751 1 13
 0.000000  0.289869 1 14
 0.000000  0.295092 1 15
 0.000000  0.296197 1 16
 0.000000  0.341481 1 17
 0.000000  0.342603 1 18
 0.000000  0.596848 1 19
 0.000000  0.596913 1 20
 0.000000  0.605827 1 21
 0.000000  0.606289 1 22
 0.026316 -0.218334 1 1
 0.026316 -0.214680 1 2
 0.026316 -0.156486 1 3
 0.026316 -0.156235 1 4
 0.026316 -0.092293 1 5
 0.026316 -0.090634 1 6
 0.026316 -0.063549 1 7
 0.026316 -0.039556 1 8
 0.026316 -0.000606 1 9
 0.026316  0.006498 1 10
 0.026316  0.136579 1 11
 0.026316  0.143364 1 12
 0.026316  0.286513 1 13
 0.026316  0.291720 1 14
 0.026316  0.294028 1 15
 0.026316  0.296771 1 16
 0.026316  0.335878 1 17
 0.026316  0.348111 1 18
 0.026316  0.584948 1 19
 0.026316  0.605777 1 20
 0.026316  0.606635 1 21
 0.026316  0.608815 1 22
 0.052632 -0.220502 1 1
 0.052632 -0.215974 1 2
 0.052632 -0.156553 1 3
 0.052632 -0.156277 1 4
 0.052632 -0.091544 1 5
 0.052632 -0.087741 1 6
 0.052632 -0.073981 1 7
 0.052632 -0.027200 1 8
 0.052632 -0.003597 1 9
 0.052632  0.010609 1 10
 0.052632  0.133494 1 11
 0.052632  0.147000 1 12
 0.052632  0.283486 1 13
 0.052632  0.292168 1 14
 0.052632  0.293585 1 15
 0.052632  0.297161 1 16
 0.052632  0.329669 1 17
 0.052632  0.354027 1 18
 0.052632  0.573099 1 19
 0.052632  0.605914 1 20
 0.052632  0.607389 1 21
 0.052632  0.620666 1 22
 0.078947 -0.223553 1 1
 0.078947 -0.218384 1 2
 0.078947 -0.156689 1 3
 0.078947 -0.156336 1 4
 0.078947 -0.093848 1 5
 0.078947 -0.083677 1 6
 0.078947 -0.079139 1 7
 0.078947 -0.014828 1 8
 0.078947 -0.006216 1 9
 0.078947  0.015118 1 10
 0.078947  0.130676 1 11
 0.078947  0.150777 1 12
 0.078947  0.280196 1 13
 0.078947  0.289916 1 14
 0.078947  0.294970 1 15
 0.078947  0.296946 1 16
 0.078947  0.323376 1 17
 0.078947  0.359816 1 18
 0.078947  0.561331 1 19
 0.078947  0.606373 1 20
 0.078947  0.608423 1 21
 0.078947  0.632331 1 22
 0.105263 -0.227162 1 1
 0.105263 -0.221839 1 2
 0.105263 -0.156907 1 3
 0.105263 -0.156417 1 4
 0.105263 -0.102032 1 5
 0.105263 -0.078689 1 6
 0.105263 -0.076262 1 7
 0.105263 -0.008445 1 8
 0.105263 -0.002511 1 9
 0.105263  0.020037 1 10
 0.105263  0.128193 1 11
 0.105263  0.154674 1 12
 0.105263  0.276725 1 13
 0.105263  0.287350 1 14
 0.105263  0.295841 1 15
 0.105263  0.296034 1 16
 0.105263  0.317020 1 17
 0.105263  0.365440 1 18
 0.105263  0.549660 1 19
 0.105263  0.607187 1 20
 0.105263  0.609711 1 21
 0.105263  0.643648 1 22
 0.131579 -0.231121 1 1
 0.131579 -0.226122 1 2
 0.131579 -0.157208 1 3
 0.131579 -0.156545 1 4
 0.131579 -0.111568 1 5
 0.131579 -0.072966 1 6
 0.131579 -0.070114 1 7
 0.131579 -0.010274 1 8
 0.131579  0.009759 1 9
 0.131579  0.025381 1 10
 0.131579  0.126123 1 11
 0.131579  0.158673 1 12
 0.131579  0.273117 1 13
 0.131579  0.284517 1 14
 0.131579  0.294381 1 15
 0.131579  0.296202 1 16
 0.131579  0.310611 1 17
 0.131579  0.370870 1 18
 0.131579  0.538080 1 19
 0.131579  0.608367 1 20
 0.131579  0.611239 1 21
 0.131579  0.654453 1 22
 0.157895 -0.235287 1 1
 0.157895 -0.230968 1 2
 0.157895 -0.157595 1 3
 0.157895 -0.156744 1 4
 0.157895 -0.120800 1 5
 0.157895 -0.066695 1 6
 0.157895 -0.062631 1 7
 0.157895 -0.011692 1 8
 0.157895  0.022016 1 9
 0.157895  0.031145 1 10
 0.157895  0.124562 1 11
 0.157895  0.162733 1 12
 0.157895  0.269399 1 13
 0.157895  0.281462 1 14
 0.157895  0.291980 1 15
 0.157895  0.296073 1 16
 0.157895  0.304179 1 17
 0.157895  0.376071 1 18
 0.157895  0.526622 1 19
 0.157895  0.609911 1 20
 0.157895  0.612989 1 21
 0.157895  0.664566 1 22
 0.184211 -0.239575 1 1
 0.184211 -0.236127 1 2
 0.184211 -0.158075 1 3
 0.184211 -0.157038 1 4
 0.184211 -0.129360 1 5
 0.184211 -0.060022 1 6
 0.184211 -0.054507 1 7
 0.184211 -0.012699 1 8
 0.184211  0.034334 1 9
 0.184211  0.037311 1 10
 0.184211  0.123609 1 11
 0.184211  0.166808 1 12
 0.184211  0.265569 1 13
 0.184211  0.278227 1 14
 0.184211  0.288871 1 15
 0.184211  0.295482 1 16
 0.184211  0.297758 1 17
 0.184211  0.381021 1 18
 0.184211  0.515320 1 19
 0.184211  0.611798 1 20
 0.184211  0.614944 1 21
 0.184211  0.673844 1 22
 0.210526 -0.243923 1 1
 0.210526 -0.241381 1 2
 0.210526 -0.158652 1 3
 0.210526 -0.157445 1 4
 0.210526 -0.137114 1 5
 0.210526 -0.053074 1 6
 0.210526 -0.046207 1 7
 0.210526 -0.013310 1 8
 0.210526  0.043827 1 9
 0.210526  0.046778 1 10
 0.210526  0.123365 1 11
 0.210526  0.170833 1 12
 0.210526  0.261619 1 13
 0.210526  0.274865 1 14
 0.210526  0.285141 1 15
 0.210526  0.291359 1 16
 0.210526  0.294498 1 17
 0.210526  0.385697 1 18
 0.210526  0.504248 1 19
 0.210526  0.613993 1 20
 0.210526  0.617074 1 21
 0.210526  0.682170 1 22
 0.236842 -0.248299 1 1
 0.236842 -0.246541 1 2
 0.236842 -0.159330 1 3
 0.236842 -0.157978 1 4
 0.236842 -0.144010 1 5
 0.236842 -0.045976 1 6
 0.236842 -0.038102 1 7
 0.236842 -0.013555 1 8
 0.236842  0.050610 1 9
 0.236842  0.059379 1 10
 0.236842  0.123921 1 11
 0.236842  0.174731 1 12
 0.236842  0.257534 1 13
 0.236842  0.271433 1 14
 0.236842  0.280929 1 15
 0.236842  0.285104 1 16
 0.236842  0.293093 1 17
 0.236842  0.390082 1 18
 0.236842  0.493505 1 19
 0.236842  0.616439 1 20
 0.236842  0.619339 1 21
 0.236842  0.689483 1 22
 0.263158 -0.252713 1 1
 0.263158 -0.251432 1 2
 0.263158 -0.160105 1 3
 0.263158 -0.158639 1 4
 0.263158 -0.150047 1 5
 0.263158 -0.038852 1 6
 0.263158 -0.030476 1 7
 0.263158 -0.013479 1 8
 0.263158  0.057543 1 9
 0.263158  0.072128 1 10
 0.263158  0.125337 1 11
 0.263158  0.178426 1 12
 0.263158  0.253308 1 13
 0.263158  0.267991 1 14
 0.263158  0.276412 1 15
 0.263158  0.279027 1 16
 0.263158  0.291317 1 17
 0.263158  0.394165 1 18
 0.263158  0.483200 1 19
 0.263158  0.619069 1 20
 0.263158  0.621692 1 21
 0.263158  0.695780 1 22
 0.289474 -0.257163 1 1
 0.289474 -0.255894 1 2
 0.289474 -0.160962 1 3
 0.289474 -0.159421 1 4
 0.289474 -0.155238 1 5
 0.289474 -0.031847 1 6
 0.289474 -0.023548 1 7
 0.289474 -0.013142 1 8
 0.289474  0.064463 1 9
 0.289474  0.084923 1 10
 0.289474  0.127626 1 11
 0.289474  0.181840 1 12
 0.289474  0.248962 1 13
 0.289474  0.264604 1 14
 0.289474  0.271807 1 15
 0.289474  0.273210 1 16
 0.289474  0.289187 1 17
 0.289474  0.397930 1 18
 0.289474  0.473469 1 19
 0.289474  0.621800 1 20
 0.289474  0.624075 1 21
 0.289474  0.701100 1 22
 0.315789 -0.261501 1 1
 0.315789 -0.259939 1 2
 0.315789 -0.161873 1 3
 0.315789 -0.160306 1 4
 0.315789 -0.159625 1 5
 0.315789 -0.025110 1 6
 0.315789 -0.017451 1 7
 0.315789 -0.012613 1 8
 0.315789  0.071184 1 9
 0.315789  0.097596 1 10
 0.315789  0.130737 1 11
 0.315789  0.184910 1 12
 0.315789  0.244549 1 13
 0.315789  0.261328 1 14
 0.315789  0.267342 1 15
 0.315789  0.267726 1 16
 0.315789  0.286726 1 17
 0.315789  0.401360 1 18
 0.315789  0.464444 1 19
 0.315789  0.624540 1 20
 0.315789  0.626422 1 21
 0.315789  0.705524 1 22
 0.342105 -0.265532 1 1
 0.342105 -0.263612 1 2
 0.342105 -0.163260 1 3
 0.342105 -0.162796 1 4
 0.342105 -0.161258 1 5
 0.342105 -0.018810 1 6
 0.342105 -0.012252 1 7
 0.342105 -0.011967 1 8
 0.342105  0.077496 1 9
 0.342105  0.109886 1 10
 0.342105  0.134532 1 11
 0.342105  0.187582 1 12
 0.342105  0.240167 1 13
 0.342105  0.258231 1 14
 0.342105  0.262645 1 15
 0.342105  0.263239 1 16
 0.342105  0.283984 1 17
 0.342105  0.404431 1 18
 0.342105  0.456269 1 19
 0.342105  0.627189 1 20
 0.342105  0.628663 1 21
 0.342105  0.709146 1 22
 0.368421 -0.269128 1 1
 0.368421 -0.266890 1 2
 0.368421 -0.166197 1 3
 0.368421 -0.163681 1 4
 0.368421 -0.162238 1 5
 0.368421 -0.013117 1 6
 0.368421 -0.011276 1 7
 0.368421 -0.007962 1 8
 0.368421  0.083184 1 9
 0.368421  0.121461 1 10
 0.368421  0.138779 1 11
 0.368421  0.189825 1 12
 0.368421  0.235956 1 13
 0.368421  0.255406 1 14
 0.368421  0.258035 1 15
 0.368421  0.259658 1 16
 0.368421  0.281050 1 17
 0.368421  0.407112 1 18
 0.368421  0.449085 1 19
 0.368421  0.629643 1 20
 0.368421  0.630727 1 21
 0.368421  0.712062 1 22
 0.394737 -0.272202 1 1
 0.394737 -0.269711 1 2
 0.394737 -0.168498 1 3
 0.394737 -0.164469 1 4
 0.394737 -0.163193 1 5
 0.394737 -0.010609 1 6
 0.394737 -0.008190 1 7
 0.394737 -0.004550 1 8
 0.394737  0.088064 1 9
 0.394737  0.131940 1 10
 0.394737  0.143161 1 11
 0.394737  0.191627 1 12
 0.394737  0.232087 1 13
 0.394737  0.252989 1 14
 0.394737  0.253967 1 15
 0.394737  0.256663 1 16
 0.394737  0.278071 1 17
 0.394737  0.409368 1 18
 0.394737  0.443018 1 19
 0.394737  0.631798 1 20
 0.394737  0.632549 1 21
 0.394737  0.714360 1 22
 0.421053 -0.274677 1 1
 0.421053 -0.272004 1 2
 0.421053 -0.170220 1 3
 0.421053 -0.165105 1 4
 0.421053 -0.164065 1 5
 0.421053 -0.010026 1 6
 0.421053 -0.004185 1 7
 0.421053 -0.001968 1 8
 0.421053  0.091979 1 9
 0.421053  0.140873 1 10
 0.421053  0.147275 1 11
 0.421053  0.192993 1 12
 0.421053  0.228754 1 13
 0.421053  0.250541 1 14
 0.421053  0.251127 1 15
 0.421053  0.254247 1 16
 0.421053  0.275272 1 17
 0.421053  0.411161 1 18
 0.421053  0.438186 1 19
 0.421053  0.633549 1 20
 0.421053  0.634077 1 21
 0.421053  0.716100 1 22
 0.447368 -0.276492 1 1
 0.447368 -0.273700 1 2
 0.447368 -0.171411 1 3
 0.447368 -0.165542 1 4
 0.447368 -0.164794 1 5
 0.447368 -0.009575 1 6
 0.447368 -0.001229 1 7
 0.447368 -0.000161 1 8
 0.447368  0.094829 1 9
 0.447368  0.147783 1 10
 0.447368  0.150681 1 11
 0.447368  0.193943 1 12
 0.447368  0.226158 1 13
 0.447368  0.247897 1 14
 0.447368  0.249908 1 15
 0.447368  0.252392 1 16
 0.447368  0.272939 1 17
 0.447368  0.412460 1 18
 0.447368  0.434676 1 19
 0.447368  0.634811 1 20
 0.447368  0.635262 1 21
 0.447368  0.717327 1 22
 0.473684 -0.277599 1 1
 0.473684 -0.274744 1 2
 0.473684 -0.172109 1 3
 0.473684 -0.165749 1 4
 0.473684 -0.165324 1 5
 0.473684 -0.009290 1 6
 0.473684  0.000557 1 7
 0.473684  0.000931 1 8
 0.473684  0.096554 1 9
 0.473684  0.152170 1 10
 0.473684  0.152963 1 11
 0.473684  0.194501 1 12
 0.473684  0.224494 1 13
 0.473684  0.246207 1 14
 0.473684  0.249316 1 15
 0.473684  0.251143 1 16
 0.473684  0.271380 1 17
 0.473684  0.413244 1 18
 0.473684  0.432549 1 19
 0.473684  0.635558 1 20
 0.473684  0.636028 1 21
 0.473684  0.718061 1 22
 0.500000 -0.277969 1 1
 0.500000 -0.275098 1 2
 0.500000 -0.172337 1 3
 0.500000 -0.165766 1 4
 0.500000 -0.165560 1 5
 0.500000 -0.009192 1 6
 0.500000  0.001107 1 7
 0.500000  0.001345 1 8
 0.500000  0.097132 1 9
 0.500000  0.153577 1 10
 0.500000  0.153873 1 11
 0.500000  0.194686 1 12
 0.500000  0.223918 1 13
 0.500000  0.245623 1 14
 0.500000  0.249177 1 15
 0.500000  0.250671 1 16
 0.500000  0.270839 1 17
 0.500000  0.413505 1 18
 0.500000  0.431834 1 19
 0.500000  0.635807 1 20
 0.500000  0.636292 1 21
 0.500000  0.718312 1 22
 0.500000 -0.277969 1 1
 0.500000 -0.275098 1 2
 0.500000 -0.172337 1 3
 0.500000 -0.165766 1 4
 0.500000 -0.165560 1 5
 0.500000 -0.009192 1 6
 0.500000  0.001107 1 7
 0.500000  0.001345 1 8
 0.500000  0.097132 1 9
 0.500000  0.153577 1 10
 0.500000  0.153873 1 11
 0.500000  0.194686 1 12
 0.500000  0.223918 1 13
 0.500000  0.245623 1 14
 0.500000  0.249177 1 15
 0.500000  0.250671 1 16
 0.500000  0.270839 1 17
 0.500000  0.413505 1 18
 0.500000  0.431834 1 19
 0.500000  0.635807 1 20
 0.500000  0.636292 1 21
 0.500000  0.718312 1 22
 0.537216 -0.277465 1 1
 0.537216 -0.274179 1 2
 0.537216 -0.171917 1 3
 0.537216 -0.165447 1 4
 0.537216 -0.165352 1 5
 0.537216 -0.009418 1 6
 0.537216 -0.000677 1 7
 0.537216  0.001211 1 8
 0.537216  0.096023 1 9
 0.537216  0.150595 1 10
 0.537216  0.152318 1 11
 0.537216  0.194311 1 12
 0.537216  0.224999 1 13
 0.537216  0.246832 1 14
 0.537216  0.250431 1 15
 0.537216  0.250587 1 16
 0.537216  0.271881 1 17
 0.537216  0.412977 1 18
 0.537216  0.433234 1 19
 0.537216  0.634966 1 20
 0.537216  0.636144 1 21
 0.537216  0.717841 1 22
 0.574432 -0.276660 1 1
 0.574432 -0.270848 1 2
 0.574432 -0.170586 1 3
 0.574432 -0.165164 1 4
 0.574432 -0.164195 1 5
 0.574432 -0.010067 1 6
 0.574432 -0.006629 1 7
 0.574432  0.001525 1 8
 0.574432  0.092875 1 9
 0.574432  0.142677 1 10
 0.574432  0.147930 1 11
 0.574432  0.193180 1 12
 0.574432  0.227503 1 13
 0.574432  0.249813 1 14
 0.574432  0.250262 1 15
 0.574432  0.254655 1 16
 0.574432  0.274797 1 17
 0.574432  0.411454 1 18
 0.574432  0.437283 1 19
 0.574432  0.632559 1 20
 0.574432  0.635765 1 21
 0.574432  0.716408 1 22
 0.611648 -0.276029 1 1
 0.611648 -0.264999 1 2
 0.611648 -0.168187 1 3
 0.611648 -0.164861 1 4
 0.611648 -0.162519 1 5
 0.611648 -0.016166 1 6
 0.611648 -0.011042 1 7
 0.611648  0.002026 1 8
 0.611648  0.088183 1 9
 0.611648  0.131821 1 10
 0.611648  0.141357 1 11
 0.611648  0.191249 1 12
 0.611648  0.230137 1 13
 0.611648  0.249073 1 14
 0.611648  0.255489 1 15
 0.611648  0.260880 1 16
 0.611648  0.278919 1 17
 0.611648  0.409089 1 18
 0.611648  0.443642 1 19
 0.611648  0.628883 1 20
 0.611648  0.635315 1 21
 0.611648  0.713842 1 22
 0.648865 -0.275604 1 1
 0.648865 -0.257151 1 2
 0.648865 -0.164718 1 3
 0.648865 -0.164523 1 4
 0.648865 -0.160621 1 5
 0.648865 -0.028716 1 6
 0.648865 -0.012165 1 7
 0.648865  0.002663 1 8
 0.648865  0.082641 1 9
 0.648865  0.119786 1 10
 0.648865  0.133326 1 11
 0.648865  0.188460 1 12
 0.648865  0.232090 1 13
 0.648865  0.248522 1 14
 0.648865  0.262124 1 15
 0.648865  0.268451 1 16
 0.648865  0.283463 1 17
 0.648865  0.406097 1 18
 0.648865  0.451832 1 19
 0.648865  0.624377 1 20
 0.648865  0.634989 1 21
 0.648865  0.709914 1 22
 0.686081 -0.275462 1 1
 0.686081 -0.247884 1 2
 0.686081 -0.164882 1 3
 0.686081 -0.159422 1 4
 0.686081 -0.158791 1 5
 0.686081 -0.043454 1 6
 0.686081 -0.013168 1 7
 0.686081  0.003367 1 8
 0.686081  0.076925 1 9
 0.686081  0.107754 1 10
 0.686081  0.124463 1 11
 0.686081  0.184763 1 12
 0.686081  0.233123 1 13
 0.686081  0.248394 1 14
 0.686081  0.269932 1 15
 0.686081  0.276389 1 16
 0.686081  0.287773 1 17
 0.686081  0.402695 1 18
 0.686081  0.461358 1 19
 0.686081  0.619547 1 20
 0.686081  0.634926 1 21
 0.686081  0.704403 1 22
 0.723297 -0.275636 1 1
 0.723297 -0.237949 1 2
 0.723297 -0.165405 1 3
 0.723297 -0.157264 1 4
 0.723297 -0.152813 1 5
 0.723297 -0.059129 1 6
 0.723297 -0.013719 1 7
 0.723297  0.004057 1 8
 0.723297  0.071539 1 9
 0.723297  0.096447 1 10
 0.723297  0.115295 1 11
 0.723297  0.180150 1 12
 0.723297  0.233359 1 13
 0.723297  0.248763 1 14
 0.723297  0.278742 1 15
 0.723297  0.283718 1 16
 0.723297  0.291354 1 17
 0.723297  0.399063 1 18
 0.723297  0.471763 1 19
 0.723297  0.614918 1 20
 0.723297  0.635156 1 21
 0.723297  0.697178 1 22
 0.760513 -0.276054 1 1
 0.760513 -0.228399 1 2
 0.760513 -0.166234 1 3
 0.760513 -0.156210 1 4
 0.760513 -0.144756 1 5
 0.760513 -0.073965 1 6
 0.760513 -0.013503 1 7
 0.760513  0.004679 1 8
 0.760513  0.066747 1 9
 0.760513  0.086203 1 10
 0.760513  0.106239 1 11
 0.760513  0.174649 1 12
 0.760513  0.233124 1 13
 0.760513  0.249515 1 14
 0.760513  0.288373 1 15
 0.760513  0.289663 1 16
 0.760513  0.293850 1 17
 0.760513  0.395320 1 18
 0.760513  0.482659 1 19
 0.760513  0.610961 1 20
 0.760513  0.635580 1 21
 0.760513  0.688222 1 22
 0.797729 -0.276552 1 1
 0.797729 -0.220771 1 2
 0.797729 -0.167232 1 3
 0.797729 -0.155750 1 4
 0.797729 -0.135448 1 5
 0.797729 -0.085571 1 6
 0.797729 -0.012278 1 7
 0.797729  0.005231 1 8
 0.797729  0.062648 1 9
 0.797729  0.077138 1 10
 0.797729  0.097622 1 11
 0.797729  0.168312 1 12
 0.797729  0.232811 1 13
 0.797729  0.250402 1 14
 0.797729  0.293723 1 15
 0.797729  0.295006 1 16
 0.797729  0.298564 1 17
 0.797729  0.391549 1 18
 0.797729  0.493660 1 19
 0.797729  0.608070 1 20
 0.797729  0.636015 1 21
 0.797729  0.677650 1 22
 0.834945 -0.276929 1 1
 0.834945 -0.216934 1 2
 0.834945 -0.168229 1 3
 0.834945 -0.155967 1 4
 0.834945 -0.125173 1 5
 0.834945 -0.091302 1 6
 0.834945 -0.009891 1 7
 0.834945  0.005775 1 8
 0.834945  0.059254 1 9
 0.834945  0.069256 1 10
 0.834945  0.089632 1 11
 0.834945  0.161193 1 12
 0.834945  0.232743 1 13
 0.834945  0.251152 1 14
 0.834945  0.294686 1 15
 0.834945  0.295680 1 16
 0.834945  0.308973 1 17
 0.834945  0.387828 1 18
 0.834945  0.504363 1 19
 0.834945  0.606517 1 20
 0.834945  0.636262 1 21
 0.834945  0.665663 1 22
 0.872161 -0.277027 1 1
 0.872161 -0.218082 1 2
 0.872161 -0.169087 1 3
 0.872161 -0.156884 1 4
 0.872161 -0.114211 1 5
 0.872161 -0.089505 1 6
 0.872161 -0.006241 1 7
 0.872161  0.006414 1 8
 0.872161  0.056533 1 9
 0.872161  0.062573 1 10
 0.872161  0.082280 1 11
 0.872161  0.153340 1 12
 0.872161  0.233081 1 13
 0.872161  0.251573 1 14
 0.872161  0.292874 1 15
 0.872161  0.295494 1 16
 0.872161  0.319252 1 17
 0.872161  0.384250 1 18
 0.872161  0.514399 1 19
 0.872161  0.606442 1 20
 0.872161  0.636196 1 21
 0.872161  0.652501 1 22
 0.909378 -0.276803 1 1
 0.909378 -0.223605 1 2
 0.909378 -0.169726 1 3
 0.909378 -0.158438 1 4
 0.909378 -0.102794 1 5
 0.909378 -0.080818 1 6
 0.909378 -0.001257 1 7
 0.909378  0.007250 1 8
 0.909378  0.054431 1 9
 0.909378  0.057246 1 10
 0.909378  0.075408 1 11
 0.909378  0.144851 1 12
 0.909378  0.233780 1 13
 0.909378  0.251623 1 14
 0.909378  0.289620 1 15
 0.909378  0.293224 1 16
 0.909378  0.329056 1 17
 0.909378  0.380939 1 18
 0.909378  0.523480 1 19
 0.909378  0.607857 1 20
 0.909378  0.635806 1 21
 0.909378  0.638470 1 22
 0.946594 -0.276345 1 1
 0.946594 -0.231720 1 2
 0.946594 -0.170143 1 3
 0.946594 -0.160466 1 4
 0.946594 -0.091035 1 5
 0.946594 -0.067651 1 6
 0.946594  0.005077 1 7
 0.946594  0.008341 1 8
 0.946594  0.052858 1 9
 0.946594  0.053671 1 10
 0.946594  0.068705 1 11
 0.946594  0.135908 1 12
 0.946594  0.234614 1 13
 0.946594  0.251405 1 14
 0.946594  0.284959 1 15
 0.946594  0.289005 1 16
 0.946594  0.338109 1 17
 0.946594  0.378007 1 18
 0.946594  0.531505 1 19
 0.946594  0.610639 1 20
 0.946594  0.623949 1 21
 0.946594  0.635216 1 22
 0.983810 -0.275836 1 1
 0.983810 -0.240797 1 2
 0.983810 -0.170386 1 3
 0.983810 -0.162728 1 4
 0.983810 -0.078972 1 5
 0.983810 -0.052870 1 6
 0.983810  0.009682 1 7
 0.983810  0.012621 1 8
 0.983810  0.051704 1 9
 0.983810  0.052588 1 10
 0.983810  0.061803 1 11
 0.983810  0.126821 1 12
 0.983810  0.235273 1 13
 0.983810  0.251115 1 14
 0.983810  0.278856 1 15
 0.983810  0.283123 1 16
 0.983810  0.346190 1 17
 0.983810  0.375528 1 18
 0.983810  0.538538 1 19
 0.983810  0.609507 1 20
 0.983810  0.614527 1 21
 0.983810  0.634610 1 22
 1.021026 -0.275478 1 1
 1.021026 -0.249779 1 2
 1.021026 -0.170527 1 3
 1.021026 -0.164972 1 4
 1.021026 -0.066622 1 5
 1.021026 -0.039195 1 6
 1.021026  0.011207 1 7
 1.021026  0.021004 1 8
 1.021026  0.050853 1 9
 1.021026  0.054380 1 10
 1.021026  0.054975 1 11
 1.021026  0.118001 1 12
 1.021026  0.235492 1 13
 1.021026  0.250950 1 14
 1.021026  0.271251 1 15
 1.021026  0.276086 1 16
 1.021026  0.353147 1 17
 1.021026  0.373512 1 18
 1.021026  0.544731 1 19
 1.021026  0.595870 1 20
 1.021026  0.619129 1 21
 1.021026  0.634179 1 22
 1.058242 -0.275403 1 1
 1.058242 -0.258009 1 2
 1.058242 -0.170629 1 3
 1.058242 -0.166996 1 4
 1.058242 -0.054057 1 5
 1.058242 -0.028685 1 6
 1.058242  0.012806 1 7
 1.058242  0.029604 1 8
 1.058242  0.046254 1 9
 1.058242  0.050211 1 10
 1.058242  0.061437 1 11
 1.058242  0.109890 1 12
 1.058242  0.235169 1 13
 1.058242  0.251022 1 14
 1.058242  0.262227 1 15
 1.058242  0.268627 1 16
 1.058242  0.358887 1 17
 1.058242  0.371919 1 18
 1.058242  0.550193 1 19
 1.058242  0.583821 1 20
 1.058242  0.623964 1 21
 1.058242  0.634032 1 22
 1.095458 -0.275618 1 1
 1.095458 -0.264989 1 2
 1.095458 -0.170723 1 3
 1.095458 -0.168661 1 4
 1.095458 -0.041535 1 5
 1.095458 -0.021983 1 6
 1.095458  0.014337 1 7
 1.095458  0.037488 1 8
 1.095458  0.037593 1 9
 1.095458  0.049720 1 10
 1.095458  0.071161 1 11
 1.095458  0.102928 1 12
 1.095458  0.234413 1 13
 1.095458  0.251323 1 14
 1.095458  0.252301 1 15
 1.095458  0.261628 1 16
 1.095458  0.363349 1 17
 1.095458  0.370708 1 18
 1.095458  0.554871 1 19
 1.095458  0.574061 1 20
 1.095458  0.628494 1 21
 1.095458  0.634159 1 22
 1.132674 -0.276003 1 1
 1.132674 -0.270320 1 2
 1.132674 -0.170813 1 3
 1.132674 -0.169891 1 4
 1.132674 -0.029597 1 5
 1.132674 -0.018318 1 6
 1.132674  0.015632 1 7
 1.132674  0.028455 1 8
 1.132674  0.044088 1 9
 1.132674  0.049359 1 10
 1.132674  0.081730 1 11
 1.132674  0.097524 1 12
 1.132674  0.233499 1 13
 1.132674  0.242677 1 14
 1.132674  0.251731 1 15
 1.132674  0.255941 1 16
 1.132674  0.366501 1 17
 1.132674  0.369868 1 18
 1.132674  0.558553 1 19
 1.132674  0.567010 1 20
 1.132674  0.632197 1 21
 1.132674  0.634443 1 22
 1.169891 -0.276361 1 1
 1.169891 -0.273665 1 2
 1.169891 -0.170880 1 3
 1.169891 -0.170644 1 4
 1.169891 -0.019569 1 5
 1.169891 -0.016595 1 6
 1.169891  0.016510 1 7
 1.169891  0.020285 1 8
 1.169891  0.048310 1 9
 1.169891  0.049148 1 10
 1.169891  0.090003 1 11
 1.169891  0.094072 1 12
 1.169891  0.232766 1 13
 1.169891  0.235350 1 14
 1.169891  0.252075 1 15
 1.169891  0.252254 1 16
 1.169891  0.368243 1 17
 1.169891  0.369497 1 18
 1.169891  0.560930 1 19
 1.169891  0.562812 1 20
 1.169891  0.634625 1 21
 1.169891  0.634713 1 22
 1.207107 -0.276512 1 1
 1.207107 -0.274809 1 2
 1.207107 -0.170905 1 3
 1.207107 -0.170897 1 4
 1.207107 -0.016099 1 5
 1.207107 -0.015011 1 6
 1.207107  0.016374 1 7
 1.207107  0.016823 1 8
 1.207107  0.049034 1 9
 1.207107  0.049819 1 10
 1.207107  0.092879 1 11
 1.207107  0.093173 1 12
 1.207107  0.232481 1 13
 1.207107  0.232556 1 14
 1.207107  0.250982 1 15
 1.207107  0.252208 1 16
 1.207107  0.368605 1 17
 1.207107  0.369594 1 18
 1.207107  0.561418 1 19
 1.207107  0.561754 1 20
 1.207107  0.634823 1 21
 1.207107  0.635473 1 22
 1.207107 -0.276512 1 1
 1.207107 -0.274809 1 2
 1.207107 -0.170905 1 3
 1.207107 -0.170897 1 4
 1.207107 -0.016099 1 5
 1.207107 -0.015011 1 6
 1.207107  0.016374 1 7
 1.207107  0.016823 1 8
 1.207107  0.049034 1 9
 1.207107  0.049819 1 10
 1.207107  0.092879 1 11
 1.207107  0.093173 1 12
 1.207107  0.232481 1 13
 1.207107  0.232556 1 14
 1.207107  0.250982 1 15
 1.207107  0.252208 1 16
 1.207107  0.368605 1 17
 1.207107  0.369594 1 18
 1.207107  0.561418 1 19
 1.207107  0.561754 1 20
 1.207107  0.634823 1 21
 1.207107  0.635473 1 22
 1.245239 -0.276074 1 1
 1.245239 -0.274386 1 2
 1.245239 -0.171334 1 3
 1.245239 -0.171329 1 4
 1.245239 -0.014947 1 5
 1.245239 -0.013885 1 6
 1.245239  0.016640 1 7
 1.245239  0.017097 1 8
 1.245239  0.047143 1 9
 1.245239  0.047918 1 10
 1.245239  0.091856 1 11
 1.245239  0.092154 1 12
 1.245239  0.233709 1 13
 1.245239  0.233812 1 14
 1.245239  0.251842 1 15
 1.245239  0.253067 1 16
 1.245239  0.368211 1 17
 1.245239  0.369196 1 18
 1.245239  0.561985 1 19
 1.245239  0.562321 1 20
 1.245239  0.633805 1 21
 1.245239  0.634442 1 22
 1.283372 -0.274754 1 1
 1.283372 -0.273109 1 2
 1.283372 -0.172626 1 3
 1.283372 -0.172586 1 4
 1.283372 -0.011515 1 5
 1.283372 -0.010526 1 6
 1.283372  0.017436 1 7
 1.283372  0.017919 1 8
 1.283372  0.041687 1 9
 1.283372  0.042436 1 10
 1.283372  0.088835 1 11
 1.283372  0.089147 1 12
 1.283372  0.237184 1 13
 1.283372  0.237369 1 14
 1.283372  0.254344 1 15
 1.283372  0.255563 1 16
 1.283372  0.367028 1 17
 1.283372  0.368004 1 18
 1.283372  0.563588 1 19
 1.283372  0.563920 1 20
 1.283372  0.630824 1 21
 1.283372  0.631423 1 22
 1.321505 -0.272541 1 1
 1.321505 -0.270965 1 2
 1.321505 -0.174705 1 3
 1.321505 -0.174613 1 4
 1.321505 -0.005874 1 5
 1.321505 -0.004996 1 6
 1.321505  0.018751 1 7
 1.321505  0.019275 1 8
 1.321505  0.033229 1 9
 1.321505  0.033944 1 10
 1.321505  0.083944 1 11
 1.321505  0.084279 1 12
 1.321505  0.242376 1 13
 1.321505  0.242686 1 14
 1.321505  0.258257 1 15
 1.321505  0.259468 1 16
 1.321505  0.365057 1 17
 1.321505  0.366018 1 18
 1.321505  0.565969 1 19
 1.321505  0.566296 1 20
 1.321505  0.626077 1 21
 1.321505  0.626617 1 22
 1.359637 -0.269430 1 1
 1.359637 -0.267946 1 2
 1.359637 -0.177448 1 3
 1.359637 -0.177300 1 4
 1.359637  0.001815 1 5
 1.359637  0.002562 1 6
 1.359637  0.020569 1 7
 1.359637  0.021145 1 8
 1.359637  0.022466 1 9
 1.359637  0.023144 1 10
 1.359637  0.077384 1 11
 1.359637  0.077754 1 12
 1.359637  0.248630 1 13
 1.359637  0.249095 1 14
 1.359637  0.263258 1 15
 1.359637  0.264461 1 16
 1.359637  0.362300 1 17
 1.359637  0.363241 1 18
 1.359637  0.568768 1 19
 1.359637  0.569085 1 20
 1.359637  0.619872 1 21
 1.359637  0.620338 1 22
 1.397770 -0.265433 1 1
 1.397770 -0.264059 1 2
 1.397770 -0.180680 1 3
 1.397770 -0.180478 1 4
 1.397770  0.010063 1 5
 1.397770  0.010707 1 6
 1.397770  0.011250 1 7
 1.397770  0.011864 1 8
 1.397770  0.022863 1 9
 1.397770  0.023498 1 10
 1.397770  0.069449 1 11
 1.397770  0.069871 1 12
 1.397770  0.255331 1 13
 1.397770  0.255966 1 14
 1.397770  0.268982 1 15
 1.397770  0.270179 1 16
 1.397770  0.358768 1 17
 1.397770  0.359688 1 18
 1.397770  0.571597 1 19
 1.397770  0.571899 1 20
 1.397770  0.612597 1 21
 1.397770  0.612983 1 22
 1.435902 -0.260587 1 1
 1.435902 -0.259339 1 2
 1.435902 -0.184187 1 3
 1.435902 -0.183942 1 4
 1.435902 -0.003425 1 5
 1.435902 -0.002805 1 6
 1.435902  0.021853 1 7
 1.435902  0.022362 1 8
 1.435902  0.025598 1 9
 1.435902  0.026291 1 10
 1.435902  0.060632 1 11
 1.435902  0.061140 1 12
 1.435902  0.261981 1 13
 1.435902  0.262785 1 14
 1.435902  0.275085 1 15
 1.435902  0.276279 1 16
 1.435902  0.354490 1 17
 1.435902  0.355388 1 18
 1.435902  0.574115 1 19
 1.435902  0.574395 1 20
 1.435902  0.604679 1 21
 1.435902  0.604990 1 22
 1.474035 -0.254980 1 1
 1.474035 -0.253871 1 2
 1.474035 -0.187736 1 3
 1.474035 -0.187462 1 4
 1.474035 -0.017546 1 5
 1.474035 -0.016939 1 6
 1.474035  0.028721 1 7
 1.474035  0.029468 1 8
 1.474035  0.031890 1 9
 1.474035  0.032359 1 10
 1.474035  0.052519 1 11
 1.474035  0.053171 1 12
 1.474035  0.268202 1 13
 1.474035  0.269159 1 14
 1.474035  0.281275 1 15
 1.474035  0.282471 1 16
 1.474035  0.349521 1 17
 1.474035  0.350396 1 18
 1.474035  0.576083 1 19
 1.474035  0.576337 1 20
 1.474035  0.596544 1 21
 1.474035  0.596793 1 22
 1.512168 -0.248738 1 1
 1.512168 -0.247778 1 2
 1.512168 -0.191107 1 3
 1.512168 -0.190819 1 4
 1.512168 -0.031950 1 5
 1.512168 -0.031340 1 6
 1.512168  0.032167 1 7
 1.512168  0.032958 1 8
 1.512168  0.033279 1 9
 1.512168  0.033387 1 10
 1.512168  0.053428 1 11
 1.512168  0.053890 1 12
 1.512168  0.273737 1 13
 1.512168  0.274820 1 14
 1.512168  0.287349 1 15
 1.512168  0.288551 1 16
 1.512168  0.343943 1 17
 1.512168  0.344795 1 18
 1.512168  0.577403 1 19
 1.512168  0.577627 1 20
 1.512168  0.588558 1 21
 1.512168  0.588767 1 22
 1.550300 -0.242033 1 1
 1.550300 -0.241234 1 2
 1.550300 -0.194109 1 3
 1.550300 -0.193820 1 4
 1.550300 -0.046342 1 5
 1.550300 -0.045712 1 6
 1.550300  0.024542 1 7
 1.550300  0.024753 1 8
 1.550300  0.035857 1 9
 1.550300  0.036678 1 10
 1.550300  0.064103 1 11
 1.550300  0.064398 1 12
 1.550300  0.278429 1 13
 1.550300  0.279603 1 14
 1.550300  0.293192 1 15
 1.550300  0.294403 1 16
 1.550300  0.337872 1 17
 1.550300  0.338701 1 18
 1.550300  0.578105 1 19
 1.550300  0.578297 1 20
 1.550300  0.581000 1 21
 1.550300  0.581192 1 22
 1.588433 -0.235075 1 1
 1.588433 -0.234446 1 2
 1.588433 -0.196600 1 3
 1.588433 -0.196318 1 4
 1.588433 -0.060464 1 5
 1.588433 -0.059795 1 6
 1.588433  0.014096 1 7
 1.588433  0.014445 1 8
 1.588433  0.039697 1 9
 1.588433  0.040532 1 10
 1.588433  0.076132 1 11
 1.588433  0.076422 1 12
 1.588433  0.282206 1 13
 1.588433  0.283434 1 14
 1.588433  0.298763 1 15
 1.588433  0.299986 1 16
 1.588433  0.331455 1 17
 1.588433  0.332262 1 18
 1.588433  0.574036 1 19
 1.588433  0.574236 1 20
 1.588433  0.578326 1 21
 1.588433  0.578489 1 22
 1.626565 -0.228101 1 1
 1.626565 -0.227646 1 2
 1.626565 -0.198494 1 3
 1.626565 -0.198224 1 4
 1.626565 -0.074062 1 5
 1.626565 -0.073336 1 6
 1.626565  0.003743 1 7
 1.626565  0.004193 1 8
 1.626565  0.043576 1 9
 1.626565  0.044411 1 10
 1.626565  0.087720 1 11
 1.626565  0.088026 1 12
 1.626565  0.285068 1 13
 1.626565  0.286316 1 14
 1.626565  0.304058 1 15
 1.626565  0.305293 1 16
 1.626565  0.324877 1 17
 1.626565  0.325662 1 18
 1.626565  0.567742 1 19
 1.626565  0.567971 1 20
 1.626565  0.578261 1 21
 1.626565  0.578397 1 22
 1.664698 -0.221355 1 1
 1.664698 -0.221055 1 2
 1.664698 -0.199775 1 3
 1.664698 -0.199514 1 4
 1.664698 -0.086900 1 5
 1.664698 -0.086103 1 6
 1.664698 -0.005974 1 7
 1.664698 -0.005426 1 8
 1.664698  0.047378 1 9
 1.664698  0.048201 1 10
 1.664698  0.098281 1 11
 1.664698  0.098597 1 12
 1.664698  0.287084 1 13
 1.664698  0.288326 1 14
 1.664698  0.309082 1 15
 1.664698  0.310328 1 16
 1.664698  0.318342 1 17
 1.664698  0.319105 1 18
 1.664698  0.562115 1 19
 1.664698  0.562385 1 20
 1.664698  0.578109 1 21
 1.664698  0.578223 1 22
 1.702831 -0.215094 1 1
 1.702831 -0.214850 1 2
 1.702831 -0.200488 1 3
 1.702831 -0.200231 1 4
 1.702831 -0.098741 1 5
 1.702831 -0.097862 1 6
 1.702831 -0.014730 1 7
 1.702831 -0.014076 1 8
 1.702831  0.050983 1 9
 1.702831  0.051786 1 10
 1.702831  0.107509 1 11
 1.702831  0.107821 1 12
 1.702831  0.288369 1 13
 1.702831  0.289590 1 14
 1.702831  0.312070 1 15
 1.702831  0.312814 1 16
 1.702831  0.313807 1 17
 1.702831  0.315063 1 18
 1.702831  0.557122 1 19
 1.702831  0.557441 1 20
 1.702831  0.578030 1 21
 1.702831  0.578128 1 22
 1.740963 -0.209534 1 1
 1.740963 -0.209182 1 2
 1.740963 -0.200735 1 3
 1.740963 -0.200474 1 4
 1.740963 -0.109358 1 5
 1.740963 -0.108392 1 6
 1.740963 -0.022302 1 7
 1.740963 -0.021534 1 8
 1.740963  0.054272 1 9
 1.740963  0.055049 1 10
 1.740963  0.115250 1 11
 1.740963  0.115549 1 12
 1.740963  0.289075 1 13
 1.740963  0.290269 1 14
 1.740963  0.306286 1 15
 1.740963  0.307012 1 16
 1.740963  0.318163 1 17
 1.740963  0.319428 1 18
 1.740963  0.552740 1 19
 1.740963  0.553105 1 20
 1.740963  0.578113 1 21
 1.740963  0.578201 1 22
 1.779096 -0.204778 1 1
 1.779096 -0.204250 1 2
 1.779096 -0.200653 1 3
 1.779096 -0.200381 1 4
 1.779096 -0.118522 1 5
 1.779096 -0.117468 1 6
 1.779096 -0.028544 1 7
 1.779096 -0.027660 1 8
 1.779096  0.057130 1 9
 1.779096  0.057883 1 10
 1.779096  0.121461 1 11
 1.779096  0.121739 1 12
 1.779096  0.289368 1 13
 1.779096  0.290536 1 14
 1.779096  0.301210 1 15
 1.779096  0.301921 1 16
 1.779096  0.322031 1 17
 1.779096  0.323302 1 18
 1.779096  0.548981 1 19
 1.779096  0.549386 1 20
 1.779096  0.578367 1 21
 1.779096  0.578448 1 22
 1.817228 -0.200910 1 1
 1.817228 -0.200397 1 2
 1.817228 -0.200201 1 3
 1.817228 -0.200106 1 4
 1.817228 -0.126015 1 5
 1.817228 -0.124875 1 6
 1.817228 -0.033388 1 7
 1.817228 -0.032394 1 8
 1.817228  0.059462 1 9
 1.817228  0.060194 1 10
 1.817228  0.126175 1 11
 1.817228  0.126432 1 12
 1.817228  0.289407 1 13
 1.817228  0.290555 1 14
 1.817228  0.297037 1 15
 1.817228  0.297736 1 16
 1.817228  0.325267 1 17
 1.817228  0.326542 1 18
 1.817228  0.545903 1 19
 1.817228  0.546337 1 20
 1.817228  0.578734 1 21
 1.817228  0.578808 1 22
 1.855361 -0.200100 1 1
 1.855361 -0.199793 1 2
 1.855361 -0.198028 1 3
 1.855361 -0.197162 1 4
 1.855361 -0.131616 1 5
 1.855361 -0.130397 1 6
 1.855361 -0.036821 1 7
 1.855361 -0.035736 1 8
 1.855361  0.061185 1 9
 1.855361  0.061903 1 10
 1.855361  0.129461 1 11
 1.855361  0.129700 1 12
 1.855361  0.289330 1 13
 1.855361  0.290466 1 14
 1.855361  0.293931 1 15
 1.855361  0.294622 1 16
 1.855361  0.327719 1 17
 1.855361  0.328995 1 18
 1.855361  0.543595 1 19
 1.855361  0.544048 1 20
 1.855361  0.579113 1 21
 1.855361  0.579179 1 22
 1.893494 -0.199876 1 1
 1.893494 -0.199556 1 2
 1.893494 -0.196234 1 3
 1.893494 -0.195258 1 4
 1.893494 -0.135101 1 5
 1.893494 -0.133823 1 6
 1.893494 -0.038862 1 7
 1.893494 -0.037717 1 8
 1.893494  0.062243 1 9
 1.893494  0.062952 1 10
 1.893494  0.131395 1 11
 1.893494  0.131621 1 12
 1.893494  0.289241 1 13
 1.893494  0.290371 1 14
 1.893494  0.292016 1 15
 1.893494  0.292701 1 16
 1.893494  0.329252 1 17
 1.893494  0.330529 1 18
 1.893494  0.542159 1 19
 1.893494  0.542622 1 20
 1.893494  0.579397 1 21
 1.893494  0.579456 1 22
 1.931626 -0.199791 1 1
 1.931626 -0.199466 1 2
 1.931626 -0.195622 1 3
 1.931626 -0.194606 1 4
 1.931626 -0.136286 1 5
 1.931626 -0.134986 1 6
 1.931626 -0.039539 1 7
 1.931626 -0.038372 1 8
 1.931626  0.062600 1 9
 1.931626  0.063306 1 10
 1.931626  0.132030 1 11
 1.931626  0.132252 1 12
 1.931626  0.289205 1 13
 1.931626  0.290333 1 14
 1.931626  0.291369 1 15
 1.931626  0.292053 1 16
 1.931626  0.329775 1 17
 1.931626  0.331052 1 18
 1.931626  0.541672 1 19
 1.931626  0.542138 1 20
 1.931626  0.579502 1 21
 1.931626  0.579558 1 22
