 ===============================================================
  quasiparticle energies MAJORITY
 ===============================================================
E_shift=  0.0000000000000000D+00  0.0000000000000000D+00  0.0000000000000000D+00 eV
 
           q               state  SEx   SExcore SEc    vxc    dSE  dSEnoZ  eLDA    eQP  eQPnoZ   eHF  Z    FWHM=2Z*Simg  ReS(elda)
  0.00000  0.00000  0.00000  1  -21.66  -1.59   7.51 -14.44  -0.96  -1.31 -17.86 -18.83 -19.17 -26.68 0.74   1.49989    -15.75159
  0.00000  0.00000  0.00000  2  -21.44  -1.64   7.17 -14.66  -0.93  -1.25 -16.63 -17.56 -17.87 -25.05 0.75   1.28681    -15.90200
  0.00000  0.00000  0.00000  3  -21.44  -1.63   7.18 -14.65  -0.92  -1.24 -16.56 -17.49 -17.80 -24.98 0.75   1.27921    -15.88511
  0.00000  0.00000  0.00000  4  -21.64  -1.78   6.67 -15.62  -0.85  -1.14 -14.12 -14.97 -15.26 -21.93 0.75   0.85080    -16.75804
  0.00000  0.00000  0.00000  5  -17.81  -1.36   4.63 -13.60  -0.71  -0.95 -10.80 -11.51 -11.75 -16.37 0.75   0.21537    -14.54715
  0.00000  0.00000  0.00000  6  -17.58  -1.37   3.26 -14.91  -0.61  -0.78  -6.36  -6.96  -7.13 -10.40 0.78   0.00001    -15.69295
  0.00000  0.00000  0.00000  7  -17.56  -1.39   3.25 -14.93  -0.60  -0.77  -6.32  -6.92  -7.09 -10.34 0.78   0.00003    -15.70625
  0.00000  0.00000  0.00000  8  -17.30  -1.23   2.30 -15.78  -0.37  -0.45  -2.96  -3.33  -3.41  -5.71 0.81   0.00000    -16.23105
  0.00000  0.00000  0.00000  9  -17.30  -1.23   2.30 -15.78  -0.37  -0.45  -2.96  -3.33  -3.41  -5.71 0.81   0.00000    -16.23105
  0.00000  0.00000  0.00000 10  -17.25  -1.12   2.17 -15.81  -0.32  -0.40  -2.46  -2.78  -2.85  -5.03 0.81   0.00000    -16.20356
  0.00000  0.00000  0.00000 11  -17.25  -1.12   2.17 -15.81  -0.32  -0.40  -2.46  -2.78  -2.85  -5.03 0.81   0.00000    -16.20356
  0.00000  0.00000  0.00000 12  -17.28  -1.11   2.14 -15.88  -0.30  -0.37  -2.28  -2.58  -2.65  -4.79 0.81   0.00000    -16.24945
  0.00000  0.00000  0.00000 13  -17.28  -1.11   2.14 -15.88  -0.30  -0.37  -2.28  -2.58  -2.65  -4.79 0.81   0.00000    -16.24945
  0.00000  0.00000  0.00000 14  -17.25  -0.97   1.97 -15.96  -0.24  -0.30  -1.67  -1.91  -1.96  -3.93 0.81   0.00000    -16.25378
  0.00000  0.00000  0.00000 15  -17.31  -0.95   1.99 -15.98  -0.24  -0.29  -1.63  -1.87  -1.92  -3.91 0.81   0.00000    -16.26624
  0.00000  0.00000  0.00000 16  -17.31  -0.95   1.99 -15.98  -0.24  -0.29  -1.63  -1.87  -1.92  -3.91 0.81   0.00000    -16.26624
  0.00000  0.00000  0.00000 17   -6.84  -2.24  -4.34 -14.65   1.02   1.23   4.73   5.74   5.96  10.30 0.83  -0.00000    -13.41946
  0.00000  0.00000  0.00000 18   -6.63  -2.25  -4.45 -14.61   1.05   1.28   5.34   6.39   6.62  11.07 0.82  -0.00001    -13.33177
  0.00000  0.00000  0.00000 19   -7.29  -2.12  -4.77 -15.29   0.90   1.11   5.92   6.81   7.03  11.80 0.81  -0.00011    -14.18295
  0.00000  0.00000  0.00000 20   -6.47  -2.24  -4.58 -14.58   1.06   1.29   6.00   7.06   7.29  11.87 0.82  -0.00010    -13.28613
  0.00000  0.00000  0.00000 21   -5.65  -2.20  -4.57 -13.91   1.22   1.49   6.73   7.95   8.22  12.79 0.82  -0.00073    -12.42509
  0.00000  0.00000  0.00000 22   -5.65  -2.20  -4.57 -13.91   1.22   1.49   6.73   7.95   8.22  12.79 0.82  -0.00073    -12.42509
  0.00000  0.00000  0.00000 23   -5.44  -1.67  -4.58 -13.15   1.20   1.46   6.77   7.97   8.23  12.80 0.82  -0.00082    -11.68946
  0.00000  0.00000  0.00000 24   -5.44  -1.67  -4.58 -13.15   1.20   1.46   6.77   7.97   8.23  12.80 0.82  -0.00082    -11.68946
  0.00000  0.00000  0.00000 25   -5.70  -2.27  -4.70 -14.19   1.24   1.52   7.21   8.45   8.73  13.43 0.82  -0.00137    -12.67128
  0.00000  0.00000  0.00000 26   -5.35  -1.63  -4.81 -13.33   1.26   1.54   7.90   9.16   9.44  14.25 0.82  -0.00525    -11.78363
  0.00000  0.00000  0.00000 27   -5.35  -1.63  -4.81 -13.33   1.26   1.54   7.90   9.16   9.44  14.25 0.82  -0.00525    -11.78363
  0.00000  0.00000  0.00000 28   -5.56  -2.10  -4.92 -14.19   1.30   1.61   8.19   9.49   9.79  14.71 0.81  -0.00549    -12.58121
  0.00000  0.00000  0.00000 29   -5.56  -2.10  -4.92 -14.19   1.30   1.61   8.19   9.49   9.79  14.71 0.81  -0.00549    -12.58122
  0.00000  0.00000  0.00000 30   -5.96  -1.22  -5.47 -14.07   1.12   1.42   8.66   9.78  10.08  15.56 0.78  -0.01901    -12.64838
  0.00000  0.00000  0.00000 31   -6.42  -1.45  -5.55 -14.96   1.20   1.54   9.27  10.48  10.81  16.37 0.78  -0.03490    -13.42646
  0.00000  0.00000  0.00000 32   -5.13  -0.76  -5.96 -13.32   1.14   1.47  10.56  11.70  12.03  17.99 0.77  -0.08780    -11.84741
  0.00000  0.00000  0.00000 33   -4.49  -0.52  -5.14 -11.73   1.28   1.58  12.13  13.41  13.71  18.86 0.81  -0.09721    -10.14775
  0.00000  0.00000  0.00000 34   -4.49  -0.52  -5.14 -11.73   1.28   1.58  12.13  13.41  13.71  18.86 0.81  -0.09721    -10.14774
  0.00000  0.00000  0.00000 35   -4.35  -0.73  -5.43 -12.11   1.28   1.60  12.97  14.25  14.57  20.00 0.80  -0.14674    -10.51092
  0.00000  0.00000  0.00000 36   -4.35  -0.73  -5.43 -12.11   1.28   1.60  12.97  14.25  14.57  20.00 0.80  -0.14674    -10.51091
  0.00000  0.00000  0.00000 37   -3.64  -1.20  -5.92 -12.07   1.04   1.31  13.73  14.76  15.04  20.96 0.79  -0.21779    -10.76027
  0.00000  0.00000  0.00000 38   -2.90  -0.60  -5.91 -10.59   0.94   1.19  14.09  15.03  15.28  21.18 0.79  -0.27989     -9.40678
  0.00000  0.00000  0.00000 39   -4.14  -0.69  -5.83 -12.42   1.40   1.75  15.83  17.23  17.58  23.42 0.80  -0.31483    -10.66935
  0.00000  0.00000  0.00000 40   -4.14  -0.69  -5.83 -12.42   1.40   1.75  15.83  17.23  17.58  23.42 0.80  -0.31483    -10.66934
  0.00000  0.00000  0.00000 41   -3.26  -1.90  -6.27 -12.80   1.08   1.37  15.86  16.93  17.22  23.49 0.79  -0.29119    -11.42959
  0.00000  0.00000  0.00000 42   -2.77  -1.11  -6.22 -11.37   1.00   1.27  16.73  17.74  18.00  24.22 0.79  -0.47969    -10.10108
  0.00000  0.00000  0.00000 43   -3.38  -0.92  -6.55 -12.43   1.24   1.58  16.87  18.11  18.46  25.01 0.78  -0.50836    -10.84632
  0.00000  0.00000  0.00000 44   -3.38  -0.92  -6.55 -12.43   1.24   1.58  16.87  18.11  18.46  25.01 0.78  -0.50836    -10.84632
  0.00000  0.00000  0.00000 45   -3.30  -1.75  -6.44 -12.88   1.09   1.38  16.90  17.99  18.28  24.73 0.79  -0.50624    -11.50260
  0.00000  0.00000  0.00000 46   -3.26  -0.64  -6.36 -11.70   1.14   1.44  17.16  18.30  18.60  24.96 0.79  -0.60673    -10.26241
  0.00000  0.00000  0.00000 47   -3.26  -0.64  -6.36 -11.70   1.14   1.44  17.16  18.30  18.60  24.96 0.79  -0.60673    -10.26242
  0.00000  0.00000  0.00000 48   -3.81  -0.81  -6.23 -12.53   1.34   1.68  18.68  20.02  20.36  26.59 0.80  -0.66797    -10.84518
  0.00000  0.00000  0.00000 49   -3.81  -0.81  -6.23 -12.53   1.34   1.68  18.68  20.02  20.36  26.59 0.80  -0.66797    -10.84517
  0.00000  0.00000  0.00000 50   -2.93  -1.79  -6.58 -12.72   1.12   1.42  19.70  20.83  21.12  27.70 0.79  -0.74713    -11.29838
 
  0.04167  0.00000  0.00000  1  -21.66  -1.60   7.50 -14.45  -0.96  -1.31 -17.84 -18.80 -19.14 -26.64 0.74   1.49585    -15.75381
  0.04167  0.00000  0.00000  2  -21.44  -1.64   7.17 -14.66  -0.93  -1.24 -16.60 -17.54 -17.85 -25.02 0.75   1.28231    -15.90485
  0.04167  0.00000  0.00000  3  -21.43  -1.63   7.18 -14.65  -0.92  -1.23 -16.54 -17.46 -17.78 -24.95 0.75   1.27502    -15.88783
  0.04167  0.00000  0.00000  4  -21.64  -1.78   6.66 -15.62  -0.85  -1.14 -14.10 -14.95 -15.24 -21.91 0.75   0.84534    -16.76179
  0.04167  0.00000  0.00000  5  -17.81  -1.36   4.62 -13.61  -0.71  -0.95 -10.78 -11.49 -11.72 -16.34 0.75   0.21335    -14.55320
  0.04167  0.00000  0.00000  6  -17.59  -1.38   3.26 -14.92  -0.61  -0.78  -6.35  -6.95  -7.13 -10.39 0.78   0.00002    -15.70326
  0.04167  0.00000  0.00000  7  -17.57  -1.39   3.24 -14.94  -0.60  -0.77  -6.31  -6.91  -7.08 -10.33 0.78   0.00003    -15.71783
  0.04167  0.00000  0.00000  8  -17.26  -1.25   2.32 -15.72  -0.38  -0.47  -3.11  -3.48  -3.57  -5.90 0.81   0.00000    -16.18412
  0.04167  0.00000  0.00000  9  -17.28  -1.23   2.31 -15.74  -0.37  -0.46  -3.02  -3.39  -3.47  -5.78 0.81   0.00000    -16.20011
  0.04167  0.00000  0.00000 10  -17.23  -1.14   2.19 -15.77  -0.33  -0.41  -2.57  -2.90  -2.97  -5.17 0.81   0.00000    -16.17709
  0.04167  0.00000  0.00000 11  -17.25  -1.13   2.18 -15.79  -0.33  -0.40  -2.49  -2.81  -2.89  -5.07 0.81   0.00000    -16.19475
  0.04167  0.00000  0.00000 12  -17.25  -1.13   2.16 -15.83  -0.31  -0.38  -2.39  -2.70  -2.78  -4.94 0.81   0.00000    -16.21689
  0.04167  0.00000  0.00000 13  -17.27  -1.12   2.15 -15.86  -0.31  -0.38  -2.32  -2.63  -2.70  -4.85 0.81   0.00000    -16.23210
  0.04167  0.00000  0.00000 14  -17.30  -0.97   2.00 -15.96  -0.25  -0.30  -1.73  -1.98  -2.03  -4.04 0.81   0.00000    -16.26711
  0.04167  0.00000  0.00000 15  -17.25  -0.98   1.97 -15.96  -0.24  -0.30  -1.68  -1.92  -1.98  -3.95 0.81   0.00000    -16.25792
  0.04167  0.00000  0.00000 16  -17.31  -0.95   1.99 -15.98  -0.24  -0.29  -1.64  -1.88  -1.93  -3.92 0.81   0.00000    -16.27438
  0.04167  0.00000  0.00000 17   -6.85  -2.21  -4.36 -14.67   1.03   1.25   4.82   5.85   6.07  10.43 0.82  -0.00000    -13.42227
  0.04167  0.00000  0.00000 18   -6.65  -2.22  -4.46 -14.62   1.06   1.29   5.43   6.49   6.72  11.18 0.82  -0.00001    -13.32710
  0.04167  0.00000  0.00000 19   -7.24  -2.10  -4.77 -15.23   0.91   1.12   5.96   6.87   7.09  11.85 0.81  -0.00012    -14.10628
  0.04167  0.00000  0.00000 20   -6.38  -2.16  -4.58 -14.44   1.08   1.32   6.04   7.12   7.35  11.93 0.82  -0.00010    -13.12270
  0.04167  0.00000  0.00000 21   -5.54  -1.73  -4.58 -13.27   1.16   1.42   6.63   7.80   8.05  12.63 0.82  -0.00064    -11.84911
  0.04167  0.00000  0.00000 22   -5.65  -2.14  -4.58 -13.84   1.21   1.48   6.67   7.89   8.15  12.73 0.82  -0.00067    -12.36075
  0.04167  0.00000  0.00000 23   -5.64  -2.12  -4.59 -13.84   1.22   1.49   6.81   8.03   8.29  12.88 0.82  -0.00081    -12.35884
  0.04167  0.00000  0.00000 24   -5.48  -1.72  -4.60 -13.26   1.21   1.47   6.86   8.07   8.33  12.93 0.82  -0.00097    -11.79355
  0.04167  0.00000  0.00000 25   -5.67  -2.20  -4.71 -14.09   1.24   1.51   7.22   8.45   8.73  13.44 0.82  -0.00139    -12.58034
  0.04167  0.00000  0.00000 26   -5.39  -1.69  -4.81 -13.42   1.25   1.53   7.82   9.07   9.36  14.17 0.82  -0.00461    -11.88831
  0.04167  0.00000  0.00000 27   -5.42  -1.76  -4.85 -13.57   1.26   1.55   7.90   9.16   9.45  14.30 0.81  -0.00545    -12.02520
  0.04167  0.00000  0.00000 28   -5.64  -1.88  -4.93 -14.02   1.27   1.57   8.11   9.38   9.68  14.61 0.81  -0.00641    -12.45264
  0.04167  0.00000  0.00000 29   -5.57  -2.07  -4.93 -14.18   1.30   1.61   8.27   9.57   9.88  14.81 0.81  -0.00608    -12.57251
  0.04167  0.00000  0.00000 30   -5.90  -1.38  -5.43 -14.20   1.17   1.49   8.85  10.02  10.34  15.77 0.79  -0.02000    -12.71287
  0.04167  0.00000  0.00000 31   -6.38  -1.44  -5.50 -14.86   1.21   1.54   9.24  10.45  10.78  16.28 0.78  -0.03288    -13.32097
  0.04167  0.00000  0.00000 32   -5.17  -0.80  -5.90 -13.37   1.16   1.50  10.61  11.77  12.10  18.00 0.77  -0.08772    -11.87671
  0.04167  0.00000  0.00000 33   -4.46  -0.54  -5.18 -11.73   1.25   1.54  11.81  13.05  13.35  18.53 0.81  -0.09032    -10.18430
  0.04167  0.00000  0.00000 34   -4.49  -0.53  -5.14 -11.72   1.27   1.56  11.94  13.21  13.50  18.64 0.81  -0.09323    -10.15944
  0.04167  0.00000  0.00000 35   -4.31  -0.85  -5.54 -12.28   1.25   1.57  13.07  14.32  14.64  20.18 0.80  -0.15250    -10.70480
  0.04167  0.00000  0.00000 36   -4.33  -0.74  -5.46 -12.13   1.28   1.60  13.11  14.39  14.71  20.17 0.80  -0.15239    -10.52683
  0.04167  0.00000  0.00000 37   -3.67  -1.09  -5.86 -11.98   1.08   1.36  13.94  15.02  15.30  21.16 0.79  -0.23192    -10.62155
  0.04167  0.00000  0.00000 38   -3.01  -0.63  -5.90 -10.78   0.98   1.24  14.39  15.37  15.62  21.53 0.79  -0.29891     -9.54451
  0.04167  0.00000  0.00000 39   -3.94  -0.74  -5.87 -12.19   1.31   1.64  15.54  16.85  17.18  23.05 0.80  -0.31307    -10.54985
  0.04167  0.00000  0.00000 40   -3.99  -0.86  -5.93 -12.45   1.33   1.67  15.67  17.00  17.34  23.27 0.80  -0.30692    -10.78164
  0.04167  0.00000  0.00000 41   -3.40  -1.50  -6.17 -12.51   1.13   1.44  15.86  17.00  17.30  23.47 0.79  -0.30615    -11.07790
  0.04167  0.00000  0.00000 42   -3.22  -1.41  -6.36 -12.47   1.16   1.47  16.62  17.77  18.08  24.45 0.79  -0.48922    -11.00206
  0.04167  0.00000  0.00000 43   -3.22  -0.77  -6.36 -11.84   1.16   1.47  16.64  17.80  18.11  24.48 0.79  -0.51192    -10.36364
  0.04167  0.00000  0.00000 44   -3.27  -1.20  -6.44 -12.32   1.11   1.41  17.05  18.16  18.46  24.90 0.79  -0.55363    -10.90856
  0.04167  0.00000  0.00000 45   -2.99  -1.06  -6.27 -11.69   1.08   1.36  17.06  18.14  18.43  24.70 0.79  -0.52955    -10.32636
  0.04167  0.00000  0.00000 46   -3.43  -0.84  -6.47 -12.29   1.22   1.55  17.35  18.57  18.90  25.37 0.79  -0.55744    -10.74004
  0.04167  0.00000  0.00000 47   -3.42  -0.89  -6.50 -12.34   1.19   1.52  17.43  18.63  18.95  25.46 0.79  -0.58083    -10.81940
  0.04167  0.00000  0.00000 48   -3.78  -0.82  -6.27 -12.54   1.34   1.68  18.82  20.16  20.50  26.77 0.80  -0.68398    -10.85972
  0.04167  0.00000  0.00000 49   -3.78  -0.84  -6.31 -12.61   1.34   1.68  18.85  20.19  20.54  26.84 0.79  -0.68909    -10.93104
  0.04167  0.00000  0.00000 50   -2.91  -1.75  -6.59 -12.69   1.13   1.43  19.84  20.97  21.27  27.86 0.79  -0.76163    -11.25846
 
  0.08333  0.00000  0.00000  1  -21.65  -1.60   7.48 -14.46  -0.96  -1.30 -17.77 -18.73 -19.07 -26.55 0.74   1.48359    -15.76054
  0.08333  0.00000  0.00000  2  -21.42  -1.64   7.15 -14.67  -0.93  -1.24 -16.53 -17.46 -17.78 -24.92 0.75   1.27059    -15.91338
  0.08333  0.00000  0.00000  3  -21.42  -1.63   7.16 -14.67  -0.92  -1.23 -16.47 -17.39 -17.70 -24.86 0.75   1.26245    -15.89623
  0.08333  0.00000  0.00000  4  -21.64  -1.78   6.65 -15.63  -0.85  -1.14 -14.04 -14.89 -15.18 -21.83 0.75   0.82900    -16.77398
  0.08333  0.00000  0.00000  5  -17.79  -1.37   4.59 -13.63  -0.71  -0.95 -10.71 -11.42 -11.66 -16.25 0.75   0.20774    -14.57193
  0.08333  0.00000  0.00000  6  -17.61  -1.38   3.26 -14.96  -0.61  -0.78  -6.32  -6.93  -7.10 -10.36 0.78   0.00005    -15.73616
  0.08333  0.00000  0.00000  7  -17.60  -1.40   3.24 -14.98  -0.60  -0.77  -6.29  -6.89  -7.06 -10.30 0.78   0.00005    -15.75474
  0.08333  0.00000  0.00000  8  -17.20  -1.28   2.40 -15.58  -0.41  -0.50  -3.49  -3.90  -4.00  -6.39 0.81   0.00000    -16.08239
  0.08333  0.00000  0.00000  9  -17.20  -1.23   2.34 -15.61  -0.39  -0.48  -3.20  -3.59  -3.68  -6.02 0.81   0.00000    -16.08663
  0.08333  0.00000  0.00000 10  -17.18  -1.18   2.24 -15.69  -0.35  -0.43  -2.85  -3.20  -3.29  -5.53 0.81   0.00000    -16.12081
  0.08333  0.00000  0.00000 11  -17.20  -1.18   2.22 -15.74  -0.34  -0.42  -2.68  -3.02  -3.09  -5.31 0.81   0.00000    -16.15764
  0.08333  0.00000  0.00000 12  -17.21  -1.13   2.20 -15.73  -0.34  -0.41  -2.60  -2.94  -3.02  -5.22 0.81   0.00000    -16.14219
  0.08333  0.00000  0.00000 13  -17.22  -1.12   2.17 -15.78  -0.32  -0.39  -2.47  -2.78  -2.86  -5.03 0.81   0.00000    -16.17025
  0.08333  0.00000  0.00000 14  -17.33  -1.04   2.06 -15.97  -0.27  -0.34  -1.96  -2.23  -2.29  -4.35 0.81   0.00000    -16.30848
  0.08333  0.00000  0.00000 15  -17.24  -0.99   1.98 -15.95  -0.25  -0.30  -1.73  -1.98  -2.03  -4.02 0.81   0.00000    -16.25336
  0.08333  0.00000  0.00000 16  -17.31  -0.97   2.00 -15.98  -0.24  -0.30  -1.70  -1.94  -2.00  -4.00 0.81   0.00000    -16.27944
  0.08333  0.00000  0.00000 17   -6.84  -2.14  -4.39 -14.64   1.05   1.27   5.06   6.11   6.33  10.73 0.82  -0.00000    -13.36782
  0.08333  0.00000  0.00000 18   -6.57  -2.11  -4.47 -14.47   1.08   1.31   5.62   6.70   6.93  11.40 0.82  -0.00004    -13.15684
  0.08333  0.00000  0.00000 19   -5.94  -1.81  -4.54 -13.69   1.14   1.39   5.99   7.13   7.37  11.92 0.82  -0.00007    -12.30109
  0.08333  0.00000  0.00000 20   -7.00  -2.03  -4.74 -14.92   0.93   1.15   6.07   7.00   7.22  11.96 0.81  -0.00015    -13.76947
  0.08333  0.00000  0.00000 21   -6.00  -1.86  -4.61 -13.79   1.08   1.32   6.54   7.62   7.86  12.47 0.82  -0.00055    -12.46889
  0.08333  0.00000  0.00000 22   -5.86  -2.10  -4.60 -14.02   1.20   1.46   6.59   7.79   8.06  12.66 0.82  -0.00061    -12.55927
  0.08333  0.00000  0.00000 23   -5.70  -2.17  -4.65 -14.01   1.23   1.50   6.97   8.20   8.47  13.12 0.82  -0.00107    -12.51270
  0.08333  0.00000  0.00000 24   -5.48  -1.71  -4.69 -13.35   1.20   1.47   7.06   8.26   8.53  13.22 0.82  -0.00153    -11.88266
  0.08333  0.00000  0.00000 25   -5.54  -1.93  -4.69 -13.66   1.23   1.50   7.17   8.40   8.67  13.36 0.82  -0.00139    -12.15836
  0.08333  0.00000  0.00000 26   -5.81  -1.97  -4.94 -14.24   1.23   1.53   7.76   8.99   9.28  14.22 0.81  -0.00490    -12.71320
  0.08333  0.00000  0.00000 27   -5.59  -1.90  -4.83 -13.85   1.24   1.52   7.80   9.04   9.32  14.15 0.81  -0.00394    -12.32747
  0.08333  0.00000  0.00000 28   -5.44  -1.64  -4.91 -13.55   1.27   1.56   8.24   9.51   9.80  14.72 0.81  -0.00850    -11.98879
  0.08333  0.00000  0.00000 29   -5.57  -2.04  -4.99 -14.22   1.31   1.62   8.44   9.75  10.06  15.05 0.81  -0.00769    -12.60281
  0.08333  0.00000  0.00000 30   -6.16  -1.55  -5.30 -14.59   1.26   1.59   9.03  10.29  10.62  15.92 0.79  -0.02180    -13.00375
  0.08333  0.00000  0.00000 31   -6.05  -1.39  -5.50 -14.47   1.19   1.52   9.23  10.42  10.75  16.25 0.78  -0.02954    -12.94759
  0.08333  0.00000  0.00000 32   -5.08  -0.75  -5.52 -12.87   1.20   1.51  10.57  11.76  12.08  17.61 0.79  -0.07337    -11.35737
  0.08333  0.00000  0.00000 33   -4.75  -0.74  -5.50 -12.53   1.23   1.55  11.43  12.66  12.98  18.48 0.79  -0.09145    -10.98335
  0.08333  0.00000  0.00000 34   -4.57  -0.58  -5.17 -11.86   1.24   1.54  11.64  12.89  13.18  18.35 0.81  -0.08834    -10.32231
  0.08333  0.00000  0.00000 35   -4.30  -0.75  -5.50 -12.15   1.28   1.60  13.22  14.50  14.82  20.33 0.80  -0.15847    -10.55073
  0.08333  0.00000  0.00000 36   -4.27  -1.00  -5.70 -12.53   1.24   1.57  13.26  14.50  14.83  20.52 0.79  -0.16421    -10.96583
  0.08333  0.00000  0.00000 37   -3.65  -0.92  -5.78 -11.80   1.15   1.45  14.28  15.43  15.73  21.51 0.80  -0.25750    -10.35706
  0.08333  0.00000  0.00000 38   -3.15  -0.71  -5.95 -11.14   1.05   1.32  15.03  16.08  16.35  22.30 0.80  -0.33035     -9.81964
  0.08333  0.00000  0.00000 39   -3.82  -0.89  -5.98 -12.27   1.26   1.59  15.25  16.51  16.84  22.81 0.79  -0.30342    -10.68344
  0.08333  0.00000  0.00000 40   -3.85  -0.81  -5.93 -12.14   1.23   1.55  15.26  16.49  16.80  22.73 0.80  -0.31283    -10.59788
  0.08333  0.00000  0.00000 41   -3.43  -1.12  -6.06 -12.08   1.17   1.48  15.85  17.02  17.32  23.38 0.79  -0.34770    -10.60223
  0.08333  0.00000  0.00000 42   -3.22  -0.71  -6.24 -11.60   1.13   1.43  16.27  17.40  17.70  23.94 0.79  -0.49334    -10.17406
  0.08333  0.00000  0.00000 43   -3.16  -1.77  -6.33 -12.70   1.14   1.44  16.72  17.86  18.16  24.49 0.79  -0.46517    -11.26322
  0.08333  0.00000  0.00000 44   -3.24  -1.02  -6.43 -12.10   1.11   1.40  17.20  18.31  18.61  25.04 0.79  -0.57885    -10.69406
  0.08333  0.00000  0.00000 45   -3.25  -1.09  -6.46 -12.25   1.15   1.45  17.40  18.55  18.86  25.32 0.79  -0.58952    -10.79767
  0.08333  0.00000  0.00000 46   -3.49  -0.99  -6.53 -12.54   1.21   1.54  17.83  19.03  19.36  25.89 0.79  -0.59810    -11.00633
  0.08333  0.00000  0.00000 47   -3.31  -0.97  -6.42 -12.26   1.23   1.56  17.89  19.12  19.45  25.86 0.79  -0.55146    -10.69810
  0.08333  0.00000  0.00000 48   -3.73  -0.89  -6.35 -12.65   1.34   1.68  19.15  20.49  20.83  27.18 0.79  -0.71974    -10.96641
  0.08333  0.00000  0.00000 49   -3.72  -0.96  -6.50 -12.87   1.33   1.69  19.28  20.61  20.96  27.47 0.79  -0.74521    -11.17871
  0.08333  0.00000  0.00000 50   -2.88  -1.68  -6.64 -12.65   1.15   1.46  20.21  21.36  21.67  28.30 0.79  -0.80002    -11.19050
 
  0.12500  0.00000  0.00000  1  -21.62  -1.60   7.45 -14.48  -0.96  -1.29 -17.65 -18.60 -18.94 -26.39 0.74   1.46325    -15.77188
  0.12500  0.00000  0.00000  2  -21.41  -1.64   7.12 -14.69  -0.93  -1.23 -16.42 -17.35 -17.65 -24.77 0.75   1.25189    -15.92757
  0.12500  0.00000  0.00000  3  -21.40  -1.64   7.13 -14.69  -0.92  -1.22 -16.36 -17.28 -17.58 -24.71 0.75   1.24132    -15.91050
  0.12500  0.00000  0.00000  4  -21.63  -1.78   6.62 -15.66  -0.85  -1.14 -13.95 -14.80 -15.09 -21.71 0.74   0.80308    -16.79540
  0.12500  0.00000  0.00000  5  -17.78  -1.38   4.55 -13.66  -0.71  -0.94 -10.60 -11.31 -11.54 -16.10 0.75   0.19875    -14.60410
  0.12500  0.00000  0.00000  6  -17.66  -1.39   3.26 -15.02  -0.61  -0.78  -6.30  -6.90  -7.08 -10.34 0.78   0.00010    -15.79674
  0.12500  0.00000  0.00000  7  -17.65  -1.42   3.24 -15.05  -0.61  -0.78  -6.26  -6.87  -7.04 -10.28 0.78   0.00010    -15.82232
  0.12500  0.00000  0.00000  8  -17.16  -1.33   2.52 -15.41  -0.45  -0.56  -4.03  -4.48  -4.59  -7.11 0.80   0.00000    -15.96722
  0.12500  0.00000  0.00000  9  -17.08  -1.24   2.41 -15.40  -0.41  -0.51  -3.57  -3.98  -4.08  -6.49 0.81   0.00000    -15.91333
  0.12500  0.00000  0.00000 10  -17.13  -1.20   2.33 -15.53  -0.38  -0.47  -3.25  -3.63  -3.72  -6.05 0.81   0.00000    -15.99949
  0.12500  0.00000  0.00000 11  -17.17  -1.25   2.28 -15.68  -0.37  -0.45  -3.00  -3.37  -3.45  -5.74 0.81   0.00000    -16.13263
  0.12500  0.00000  0.00000 12  -17.16  -1.13   2.26 -15.57  -0.36  -0.45  -2.90  -3.26  -3.34  -5.61 0.81   0.00000    -16.02369
  0.12500  0.00000  0.00000 13  -17.17  -1.15   2.22 -15.69  -0.34  -0.42  -2.71  -3.05  -3.13  -5.35 0.81   0.00000    -16.10877
  0.12500  0.00000  0.00000 14  -17.36  -1.12   2.12 -15.98  -0.30  -0.37  -2.22  -2.52  -2.59  -4.71 0.81   0.00000    -16.35098
  0.12500  0.00000  0.00000 15  -17.29  -1.00   2.03 -15.95  -0.26  -0.32  -1.81  -2.07  -2.13  -4.16 0.81   0.00000    -16.26413
  0.12500  0.00000  0.00000 16  -17.23  -1.02   2.00 -15.94  -0.25  -0.31  -1.81  -2.06  -2.12  -4.12 0.81   0.00000    -16.25359
  0.12500  0.00000  0.00000 17   -6.69  -2.00  -4.44 -14.44   1.08   1.31   5.30   6.37   6.61  11.04 0.82  -0.00000    -13.13022
  0.12500  0.00000  0.00000 18   -5.85  -1.53  -4.45 -13.13   1.08   1.31   5.56   6.64   6.87  11.31 0.82  -0.00001    -11.81974
  0.12500  0.00000  0.00000 19   -6.30  -2.00  -4.50 -14.21   1.16   1.41   5.91   7.07   7.32  11.82 0.82  -0.00009    -12.79845
  0.12500  0.00000  0.00000 20   -6.40  -1.90  -4.64 -14.18   1.00   1.23   6.13   7.13   7.36  12.00 0.82  -0.00017    -12.95045
  0.12500  0.00000  0.00000 21   -6.31  -1.93  -4.69 -14.33   1.14   1.40   6.55   7.69   7.95  12.64 0.81  -0.00056    -12.92555
  0.12500  0.00000  0.00000 22   -6.10  -1.90  -4.68 -13.98   1.06   1.30   6.61   7.67   7.91  12.59 0.82  -0.00071    -12.67584
  0.12500  0.00000  0.00000 23   -5.56  -1.91  -4.71 -13.64   1.20   1.46   6.95   8.15   8.41  13.12 0.82  -0.00103    -12.17988
  0.12500  0.00000  0.00000 24   -5.86  -2.13  -4.76 -14.25   1.22   1.50   7.26   8.48   8.76  13.52 0.81  -0.00182    -12.75246
  0.12500  0.00000  0.00000 25   -5.56  -1.73  -4.77 -13.58   1.24   1.52   7.51   8.75   9.03  13.80 0.82  -0.00325    -12.05980
  0.12500  0.00000  0.00000 26   -6.10  -2.04  -4.92 -14.58   1.24   1.53   7.66   8.90   9.19  14.11 0.81  -0.00417    -13.05506
  0.12500  0.00000  0.00000 27   -5.78  -2.01  -4.90 -14.22   1.24   1.53   7.93   9.17   9.46  14.36 0.81  -0.00440    -12.69592
  0.12500  0.00000  0.00000 28   -5.42  -1.57  -4.98 -13.55   1.28   1.58   8.60   9.88  10.18  15.16 0.81  -0.01306    -11.97081
  0.12500  0.00000  0.00000 29   -5.57  -1.98  -5.08 -14.26   1.31   1.63   8.72  10.03  10.34  15.42 0.80  -0.01124    -12.63274
  0.12500  0.00000  0.00000 30   -6.06  -1.49  -5.13 -14.22   1.24   1.54   8.78  10.01  10.32  15.45 0.80  -0.01628    -12.68073
  0.12500  0.00000  0.00000 31   -6.06  -1.55  -5.51 -14.72   1.26   1.60   9.48  10.74  11.08  16.59 0.79  -0.03225    -13.12092
  0.12500  0.00000  0.00000 32   -4.87  -0.66  -5.07 -12.07   1.20   1.48  10.21  11.41  11.69  16.76 0.81  -0.04635    -10.59280
  0.12500  0.00000  0.00000 33   -5.29  -1.04  -5.88 -13.84   1.28   1.64  11.41  12.69  13.05  18.93 0.78  -0.10229    -12.20449
  0.12500  0.00000  0.00000 34   -4.74  -0.65  -5.24 -12.16   1.24   1.53  11.46  12.70  12.99  18.24 0.81  -0.08752    -10.62961
  0.12500  0.00000  0.00000 35   -4.32  -0.77  -5.50 -12.19   1.28   1.60  13.22  14.50  14.82  20.32 0.80  -0.15912    -10.58204
  0.12500  0.00000  0.00000 36   -4.21  -1.11  -5.82 -12.73   1.25   1.58  13.45  14.70  15.03  20.85 0.79  -0.17769    -11.14488
  0.12500  0.00000  0.00000 37   -3.81  -0.81  -5.74 -11.88   1.22   1.53  14.25  15.47  15.78  21.51 0.80  -0.25347    -10.35559
  0.12500  0.00000  0.00000 38   -3.78  -0.90  -5.95 -12.19   1.23   1.55  14.68  15.91  16.23  22.19 0.79  -0.26041    -10.63587
  0.12500  0.00000  0.00000 39   -3.26  -0.62  -5.95 -11.24   1.13   1.41  15.55  16.67  16.96  22.91 0.80  -0.36540     -9.83200
  0.12500  0.00000  0.00000 40   -3.52  -0.81  -6.01 -11.75   1.13   1.41  15.57  16.69  16.98  22.99 0.80  -0.37445    -10.33838
  0.12500  0.00000  0.00000 41   -3.37  -0.81  -6.18 -11.80   1.14   1.44  15.99  17.13  17.43  23.61 0.79  -0.45815    -10.36146
  0.12500  0.00000  0.00000 42   -3.22  -1.32  -6.11 -12.09   1.14   1.43  16.17  17.31  17.60  23.71 0.80  -0.41589    -10.66083
  0.12500  0.00000  0.00000 43   -3.19  -1.85  -6.41 -12.92   1.15   1.46  17.09  18.24  18.55  24.97 0.79  -0.49705    -11.45705
  0.12500  0.00000  0.00000 44   -3.22  -0.80  -6.42 -11.85   1.12   1.42  17.53  18.64  18.94  25.36 0.79  -0.59949    -10.43831
  0.12500  0.00000  0.00000 45   -3.39  -1.12  -6.57 -12.60   1.20   1.53  17.68  18.89  19.21  25.78 0.79  -0.60776    -11.07244
  0.12500  0.00000  0.00000 46   -3.44  -0.99  -6.51 -12.45   1.20   1.52  18.23  19.43  19.75  26.25 0.79  -0.63382    -10.93670
  0.12500  0.00000  0.00000 47   -3.20  -1.02  -6.45 -12.24   1.23   1.55  18.59  19.82  20.15  26.60 0.79  -0.61847    -10.68062
  0.12500  0.00000  0.00000 48   -3.69  -1.03  -6.46 -12.86   1.34   1.69  19.56  20.90  21.25  27.72 0.79  -0.76385    -11.17575
  0.12500  0.00000  0.00000 49   -3.63  -1.13  -6.72 -13.16   1.33   1.69  19.78  21.11  21.47  28.18 0.79  -0.81712    -11.47347
  0.12500  0.00000  0.00000 50   -2.85  -1.65  -6.69 -12.68   1.18   1.49  20.70  21.88  22.20  28.89 0.79  -0.84595    -11.19005
 
  0.16667  0.00000  0.00000  1  -21.59  -1.61   7.41 -14.50  -0.95  -1.29 -17.48 -18.43 -18.77 -26.18 0.74   1.43493    -15.78884
  0.16667  0.00000  0.00000  2  -21.38  -1.65   7.08 -14.72  -0.92  -1.22 -16.26 -17.18 -17.49 -24.56 0.75   1.22486    -15.94733
  0.16667  0.00000  0.00000  3  -21.38  -1.64   7.09 -14.71  -0.91  -1.22 -16.20 -17.11 -17.42 -24.51 0.75   1.21098    -15.93114
  0.16667  0.00000  0.00000  4  -21.63  -1.78   6.58 -15.69  -0.84  -1.14 -13.82 -14.66 -14.96 -21.54 0.74   0.76961    -16.82716
  0.16667  0.00000  0.00000  5  -17.75  -1.40   4.50 -13.72  -0.70  -0.93 -10.46 -11.16 -11.39 -15.89 0.75   0.18661    -14.65167
  0.16667  0.00000  0.00000  6  -17.76  -1.41   3.28 -15.11  -0.61  -0.78  -6.29  -6.90  -7.07 -10.35 0.78   0.00018    -15.89489
  0.16667  0.00000  0.00000  7  -17.73  -1.44   3.25 -15.14  -0.61  -0.78  -6.26  -6.87  -7.04 -10.29 0.78   0.00017    -15.92522
  0.16667  0.00000  0.00000  8  -17.16  -1.37   2.68 -15.24  -0.49  -0.62  -4.66  -5.15  -5.28  -7.95 0.80   0.00000    -15.85177
  0.16667  0.00000  0.00000  9  -16.99  -1.27   2.50 -15.20  -0.44  -0.55  -4.05  -4.49  -4.60  -7.10 0.80   0.00000    -15.75026
  0.16667  0.00000  0.00000 10  -17.06  -1.22   2.44 -15.32  -0.42  -0.52  -3.72  -4.14  -4.24  -6.68 0.81   0.00000    -15.83923
  0.16667  0.00000  0.00000 11  -17.18  -1.16   2.39 -15.44  -0.41  -0.51  -3.40  -3.81  -3.91  -6.30 0.81   0.00000    -15.95239
  0.16667  0.00000  0.00000 12  -17.11  -1.29   2.34 -15.57  -0.39  -0.48  -3.30  -3.69  -3.78  -6.12 0.81   0.00000    -16.05780
  0.16667  0.00000  0.00000 13  -17.08  -1.19   2.27 -15.56  -0.36  -0.45  -3.01  -3.37  -3.46  -5.72 0.81   0.00000    -16.00734
  0.16667  0.00000  0.00000 14  -17.34  -1.17   2.19 -15.93  -0.33  -0.40  -2.47  -2.80  -2.87  -5.06 0.81   0.00000    -16.33092
  0.16667  0.00000  0.00000 15  -17.26  -1.03   2.06 -15.89  -0.28  -0.34  -2.00  -2.27  -2.34  -4.40 0.81   0.00000    -16.22652
  0.16667  0.00000  0.00000 16  -17.23  -1.04   2.02 -15.93  -0.26  -0.32  -1.90  -2.17  -2.23  -4.25 0.81   0.00000    -16.25368
  0.16667  0.00000  0.00000 17   -5.79  -1.30  -4.38 -12.76   1.06   1.29   5.23   6.29   6.51  10.89 0.83  -0.00000    -11.47187
  0.16667  0.00000  0.00000 18   -6.43  -1.81  -4.47 -14.04   1.10   1.33   5.42   6.52   6.76  11.22 0.82  -0.00000    -12.70820
  0.16667  0.00000  0.00000 19   -6.14  -1.89  -4.47 -13.91   1.16   1.41   5.86   7.02   7.27  11.74 0.82  -0.00007    -12.50279
  0.16667  0.00000  0.00000 20   -5.87  -1.64  -4.55 -13.35   1.06   1.30   6.07   7.14   7.37  11.92 0.82  -0.00014    -12.05263
  0.16667  0.00000  0.00000 21   -6.46  -1.74  -4.75 -14.26   1.06   1.31   6.58   7.65   7.89  12.65 0.81  -0.00050    -12.95293
  0.16667  0.00000  0.00000 22   -6.07  -1.90  -4.76 -14.04   1.07   1.32   6.69   7.76   8.00  12.76 0.81  -0.00089    -12.71989
  0.16667  0.00000  0.00000 23   -5.98  -2.19  -4.72 -14.38   1.21   1.49   6.89   8.11   8.38  13.10 0.82  -0.00078    -12.89027
  0.16667  0.00000  0.00000 24   -6.17  -1.96  -4.88 -14.48   1.20   1.48   7.52   8.72   9.00  13.88 0.81  -0.00292    -13.00729
  0.16667  0.00000  0.00000 25   -6.05  -2.11  -4.89 -14.64   1.29   1.59   7.85   9.14   9.44  14.33 0.81  -0.00444    -13.05212
  0.16667  0.00000  0.00000 26   -5.77  -1.97  -4.93 -14.20   1.24   1.53   8.03   9.27   9.56  14.49 0.81  -0.00571    -12.66175
  0.16667  0.00000  0.00000 27   -5.69  -1.75  -4.97 -13.96   1.25   1.55   8.13   9.38   9.68  14.65 0.81  -0.00717    -12.40938
  0.16667  0.00000  0.00000 28   -5.98  -1.49  -4.93 -13.91   1.23   1.52   8.39   9.62   9.91  14.83 0.81  -0.00895    -12.39829
  0.16667  0.00000  0.00000 29   -5.56  -1.81  -5.16 -14.14   1.30   1.62   9.05  10.35  10.67  15.83 0.80  -0.01750    -12.52613
  0.16667  0.00000  0.00000 30   -5.40  -1.58  -5.18 -13.75   1.28   1.59   9.16  10.43  10.75  15.92 0.80  -0.02309    -12.15587
  0.16667  0.00000  0.00000 31   -6.10  -1.63  -5.50 -14.87   1.29   1.64   9.64  10.93  11.28  16.78 0.79  -0.03454    -13.22454
  0.16667  0.00000  0.00000 32   -4.95  -0.85  -4.96 -12.24   1.20   1.48   9.86  11.07  11.35  16.31 0.81  -0.03125    -10.75785
  0.16667  0.00000  0.00000 33   -4.89  -0.73  -5.33 -12.49   1.23   1.53  11.43  12.66  12.96  18.30 0.80  -0.09060    -10.95324
  0.16667  0.00000  0.00000 34   -5.58  -1.21  -5.92 -14.43   1.33   1.71  11.47  12.80  13.18  19.10 0.78  -0.09889    -12.71884
  0.16667  0.00000  0.00000 35   -4.32  -0.80  -5.52 -12.25   1.28   1.59  13.10  14.37  14.69  20.21 0.80  -0.15879    -10.65041
  0.16667  0.00000  0.00000 36   -4.07  -1.14  -5.90 -12.68   1.24   1.57  13.49  14.73  15.06  20.96 0.79  -0.19198    -11.10786
  0.16667  0.00000  0.00000 37   -4.13  -0.88  -5.80 -12.40   1.27   1.60  14.20  15.47  15.79  21.59 0.80  -0.24395    -10.80419
  0.16667  0.00000  0.00000 38   -3.83  -0.91  -5.88 -12.16   1.22   1.54  14.23  15.45  15.77  21.65 0.79  -0.23059    -10.62391
  0.16667  0.00000  0.00000 39   -3.31  -0.66  -5.98 -11.42   1.17   1.47  15.71  16.88  17.18  23.16 0.80  -0.38314     -9.95487
  0.16667  0.00000  0.00000 40   -3.11  -0.64  -6.08 -11.13   1.05   1.31  15.74  16.78  17.05  23.13 0.80  -0.44732     -9.82250
  0.16667  0.00000  0.00000 41   -3.59  -1.04  -6.16 -12.30   1.20   1.51  16.37  17.57  17.87  24.03 0.80  -0.44413    -10.78826
  0.16667  0.00000  0.00000 42   -3.07  -1.52  -6.24 -12.25   1.14   1.43  16.96  18.10  18.39  24.63 0.80  -0.48621    -10.82461
  0.16667  0.00000  0.00000 43   -3.27  -1.65  -6.50 -12.92   1.18   1.50  17.34  18.52  18.84  25.33 0.79  -0.54362    -11.41609
  0.16667  0.00000  0.00000 44   -3.46  -1.13  -6.64 -12.83   1.25   1.60  17.91  19.16  19.51  26.15 0.78  -0.61508    -11.23268
  0.16667  0.00000  0.00000 45   -3.20  -0.84  -6.46 -11.94   1.14   1.45  18.19  19.33  19.64  26.09 0.79  -0.63908    -10.49533
  0.16667  0.00000  0.00000 46   -3.29  -0.92  -6.47 -12.16   1.18   1.48  18.70  19.87  20.18  26.65 0.79  -0.68733    -10.68058
  0.16667  0.00000  0.00000 47   -3.15  -1.04  -6.52 -12.27   1.23   1.56  19.33  20.57  20.89  27.42 0.79  -0.70740    -10.71264
  0.16667  0.00000  0.00000 48   -3.64  -1.26  -6.60 -13.20   1.34   1.70  19.99  21.34  21.69  28.30 0.79  -0.80870    -11.50165
  0.16667  0.00000  0.00000 49   -3.47  -1.29  -6.85 -13.28   1.31   1.67  20.28  21.59  21.94  28.80 0.79  -0.88826    -11.60991
  0.16667  0.00000  0.00000 50   -2.97  -1.59  -6.76 -12.87   1.23   1.56  21.19  22.42  22.75  29.51 0.79  -0.88867    -11.31132
 
  0.20833  0.00000  0.00000  1  -21.55  -1.61   7.35 -14.54  -0.95  -1.27 -17.27 -18.22 -18.54 -25.90 0.74   1.39927    -15.81323
  0.20833  0.00000  0.00000  2  -21.35  -1.65   7.03 -14.76  -0.91  -1.21 -16.06 -16.97 -17.27 -24.30 0.75   1.18828    -15.97388
  0.20833  0.00000  0.00000  3  -21.35  -1.65   7.03 -14.75  -0.90  -1.21 -16.00 -16.91 -17.21 -24.24 0.75   1.17087    -15.95976
  0.20833  0.00000  0.00000  4  -21.62  -1.78   6.53 -15.73  -0.84  -1.14 -13.65 -14.50 -14.79 -21.33 0.74   0.73174    -16.87043
  0.20833  0.00000  0.00000  5  -17.73  -1.43   4.44 -13.79  -0.70  -0.93 -10.27 -10.97 -11.20 -15.63 0.75   0.17135    -14.71872
  0.20833  0.00000  0.00000  6  -17.90  -1.45   3.32 -15.24  -0.62  -0.79  -6.36  -6.98  -7.16 -10.48 0.78   0.00041    -16.03187
  0.20833  0.00000  0.00000  7  -17.87  -1.48   3.29 -15.26  -0.62  -0.79  -6.31  -6.93  -7.10 -10.39 0.78   0.00032    -16.05193
  0.20833  0.00000  0.00000  8  -17.19  -1.39   2.85 -15.06  -0.54  -0.67  -5.32  -5.85  -5.99  -8.84 0.80   0.00000    -15.73210
  0.20833  0.00000  0.00000  9  -16.91  -1.29   2.60 -15.01  -0.47  -0.59  -4.49  -4.97  -5.08  -7.68 0.80   0.00000    -15.59429
  0.20833  0.00000  0.00000 10  -16.99  -1.22   2.54 -15.11  -0.45  -0.56  -4.18  -4.63  -4.74  -7.28 0.80   0.00000    -15.66803
  0.20833  0.00000  0.00000 11  -17.26  -1.20   2.55 -15.33  -0.46  -0.58  -4.00  -4.47  -4.58  -7.14 0.80   0.00000    -15.90928
  0.20833  0.00000  0.00000 12  -17.00  -1.32   2.39 -15.41  -0.41  -0.51  -3.62  -4.03  -4.13  -6.52 0.81   0.00000    -15.92573
  0.20833  0.00000  0.00000 13  -16.98  -1.23   2.33 -15.39  -0.39  -0.48  -3.37  -3.76  -3.85  -6.18 0.81   0.00000    -15.87752
  0.20833  0.00000  0.00000 14  -17.30  -1.22   2.25 -15.83  -0.35  -0.43  -2.75  -3.11  -3.19  -5.44 0.81   0.00000    -16.26710
  0.20833  0.00000  0.00000 15  -17.21  -1.07   2.11 -15.80  -0.30  -0.37  -2.25  -2.55  -2.62  -4.73 0.81   0.00000    -16.16797
  0.20833  0.00000  0.00000 16  -17.21  -1.07   2.04 -15.90  -0.28  -0.34  -2.03  -2.30  -2.37  -4.41 0.81   0.00000    -16.24352
  0.20833  0.00000  0.00000 17   -5.93  -1.18  -4.31 -12.68   1.04   1.26   4.93   5.97   6.19  10.50 0.83  -0.00000    -11.42495
  0.20833  0.00000  0.00000 18   -6.21  -1.55  -4.47 -13.57   1.10   1.34   5.41   6.51   6.75  11.22 0.82  -0.00000    -12.22643
  0.20833  0.00000  0.00000 19   -5.99  -1.69  -4.43 -13.47   1.12   1.36   5.59   6.71   6.95  11.38 0.82  -0.00001    -12.11106
  0.20833  0.00000  0.00000 20   -5.74  -1.45  -4.52 -13.01   1.07   1.30   5.95   7.02   7.25  11.77 0.82  -0.00006    -11.70742
  0.20833  0.00000  0.00000 21   -6.30  -1.75  -4.75 -14.13   1.07   1.31   6.70   7.76   8.01  12.76 0.81  -0.00052    -12.81092
  0.20833  0.00000  0.00000 22   -6.06  -1.96  -4.81 -14.19   1.11   1.37   6.82   7.93   8.19  13.00 0.81  -0.00113    -12.82610
  0.20833  0.00000  0.00000 23   -6.29  -2.29  -4.78 -14.87   1.23   1.51   6.98   8.20   8.49  13.27 0.81  -0.00091    -13.35805
  0.20833  0.00000  0.00000 24   -6.05  -1.58  -4.76 -13.88   1.22   1.49   7.64   8.86   9.14  13.90 0.81  -0.00295    -12.38662
  0.20833  0.00000  0.00000 25   -6.13  -1.92  -4.96 -14.51   1.21   1.49   8.09   9.30   9.58  14.54 0.81  -0.00607    -13.01298
  0.20833  0.00000  0.00000 26   -5.77  -1.76  -4.97 -13.98   1.20   1.49   8.16   9.37   9.65  14.62 0.81  -0.00666    -12.49529
  0.20833  0.00000  0.00000 27   -5.97  -1.95  -4.95 -14.47   1.30   1.61   8.20   9.50   9.81  14.75 0.81  -0.00633    -12.86117
  0.20833  0.00000  0.00000 28   -5.60  -1.76  -5.05 -14.00   1.29   1.60   8.64   9.93  10.24  15.29 0.81  -0.01275    -12.40391
  0.20833  0.00000  0.00000 29   -5.58  -1.45  -5.12 -13.73   1.27   1.59   9.32  10.60  10.91  16.03 0.80  -0.02329    -12.14890
  0.20833  0.00000  0.00000 30   -5.76  -1.54  -5.27 -14.22   1.31   1.64   9.58  10.89  11.22  16.49 0.80  -0.02829    -12.57595
  0.20833  0.00000  0.00000 31   -5.18  -1.40  -5.22 -13.37   1.25   1.57   9.89  11.15  11.46  16.68 0.80  -0.03225    -11.79865
  0.20833  0.00000  0.00000 32   -5.65  -1.64  -5.53 -14.45   1.29   1.63   9.92  11.21  11.56  17.09 0.79  -0.04517    -12.81245
  0.20833  0.00000  0.00000 33   -5.65  -1.25  -5.79 -14.40   1.35   1.72  11.42  12.77  13.14  18.93 0.78  -0.08593    -12.67934
  0.20833  0.00000  0.00000 34   -5.01  -0.83  -5.47 -12.86   1.23   1.54  11.56  12.79  13.10  18.57 0.80  -0.09952    -11.31481
  0.20833  0.00000  0.00000 35   -4.39  -0.98  -5.67 -12.64   1.27   1.60  12.94  14.21  14.54  20.21 0.79  -0.15876    -11.04153
  0.20833  0.00000  0.00000 36   -4.06  -1.17  -5.95 -12.74   1.23   1.56  13.41  14.64  14.97  20.92 0.79  -0.19729    -11.17450
  0.20833  0.00000  0.00000 37   -3.91  -0.86  -5.80 -12.11   1.22   1.53  13.96  15.17  15.49  21.29 0.79  -0.21400    -10.57504
  0.20833  0.00000  0.00000 38   -4.32  -0.96  -5.90 -12.82   1.30   1.64  14.33  15.63  15.97  21.87 0.79  -0.25190    -11.17749
  0.20833  0.00000  0.00000 39   -3.21  -0.76  -6.12 -11.44   1.08   1.35  15.80  16.88  17.16  23.28 0.80  -0.43836    -10.09170
  0.20833  0.00000  0.00000 40   -3.39  -0.77  -6.06 -11.74   1.21   1.52  15.95  17.16  17.47  23.54 0.79  -0.40429    -10.22291
  0.20833  0.00000  0.00000 41   -3.36  -1.01  -6.22 -12.07   1.19   1.49  17.19  18.38  18.68  24.90 0.80  -0.53263    -10.58201
  0.20833  0.00000  0.00000 42   -3.33  -1.43  -6.52 -12.79   1.19   1.52  17.49  18.68  19.00  25.52 0.79  -0.56873    -11.27611
  0.20833  0.00000  0.00000 43   -2.93  -1.71  -6.36 -12.45   1.14   1.44  17.86  19.01  19.30  25.66 0.80  -0.55436    -11.01097
  0.20833  0.00000  0.00000 44   -3.49  -1.14  -6.69 -12.95   1.28   1.64  18.09  19.37  19.73  26.42 0.78  -0.62072    -11.31518
  0.20833  0.00000  0.00000 45   -3.20  -1.00  -6.57 -12.25   1.16   1.47  19.03  20.20  20.51  27.08 0.79  -0.71562    -10.77835
  0.20833  0.00000  0.00000 46   -3.13  -0.73  -6.50 -11.83   1.17   1.47  19.33  20.49  20.80  27.29 0.79  -0.76929    -10.35881
  0.20833  0.00000  0.00000 47   -3.16  -0.93  -6.58 -12.24   1.25   1.57  20.09  21.34  21.67  28.25 0.79  -0.82446    -10.67001
  0.20833  0.00000  0.00000 48   -3.52  -1.76  -6.84 -13.82   1.33   1.69  20.41  21.73  22.10  28.94 0.78  -0.83732    -12.12651
  0.20833  0.00000  0.00000 49   -3.20  -1.25  -6.84 -12.88   1.25   1.59  20.81  22.07  22.41  29.24 0.79  -0.96043    -11.28953
  0.20833  0.00000  0.00000 50   -3.27  -1.18  -7.02 -13.12   1.29   1.65  21.33  22.62  22.98  30.00 0.78  -0.99586    -11.46341
 
  0.25000  0.00000  0.00000  1  -21.51  -1.62   7.28 -14.58  -0.94  -1.26 -17.01 -17.95 -18.27 -25.56 0.75   1.35819    -15.84220
  0.25000  0.00000  0.00000  2  -21.32  -1.66   6.97 -14.81  -0.90  -1.20 -15.82 -16.72 -17.01 -23.98 0.75   1.14131    -16.00919
  0.25000  0.00000  0.00000  3  -21.31  -1.66   6.97 -14.80  -0.90  -1.19 -15.76 -16.65 -16.95 -23.92 0.75   1.12224    -15.99675
  0.25000  0.00000  0.00000  4  -21.63  -1.78   6.48 -15.79  -0.84  -1.14 -13.46 -14.30 -14.60 -21.08 0.74   0.69143    -16.92709
  0.25000  0.00000  0.00000  5  -17.71  -1.47   4.36 -13.90  -0.69  -0.92 -10.05 -10.74 -10.97 -15.33 0.75   0.15311    -14.81282
  0.25000  0.00000  0.00000  6  -18.04  -1.50   3.41 -15.31  -0.63  -0.82  -6.59  -7.23  -7.41 -10.82 0.78   0.00122    -16.12523
  0.25000  0.00000  0.00000  7  -18.03  -1.52   3.38 -15.36  -0.63  -0.81  -6.48  -7.10  -7.29 -10.66 0.78   0.00084    -16.17014
  0.25000  0.00000  0.00000  8  -17.23  -1.40   3.04 -14.87  -0.57  -0.72  -5.96  -6.53  -6.69  -9.72 0.79   0.00003    -15.59563
  0.25000  0.00000  0.00000  9  -16.88  -1.29   2.67 -14.88  -0.49  -0.61  -4.81  -5.30  -5.42  -8.09 0.80   0.00000    -15.49823
  0.25000  0.00000  0.00000 10  -17.37  -1.24   2.74 -15.23  -0.51  -0.64  -4.64  -5.16  -5.29  -8.03 0.80   0.00000    -15.87422
  0.25000  0.00000  0.00000 11  -16.94  -1.20   2.62 -14.93  -0.48  -0.59  -4.52  -5.00  -5.11  -7.73 0.80   0.00000    -15.51987
  0.25000  0.00000  0.00000 12  -16.86  -1.34   2.44 -15.23  -0.43  -0.54  -3.96  -4.39  -4.50  -6.94 0.81   0.00000    -15.76381
  0.25000  0.00000  0.00000 13  -16.89  -1.26   2.41 -15.21  -0.42  -0.52  -3.79  -4.21  -4.31  -6.73 0.81   0.00000    -15.73501
  0.25000  0.00000  0.00000 14  -17.24  -1.25   2.32 -15.71  -0.38  -0.47  -3.09  -3.47  -3.56  -5.87 0.81   0.00000    -16.17624
  0.25000  0.00000  0.00000 15  -17.16  -1.11   2.18 -15.69  -0.33  -0.41  -2.56  -2.88  -2.96  -5.14 0.81   0.00000    -16.09248
  0.25000  0.00000  0.00000 16  -17.18  -1.11   2.07 -15.86  -0.29  -0.36  -2.19  -2.48  -2.55  -4.62 0.81   0.00000    -16.21271
  0.25000  0.00000  0.00000 17   -6.12  -1.09  -4.26 -12.70   1.02   1.24   4.70   5.73   5.94  10.20 0.83  -0.00000    -11.46118
  0.25000  0.00000  0.00000 18   -5.95  -1.52  -4.37 -13.14   1.08   1.30   5.19   6.26   6.49  10.86 0.83  -0.00000    -11.83646
  0.25000  0.00000  0.00000 19   -6.10  -1.25  -4.44 -13.12   1.09   1.33   5.28   6.38   6.61  11.05 0.82  -0.00000    -11.78809
  0.25000  0.00000  0.00000 20   -5.79  -1.42  -4.52 -13.03   1.07   1.30   5.87   6.94   7.17  11.69 0.82  -0.00002    -11.73571
  0.25000  0.00000  0.00000 21   -6.14  -1.75  -4.77 -14.01   1.11   1.36   6.88   7.98   8.23  13.00 0.81  -0.00071    -12.65008
  0.25000  0.00000  0.00000 22   -6.02  -1.99  -4.88 -14.30   1.15   1.42   7.01   8.16   8.43  13.31 0.81  -0.00162    -12.88445
  0.25000  0.00000  0.00000 23   -6.40  -2.25  -4.84 -15.00   1.22   1.51   7.11   8.34   8.63  13.47 0.81  -0.00124    -13.48615
  0.25000  0.00000  0.00000 24   -5.85  -1.30  -4.56 -13.18   1.21   1.47   7.51   8.72   8.98  13.54 0.82  -0.00163    -11.71191
  0.25000  0.00000  0.00000 25   -6.09  -2.05  -5.08 -14.71   1.19   1.48   8.12   9.31   9.60  14.68 0.80  -0.00722    -13.22455
  0.25000  0.00000  0.00000 26   -5.69  -1.45  -4.90 -13.48   1.17   1.44   8.18   9.35   9.62  14.51 0.81  -0.00729    -12.04070
  0.25000  0.00000  0.00000 27   -6.06  -1.95  -5.02 -14.66   1.31   1.63   8.37   9.68  10.00  15.02 0.80  -0.00778    -13.03058
  0.25000  0.00000  0.00000 28   -5.56  -1.84  -5.03 -14.03   1.29   1.60   8.89  10.18  10.49  15.52 0.81  -0.01300    -12.42540
  0.25000  0.00000  0.00000 29   -5.76  -1.48  -5.21 -14.09   1.31   1.64   9.55  10.86  11.19  16.40 0.80  -0.02642    -12.45364
  0.25000  0.00000  0.00000 30   -5.71  -1.57  -5.36 -14.29   1.31   1.65   9.65  10.96  11.30  16.66 0.79  -0.03311    -12.63750
  0.25000  0.00000  0.00000 31   -5.25  -1.49  -5.45 -13.78   1.27   1.60  10.29  11.56  11.89  17.33 0.79  -0.04753    -12.18283
  0.25000  0.00000  0.00000 32   -5.43  -1.56  -5.71 -14.35   1.30   1.65  10.63  11.92  12.28  17.99 0.79  -0.07035    -12.70113
  0.25000  0.00000  0.00000 33   -5.49  -1.18  -5.55 -13.92   1.34   1.69  11.26  12.60  12.95  18.50 0.79  -0.07052    -12.22490
  0.25000  0.00000  0.00000 34   -5.12  -0.99  -5.68 -13.35   1.24   1.57  11.89  13.12  13.45  19.13 0.79  -0.11747    -11.78656
  0.25000  0.00000  0.00000 35   -4.60  -1.29  -5.91 -13.44   1.29   1.64  12.85  14.14  14.49  20.40 0.78  -0.15766    -11.79742
  0.25000  0.00000  0.00000 36   -4.16  -1.27  -6.02 -13.03   1.24   1.58  13.36  14.60  14.94  20.96 0.78  -0.19661    -11.44521
  0.25000  0.00000  0.00000 37   -3.98  -0.81  -5.78 -12.10   1.22   1.53  13.90  15.12  15.43  21.20 0.80  -0.21458    -10.57137
  0.25000  0.00000  0.00000 38   -4.39  -1.00  -5.99 -13.05   1.32   1.66  14.55  15.87  16.22  22.21 0.79  -0.27168    -11.38583
  0.25000  0.00000  0.00000 39   -3.30  -0.86  -6.18 -11.73   1.11   1.40  16.01  17.12  17.41  23.59 0.79  -0.43831    -10.33194
  0.25000  0.00000  0.00000 40   -3.53  -0.92  -6.15 -12.19   1.26   1.59  16.22  17.49  17.82  23.96 0.79  -0.42030    -10.60005
  0.25000  0.00000  0.00000 41   -3.32  -1.31  -6.51 -12.64   1.18   1.50  17.60  18.78  19.10  25.62 0.79  -0.58711    -11.13957
  0.25000  0.00000  0.00000 42   -3.34  -0.97  -6.38 -12.23   1.23   1.55  18.11  19.34  19.66  26.04 0.79  -0.61614    -10.67978
  0.25000  0.00000  0.00000 43   -3.37  -1.15  -6.61 -12.73   1.26   1.61  18.19  19.45  19.80  26.41 0.79  -0.63419    -11.12539
  0.25000  0.00000  0.00000 44   -2.85  -1.68  -6.47 -12.46   1.16   1.46  18.75  19.91  20.21  26.68 0.79  -0.62218    -10.99950
  0.25000  0.00000  0.00000 45   -3.19  -1.23  -6.69 -12.62   1.19   1.51  19.86  21.05  21.37  28.06 0.79  -0.79075    -11.10909
  0.25000  0.00000  0.00000 46   -3.02  -0.66  -6.60 -11.76   1.17   1.48  20.02  21.19  21.50  28.10 0.79  -0.86561    -10.28207
  0.25000  0.00000  0.00000 47   -3.41  -1.22  -6.73 -13.01   1.30   1.64  20.59  21.89  22.24  28.97 0.79  -0.91629    -11.36388
  0.25000  0.00000  0.00000 48   -3.24  -1.80  -6.96 -13.65   1.29   1.65  20.90  22.19  22.55  29.50 0.78  -0.86769    -11.99544
  0.25000  0.00000  0.00000 49   -3.13  -1.03  -6.75 -12.48   1.23   1.56  21.00  22.23  22.56  29.31 0.79  -0.97208    -10.91766
  0.25000  0.00000  0.00000 50   -3.17  -1.41  -7.07 -13.32   1.30   1.66  21.67  22.97  23.33  30.40 0.78  -1.03789    -11.65563
 
  0.29167  0.00000  0.00000  1  -21.46  -1.63   7.21 -14.63  -0.93  -1.24 -16.72 -17.65 -17.96 -25.17 0.75   1.31059    -15.87800
  0.29167  0.00000  0.00000  2  -21.29  -1.67   6.90 -14.87  -0.89  -1.18 -15.54 -16.43 -16.72 -23.62 0.75   1.08379    -16.05544
  0.29167  0.00000  0.00000  3  -21.28  -1.66   6.90 -14.87  -0.88  -1.18 -15.48 -16.36 -16.66 -23.56 0.75   1.06401    -16.04511
  0.29167  0.00000  0.00000  4  -21.65  -1.78   6.43 -15.86  -0.84  -1.14 -13.24 -14.08 -14.38 -20.81 0.74   0.65045    -16.99887
  0.29167  0.00000  0.00000  5  -17.70  -1.53   4.28 -14.04  -0.68  -0.90  -9.81 -10.49 -10.72 -15.00 0.75   0.13332    -14.94776
  0.29167  0.00000  0.00000  6  -18.11  -1.54   3.54 -15.26  -0.65  -0.84  -7.00  -7.65  -7.84 -11.38 0.77   0.00394    -16.10660
  0.29167  0.00000  0.00000  7  -18.15  -1.56   3.50 -15.37  -0.64  -0.83  -6.79  -7.44  -7.63 -11.12 0.77   0.00253    -16.20569
  0.29167  0.00000  0.00000  8  -17.24  -1.39   3.21 -14.66  -0.60  -0.77  -6.57  -7.16  -7.33 -10.54 0.78   0.00073    -15.42301
  0.29167  0.00000  0.00000  9  -17.50  -1.28   2.94 -15.13  -0.56  -0.71  -5.28  -5.84  -5.99  -8.92 0.79   0.00000    -15.84069
  0.29167  0.00000  0.00000 10  -16.94  -1.27   2.73 -14.84  -0.51  -0.64  -5.01  -5.52  -5.65  -8.38 0.80   0.00000    -15.48007
  0.29167  0.00000  0.00000 11  -16.91  -1.22   2.66 -14.86  -0.49  -0.61  -4.71  -5.20  -5.32  -7.98 0.80   0.00000    -15.46883
  0.29167  0.00000  0.00000 12  -16.81  -1.29   2.51 -15.03  -0.45  -0.56  -4.26  -4.72  -4.83  -7.34 0.80   0.00000    -15.59025
  0.29167  0.00000  0.00000 13  -16.75  -1.36   2.48 -15.07  -0.45  -0.56  -4.23  -4.68  -4.79  -7.27 0.80   0.00000    -15.62381
  0.29167  0.00000  0.00000 14  -17.18  -1.28   2.40 -15.56  -0.41  -0.51  -3.47  -3.88  -3.97  -6.37 0.81   0.00000    -16.06740
  0.29167  0.00000  0.00000 15  -17.10  -1.15   2.25 -15.56  -0.36  -0.44  -2.92  -3.27  -3.36  -5.61 0.81   0.00000    -16.00490
  0.29167  0.00000  0.00000 16  -17.12  -1.14   2.11 -15.78  -0.31  -0.38  -2.39  -2.70  -2.77  -4.87 0.81   0.00000    -16.15388
  0.29167  0.00000  0.00000 17   -6.30  -0.98  -4.21 -12.72   1.01   1.23   4.54   5.56   5.77   9.98 0.83  -0.00000    -11.49765
  0.29167  0.00000  0.00000 18   -5.92  -1.43  -4.28 -12.89   1.04   1.25   4.75   5.78   6.00  10.28 0.83  -0.00000    -11.64003
  0.29167  0.00000  0.00000 19   -6.11  -1.01  -4.39 -12.82   1.07   1.31   5.10   6.17   6.41  10.80 0.82  -0.00000    -11.51775
  0.29167  0.00000  0.00000 20   -5.86  -1.39  -4.54 -13.10   1.07   1.31   5.89   6.96   7.19  11.73 0.82  -0.00001    -11.78808
  0.29167  0.00000  0.00000 21   -5.98  -1.68  -4.77 -13.86   1.17   1.43   7.07   8.23   8.50  13.27 0.81  -0.00099    -12.42650
  0.29167  0.00000  0.00000 22   -6.17  -1.79  -4.83 -14.31   1.22   1.50   7.20   8.42   8.70  13.54 0.81  -0.00196    -12.80241
  0.29167  0.00000  0.00000 23   -6.44  -2.17  -4.92 -15.00   1.20   1.48   7.28   8.48   8.77  13.68 0.81  -0.00182    -13.52246
  0.29167  0.00000  0.00000 24   -5.67  -1.53  -4.62 -13.22   1.14   1.39   7.35   8.49   8.74  13.36 0.82  -0.00142    -11.82471
  0.29167  0.00000  0.00000 25   -5.69  -1.67  -5.00 -13.86   1.22   1.51   8.18   9.40   9.69  14.69 0.81  -0.00709    -12.35593
  0.29167  0.00000  0.00000 26   -5.69  -1.36  -4.84 -13.30   1.15   1.41   8.20   9.35   9.61  14.45 0.81  -0.00725    -11.89134
  0.29167  0.00000  0.00000 27   -6.33  -2.16  -5.14 -15.25   1.29   1.61   8.43   9.72  10.04  15.18 0.80  -0.00994    -13.63416
  0.29167  0.00000  0.00000 28   -5.59  -1.97  -5.11 -14.30   1.30   1.62   8.98  10.29  10.60  15.72 0.80  -0.01393    -12.67694
  0.29167  0.00000  0.00000 29   -5.61  -1.38  -5.12 -13.72   1.29   1.61   9.50  10.79  11.11  16.23 0.80  -0.02418    -12.10539
  0.29167  0.00000  0.00000 30   -5.61  -1.59  -5.45 -14.31   1.31   1.65   9.79  11.10  11.44  16.90 0.79  -0.03923    -12.65462
  0.29167  0.00000  0.00000 31   -5.46  -1.21  -5.58 -13.88   1.28   1.62  10.84  12.12  12.47  18.05 0.79  -0.06719    -12.25147
  0.29167  0.00000  0.00000 32   -5.14  -1.34  -5.42 -13.56   1.32   1.66  11.14  12.46  12.80  18.21 0.80  -0.06341    -11.89456
  0.29167  0.00000  0.00000 33   -5.30  -1.47  -5.92 -14.35   1.30   1.67  11.31  12.61  12.98  18.90 0.78  -0.10275    -12.68520
  0.29167  0.00000  0.00000 34   -5.18  -1.14  -5.95 -13.88   1.26   1.61  12.38  13.64  13.99  19.93 0.78  -0.14641    -12.27051
  0.29167  0.00000  0.00000 35   -4.83  -1.56  -6.13 -14.23   1.32   1.70  12.89  14.21  14.59  20.73 0.78  -0.16157    -12.52556
  0.29167  0.00000  0.00000 36   -4.29  -1.43  -6.12 -13.46   1.27   1.63  13.40  14.66  15.02  21.14 0.78  -0.19727    -11.83198
  0.29167  0.00000  0.00000 37   -4.02  -0.83  -5.84 -12.22   1.22   1.53  14.06  15.28  15.59  21.43 0.79  -0.22941    -10.68544
  0.29167  0.00000  0.00000 38   -4.41  -1.05  -6.09 -13.22   1.32   1.68  14.88  16.20  16.56  22.64 0.79  -0.29890    -11.54631
  0.29167  0.00000  0.00000 39   -3.33  -0.92  -6.22 -11.92   1.15   1.45  16.30  17.44  17.74  23.97 0.79  -0.44943    -10.47180
  0.29167  0.00000  0.00000 40   -3.66  -1.11  -6.25 -12.66   1.31   1.65  16.49  17.80  18.14  24.39 0.79  -0.43476    -11.00952
  0.29167  0.00000  0.00000 41   -3.31  -1.16  -6.47 -12.42   1.17   1.48  17.77  18.94  19.25  25.73 0.79  -0.61064    -10.93925
  0.29167  0.00000  0.00000 42   -3.52  -1.11  -6.65 -12.95   1.30   1.66  18.18  19.48  19.83  26.48 0.78  -0.61256    -11.28838
  0.29167  0.00000  0.00000 43   -3.09  -0.97  -6.41 -12.00   1.22   1.54  19.11  20.33  20.65  27.06 0.80  -0.73644    -10.46850
  0.29167  0.00000  0.00000 44   -2.82  -1.46  -6.58 -12.33   1.16   1.47  19.48  20.64  20.95  27.53 0.79  -0.68686    -10.85940
  0.29167  0.00000  0.00000 45   -3.13  -1.24  -6.71 -12.61   1.21   1.53  20.56  21.77  22.10  28.81 0.79  -0.84867    -11.07980
  0.29167  0.00000  0.00000 46   -2.99  -1.00  -6.79 -12.32   1.21   1.54  20.75  21.97  22.29  29.08 0.79  -0.95378    -10.77645
  0.29167  0.00000  0.00000 47   -3.43  -1.62  -6.91 -13.62   1.31   1.67  20.86  22.17  22.53  29.44 0.78  -0.92367    -11.95362
  0.29167  0.00000  0.00000 48   -3.19  -1.23  -6.82 -12.79   1.22   1.55  21.12  22.34  22.67  29.49 0.78  -0.96813    -11.23559
  0.29167  0.00000  0.00000 49   -3.33  -1.58  -6.96 -13.55   1.32   1.68  21.46  22.78  23.14  30.10 0.78  -0.94933    -11.86505
  0.29167  0.00000  0.00000 50   -3.18  -1.10  -6.76 -12.72   1.33   1.69  22.28  23.61  23.97  30.73 0.79  -1.06672    -11.03503
 
  0.33333  0.00000  0.00000  1  -21.40  -1.64   7.12 -14.70  -0.92  -1.23 -16.38 -17.30 -17.60 -24.73 0.75   1.25268    -15.92248
  0.33333  0.00000  0.00000  2  -21.26  -1.68   6.82 -14.95  -0.88  -1.17 -15.22 -16.10 -16.39 -23.21 0.75   1.01609    -16.11687
  0.33333  0.00000  0.00000  3  -21.25  -1.67   6.82 -14.94  -0.87  -1.16 -15.16 -16.03 -16.33 -23.15 0.75   0.99647    -16.10902
  0.33333  0.00000  0.00000  4  -21.68  -1.77   6.37 -15.95  -0.84  -1.14 -13.01 -13.85 -14.15 -20.52 0.74   0.60993    -17.08733
  0.33333  0.00000  0.00000  5  -17.73  -1.63   4.21 -14.25  -0.67  -0.89  -9.57 -10.24 -10.46 -14.67 0.75   0.11416    -15.14527
  0.33333  0.00000  0.00000  6  -18.16  -1.56   3.70 -15.16  -0.66  -0.87  -7.50  -8.16  -8.37 -12.07 0.76   0.01127    -16.02285
  0.33333  0.00000  0.00000  7  -18.22  -1.58   3.64 -15.30  -0.66  -0.86  -7.23  -7.88  -8.08 -11.73 0.77   0.00706    -16.15490
  0.33333  0.00000  0.00000  8  -17.20  -1.34   3.35 -14.39  -0.62  -0.80  -7.09  -7.70  -7.88 -11.23 0.78   0.00357    -15.18935
  0.33333  0.00000  0.00000  9  -17.62  -1.32   3.13 -15.04  -0.60  -0.76  -5.90  -6.50  -6.66  -9.79 0.79   0.00015    -15.80411
  0.33333  0.00000  0.00000 10  -16.92  -1.25   2.80 -14.71  -0.53  -0.67  -5.31  -5.85  -5.98  -8.78 0.80   0.00000    -15.37583
  0.33333  0.00000  0.00000 11  -16.76  -1.31   2.63 -14.84  -0.49  -0.61  -4.76  -5.25  -5.37  -8.00 0.80   0.00000    -15.44932
  0.33333  0.00000  0.00000 12  -16.93  -1.27   2.66 -14.92  -0.49  -0.62  -4.74  -5.23  -5.36  -8.02 0.80   0.00000    -15.53617
  0.33333  0.00000  0.00000 13  -16.77  -1.34   2.51 -15.04  -0.45  -0.56  -4.32  -4.77  -4.88  -7.39 0.80   0.00000    -15.60342
  0.33333  0.00000  0.00000 14  -17.13  -1.31   2.49 -15.40  -0.44  -0.55  -3.88  -4.32  -4.43  -6.92 0.80   0.00000    -15.94894
  0.33333  0.00000  0.00000 15  -17.05  -1.19   2.34 -15.43  -0.39  -0.49  -3.31  -3.71  -3.80  -6.13 0.81   0.00000    -15.91086
  0.33333  0.00000  0.00000 16  -17.05  -1.16   2.15 -15.66  -0.33  -0.40  -2.64  -2.96  -3.04  -5.19 0.81   0.00000    -16.06545
  0.33333  0.00000  0.00000 17   -6.02  -1.11  -4.18 -12.52   1.00   1.21   4.26   5.26   5.47   9.64 0.83  -0.00000    -11.31261
  0.33333  0.00000  0.00000 18   -6.34  -1.16  -4.20 -12.91   1.01   1.22   4.49   5.50   5.71   9.91 0.83  -0.00000    -11.69732
  0.33333  0.00000  0.00000 19   -6.19  -0.85  -4.34 -12.67   1.05   1.28   4.90   5.95   6.18  10.52 0.82  -0.00000    -11.38353
  0.33333  0.00000  0.00000 20   -5.91  -1.32  -4.56 -13.12   1.08   1.32   5.97   7.06   7.30  11.86 0.82  -0.00001    -11.79563
  0.33333  0.00000  0.00000 21   -6.13  -1.43  -4.55 -13.57   1.21   1.47   7.12   8.33   8.59  13.14 0.82  -0.00088    -12.10757
  0.33333  0.00000  0.00000 22   -5.96  -1.56  -4.76 -13.79   1.22   1.50   7.23   8.45   8.73  13.49 0.81  -0.00134    -12.28996
  0.33333  0.00000  0.00000 23   -6.39  -2.11  -5.01 -14.96   1.16   1.45   7.52   8.68   8.97  13.97 0.80  -0.00272    -13.50730
  0.33333  0.00000  0.00000 24   -5.69  -1.90  -4.97 -14.01   1.18   1.45   7.53   8.70   8.98  13.95 0.81  -0.00328    -12.55705
  0.33333  0.00000  0.00000 25   -5.71  -1.59  -4.91 -13.72   1.22   1.51   7.94   9.16   9.45  14.36 0.81  -0.00515    -12.20860
  0.33333  0.00000  0.00000 26   -5.66  -1.41  -4.83 -13.32   1.15   1.41   8.29   9.43   9.70  14.53 0.81  -0.00747    -11.90639
  0.33333  0.00000  0.00000 27   -6.18  -2.12  -5.23 -15.12   1.27   1.59   8.66   9.93  10.25  15.48 0.80  -0.01343    -13.52273
  0.33333  0.00000  0.00000 28   -5.60  -2.00  -5.20 -14.43   1.31   1.64   9.03  10.34  10.67  15.87 0.80  -0.01589    -12.79646
  0.33333  0.00000  0.00000 29   -5.49  -1.31  -5.07 -13.46   1.27   1.58   9.50  10.78  11.09  16.16 0.81  -0.02365    -11.87952
  0.33333  0.00000  0.00000 30   -5.54  -1.52  -5.42 -14.09   1.29   1.62   9.68  10.96  11.30  16.72 0.79  -0.03782    -12.47311
  0.33333  0.00000  0.00000 31   -5.41  -1.05  -5.29 -13.37   1.29   1.62  10.92  12.21  12.54  17.83 0.80  -0.05362    -11.75513
  0.33333  0.00000  0.00000 32   -5.06  -1.48  -5.79 -14.01   1.32   1.68  11.58  12.90  13.26  19.05 0.78  -0.09723    -12.32797
  0.33333  0.00000  0.00000 33   -5.17  -1.33  -6.07 -14.24   1.29   1.67  11.88  13.17  13.54  19.61 0.78  -0.13458    -12.57237
  0.33333  0.00000  0.00000 34   -5.19  -1.24  -6.22 -14.30   1.28   1.65  12.93  14.21  14.58  20.80 0.77  -0.18035    -12.64978
  0.33333  0.00000  0.00000 35   -4.95  -1.72  -6.30 -14.71   1.34   1.74  12.99  14.33  14.73  21.03 0.77  -0.17105    -12.96370
  0.33333  0.00000  0.00000 36   -4.38  -1.63  -6.26 -13.95   1.30   1.68  13.52  14.82  15.19  21.46 0.77  -0.20371    -12.27368
  0.33333  0.00000  0.00000 37   -4.01  -0.90  -5.98 -12.44   1.22   1.54  14.41  15.63  15.96  21.94 0.79  -0.25771    -10.89137
  0.33333  0.00000  0.00000 38   -4.39  -1.10  -6.20 -13.37   1.33   1.69  15.33  16.66  17.01  23.21 0.79  -0.33510    -11.68441
  0.33333  0.00000  0.00000 39   -3.34  -0.93  -6.26 -12.01   1.18   1.48  16.65  17.82  18.13  24.39 0.79  -0.47133    -10.53103
  0.33333  0.00000  0.00000 40   -3.70  -1.26  -6.37 -13.00   1.32   1.67  16.71  18.03  18.38  24.75 0.79  -0.45285    -11.32147
  0.33333  0.00000  0.00000 41   -3.36  -1.06  -6.45 -12.36   1.19   1.50  18.08  19.27  19.58  26.03 0.79  -0.63841    -10.86273
  0.33333  0.00000  0.00000 42   -3.51  -1.12  -6.61 -12.88   1.29   1.64  18.17  19.46  19.81  26.42 0.79  -0.61106    -11.24120
  0.33333  0.00000  0.00000 43   -2.85  -1.26  -6.67 -12.26   1.16   1.47  19.89  21.04  21.35  28.02 0.79  -0.75164    -10.78969
  0.33333  0.00000  0.00000 44   -3.08  -0.95  -6.53 -12.15   1.26   1.59  20.08  21.34  21.67  28.20 0.79  -0.83587    -10.55619
  0.33333  0.00000  0.00000 45   -3.11  -0.98  -6.64 -12.28   1.22   1.55  20.85  22.07  22.40  29.05 0.79  -0.88995    -10.73054
  0.33333  0.00000  0.00000 46   -3.41  -1.80  -7.03 -13.92   1.32   1.69  21.11  22.43  22.80  29.83 0.78  -0.93162    -12.23157
  0.33333  0.00000  0.00000 47   -3.38  -1.81  -7.14 -14.04   1.33   1.71  21.48  22.81  23.19  30.34 0.78  -0.98434    -12.33132
  0.33333  0.00000  0.00000 48   -3.60  -1.40  -6.84 -13.60   1.38   1.75  21.77  23.14  23.52  30.37 0.78  -0.98417    -11.84551
  0.33333  0.00000  0.00000 49   -2.84  -1.26  -6.81 -12.41   1.18   1.50  21.81  22.98  23.31  30.12 0.78  -1.01924    -10.91145
  0.33333  0.00000  0.00000 50   -3.01  -1.26  -6.85 -12.79   1.31   1.66  22.67  23.98  24.33  31.19 0.79  -1.10437    -11.12845
 
  0.41667  0.00000  0.00000  1  -21.31  -1.67   6.93 -14.87  -0.89  -1.18 -15.60 -16.49 -16.78 -23.71 0.75   1.09769    -16.05050
  0.41667  0.00000  0.00000  2  -21.25  -1.70   6.65 -15.16  -0.85  -1.14 -14.52 -15.37 -15.66 -22.31 0.74   0.86646    -16.30333
  0.41667  0.00000  0.00000  3  -21.25  -1.70   6.64 -15.16  -0.85  -1.14 -14.45 -15.30 -15.59 -22.23 0.74   0.84708    -16.30327
  0.41667  0.00000  0.00000  4  -21.83  -1.76   6.29 -16.15  -0.84  -1.15 -12.59 -13.43 -13.73 -20.03 0.74   0.54043    -17.29918
  0.41667  0.00000  0.00000  5  -17.90  -1.92   4.13 -14.82  -0.66  -0.87  -9.25  -9.90 -10.12 -14.25 0.75   0.08871    -15.69399
  0.41667  0.00000  0.00000  6  -18.23  -1.60   4.03 -14.90  -0.68  -0.90  -8.53  -9.21  -9.44 -13.46 0.75   0.04723    -15.80056
  0.41667  0.00000  0.00000  7  -18.29  -1.61   3.94 -15.06  -0.68  -0.89  -8.17  -8.85  -9.07 -13.01 0.76   0.03420    -15.95177
  0.41667  0.00000  0.00000  8  -16.95  -1.12   3.46 -13.79  -0.63  -0.82  -7.66  -8.29  -8.47 -11.94 0.77   0.01235    -14.60747
  0.41667  0.00000  0.00000  9  -17.82  -1.37   3.49 -14.85  -0.65  -0.84  -7.01  -7.66  -7.85 -11.34 0.77   0.00576    -15.69640
  0.41667  0.00000  0.00000 10  -16.81  -1.25   3.01 -14.31  -0.58  -0.73  -6.23  -6.81  -6.97  -9.98 0.79   0.00031    -15.04275
  0.41667  0.00000  0.00000 11  -16.73  -1.33   2.88 -14.49  -0.54  -0.69  -5.79  -6.33  -6.47  -9.35 0.79   0.00004    -15.18067
  0.41667  0.00000  0.00000 12  -17.07  -1.33   2.70 -15.08  -0.50  -0.63  -4.77  -5.27  -5.40  -8.10 0.80   0.00000    -15.70648
  0.41667  0.00000  0.00000 13  -17.03  -1.30   2.63 -15.08  -0.49  -0.61  -4.58  -5.07  -5.19  -7.82 0.80   0.00000    -15.69219
  0.41667  0.00000  0.00000 14  -17.04  -1.23   2.55 -15.15  -0.46  -0.57  -4.18  -4.64  -4.76  -7.31 0.80   0.00000    -15.72017
  0.41667  0.00000  0.00000 15  -16.90  -1.35   2.46 -15.24  -0.44  -0.55  -4.09  -4.53  -4.64  -7.10 0.80   0.00000    -15.78410
  0.41667  0.00000  0.00000 16  -16.88  -1.20   2.26 -15.36  -0.37  -0.46  -3.24  -3.61  -3.70  -5.96 0.81   0.00000    -15.82358
  0.41667  0.00000  0.00000 17   -5.90  -1.06  -4.04 -12.14   0.95   1.14   3.52   4.47   4.66   8.70 0.83  -0.00000    -11.00124
  0.41667  0.00000  0.00000 18   -6.53  -1.06  -4.18 -12.97   1.00   1.21   4.39   5.39   5.60   9.78 0.83  -0.00000    -11.76454
  0.41667  0.00000  0.00000 19   -6.39  -0.68  -4.22 -12.52   1.02   1.24   4.48   5.50   5.71   9.93 0.82  -0.00000    -11.28681
  0.41667  0.00000  0.00000 20   -5.96  -1.14  -4.65 -13.11   1.11   1.36   6.28   7.39   7.64  12.30 0.82  -0.00007    -11.75422
  0.41667  0.00000  0.00000 21   -5.97  -1.46  -4.65 -13.52   1.18   1.44   6.96   8.14   8.40  13.06 0.82  -0.00086    -12.08247
  0.41667  0.00000  0.00000 22   -5.94  -1.32  -4.64 -13.35   1.19   1.45   7.24   8.43   8.69  13.33 0.82  -0.00107    -11.89333
  0.41667  0.00000  0.00000 23   -6.08  -1.39  -4.83 -13.86   1.26   1.56   7.58   8.84   9.14  13.97 0.81  -0.00255    -12.30382
  0.41667  0.00000  0.00000 24   -6.10  -2.05  -5.09 -14.67   1.14   1.42   7.99   9.13   9.42  14.51 0.80  -0.00555    -13.24896
  0.41667  0.00000  0.00000 25   -5.71  -1.98  -5.16 -14.40   1.24   1.55   8.12   9.36   9.67  14.83 0.80  -0.00798    -12.84556
  0.41667  0.00000  0.00000 26   -5.47  -1.40  -4.95 -13.30   1.19   1.47   8.54   9.73  10.01  14.96 0.81  -0.00904    -11.82466
  0.41667  0.00000  0.00000 27   -5.58  -1.87  -5.22 -14.31   1.32   1.65   9.04  10.36  10.69  15.90 0.80  -0.01770    -12.66838
  0.41667  0.00000  0.00000 28   -5.87  -1.90  -5.30 -14.68   1.28   1.61   9.25  10.53  10.86  16.16 0.80  -0.02209    -13.07142
  0.41667  0.00000  0.00000 29   -5.75  -1.53  -5.36 -14.21   1.24   1.56   9.46  10.70  11.02  16.39 0.79  -0.03306    -12.64317
  0.41667  0.00000  0.00000 30   -5.40  -1.37  -5.21 -13.56   1.26   1.57   9.83  11.08  11.39  16.61 0.80  -0.03154    -11.98725
  0.41667  0.00000  0.00000 31   -5.36  -1.37  -5.38 -13.76   1.32   1.66  11.15  12.47  12.81  18.18 0.80  -0.05719    -12.10115
  0.41667  0.00000  0.00000 32   -4.96  -1.28  -5.91 -13.85   1.33   1.70  12.27  13.60  13.97  19.87 0.78  -0.13023    -12.14827
  0.41667  0.00000  0.00000 33   -5.06  -1.15  -6.15 -14.01   1.29   1.66  12.53  13.82  14.19  20.34 0.78  -0.16832    -12.35022
  0.41667  0.00000  0.00000 34   -4.84  -1.83  -6.41 -14.81   1.34   1.74  13.06  14.39  14.80  21.21 0.77  -0.18466    -13.07467
  0.41667  0.00000  0.00000 35   -4.80  -1.74  -6.59 -14.90   1.35   1.77  13.64  14.99  15.41  22.00 0.76  -0.21263    -13.12894
  0.41667  0.00000  0.00000 36   -4.67  -1.49  -6.54 -14.38   1.28   1.67  13.88  15.16  15.55  22.10 0.77  -0.24936    -12.70623
  0.41667  0.00000  0.00000 37   -3.89  -1.03  -6.38 -12.88   1.23   1.58  15.38  16.61  16.96  23.34 0.78  -0.34038    -11.29427
  0.41667  0.00000  0.00000 38   -4.17  -1.11  -6.53 -13.49   1.31   1.68  16.44  17.75  18.12  24.65 0.78  -0.43266    -11.80827
  0.41667  0.00000  0.00000 39   -3.66  -1.40  -6.60 -13.34   1.30   1.67  16.96  18.26  18.63  25.23 0.78  -0.48432    -11.66586
  0.41667  0.00000  0.00000 40   -3.32  -0.94  -6.42 -12.23   1.22   1.54  17.50  18.72  19.04  25.46 0.79  -0.54888    -10.68734
  0.41667  0.00000  0.00000 41   -3.43  -1.18  -6.64 -12.85   1.26   1.61  18.22  19.48  19.82  26.46 0.79  -0.61745    -11.24031
  0.41667  0.00000  0.00000 42   -3.42  -1.11  -6.60 -12.68   1.22   1.55  19.11  20.33  20.66  27.26 0.79  -0.72806    -11.13030
  0.41667  0.00000  0.00000 43   -3.00  -1.24  -6.77 -12.52   1.19   1.51  20.17  21.35  21.68  28.44 0.79  -0.81860    -11.01023
  0.41667  0.00000  0.00000 44   -3.34  -1.21  -6.82 -12.97   1.25   1.60  21.14  22.39  22.74  29.56 0.78  -0.91725    -11.37179
  0.41667  0.00000  0.00000 45   -3.32  -1.37  -6.71 -13.11   1.35   1.72  21.41  22.76  23.12  29.83 0.79  -0.91477    -11.39488
  0.41667  0.00000  0.00000 46   -3.64  -1.72  -7.16 -14.29   1.37   1.77  21.58  22.95  23.35  30.51 0.77  -0.98995    -12.52240
  0.41667  0.00000  0.00000 47   -3.88  -1.17  -6.70 -13.59   1.45   1.85  21.91  23.37  23.76  30.45 0.79  -0.99993    -11.74645
  0.41667  0.00000  0.00000 48   -3.85  -2.02  -7.23 -14.97   1.45   1.87  22.18  23.63  24.05  31.28 0.77  -0.99662    -13.10026
  0.41667  0.00000  0.00000 49   -3.40  -1.78  -7.06 -13.97   1.35   1.74  22.84  24.19  24.58  31.63 0.78  -1.08126    -12.23510
  0.41667  0.00000  0.00000 50   -3.02  -1.24  -6.75 -12.65   1.29   1.64  23.37  24.66  25.01  31.76 0.79  -1.10398    -11.01106
 
  0.45833  0.00000  0.00000  1  -21.28  -1.68   6.82 -14.98  -0.87  -1.16 -15.17 -16.04 -16.33 -23.15 0.75   1.00403    -16.14624
  0.45833  0.00000  0.00000  2  -21.28  -1.72   6.56 -15.31  -0.84  -1.13 -14.15 -14.99 -15.28 -21.84 0.74   0.79392    -16.43924
  0.45833  0.00000  0.00000  3  -21.29  -1.71   6.55 -15.31  -0.84  -1.14 -14.07 -14.91 -15.21 -21.76 0.74   0.77480    -16.44558
  0.45833  0.00000  0.00000  4  -21.90  -1.76   6.28 -16.23  -0.85  -1.15 -12.45 -13.30 -13.60 -19.88 0.73   0.51892    -17.38422
  0.45833  0.00000  0.00000  5  -17.92  -2.00   4.12 -14.94  -0.65  -0.87  -9.23  -9.88 -10.10 -14.22 0.75   0.08587    -15.80515
  0.45833  0.00000  0.00000  6  -18.22  -1.61   4.16 -14.76  -0.69  -0.91  -9.00  -9.68  -9.91 -14.07 0.75   0.07225    -15.67012
  0.45833  0.00000  0.00000  7  -18.27  -1.62   4.07 -14.92  -0.68  -0.90  -8.61  -9.29  -9.51 -13.58 0.75   0.05288    -15.82910
  0.45833  0.00000  0.00000  8  -17.21  -1.20   3.53 -14.04  -0.64  -0.84  -7.68  -8.32  -8.52 -12.05 0.77   0.01476    -14.87420
  0.45833  0.00000  0.00000  9  -17.57  -1.29   3.55 -14.46  -0.65  -0.85  -7.41  -8.06  -8.25 -11.80 0.77   0.01077    -15.30817
  0.45833  0.00000  0.00000 10  -16.80  -1.23   3.14 -14.12  -0.60  -0.77  -6.72  -7.32  -7.49 -10.63 0.78   0.00181    -14.88236
  0.45833  0.00000  0.00000 11  -16.72  -1.33   3.00 -14.32  -0.57  -0.72  -6.26  -6.83  -6.98  -9.98 0.79   0.00048    -15.04315
  0.45833  0.00000  0.00000 12  -17.07  -1.33   2.81 -14.92  -0.53  -0.67  -5.21  -5.74  -5.88  -8.69 0.80   0.00000    -15.58556
  0.45833  0.00000  0.00000 13  -17.02  -1.26   2.65 -15.02  -0.49  -0.61  -4.62  -5.11  -5.24  -7.89 0.80   0.00000    -15.62833
  0.45833  0.00000  0.00000 14  -17.04  -1.30   2.61 -15.13  -0.48  -0.60  -4.49  -4.97  -5.09  -7.70 0.80   0.00000    -15.72923
  0.45833  0.00000  0.00000 15  -17.02  -1.33   2.45 -15.36  -0.43  -0.54  -3.93  -4.36  -4.46  -6.92 0.81   0.00000    -15.89639
  0.45833  0.00000  0.00000 16  -16.80  -1.21   2.32 -15.20  -0.40  -0.49  -3.58  -3.98  -4.08  -6.40 0.81   0.00000    -15.69044
  0.45833  0.00000  0.00000 17   -5.88  -1.02  -4.00 -12.02   0.94   1.12   3.28   4.22   4.40   8.40 0.84  -0.00000    -10.89679
  0.45833  0.00000  0.00000 18   -6.46  -0.65  -4.15 -12.47   1.00   1.21   4.26   5.26   5.48   9.63 0.83  -0.00000    -11.26007
  0.45833  0.00000  0.00000 19   -6.49  -1.07  -4.19 -12.95   1.00   1.21   4.38   5.38   5.59   9.77 0.83  -0.00000    -11.74340
  0.45833  0.00000  0.00000 20   -5.95  -1.06  -4.70 -13.08   1.12   1.37   6.42   7.53   7.79  12.49 0.81  -0.00015    -11.70341
  0.45833  0.00000  0.00000 21   -5.86  -1.43  -4.63 -13.31   1.15   1.40   6.57   7.72   7.97  12.60 0.82  -0.00032    -11.90993
  0.45833  0.00000  0.00000 22   -6.13  -1.31  -4.62 -13.52   1.19   1.46   7.29   8.48   8.75  13.37 0.82  -0.00110    -12.06257
  0.45833  0.00000  0.00000 23   -6.02  -1.46  -4.92 -13.98   1.27   1.58   7.76   9.03   9.34  14.26 0.81  -0.00330    -12.40506
  0.45833  0.00000  0.00000 24   -5.82  -1.66  -4.96 -13.84   1.12   1.39   8.08   9.21   9.47  14.44 0.81  -0.00615    -12.44501
  0.45833  0.00000  0.00000 25   -5.72  -1.93  -5.24 -14.47   1.27   1.59   8.46   9.74  10.06  15.29 0.80  -0.01174    -12.87911
  0.45833  0.00000  0.00000 26   -5.86  -1.59  -5.17 -14.18   1.25   1.56   8.75  10.00  10.31  15.48 0.80  -0.01273    -12.61948
  0.45833  0.00000  0.00000 27   -5.55  -1.77  -5.19 -14.13   1.31   1.63   9.09  10.40  10.72  15.91 0.80  -0.01823    -12.50307
  0.45833  0.00000  0.00000 28   -5.74  -1.79  -5.35 -14.51   1.29   1.62   9.59  10.87  11.21  16.56 0.80  -0.02872    -12.88753
  0.45833  0.00000  0.00000 29   -5.76  -1.61  -5.40 -14.34   1.24   1.56   9.63  10.87  11.19  16.59 0.79  -0.03658    -12.77961
  0.45833  0.00000  0.00000 30   -5.37  -1.43  -5.35 -13.74   1.26   1.59  10.12  11.39  11.71  17.06 0.80  -0.04034    -12.15406
  0.45833  0.00000  0.00000 31   -5.37  -1.49  -5.54 -14.09   1.34   1.69  11.37  12.71  13.07  18.61 0.79  -0.06870    -12.40186
  0.45833  0.00000  0.00000 32   -4.89  -1.29  -5.85 -13.72   1.33   1.70  12.40  13.73  14.10  19.95 0.78  -0.13610    -12.02326
  0.45833  0.00000  0.00000 33   -5.07  -1.15  -6.15 -14.04   1.30   1.67  12.67  13.97  14.35  20.50 0.78  -0.17175    -12.36291
  0.45833  0.00000  0.00000 34   -4.74  -1.76  -6.36 -14.57   1.31   1.71  12.99  14.30  14.69  21.05 0.77  -0.18130    -12.85901
  0.45833  0.00000  0.00000 35   -4.52  -1.88  -6.60 -14.74   1.33   1.74  13.61  14.93  15.35  21.95 0.76  -0.21264    -13.00194
  0.45833  0.00000  0.00000 36   -4.83  -1.43  -6.67 -14.64   1.31   1.71  14.12  15.42  15.83  22.49 0.76  -0.26489    -12.92679
  0.45833  0.00000  0.00000 37   -3.76  -1.13  -6.52 -13.00   1.23   1.59  15.66  16.90  17.25  23.77 0.78  -0.36279    -11.40624
  0.45833  0.00000  0.00000 38   -3.98  -1.00  -6.61 -13.27   1.30   1.67  16.78  18.08  18.45  25.06 0.78  -0.46697    -11.59733
  0.45833  0.00000  0.00000 39   -3.78  -1.43  -6.70 -13.60   1.32   1.70  16.96  18.28  18.66  25.36 0.78  -0.48261    -11.90162
  0.45833  0.00000  0.00000 40   -3.37  -1.01  -6.58 -12.59   1.27   1.62  17.77  19.04  19.39  25.97 0.78  -0.56729    -10.96670
  0.45833  0.00000  0.00000 41   -3.37  -1.22  -6.60 -12.74   1.22   1.55  18.19  19.41  19.74  26.34 0.79  -0.62181    -11.18577
  0.45833  0.00000  0.00000 42   -3.25  -1.18  -6.65 -12.59   1.19   1.51  19.55  20.74  21.06  27.71 0.79  -0.77686    -11.08394
  0.45833  0.00000  0.00000 43   -3.03  -1.18  -6.83 -12.58   1.20   1.53  20.34  21.54  21.87  28.71 0.78  -0.84806    -11.04296
  0.45833  0.00000  0.00000 44   -3.68  -1.53  -6.96 -13.84   1.31   1.68  21.19  22.49  22.87  29.82 0.78  -0.91509    -12.16069
  0.45833  0.00000  0.00000 45   -3.72  -1.73  -6.82 -14.08   1.41   1.80  21.51  22.92  23.31  30.13 0.78  -0.89707    -12.27690
  0.45833  0.00000  0.00000 46   -3.83  -1.44  -6.85 -13.95   1.43   1.83  21.69  23.12  23.52  30.37 0.78  -0.97922    -12.11907
  0.45833  0.00000  0.00000 47   -3.87  -1.62  -6.97 -14.30   1.43   1.83  22.05  23.48  23.89  30.86 0.78  -0.99928    -12.46157
  0.45833  0.00000  0.00000 48   -3.89  -1.88  -7.03 -14.69   1.47   1.89  22.23  23.70  24.11  31.14 0.78  -0.97659    -12.79878
  0.45833  0.00000  0.00000 49   -3.46  -1.41  -6.80 -13.41   1.37   1.75  22.39  23.76  24.13  30.93 0.78  -1.02697    -11.66122
  0.45833  0.00000  0.00000 50   -3.17  -0.89  -6.50 -12.22   1.31   1.65  23.57  24.88  25.23  31.73 0.79  -1.11350    -10.56449
 
  0.50000  0.00000  0.00000  1  -21.28  -1.70   6.71 -15.12  -0.86  -1.15 -14.73 -15.58 -15.87 -22.58 0.75   0.90850    -16.26910
  0.50000  0.00000  0.00000  2  -21.36  -1.73   6.49 -15.48  -0.83  -1.13 -13.78 -14.62 -14.91 -21.40 0.74   0.72812    -16.60401
  0.50000  0.00000  0.00000  3  -21.37  -1.73   6.48 -15.49  -0.84  -1.13 -13.70 -14.54 -14.83 -21.31 0.74   0.71022    -16.62434
  0.50000  0.00000  0.00000  4  -21.91  -1.76   6.27 -16.25  -0.85  -1.15 -12.42 -13.26 -13.57 -19.84 0.73   0.51219    -17.40315
  0.50000  0.00000  0.00000  5  -18.17  -1.62   4.26 -14.61  -0.69  -0.92  -9.39 -10.08 -10.31 -14.57 0.75   0.09694    -15.52465
  0.50000  0.00000  0.00000  6  -17.92  -2.00   4.12 -14.94  -0.65  -0.87  -9.23  -9.89 -10.10 -14.22 0.75   0.08514    -15.80670
  0.50000  0.00000  0.00000  7  -18.22  -1.64   4.16 -14.79  -0.68  -0.91  -8.98  -9.66  -9.88 -14.05 0.75   0.07243    -15.69465
  0.50000  0.00000  0.00000  8  -17.85  -1.42   3.77 -14.61  -0.67  -0.88  -7.96  -8.64  -8.85 -12.62 0.76   0.02663    -15.48916
  0.50000  0.00000  0.00000  9  -17.06  -1.16   3.42 -13.99  -0.63  -0.81  -7.38  -8.01  -8.20 -11.61 0.77   0.00905    -14.80236
  0.50000  0.00000  0.00000 10  -16.80  -1.20   3.28 -13.93  -0.62  -0.80  -7.19  -7.81  -7.99 -11.27 0.78   0.00576    -14.72638
  0.50000  0.00000  0.00000 11  -16.67  -1.29   3.09 -14.13  -0.58  -0.74  -6.62  -7.20  -7.36 -10.45 0.78   0.00154    -14.87255
  0.50000  0.00000  0.00000 12  -17.06  -1.32   2.92 -14.76  -0.55  -0.70  -5.63  -6.18  -6.33  -9.25 0.79   0.00001    -15.45816
  0.50000  0.00000  0.00000 13  -17.02  -1.27   2.76 -14.89  -0.52  -0.65  -5.04  -5.56  -5.69  -8.45 0.80   0.00000    -15.53426
  0.50000  0.00000  0.00000 14  -17.02  -1.30   2.59 -15.13  -0.48  -0.60  -4.45  -4.93  -5.05  -7.64 0.80   0.00000    -15.72758
  0.50000  0.00000  0.00000 15  -16.74  -1.22   2.39 -15.04  -0.42  -0.52  -3.93  -4.35  -4.45  -6.85 0.81   0.00000    -15.56155
  0.50000  0.00000  0.00000 16  -17.10  -1.33   2.43 -15.48  -0.42  -0.53  -3.76  -4.19  -4.29  -6.72 0.81   0.00000    -16.00373
  0.50000  0.00000  0.00000 17   -5.89  -0.97  -3.97 -11.94   0.93   1.11   3.15   4.08   4.26   8.23 0.84  -0.00000    -10.83492
  0.50000  0.00000  0.00000 18   -6.49  -0.64  -4.09 -12.41   0.98   1.19   4.05   5.03   5.24   9.33 0.83  -0.00000    -11.21945
  0.50000  0.00000  0.00000 19   -6.39  -1.10  -4.21 -12.89   1.00   1.20   4.41   5.40   5.61   9.82 0.83  -0.00000    -11.68762
  0.50000  0.00000  0.00000 20   -5.91  -1.42  -4.54 -13.22   1.12   1.36   6.12   7.24   7.48  12.02 0.82  -0.00006    -11.85994
  0.50000  0.00000  0.00000 21   -5.88  -1.04  -4.71 -13.00   1.11   1.37   6.43   7.54   7.80  12.51 0.81  -0.00019    -11.62988
  0.50000  0.00000  0.00000 22   -6.16  -1.28  -4.70 -13.62   1.20   1.47   7.50   8.70   8.97  13.67 0.82  -0.00190    -12.14408
  0.50000  0.00000  0.00000 23   -5.84  -1.51  -4.96 -13.84   1.24   1.53   7.88   9.11   9.41  14.37 0.81  -0.00371    -12.31072
  0.50000  0.00000  0.00000 24   -5.94  -1.30  -4.95 -13.65   1.17   1.46   8.25   9.42   9.70  14.66 0.81  -0.00825    -12.19411
  0.50000  0.00000  0.00000 25   -5.73  -1.89  -5.33 -14.58   1.30   1.63   8.85  10.15  10.48  15.81 0.79  -0.01701    -12.94463
  0.50000  0.00000  0.00000 26   -6.18  -1.81  -5.36 -15.00   1.31   1.65   9.04  10.35  10.69  16.05 0.79  -0.01821    -13.34541
  0.50000  0.00000  0.00000 27   -5.55  -1.64  -5.19 -13.98   1.29   1.61   9.24  10.52  10.84  16.04 0.80  -0.02046    -12.37604
  0.50000  0.00000  0.00000 28   -5.60  -1.65  -5.47 -14.28   1.23   1.55   9.95  11.18  11.51  16.97 0.79  -0.04366    -12.72432
  0.50000  0.00000  0.00000 29   -5.64  -1.72  -5.42 -14.42   1.29   1.63   9.97  11.26  11.59  17.02 0.79  -0.03712    -12.78891
  0.50000  0.00000  0.00000 30   -5.33  -1.46  -5.49 -13.89   1.27   1.61  10.47  11.74  12.08  17.57 0.79  -0.05236    -12.28251
  0.50000  0.00000  0.00000 31   -5.38  -1.55  -5.74 -14.40   1.35   1.72  11.55  12.91  13.28  19.02 0.78  -0.08376    -12.67748
  0.50000  0.00000  0.00000 32   -4.84  -1.52  -5.86 -13.93   1.34   1.71  12.51  13.85  14.21  20.07 0.79  -0.14476    -12.22283
  0.50000  0.00000  0.00000 33   -5.08  -1.21  -6.16 -14.13   1.31   1.69  12.75  14.06  14.44  20.60 0.78  -0.17114    -12.44814
  0.50000  0.00000  0.00000 34   -4.60  -1.52  -6.18 -13.95   1.28   1.65  12.90  14.18  14.55  20.72 0.77  -0.16842    -12.29910
  0.50000  0.00000  0.00000 35   -4.42  -1.88  -6.54 -14.54   1.30   1.70  13.47  14.77  15.17  21.71 0.76  -0.20618    -12.84021
  0.50000  0.00000  0.00000 36   -4.86  -1.49  -6.74 -14.82   1.32   1.74  14.24  15.56  15.98  22.72 0.76  -0.26859    -13.08150
  0.50000  0.00000  0.00000 37   -3.70  -1.30  -6.52 -13.13   1.24   1.60  15.56  16.80  17.16  23.68 0.77  -0.34490    -11.52655
  0.50000  0.00000  0.00000 38   -3.88  -0.87  -6.51 -12.90   1.28   1.64  16.76  18.04  18.39  24.90 0.78  -0.46473    -11.26280
  0.50000  0.00000  0.00000 39   -3.96  -1.41  -6.73 -13.83   1.34   1.73  16.81  18.15  18.54  25.27 0.77  -0.46770    -12.09806
  0.50000  0.00000  0.00000 40   -3.52  -1.15  -6.68 -13.05   1.32   1.69  17.52  18.84  19.21  25.89 0.78  -0.53333    -11.35818
  0.50000  0.00000  0.00000 41   -3.29  -1.19  -6.54 -12.51   1.18   1.49  18.46  19.63  19.94  26.48 0.79  -0.65257    -11.02323
  0.50000  0.00000  0.00000 42   -3.10  -1.22  -6.64 -12.42   1.16   1.46  19.82  20.97  21.28  27.92 0.79  -0.80198    -10.95869
  0.50000  0.00000  0.00000 43   -2.90  -1.01  -6.79 -12.17   1.15   1.47  20.56  21.71  22.03  28.82 0.78  -0.88016    -10.70004
  0.50000  0.00000  0.00000 44   -4.01  -1.89  -7.23 -14.95   1.40   1.81  21.36  22.76  23.17  30.40 0.77  -0.92547    -13.13815
  0.50000  0.00000  0.00000 45   -4.06  -2.10  -7.14 -15.14   1.42   1.84  21.69  23.12  23.53  30.67 0.77  -0.96179    -13.30730
  0.50000  0.00000  0.00000 46   -3.37  -1.59  -6.86 -13.49   1.30   1.67  21.86  23.16  23.53  30.39 0.78  -0.94532    -11.81993
  0.50000  0.00000  0.00000 47   -4.02  -1.43  -6.78 -14.10   1.46   1.87  22.17  23.63  24.04  30.82 0.78  -0.99104    -12.22892
  0.50000  0.00000  0.00000 48   -3.81  -1.73  -6.98 -14.37   1.44   1.85  22.53  23.97  24.38  31.36 0.78  -1.01009    -12.51921
  0.50000  0.00000  0.00000 49   -3.65  -1.28  -7.05 -13.80   1.41   1.82  22.92  24.34  24.74  31.79 0.78  -1.12817    -11.98021
  0.50000  0.00000  0.00000 50   -3.20  -0.82  -6.53 -12.22   1.33   1.67  23.88  25.21  25.56  32.08 0.79  -1.16178    -10.54459
 
