  0.00000  0.00000  0.00000  1    -17.862      1.4998891433
  0.00000  0.00000  0.00000  2    -16.628      1.2868050154
  0.00000  0.00000  0.00000  3    -16.565      1.2792113371
  0.00000  0.00000  0.00000  4    -14.121      0.8508010173
  0.00000  0.00000  0.00000  5    -10.800      0.2153722479
  0.00000  0.00000  0.00000  6     -6.356      0.0000146721
  0.00000  0.00000  0.00000  7     -6.318      0.0000303037
  0.00000  0.00000  0.00000  8     -2.962      0.0000000000
  0.00000  0.00000  0.00000  9     -2.962      0.0000000000
  0.00000  0.00000  0.00000 10     -2.456      0.0000000000
  0.00000  0.00000  0.00000 11     -2.456      0.0000000000
  0.00000  0.00000  0.00000 12     -2.280      0.0000000000
  0.00000  0.00000  0.00000 13     -2.280      0.0000000000
  0.00000  0.00000  0.00000 14     -1.666      0.0000000000
  0.00000  0.00000  0.00000 15     -1.631      0.0000000000
  0.00000  0.00000  0.00000 16     -1.631      0.0000000000
  0.00000  0.00000  0.00000 17      4.726     -0.0000000000
  0.00000  0.00000  0.00000 18      5.339     -0.0000079054
  0.00000  0.00000  0.00000 19      5.916     -0.0001063649
  0.00000  0.00000  0.00000 20      5.998     -0.0000962930
  0.00000  0.00000  0.00000 21      6.733     -0.0007292506
  0.00000  0.00000  0.00000 22      6.733     -0.0007292612
  0.00000  0.00000  0.00000 23      6.769     -0.0008243233
  0.00000  0.00000  0.00000 24      6.769     -0.0008243075
  0.00000  0.00000  0.00000 25      7.214     -0.0013663352
  0.00000  0.00000  0.00000 26      7.899     -0.0052499534
  0.00000  0.00000  0.00000 27      7.899     -0.0052498474
  0.00000  0.00000  0.00000 28      8.187     -0.0054918981
  0.00000  0.00000  0.00000 29      8.187     -0.0054919825
  0.00000  0.00000  0.00000 30      8.660     -0.0190144550
  0.00000  0.00000  0.00000 31      9.275     -0.0348967680
  0.00000  0.00000  0.00000 32     10.559     -0.0877996962
  0.00000  0.00000  0.00000 33     12.129     -0.0972089987
  0.00000  0.00000  0.00000 34     12.130     -0.0972097230
  0.00000  0.00000  0.00000 35     12.969     -0.1467407092
  0.00000  0.00000  0.00000 36     12.969     -0.1467408238
  0.00000  0.00000  0.00000 37     13.726     -0.2177883427
  0.00000  0.00000  0.00000 38     14.091     -0.2798874869
  0.00000  0.00000  0.00000 39     15.834     -0.3148273392
  0.00000  0.00000  0.00000 40     15.834     -0.3148297280
  0.00000  0.00000  0.00000 41     15.856     -0.2911933914
  0.00000  0.00000  0.00000 42     16.731     -0.4796887112
  0.00000  0.00000  0.00000 43     16.871     -0.5083571326
  0.00000  0.00000  0.00000 44     16.871     -0.5083578501
  0.00000  0.00000  0.00000 45     16.899     -0.5062398309
  0.00000  0.00000  0.00000 46     17.161     -0.6067335779
  0.00000  0.00000  0.00000 47     17.161     -0.6067333300
  0.00000  0.00000  0.00000 48     18.679     -0.6679723949
  0.00000  0.00000  0.00000 49     18.679     -0.6679726571
  0.00000  0.00000  0.00000 50     19.702     -0.7471306354
  0.04167  0.00000  0.00000  1    -17.838      1.4958541576
  0.04167  0.00000  0.00000  2    -16.605      1.2823055676
  0.04167  0.00000  0.00000  3    -16.542      1.2750224367
  0.04167  0.00000  0.00000  4    -14.101      0.8453399422
  0.04167  0.00000  0.00000  5    -10.778      0.2133527935
  0.04167  0.00000  0.00000  6     -6.347      0.0000226434
  0.04167  0.00000  0.00000  7     -6.310      0.0000316408
  0.04167  0.00000  0.00000  8     -3.107      0.0000000000
  0.04167  0.00000  0.00000  9     -3.015      0.0000000000
  0.04167  0.00000  0.00000 10     -2.567      0.0000000000
  0.04167  0.00000  0.00000 11     -2.486      0.0000000000
  0.04167  0.00000  0.00000 12     -2.392      0.0000000000
  0.04167  0.00000  0.00000 13     -2.320      0.0000000000
  0.04167  0.00000  0.00000 14     -1.729      0.0000000000
  0.04167  0.00000  0.00000 15     -1.679      0.0000000000
  0.04167  0.00000  0.00000 16     -1.643      0.0000000000
  0.04167  0.00000  0.00000 17      4.823     -0.0000000000
  0.04167  0.00000  0.00000 18      5.427     -0.0000115267
  0.04167  0.00000  0.00000 19      5.964     -0.0001184154
  0.04167  0.00000  0.00000 20      6.037     -0.0001044097
  0.04167  0.00000  0.00000 21      6.634     -0.0006390205
  0.04167  0.00000  0.00000 22      6.674     -0.0006703911
  0.04167  0.00000  0.00000 23      6.807     -0.0008078552
  0.04167  0.00000  0.00000 24      6.861     -0.0009684973
  0.04167  0.00000  0.00000 25      7.219     -0.0013940164
  0.04167  0.00000  0.00000 26      7.824     -0.0046083270
  0.04167  0.00000  0.00000 27      7.902     -0.0054469648
  0.04167  0.00000  0.00000 28      8.112     -0.0064087869
  0.04167  0.00000  0.00000 29      8.266     -0.0060802061
  0.04167  0.00000  0.00000 30      8.847     -0.0199973246
  0.04167  0.00000  0.00000 31      9.240     -0.0328843100
  0.04167  0.00000  0.00000 32     10.606     -0.0877227480
  0.04167  0.00000  0.00000 33     11.806     -0.0903221897
  0.04167  0.00000  0.00000 34     11.939     -0.0932321444
  0.04167  0.00000  0.00000 35     13.068     -0.1525043849
  0.04167  0.00000  0.00000 36     13.110     -0.1523943087
  0.04167  0.00000  0.00000 37     13.939     -0.2319169547
  0.04167  0.00000  0.00000 38     14.387     -0.2989073905
  0.04167  0.00000  0.00000 39     15.537     -0.3130659416
  0.04167  0.00000  0.00000 40     15.668     -0.3069189434
  0.04167  0.00000  0.00000 41     15.862     -0.3061480928
  0.04167  0.00000  0.00000 42     16.616     -0.4892171255
  0.04167  0.00000  0.00000 43     16.635     -0.5119150177
  0.04167  0.00000  0.00000 44     17.051     -0.5536256833
  0.04167  0.00000  0.00000 45     17.065     -0.5295510611
  0.04167  0.00000  0.00000 46     17.350     -0.5574366451
  0.04167  0.00000  0.00000 47     17.433     -0.5808278097
  0.04167  0.00000  0.00000 48     18.819     -0.6839773531
  0.04167  0.00000  0.00000 49     18.853     -0.6890889849
  0.04167  0.00000  0.00000 50     19.839     -0.7616310534
  0.08333  0.00000  0.00000  1    -17.767      1.4835935968
  0.08333  0.00000  0.00000  2    -16.535      1.2705874211
  0.08333  0.00000  0.00000  3    -16.473      1.2624461610
  0.08333  0.00000  0.00000  4    -14.044      0.8289986874
  0.08333  0.00000  0.00000  5    -10.712      0.2077410101
  0.08333  0.00000  0.00000  6     -6.324      0.0000486629
  0.08333  0.00000  0.00000  7     -6.288      0.0000535956
  0.08333  0.00000  0.00000  8     -3.493      0.0000000000
  0.08333  0.00000  0.00000  9     -3.203      0.0000000000
  0.08333  0.00000  0.00000 10     -2.851      0.0000000000
  0.08333  0.00000  0.00000 11     -2.677      0.0000000000
  0.08333  0.00000  0.00000 12     -2.603      0.0000000000
  0.08333  0.00000  0.00000 13     -2.466      0.0000000000
  0.08333  0.00000  0.00000 14     -1.958      0.0000000000
  0.08333  0.00000  0.00000 15     -1.730      0.0000000000
  0.08333  0.00000  0.00000 16     -1.696      0.0000000000
  0.08333  0.00000  0.00000 17      5.059     -0.0000000085
  0.08333  0.00000  0.00000 18      5.619     -0.0000354288
  0.08333  0.00000  0.00000 19      5.986     -0.0000748885
  0.08333  0.00000  0.00000 20      6.068     -0.0001523894
  0.08333  0.00000  0.00000 21      6.537     -0.0005541177
  0.08333  0.00000  0.00000 22      6.594     -0.0006079171
  0.08333  0.00000  0.00000 23      6.974     -0.0010696922
  0.08333  0.00000  0.00000 24      7.057     -0.0015251179
  0.08333  0.00000  0.00000 25      7.175     -0.0013861642
  0.08333  0.00000  0.00000 26      7.758     -0.0049048360
  0.08333  0.00000  0.00000 27      7.798     -0.0039385207
  0.08333  0.00000  0.00000 28      8.244     -0.0085049207
  0.08333  0.00000  0.00000 29      8.445     -0.0076891111
  0.08333  0.00000  0.00000 30      9.033     -0.0217996344
  0.08333  0.00000  0.00000 31      9.231     -0.0295430435
  0.08333  0.00000  0.00000 32     10.569     -0.0733658876
  0.08333  0.00000  0.00000 33     11.426     -0.0914457248
  0.08333  0.00000  0.00000 34     11.643     -0.0883373365
  0.08333  0.00000  0.00000 35     13.223     -0.1584680031
  0.08333  0.00000  0.00000 36     13.261     -0.1642060247
  0.08333  0.00000  0.00000 37     14.280     -0.2574989778
  0.08333  0.00000  0.00000 38     15.025     -0.3303474427
  0.08333  0.00000  0.00000 39     15.247     -0.3034249353
  0.08333  0.00000  0.00000 40     15.258     -0.3128337597
  0.08333  0.00000  0.00000 41     15.848     -0.3476952733
  0.08333  0.00000  0.00000 42     16.269     -0.4933392671
  0.08333  0.00000  0.00000 43     16.716     -0.4651655354
  0.08333  0.00000  0.00000 44     17.204     -0.5788469445
  0.08333  0.00000  0.00000 45     17.404     -0.5895177255
  0.08333  0.00000  0.00000 46     17.826     -0.5981032120
  0.08333  0.00000  0.00000 47     17.890     -0.5514591531
  0.08333  0.00000  0.00000 48     19.148     -0.7197396457
  0.08333  0.00000  0.00000 49     19.277     -0.7452053449
  0.08333  0.00000  0.00000 50     20.208     -0.8000224690
  0.12500  0.00000  0.00000  1    -17.648      1.4632532881
  0.12500  0.00000  0.00000  2    -16.420      1.2518945647
  0.12500  0.00000  0.00000  3    -16.360      1.2413167510
  0.12500  0.00000  0.00000  4    -13.949      0.8030837457
  0.12500  0.00000  0.00000  5    -10.604      0.1987546697
  0.12500  0.00000  0.00000  6     -6.297      0.0000962862
  0.12500  0.00000  0.00000  7     -6.263      0.0000972805
  0.12500  0.00000  0.00000  8     -4.035      0.0000000000
  0.12500  0.00000  0.00000  9     -3.571      0.0000000000
  0.12500  0.00000  0.00000 10     -3.247      0.0000000000
  0.12500  0.00000  0.00000 11     -3.000      0.0000000000
  0.12500  0.00000  0.00000 12     -2.896      0.0000000000
  0.12500  0.00000  0.00000 13     -2.714      0.0000000000
  0.12500  0.00000  0.00000 14     -2.215      0.0000000000
  0.12500  0.00000  0.00000 15     -1.812      0.0000000000
  0.12500  0.00000  0.00000 16     -1.806      0.0000000000
  0.12500  0.00000  0.00000 17      5.298     -0.0000009344
  0.12500  0.00000  0.00000 18      5.559     -0.0000126699
  0.12500  0.00000  0.00000 19      5.907     -0.0000856581
  0.12500  0.00000  0.00000 20      6.133     -0.0001684325
  0.12500  0.00000  0.00000 21      6.552     -0.0005603202
  0.12500  0.00000  0.00000 22      6.612     -0.0007148016
  0.12500  0.00000  0.00000 23      6.950     -0.0010344911
  0.12500  0.00000  0.00000 24      7.261     -0.0018213269
  0.12500  0.00000  0.00000 25      7.513     -0.0032473065
  0.12500  0.00000  0.00000 26      7.661     -0.0041654665
  0.12500  0.00000  0.00000 27      7.930     -0.0043980036
  0.12500  0.00000  0.00000 28      8.598     -0.0130552376
  0.12500  0.00000  0.00000 29      8.717     -0.0112386763
  0.12500  0.00000  0.00000 30      8.776     -0.0162780423
  0.12500  0.00000  0.00000 31      9.482     -0.0322460332
  0.12500  0.00000  0.00000 32     10.211     -0.0463458292
  0.12500  0.00000  0.00000 33     11.412     -0.1022880740
  0.12500  0.00000  0.00000 34     11.462     -0.0875231160
  0.12500  0.00000  0.00000 35     13.217     -0.1591153318
  0.12500  0.00000  0.00000 36     13.448     -0.1776893690
  0.12500  0.00000  0.00000 37     14.251     -0.2534659828
  0.12500  0.00000  0.00000 38     14.683     -0.2604136399
  0.12500  0.00000  0.00000 39     15.546     -0.3653999856
  0.12500  0.00000  0.00000 40     15.565     -0.3744502412
  0.12500  0.00000  0.00000 41     15.987     -0.4581494308
  0.12500  0.00000  0.00000 42     16.169     -0.4158888886
  0.12500  0.00000  0.00000 43     17.090     -0.4970501343
  0.12500  0.00000  0.00000 44     17.525     -0.5994850349
  0.12500  0.00000  0.00000 45     17.685     -0.6077568529
  0.12500  0.00000  0.00000 46     18.230     -0.6338191053
  0.12500  0.00000  0.00000 47     18.590     -0.6184736763
  0.12500  0.00000  0.00000 48     19.565     -0.7638538520
  0.12500  0.00000  0.00000 49     19.782     -0.8171243892
  0.12500  0.00000  0.00000 50     20.705     -0.8459534007
  0.16667  0.00000  0.00000  1    -17.482      1.4349309382
  0.16667  0.00000  0.00000  2    -16.261      1.2248604624
  0.16667  0.00000  0.00000  3    -16.202      1.2109771680
  0.16667  0.00000  0.00000  4    -13.818      0.7696118787
  0.16667  0.00000  0.00000  5    -10.455      0.1866070727
  0.16667  0.00000  0.00000  6     -6.291      0.0001804523
  0.16667  0.00000  0.00000  7     -6.258      0.0001678893
  0.16667  0.00000  0.00000  8     -4.660      0.0000000000
  0.16667  0.00000  0.00000  9     -4.046      0.0000000000
  0.16667  0.00000  0.00000 10     -3.721      0.0000000000
  0.16667  0.00000  0.00000 11     -3.401      0.0000000000
  0.16667  0.00000  0.00000 12     -3.300      0.0000000000
  0.16667  0.00000  0.00000 13     -3.006      0.0000000000
  0.16667  0.00000  0.00000 14     -2.469      0.0000000000
  0.16667  0.00000  0.00000 15     -1.996      0.0000000000
  0.16667  0.00000  0.00000 16     -1.904      0.0000000000
  0.16667  0.00000  0.00000 17      5.228     -0.0000004742
  0.16667  0.00000  0.00000 18      5.422     -0.0000026572
  0.16667  0.00000  0.00000 19      5.862     -0.0000730750
  0.16667  0.00000  0.00000 20      6.074     -0.0001353525
  0.16667  0.00000  0.00000 21      6.581     -0.0005018875
  0.16667  0.00000  0.00000 22      6.686     -0.0008904444
  0.16667  0.00000  0.00000 23      6.892     -0.0007767316
  0.16667  0.00000  0.00000 24      7.524     -0.0029243399
  0.16667  0.00000  0.00000 25      7.852     -0.0044439005
  0.16667  0.00000  0.00000 26      8.030     -0.0057078464
  0.16667  0.00000  0.00000 27      8.128     -0.0071737418
  0.16667  0.00000  0.00000 28      8.390     -0.0089478368
  0.16667  0.00000  0.00000 29      9.052     -0.0175035996
  0.16667  0.00000  0.00000 30      9.157     -0.0230899264
  0.16667  0.00000  0.00000 31      9.638     -0.0345403684
  0.16667  0.00000  0.00000 32      9.865     -0.0312505690
  0.16667  0.00000  0.00000 33     11.429     -0.0905985507
  0.16667  0.00000  0.00000 34     11.468     -0.0988926592
  0.16667  0.00000  0.00000 35     13.096     -0.1587924592
  0.16667  0.00000  0.00000 36     13.490     -0.1919827834
  0.16667  0.00000  0.00000 37     14.195     -0.2439515992
  0.16667  0.00000  0.00000 38     14.232     -0.2305865636
  0.16667  0.00000  0.00000 39     15.713     -0.3831449504
  0.16667  0.00000  0.00000 40     15.736     -0.4473163498
  0.16667  0.00000  0.00000 41     16.367     -0.4441323735
  0.16667  0.00000  0.00000 42     16.962     -0.4862121996
  0.16667  0.00000  0.00000 43     17.339     -0.5436241861
  0.16667  0.00000  0.00000 44     17.912     -0.6150813237
  0.16667  0.00000  0.00000 45     18.189     -0.6390821311
  0.16667  0.00000  0.00000 46     18.700     -0.6873270612
  0.16667  0.00000  0.00000 47     19.332     -0.7073999430
  0.16667  0.00000  0.00000 48     19.995     -0.8086990138
  0.16667  0.00000  0.00000 49     20.278     -0.8882602204
  0.16667  0.00000  0.00000 50     21.189     -0.8886715335
  0.20833  0.00000  0.00000  1    -17.269      1.3992743047
  0.20833  0.00000  0.00000  2    -16.059      1.1882785290
  0.20833  0.00000  0.00000  3    -16.001      1.1708742104
  0.20833  0.00000  0.00000  4    -13.653      0.7317443825
  0.20833  0.00000  0.00000  5    -10.269      0.1713541923
  0.20833  0.00000  0.00000  6     -6.363      0.0004128941
  0.20833  0.00000  0.00000  7     -6.309      0.0003193695
  0.20833  0.00000  0.00000  8     -5.316      0.0000000000
  0.20833  0.00000  0.00000  9     -4.494      0.0000000000
  0.20833  0.00000  0.00000 10     -4.175      0.0000000000
  0.20833  0.00000  0.00000 11     -4.005      0.0000000000
  0.20833  0.00000  0.00000 12     -3.621      0.0000000000
  0.20833  0.00000  0.00000 13     -3.365      0.0000000000
  0.20833  0.00000  0.00000 14     -2.753      0.0000000000
  0.20833  0.00000  0.00000 15     -2.246      0.0000000000
  0.20833  0.00000  0.00000 16     -2.029      0.0000000000
  0.20833  0.00000  0.00000 17      4.930     -0.0000000000
  0.20833  0.00000  0.00000 18      5.408     -0.0000014504
  0.20833  0.00000  0.00000 19      5.592     -0.0000102133
  0.20833  0.00000  0.00000 20      5.946     -0.0000636058
  0.20833  0.00000  0.00000 21      6.696     -0.0005206263
  0.20833  0.00000  0.00000 22      6.821     -0.0011330296
  0.20833  0.00000  0.00000 23      6.979     -0.0009145674
  0.20833  0.00000  0.00000 24      7.645     -0.0029491491
  0.20833  0.00000  0.00000 25      8.091     -0.0060712525
  0.20833  0.00000  0.00000 26      8.163     -0.0066633454
  0.20833  0.00000  0.00000 27      8.196     -0.0063294306
  0.20833  0.00000  0.00000 28      8.644     -0.0127473123
  0.20833  0.00000  0.00000 29      9.323     -0.0232923093
  0.20833  0.00000  0.00000 30      9.579     -0.0282933869
  0.20833  0.00000  0.00000 31      9.892     -0.0322526882
  0.20833  0.00000  0.00000 32      9.923     -0.0451660099
  0.20833  0.00000  0.00000 33     11.419     -0.0859316359
  0.20833  0.00000  0.00000 34     11.563     -0.0995157762
  0.20833  0.00000  0.00000 35     12.940     -0.1587592621
  0.20833  0.00000  0.00000 36     13.407     -0.1972853052
  0.20833  0.00000  0.00000 37     13.957     -0.2140014190
  0.20833  0.00000  0.00000 38     14.325     -0.2518967013
  0.20833  0.00000  0.00000 39     15.805     -0.4383610747
  0.20833  0.00000  0.00000 40     15.954     -0.4042869779
  0.20833  0.00000  0.00000 41     17.193     -0.5326317317
  0.20833  0.00000  0.00000 42     17.486     -0.5687263058
  0.20833  0.00000  0.00000 43     17.862     -0.5543602734
  0.20833  0.00000  0.00000 44     18.092     -0.6207226664
  0.20833  0.00000  0.00000 45     19.033     -0.7156246086
  0.20833  0.00000  0.00000 46     19.326     -0.7692864525
  0.20833  0.00000  0.00000 47     20.095     -0.8244612660
  0.20833  0.00000  0.00000 48     20.408     -0.8373224476
  0.20833  0.00000  0.00000 49     20.814     -0.9604326184
  0.20833  0.00000  0.00000 50     21.327     -0.9958613663
  0.25000  0.00000  0.00000  1    -17.014      1.3581850122
  0.25000  0.00000  0.00000  2    -15.817      1.1413130462
  0.25000  0.00000  0.00000  3    -15.759      1.1222388352
  0.25000  0.00000  0.00000  4    -13.459      0.6914288042
  0.25000  0.00000  0.00000  5    -10.051      0.1531091115
  0.25000  0.00000  0.00000  6     -6.595      0.0012221280
  0.25000  0.00000  0.00000  7     -6.475      0.0008408320
  0.25000  0.00000  0.00000  8     -5.963      0.0000253699
  0.25000  0.00000  0.00000  9     -4.807      0.0000000000
  0.25000  0.00000  0.00000 10     -4.642      0.0000000000
  0.25000  0.00000  0.00000 11     -4.520      0.0000000000
  0.25000  0.00000  0.00000 12     -3.957      0.0000000000
  0.25000  0.00000  0.00000 13     -3.790      0.0000000000
  0.25000  0.00000  0.00000 14     -3.086      0.0000000000
  0.25000  0.00000  0.00000 15     -2.555      0.0000000000
  0.25000  0.00000  0.00000 16     -2.189      0.0000000000
  0.25000  0.00000  0.00000 17      4.705     -0.0000000000
  0.25000  0.00000  0.00000 18      5.188     -0.0000000000
  0.25000  0.00000  0.00000 19      5.283     -0.0000000281
  0.25000  0.00000  0.00000 20      5.871     -0.0000189616
  0.25000  0.00000  0.00000 21      6.875     -0.0007095260
  0.25000  0.00000  0.00000 22      7.012     -0.0016230509
  0.25000  0.00000  0.00000 23      7.114     -0.0012436231
  0.25000  0.00000  0.00000 24      7.511     -0.0016265408
  0.25000  0.00000  0.00000 25      8.116     -0.0072192119
  0.25000  0.00000  0.00000 26      8.180     -0.0072857327
  0.25000  0.00000  0.00000 27      8.370     -0.0077847457
  0.25000  0.00000  0.00000 28      8.890     -0.0130028871
  0.25000  0.00000  0.00000 29      9.553     -0.0264162058
  0.25000  0.00000  0.00000 30      9.653     -0.0331097117
  0.25000  0.00000  0.00000 31     10.288     -0.0475333363
  0.25000  0.00000  0.00000 32     10.627     -0.0703498818
  0.25000  0.00000  0.00000 33     11.260     -0.0705192057
  0.25000  0.00000  0.00000 34     11.888     -0.1174741475
  0.25000  0.00000  0.00000 35     12.852     -0.1576615961
  0.25000  0.00000  0.00000 36     13.355     -0.1966131476
  0.25000  0.00000  0.00000 37     13.902     -0.2145841384
  0.25000  0.00000  0.00000 38     14.551     -0.2716849436
  0.25000  0.00000  0.00000 39     16.009     -0.4383096219
  0.25000  0.00000  0.00000 40     16.224     -0.4202979062
  0.25000  0.00000  0.00000 41     17.600     -0.5871115303
  0.25000  0.00000  0.00000 42     18.107     -0.6161432295
  0.25000  0.00000  0.00000 43     18.189     -0.6341890514
  0.25000  0.00000  0.00000 44     18.749     -0.6221760516
  0.25000  0.00000  0.00000 45     19.862     -0.7907542646
  0.25000  0.00000  0.00000 46     20.023     -0.8656097418
  0.25000  0.00000  0.00000 47     20.595     -0.9162922815
  0.25000  0.00000  0.00000 48     20.898     -0.8676938788
  0.25000  0.00000  0.00000 49     21.002     -0.9720759703
  0.25000  0.00000  0.00000 50     21.669     -1.0378931100
  0.29167  0.00000  0.00000  1    -16.716      1.3105888813
  0.29167  0.00000  0.00000  2    -15.537      1.0837912192
  0.29167  0.00000  0.00000  3    -15.479      1.0640054043
  0.29167  0.00000  0.00000  4    -13.242      0.6504539688
  0.29167  0.00000  0.00000  5     -9.811      0.1333172310
  0.29167  0.00000  0.00000  6     -6.999      0.0039375980
  0.29167  0.00000  0.00000  7     -6.795      0.0025253650
  0.29167  0.00000  0.00000  8     -6.566      0.0007310047
  0.29167  0.00000  0.00000  9     -5.279      0.0000000000
  0.29167  0.00000  0.00000 10     -5.010      0.0000000000
  0.29167  0.00000  0.00000 11     -4.712      0.0000000000
  0.29167  0.00000  0.00000 12     -4.262      0.0000000000
  0.29167  0.00000  0.00000 13     -4.230      0.0000000000
  0.29167  0.00000  0.00000 14     -3.465      0.0000000000
  0.29167  0.00000  0.00000 15     -2.915      0.0000000000
  0.29167  0.00000  0.00000 16     -2.390      0.0000000000
  0.29167  0.00000  0.00000 17      4.543     -0.0000000000
  0.29167  0.00000  0.00000 18      4.746     -0.0000000000
  0.29167  0.00000  0.00000 19      5.100     -0.0000000000
  0.29167  0.00000  0.00000 20      5.886     -0.0000072179
  0.29167  0.00000  0.00000 21      7.066     -0.0009935691
  0.29167  0.00000  0.00000 22      7.197     -0.0019620165
  0.29167  0.00000  0.00000 23      7.284     -0.0018211994
  0.29167  0.00000  0.00000 24      7.345     -0.0014247009
  0.29167  0.00000  0.00000 25      8.179     -0.0070865890
  0.29167  0.00000  0.00000 26      8.201     -0.0072543347
  0.29167  0.00000  0.00000 27      8.434     -0.0099413057
  0.29167  0.00000  0.00000 28      8.983     -0.0139330457
  0.29167  0.00000  0.00000 29      9.500     -0.0241785186
  0.29167  0.00000  0.00000 30      9.788     -0.0392254792
  0.29167  0.00000  0.00000 31     10.842     -0.0671885889
  0.29167  0.00000  0.00000 32     11.137     -0.0634068645
  0.29167  0.00000  0.00000 33     11.314     -0.1027502392
  0.29167  0.00000  0.00000 34     12.382     -0.1464064420
  0.29167  0.00000  0.00000 35     12.890     -0.1615673119
  0.29167  0.00000  0.00000 36     13.395     -0.1972706963
  0.29167  0.00000  0.00000 37     14.061     -0.2294119773
  0.29167  0.00000  0.00000 38     14.879     -0.2988982781
  0.29167  0.00000  0.00000 39     16.298     -0.4494348076
  0.29167  0.00000  0.00000 40     16.490     -0.4347646577
  0.29167  0.00000  0.00000 41     17.768     -0.6106417704
  0.29167  0.00000  0.00000 42     18.178     -0.6125609837
  0.29167  0.00000  0.00000 43     19.110     -0.7364381510
  0.29167  0.00000  0.00000 44     19.478     -0.6868584575
  0.29167  0.00000  0.00000 45     20.561     -0.8486690893
  0.29167  0.00000  0.00000 46     20.754     -0.9537759645
  0.29167  0.00000  0.00000 47     20.857     -0.9236687697
  0.29167  0.00000  0.00000 48     21.122     -0.9681284217
  0.29167  0.00000  0.00000 49     21.461     -0.9493289312
  0.29167  0.00000  0.00000 50     22.283     -1.0667247117
  0.33333  0.00000  0.00000  1    -16.379      1.2526780254
  0.33333  0.00000  0.00000  2    -15.223      1.0160883277
  0.33333  0.00000  0.00000  3    -15.163      0.9964655017
  0.33333  0.00000  0.00000  4    -13.012      0.6099262829
  0.33333  0.00000  0.00000  5     -9.568      0.1141616767
  0.33333  0.00000  0.00000  6     -7.500      0.0112700726
  0.33333  0.00000  0.00000  7     -7.226      0.0070645114
  0.33333  0.00000  0.00000  8     -7.087      0.0035699203
  0.33333  0.00000  0.00000  9     -5.895      0.0001508947
  0.33333  0.00000  0.00000 10     -5.315      0.0000000020
  0.33333  0.00000  0.00000 11     -4.764      0.0000000000
  0.33333  0.00000  0.00000 12     -4.739      0.0000000000
  0.33333  0.00000  0.00000 13     -4.319      0.0000000000
  0.33333  0.00000  0.00000 14     -3.882      0.0000000000
  0.33333  0.00000  0.00000 15     -3.314      0.0000000000
  0.33333  0.00000  0.00000 16     -2.635      0.0000000000
  0.33333  0.00000  0.00000 17      4.259     -0.0000000000
  0.33333  0.00000  0.00000 18      4.490     -0.0000000000
  0.33333  0.00000  0.00000 19      4.898     -0.0000000000
  0.33333  0.00000  0.00000 20      5.975     -0.0000097403
  0.33333  0.00000  0.00000 21      7.123     -0.0008835840
  0.33333  0.00000  0.00000 22      7.229     -0.0013377689
  0.33333  0.00000  0.00000 23      7.516     -0.0027172392
  0.33333  0.00000  0.00000 24      7.526     -0.0032809465
  0.33333  0.00000  0.00000 25      7.939     -0.0051503625
  0.33333  0.00000  0.00000 26      8.287     -0.0074665038
  0.33333  0.00000  0.00000 27      8.658     -0.0134287021
  0.33333  0.00000  0.00000 28      9.032     -0.0158899191
  0.33333  0.00000  0.00000 29      9.503     -0.0236499514
  0.33333  0.00000  0.00000 30      9.677     -0.0378167741
  0.33333  0.00000  0.00000 31     10.917     -0.0536159366
  0.33333  0.00000  0.00000 32     11.577     -0.0972254686
  0.33333  0.00000  0.00000 33     11.876     -0.1345797509
  0.33333  0.00000  0.00000 34     12.928     -0.1803458259
  0.33333  0.00000  0.00000 35     12.988     -0.1710526234
  0.33333  0.00000  0.00000 36     13.517     -0.2037077454
  0.33333  0.00000  0.00000 37     14.411     -0.2577076890
  0.33333  0.00000  0.00000 38     15.327     -0.3350968819
  0.33333  0.00000  0.00000 39     16.648     -0.4713267995
  0.33333  0.00000  0.00000 40     16.708     -0.4528514946
  0.33333  0.00000  0.00000 41     18.079     -0.6384130137
  0.33333  0.00000  0.00000 42     18.173     -0.6110564479
  0.33333  0.00000  0.00000 43     19.886     -0.7516394210
  0.33333  0.00000  0.00000 44     20.075     -0.8358737511
  0.33333  0.00000  0.00000 45     20.850     -0.8899527397
  0.33333  0.00000  0.00000 46     21.109     -0.9316207615
  0.33333  0.00000  0.00000 47     21.484     -0.9843423208
  0.33333  0.00000  0.00000 48     21.769     -0.9841740344
  0.33333  0.00000  0.00000 49     21.808     -1.0192431843
  0.33333  0.00000  0.00000 50     22.672     -1.1043680173
  0.41667  0.00000  0.00000  1    -15.602      1.0976904301
  0.41667  0.00000  0.00000  2    -14.519      0.8664613522
  0.41667  0.00000  0.00000  3    -14.450      0.8470796631
  0.41667  0.00000  0.00000  4    -12.588      0.5404345329
  0.41667  0.00000  0.00000  5     -9.246      0.0887130695
  0.41667  0.00000  0.00000  6     -8.534      0.0472311331
  0.41667  0.00000  0.00000  7     -8.174      0.0342046252
  0.41667  0.00000  0.00000  8     -7.656      0.0123455099
  0.41667  0.00000  0.00000  9     -7.006      0.0057576509
  0.41667  0.00000  0.00000 10     -6.235      0.0003052475
  0.41667  0.00000  0.00000 11     -5.788      0.0000390400
  0.41667  0.00000  0.00000 12     -4.770      0.0000000000
  0.41667  0.00000  0.00000 13     -4.579      0.0000000000
  0.41667  0.00000  0.00000 14     -4.184      0.0000000000
  0.41667  0.00000  0.00000 15     -4.091      0.0000000000
  0.41667  0.00000  0.00000 16     -3.242      0.0000000000
  0.41667  0.00000  0.00000 17      3.522     -0.0000000000
  0.41667  0.00000  0.00000 18      4.394     -0.0000000000
  0.41667  0.00000  0.00000 19      4.479     -0.0000000000
  0.41667  0.00000  0.00000 20      6.283     -0.0000657308
  0.41667  0.00000  0.00000 21      6.965     -0.0008591742
  0.41667  0.00000  0.00000 22      7.237     -0.0010671587
  0.41667  0.00000  0.00000 23      7.580     -0.0025488633
  0.41667  0.00000  0.00000 24      7.995     -0.0055455630
  0.41667  0.00000  0.00000 25      8.121     -0.0079845721
  0.41667  0.00000  0.00000 26      8.537     -0.0090352929
  0.41667  0.00000  0.00000 27      9.042     -0.0177044757
  0.41667  0.00000  0.00000 28      9.246     -0.0220888760
  0.41667  0.00000  0.00000 29      9.460     -0.0330629757
  0.41667  0.00000  0.00000 30      9.826     -0.0315378784
  0.41667  0.00000  0.00000 31     11.148     -0.0571857325
  0.41667  0.00000  0.00000 32     12.270     -0.1302324197
  0.41667  0.00000  0.00000 33     12.526     -0.1683239912
  0.41667  0.00000  0.00000 34     13.058     -0.1846618226
  0.41667  0.00000  0.00000 35     13.638     -0.2126292068
  0.41667  0.00000  0.00000 36     13.883     -0.2493575990
  0.41667  0.00000  0.00000 37     15.376     -0.3403841613
  0.41667  0.00000  0.00000 38     16.437     -0.4326613006
  0.41667  0.00000  0.00000 39     16.959     -0.4843219763
  0.41667  0.00000  0.00000 40     17.498     -0.5488780363
  0.41667  0.00000  0.00000 41     18.216     -0.6174524629
  0.41667  0.00000  0.00000 42     19.108     -0.7280555457
  0.41667  0.00000  0.00000 43     20.166     -0.8186042721
  0.41667  0.00000  0.00000 44     21.143     -0.9172462088
  0.41667  0.00000  0.00000 45     21.406     -0.9147728745
  0.41667  0.00000  0.00000 46     21.580     -0.9899505106
  0.41667  0.00000  0.00000 47     21.911     -0.9999312937
  0.41667  0.00000  0.00000 48     22.177     -0.9966235949
  0.41667  0.00000  0.00000 49     22.839     -1.0812558275
  0.41667  0.00000  0.00000 50     23.374     -1.1039786821
  0.45833  0.00000  0.00000  1    -15.171      1.0040276576
  0.45833  0.00000  0.00000  2    -14.146      0.7939153230
  0.45833  0.00000  0.00000  3    -14.072      0.7748042588
  0.45833  0.00000  0.00000  4    -12.454      0.5189240115
  0.45833  0.00000  0.00000  5     -9.231      0.0858663056
  0.45833  0.00000  0.00000  6     -8.997      0.0722510522
  0.45833  0.00000  0.00000  7     -8.605      0.0528751485
  0.45833  0.00000  0.00000  8     -7.679      0.0147573686
  0.45833  0.00000  0.00000  9     -7.406      0.0107706130
  0.45833  0.00000  0.00000 10     -6.724      0.0018094622
  0.45833  0.00000  0.00000 11     -6.263      0.0004776174
  0.45833  0.00000  0.00000 12     -5.210      0.0000000000
  0.45833  0.00000  0.00000 13     -4.623      0.0000000000
  0.45833  0.00000  0.00000 14     -4.491      0.0000000000
  0.45833  0.00000  0.00000 15     -3.928      0.0000000000
  0.45833  0.00000  0.00000 16     -3.583      0.0000000000
  0.45833  0.00000  0.00000 17      3.281     -0.0000000000
  0.45833  0.00000  0.00000 18      4.263     -0.0000000000
  0.45833  0.00000  0.00000 19      4.382     -0.0000000000
  0.45833  0.00000  0.00000 20      6.418     -0.0001460347
  0.45833  0.00000  0.00000 21      6.572     -0.0003211000
  0.45833  0.00000  0.00000 22      7.288     -0.0010967211
  0.45833  0.00000  0.00000 23      7.761     -0.0032979696
  0.45833  0.00000  0.00000 24      8.082     -0.0061541247
  0.45833  0.00000  0.00000 25      8.465     -0.0117422953
  0.45833  0.00000  0.00000 26      8.748     -0.0127308144
  0.45833  0.00000  0.00000 27      9.090     -0.0182346317
  0.45833  0.00000  0.00000 28      9.587     -0.0287165592
  0.45833  0.00000  0.00000 29      9.635     -0.0365786600
  0.45833  0.00000  0.00000 30     10.122     -0.0403430362
  0.45833  0.00000  0.00000 31     11.374     -0.0686988060
  0.45833  0.00000  0.00000 32     12.403     -0.1361034954
  0.45833  0.00000  0.00000 33     12.674     -0.1717472857
  0.45833  0.00000  0.00000 34     12.986     -0.1813041901
  0.45833  0.00000  0.00000 35     13.606     -0.2126439748
  0.45833  0.00000  0.00000 36     14.116     -0.2648875157
  0.45833  0.00000  0.00000 37     15.660     -0.3627904157
  0.45833  0.00000  0.00000 38     16.783     -0.4669688658
  0.45833  0.00000  0.00000 39     16.957     -0.4826101427
  0.45833  0.00000  0.00000 40     17.768     -0.5672854128
  0.45833  0.00000  0.00000 41     18.189     -0.6218122704
  0.45833  0.00000  0.00000 42     19.548     -0.7768626594
  0.45833  0.00000  0.00000 43     20.342     -0.8480591502
  0.45833  0.00000  0.00000 44     21.187     -0.9150918975
  0.45833  0.00000  0.00000 45     21.508     -0.8970678773
  0.45833  0.00000  0.00000 46     21.688     -0.9792245913
  0.45833  0.00000  0.00000 47     22.054     -0.9992825228
  0.45833  0.00000  0.00000 48     22.225     -0.9765851685
  0.45833  0.00000  0.00000 49     22.386     -1.0269724653
  0.45833  0.00000  0.00000 50     23.574     -1.1135014169
  0.50000  0.00000  0.00000  1    -14.725      0.9084957983
  0.50000  0.00000  0.00000  2    -13.781      0.7281184174
  0.50000  0.00000  0.00000  3    -13.701      0.7102222244
  0.50000  0.00000  0.00000  4    -12.416      0.5121891476
  0.50000  0.00000  0.00000  5     -9.391      0.0969435973
  0.50000  0.00000  0.00000  6     -9.234      0.0851417514
  0.50000  0.00000  0.00000  7     -8.976      0.0724294654
  0.50000  0.00000  0.00000  8     -7.964      0.0266345825
  0.50000  0.00000  0.00000  9     -7.384      0.0090479106
  0.50000  0.00000  0.00000 10     -7.194      0.0057588694
  0.50000  0.00000  0.00000 11     -6.624      0.0015367710
  0.50000  0.00000  0.00000 12     -5.626      0.0000086844
  0.50000  0.00000  0.00000 13     -5.043      0.0000000000
  0.50000  0.00000  0.00000 14     -4.453      0.0000000000
  0.50000  0.00000  0.00000 15     -3.931      0.0000000000
  0.50000  0.00000  0.00000 16     -3.763      0.0000000000
  0.50000  0.00000  0.00000 17      3.151     -0.0000000000
  0.50000  0.00000  0.00000 18      4.049     -0.0000000000
  0.50000  0.00000  0.00000 19      4.410     -0.0000000000
  0.50000  0.00000  0.00000 20      6.117     -0.0000596860
  0.50000  0.00000  0.00000 21      6.426     -0.0001876975
  0.50000  0.00000  0.00000 22      7.501     -0.0018995850
  0.50000  0.00000  0.00000 23      7.877     -0.0037116866
  0.50000  0.00000  0.00000 24      8.247     -0.0082482208
  0.50000  0.00000  0.00000 25      8.849     -0.0170137462
  0.50000  0.00000  0.00000 26      9.042     -0.0182138469
  0.50000  0.00000  0.00000 27      9.237     -0.0204615604
  0.50000  0.00000  0.00000 28      9.953     -0.0436602371
  0.50000  0.00000  0.00000 29      9.966     -0.0371170098
  0.50000  0.00000  0.00000 30     10.469     -0.0523593838
  0.50000  0.00000  0.00000 31     11.554     -0.0837648322
  0.50000  0.00000  0.00000 32     12.507     -0.1447598167
  0.50000  0.00000  0.00000 33     12.752     -0.1711446482
  0.50000  0.00000  0.00000 34     12.896     -0.1684174995
  0.50000  0.00000  0.00000 35     13.474     -0.2061813143
  0.50000  0.00000  0.00000 36     14.237     -0.2685923602
  0.50000  0.00000  0.00000 37     15.559     -0.3448957753
  0.50000  0.00000  0.00000 38     16.759     -0.4647348575
  0.50000  0.00000  0.00000 39     16.810     -0.4677007132
  0.50000  0.00000  0.00000 40     17.522     -0.5333308293
  0.50000  0.00000  0.00000 41     18.457     -0.6525697830
  0.50000  0.00000  0.00000 42     19.818     -0.8019818608
  0.50000  0.00000  0.00000 43     20.559     -0.8801613492
  0.50000  0.00000  0.00000 44     21.361     -0.9254701152
  0.50000  0.00000  0.00000 45     21.693     -0.9617916431
  0.50000  0.00000  0.00000 46     21.859     -0.9453234802
  0.50000  0.00000  0.00000 47     22.171     -0.9910351105
  0.50000  0.00000  0.00000 48     22.529     -1.0100902593
  0.50000  0.00000  0.00000 49     22.923     -1.1281660762
  0.50000  0.00000  0.00000 50     23.882     -1.1617822777
