 0.000000 -1.136580 1 1
 0.000000 -1.127572 1 2
 0.000000 -1.118643 1 3
 0.000000 -1.109684 1 4
 0.000000 -1.100798 1 5
 0.000000 -1.091881 1 6
 0.000000 -1.083047 1 7
 0.021651 -1.136583 1 1
 0.021651 -1.127574 1 2
 0.021651 -1.118646 1 3
 0.021651 -1.109687 1 4
 0.021651 -1.100801 1 5
 0.021651 -1.091884 1 6
 0.021651 -1.083050 1 7
 0.043301 -1.136586 1 1
 0.043301 -1.127577 1 2
 0.043301 -1.118649 1 3
 0.043301 -1.109690 1 4
 0.043301 -1.100805 1 5
 0.043301 -1.091888 1 6
 0.043301 -1.083054 1 7
 0.064952 -1.136589 1 1
 0.064952 -1.127580 1 2
 0.064952 -1.118653 1 3
 0.064952 -1.109693 1 4
 0.064952 -1.100808 1 5
 0.064952 -1.091892 1 6
 0.064952 -1.083058 1 7
 0.086603 -1.136592 1 1
 0.086603 -1.127583 1 2
 0.086603 -1.118657 1 3
 0.086603 -1.109696 1 4
 0.086603 -1.100812 1 5
 0.086603 -1.091895 1 6
 0.086603 -1.083062 1 7
 0.108253 -1.136594 1 1
 0.108253 -1.127587 1 2
 0.108253 -1.118660 1 3
 0.108253 -1.109699 1 4
 0.108253 -1.100816 1 5
 0.108253 -1.091899 1 6
 0.108253 -1.083066 1 7
 0.129904 -1.136597 1 1
 0.129904 -1.127590 1 2
 0.129904 -1.118663 1 3
 0.129904 -1.109702 1 4
 0.129904 -1.100819 1 5
 0.129904 -1.091903 1 6
 0.129904 -1.083069 1 7
 0.151554 -1.136600 1 1
 0.151554 -1.127593 1 2
 0.151554 -1.118667 1 3
 0.151554 -1.109704 1 4
 0.151554 -1.100823 1 5
 0.151554 -1.091906 1 6
 0.151554 -1.083072 1 7
 0.173205 -1.136602 1 1
 0.173205 -1.127595 1 2
 0.173205 -1.118669 1 3
 0.173205 -1.109706 1 4
 0.173205 -1.100825 1 5
 0.173205 -1.091909 1 6
 0.173205 -1.083075 1 7
 0.194856 -1.136604 1 1
 0.194856 -1.127598 1 2
 0.194856 -1.118672 1 3
 0.194856 -1.109707 1 4
 0.194856 -1.100828 1 5
 0.194856 -1.091911 1 6
 0.194856 -1.083077 1 7
 0.216506 -1.136606 1 1
 0.216506 -1.127599 1 2
 0.216506 -1.118673 1 3
 0.216506 -1.109708 1 4
 0.216506 -1.100830 1 5
 0.216506 -1.091912 1 6
 0.216506 -1.083078 1 7
 0.238157 -1.136607 1 1
 0.238157 -1.127600 1 2
 0.238157 -1.118675 1 3
 0.238157 -1.109708 1 4
 0.238157 -1.100831 1 5
 0.238157 -1.091913 1 6
 0.238157 -1.083079 1 7
 0.259808 -1.136607 1 1
 0.259808 -1.127601 1 2
 0.259808 -1.118675 1 3
 0.259808 -1.109708 1 4
 0.259808 -1.100832 1 5
 0.259808 -1.091913 1 6
 0.259808 -1.083079 1 7
 0.281458 -1.136608 1 1
 0.281458 -1.127601 1 2
 0.281458 -1.118676 1 3
 0.281458 -1.109707 1 4
 0.281458 -1.100833 1 5
 0.281458 -1.091912 1 6
 0.281458 -1.083079 1 7
 0.303109 -1.136608 1 1
 0.303109 -1.127600 1 2
 0.303109 -1.118675 1 3
 0.303109 -1.109706 1 4
 0.303109 -1.100832 1 5
 0.303109 -1.091910 1 6
 0.303109 -1.083078 1 7
 0.324760 -1.136607 1 1
 0.324760 -1.127599 1 2
 0.324760 -1.118675 1 3
 0.324760 -1.109705 1 4
 0.324760 -1.100832 1 5
 0.324760 -1.091909 1 6
 0.324760 -1.083077 1 7
 0.346410 -1.136606 1 1
 0.346410 -1.127598 1 2
 0.346410 -1.118674 1 3
 0.346410 -1.109704 1 4
 0.346410 -1.100831 1 5
 0.346410 -1.091907 1 6
 0.346410 -1.083075 1 7
 0.368061 -1.136606 1 1
 0.368061 -1.127597 1 2
 0.368061 -1.118673 1 3
 0.368061 -1.109703 1 4
 0.368061 -1.100830 1 5
 0.368061 -1.091905 1 6
 0.368061 -1.083074 1 7
 0.389711 -1.136605 1 1
 0.389711 -1.127596 1 2
 0.389711 -1.118672 1 3
 0.389711 -1.109702 1 4
 0.389711 -1.100829 1 5
 0.389711 -1.091903 1 6
 0.389711 -1.083072 1 7
 0.411362 -1.136604 1 1
 0.411362 -1.127595 1 2
 0.411362 -1.118671 1 3
 0.411362 -1.109701 1 4
 0.411362 -1.100828 1 5
 0.411362 -1.091901 1 6
 0.411362 -1.083071 1 7
 0.433013 -1.136604 1 1
 0.433013 -1.127594 1 2
 0.433013 -1.118670 1 3
 0.433013 -1.109701 1 4
 0.433013 -1.100827 1 5
 0.433013 -1.091900 1 6
 0.433013 -1.083070 1 7
 0.454663 -1.136604 1 1
 0.454663 -1.127593 1 2
 0.454663 -1.118670 1 3
 0.454663 -1.109700 1 4
 0.454663 -1.100827 1 5
 0.454663 -1.091899 1 6
 0.454663 -1.083070 1 7
 0.476314 -1.136604 1 1
 0.476314 -1.127593 1 2
 0.476314 -1.118670 1 3
 0.476314 -1.109701 1 4
 0.476314 -1.100827 1 5
 0.476314 -1.091900 1 6
 0.476314 -1.083070 1 7
 0.497965 -1.136604 1 1
 0.497965 -1.127594 1 2
 0.497965 -1.118670 1 3
 0.497965 -1.109702 1 4
 0.497965 -1.100827 1 5
 0.497965 -1.091901 1 6
 0.497965 -1.083071 1 7
 0.519615 -1.136605 1 1
 0.519615 -1.127595 1 2
 0.519615 -1.118671 1 3
 0.519615 -1.109703 1 4
 0.519615 -1.100828 1 5
 0.519615 -1.091902 1 6
 0.519615 -1.083072 1 7
 0.541266 -1.136606 1 1
 0.541266 -1.127596 1 2
 0.541266 -1.118672 1 3
 0.541266 -1.109704 1 4
 0.541266 -1.100829 1 5
 0.541266 -1.091905 1 6
 0.541266 -1.083074 1 7
 0.562917 -1.136607 1 1
 0.562917 -1.127598 1 2
 0.562917 -1.118673 1 3
 0.562917 -1.109706 1 4
 0.562917 -1.100831 1 5
 0.562917 -1.091907 1 6
 0.562917 -1.083076 1 7
 0.584567 -1.136608 1 1
 0.584567 -1.127601 1 2
 0.584567 -1.118675 1 3
 0.584567 -1.109708 1 4
 0.584567 -1.100832 1 5
 0.584567 -1.091911 1 6
 0.584567 -1.083078 1 7
 0.606218 -1.136610 1 1
 0.606218 -1.127603 1 2
 0.606218 -1.118676 1 3
 0.606218 -1.109710 1 4
 0.606218 -1.100834 1 5
 0.606218 -1.091914 1 6
 0.606218 -1.083081 1 7
 0.627868 -1.136611 1 1
 0.627868 -1.127605 1 2
 0.627868 -1.118677 1 3
 0.627868 -1.109712 1 4
 0.627868 -1.100836 1 5
 0.627868 -1.091918 1 6
 0.627868 -1.083083 1 7
 0.649519 -1.136612 1 1
 0.649519 -1.127608 1 2
 0.649519 -1.118679 1 3
 0.649519 -1.109714 1 4
 0.649519 -1.100837 1 5
 0.649519 -1.091921 1 6
 0.649519 -1.083085 1 7
 0.671170 -1.136612 1 1
 0.671170 -1.127610 1 2
 0.671170 -1.118679 1 3
 0.671170 -1.109715 1 4
 0.671170 -1.100838 1 5
 0.671170 -1.091923 1 6
 0.671170 -1.083087 1 7
 0.692820 -1.136612 1 1
 0.692820 -1.127611 1 2
 0.692820 -1.118679 1 3
 0.692820 -1.109715 1 4
 0.692820 -1.100838 1 5
 0.692820 -1.091925 1 6
 0.692820 -1.083088 1 7
 0.714471 -1.136612 1 1
 0.714471 -1.127611 1 2
 0.714471 -1.118679 1 3
 0.714471 -1.109715 1 4
 0.714471 -1.100837 1 5
 0.714471 -1.091926 1 6
 0.714471 -1.083087 1 7
 0.736122 -1.136610 1 1
 0.736122 -1.127611 1 2
 0.736122 -1.118678 1 3
 0.736122 -1.109714 1 4
 0.736122 -1.100836 1 5
 0.736122 -1.091926 1 6
 0.736122 -1.083086 1 7
 0.757772 -1.136608 1 1
 0.757772 -1.127610 1 2
 0.757772 -1.118675 1 3
 0.757772 -1.109712 1 4
 0.757772 -1.100833 1 5
 0.757772 -1.091925 1 6
 0.757772 -1.083084 1 7
 0.779423 -1.136606 1 1
 0.779423 -1.127608 1 2
 0.779423 -1.118672 1 3
 0.779423 -1.109708 1 4
 0.779423 -1.100830 1 5
 0.779423 -1.091922 1 6
 0.779423 -1.083081 1 7
 0.801073 -1.136602 1 1
 0.801073 -1.127605 1 2
 0.801073 -1.118669 1 3
 0.801073 -1.109705 1 4
 0.801073 -1.100826 1 5
 0.801073 -1.091918 1 6
 0.801073 -1.083076 1 7
 0.822724 -1.136598 1 1
 0.822724 -1.127601 1 2
 0.822724 -1.118664 1 3
 0.822724 -1.109700 1 4
 0.822724 -1.100821 1 5
 0.822724 -1.091913 1 6
 0.822724 -1.083071 1 7
 0.844375 -1.136593 1 1
 0.844375 -1.127596 1 2
 0.844375 -1.118659 1 3
 0.844375 -1.109695 1 4
 0.844375 -1.100816 1 5
 0.844375 -1.091907 1 6
 0.844375 -1.083065 1 7
 0.866025 -1.136589 1 1
 0.866025 -1.127591 1 2
 0.866025 -1.118654 1 3
 0.866025 -1.109689 1 4
 0.866025 -1.100810 1 5
 0.866025 -1.091901 1 6
 0.866025 -1.083058 1 7
 0.866025 -1.136589 1 1
 0.866025 -1.127591 1 2
 0.866025 -1.118654 1 3
 0.866025 -1.109689 1 4
 0.866025 -1.100810 1 5
 0.866025 -1.091901 1 6
 0.866025 -1.083058 1 7
 0.891025 -1.136592 1 1
 0.891025 -1.127594 1 2
 0.891025 -1.118657 1 3
 0.891025 -1.109693 1 4
 0.891025 -1.100814 1 5
 0.891025 -1.091905 1 6
 0.891025 -1.083063 1 7
 0.916025 -1.136595 1 1
 0.916025 -1.127597 1 2
 0.916025 -1.118661 1 3
 0.916025 -1.109696 1 4
 0.916025 -1.100817 1 5
 0.916025 -1.091909 1 6
 0.916025 -1.083067 1 7
 0.941025 -1.136597 1 1
 0.941025 -1.127599 1 2
 0.941025 -1.118663 1 3
 0.941025 -1.109699 1 4
 0.941025 -1.100820 1 5
 0.941025 -1.091911 1 6
 0.941025 -1.083070 1 7
 0.966025 -1.136599 1 1
 0.966025 -1.127600 1 2
 0.966025 -1.118666 1 3
 0.966025 -1.109702 1 4
 0.966025 -1.100823 1 5
 0.966025 -1.091913 1 6
 0.966025 -1.083073 1 7
 0.991025 -1.136601 1 1
 0.991025 -1.127601 1 2
 0.991025 -1.118668 1 3
 0.991025 -1.109704 1 4
 0.991025 -1.100825 1 5
 0.991025 -1.091914 1 6
 0.991025 -1.083075 1 7
 1.016025 -1.136603 1 1
 1.016025 -1.127601 1 2
 1.016025 -1.118669 1 3
 1.016025 -1.109706 1 4
 1.016025 -1.100826 1 5
 1.016025 -1.091914 1 6
 1.016025 -1.083077 1 7
 1.041025 -1.136604 1 1
 1.041025 -1.127601 1 2
 1.041025 -1.118671 1 3
 1.041025 -1.109707 1 4
 1.041025 -1.100827 1 5
 1.041025 -1.091914 1 6
 1.041025 -1.083079 1 7
 1.066025 -1.136605 1 1
 1.066025 -1.127600 1 2
 1.066025 -1.118672 1 3
 1.066025 -1.109708 1 4
 1.066025 -1.100828 1 5
 1.066025 -1.091913 1 6
 1.066025 -1.083080 1 7
 1.091025 -1.136606 1 1
 1.091025 -1.127599 1 2
 1.091025 -1.118672 1 3
 1.091025 -1.109709 1 4
 1.091025 -1.100829 1 5
 1.091025 -1.091912 1 6
 1.091025 -1.083080 1 7
 1.116025 -1.136606 1 1
 1.116025 -1.127598 1 2
 1.116025 -1.118673 1 3
 1.116025 -1.109709 1 4
 1.116025 -1.100829 1 5
 1.116025 -1.091911 1 6
 1.116025 -1.083080 1 7
 1.141025 -1.136606 1 1
 1.141025 -1.127598 1 2
 1.141025 -1.118673 1 3
 1.141025 -1.109709 1 4
 1.141025 -1.100829 1 5
 1.141025 -1.091910 1 6
 1.141025 -1.083080 1 7
 1.166025 -1.136606 1 1
 1.166025 -1.127598 1 2
 1.166025 -1.118673 1 3
 1.166025 -1.109708 1 4
 1.166025 -1.100830 1 5
 1.166025 -1.091910 1 6
 1.166025 -1.083080 1 7
 1.191025 -1.136607 1 1
 1.191025 -1.127598 1 2
 1.191025 -1.118674 1 3
 1.191025 -1.109708 1 4
 1.191025 -1.100830 1 5
 1.191025 -1.091909 1 6
 1.191025 -1.083079 1 7
 1.216025 -1.136607 1 1
 1.216025 -1.127598 1 2
 1.216025 -1.118674 1 3
 1.216025 -1.109707 1 4
 1.216025 -1.100830 1 5
 1.216025 -1.091909 1 6
 1.216025 -1.083079 1 7
 1.241025 -1.136607 1 1
 1.241025 -1.127598 1 2
 1.241025 -1.118674 1 3
 1.241025 -1.109706 1 4
 1.241025 -1.100830 1 5
 1.241025 -1.091910 1 6
 1.241025 -1.083078 1 7
 1.266025 -1.136607 1 1
 1.266025 -1.127599 1 2
 1.266025 -1.118674 1 3
 1.266025 -1.109705 1 4
 1.266025 -1.100830 1 5
 1.266025 -1.091910 1 6
 1.266025 -1.083078 1 7
 1.291025 -1.136607 1 1
 1.291025 -1.127600 1 2
 1.291025 -1.118674 1 3
 1.291025 -1.109704 1 4
 1.291025 -1.100830 1 5
 1.291025 -1.091911 1 6
 1.291025 -1.083077 1 7
 1.316025 -1.136607 1 1
 1.316025 -1.127601 1 2
 1.316025 -1.118674 1 3
 1.316025 -1.109703 1 4
 1.316025 -1.100830 1 5
 1.316025 -1.091912 1 6
 1.316025 -1.083077 1 7
 1.341025 -1.136607 1 1
 1.341025 -1.127602 1 2
 1.341025 -1.118674 1 3
 1.341025 -1.109702 1 4
 1.341025 -1.100830 1 5
 1.341025 -1.091913 1 6
 1.341025 -1.083077 1 7
 1.366025 -1.136606 1 1
 1.366025 -1.127603 1 2
 1.366025 -1.118674 1 3
 1.366025 -1.109701 1 4
 1.366025 -1.100830 1 5
 1.366025 -1.091914 1 6
 1.366025 -1.083077 1 7
 1.391025 -1.136606 1 1
 1.391025 -1.127603 1 2
 1.391025 -1.118674 1 3
 1.391025 -1.109700 1 4
 1.391025 -1.100830 1 5
 1.391025 -1.091914 1 6
 1.391025 -1.083076 1 7
 1.416025 -1.136606 1 1
 1.416025 -1.127603 1 2
 1.416025 -1.118674 1 3
 1.416025 -1.109699 1 4
 1.416025 -1.100830 1 5
 1.416025 -1.091915 1 6
 1.416025 -1.083076 1 7
 1.441025 -1.136605 1 1
 1.441025 -1.127603 1 2
 1.441025 -1.118674 1 3
 1.441025 -1.109698 1 4
 1.441025 -1.100830 1 5
 1.441025 -1.091915 1 6
 1.441025 -1.083076 1 7
 1.466025 -1.136605 1 1
 1.466025 -1.127603 1 2
 1.466025 -1.118674 1 3
 1.466025 -1.109697 1 4
 1.466025 -1.100829 1 5
 1.466025 -1.091915 1 6
 1.466025 -1.083075 1 7
 1.491025 -1.136604 1 1
 1.491025 -1.127602 1 2
 1.491025 -1.118673 1 3
 1.491025 -1.109696 1 4
 1.491025 -1.100829 1 5
 1.491025 -1.091914 1 6
 1.491025 -1.083074 1 7
 1.516025 -1.136603 1 1
 1.516025 -1.127602 1 2
 1.516025 -1.118672 1 3
 1.516025 -1.109695 1 4
 1.516025 -1.100828 1 5
 1.516025 -1.091914 1 6
 1.516025 -1.083073 1 7
 1.541025 -1.136602 1 1
 1.541025 -1.127601 1 2
 1.541025 -1.118672 1 3
 1.541025 -1.109693 1 4
 1.541025 -1.100827 1 5
 1.541025 -1.091913 1 6
 1.541025 -1.083072 1 7
 1.566025 -1.136600 1 1
 1.566025 -1.127600 1 2
 1.566025 -1.118671 1 3
 1.566025 -1.109692 1 4
 1.566025 -1.100826 1 5
 1.566025 -1.091912 1 6
 1.566025 -1.083071 1 7
 1.591025 -1.136599 1 1
 1.591025 -1.127599 1 2
 1.591025 -1.118670 1 3
 1.591025 -1.109691 1 4
 1.591025 -1.100825 1 5
 1.591025 -1.091911 1 6
 1.591025 -1.083069 1 7
 1.616025 -1.136597 1 1
 1.616025 -1.127598 1 2
 1.616025 -1.118668 1 3
 1.616025 -1.109690 1 4
 1.616025 -1.100824 1 5
 1.616025 -1.091910 1 6
 1.616025 -1.083067 1 7
 1.641025 -1.136596 1 1
 1.641025 -1.127597 1 2
 1.641025 -1.118667 1 3
 1.641025 -1.109689 1 4
 1.641025 -1.100823 1 5
 1.641025 -1.091909 1 6
 1.641025 -1.083065 1 7
 1.666025 -1.136594 1 1
 1.666025 -1.127597 1 2
 1.666025 -1.118666 1 3
 1.666025 -1.109687 1 4
 1.666025 -1.100821 1 5
 1.666025 -1.091907 1 6
 1.666025 -1.083063 1 7
 1.691025 -1.136592 1 1
 1.691025 -1.127596 1 2
 1.691025 -1.118665 1 3
 1.691025 -1.109686 1 4
 1.691025 -1.100820 1 5
 1.691025 -1.091906 1 6
 1.691025 -1.083061 1 7
 1.716025 -1.136591 1 1
 1.716025 -1.127596 1 2
 1.716025 -1.118663 1 3
 1.716025 -1.109685 1 4
 1.716025 -1.100819 1 5
 1.716025 -1.091905 1 6
 1.716025 -1.083059 1 7
 1.741025 -1.136590 1 1
 1.741025 -1.127595 1 2
 1.741025 -1.118662 1 3
 1.741025 -1.109683 1 4
 1.741025 -1.100817 1 5
 1.741025 -1.091904 1 6
 1.741025 -1.083057 1 7
 1.766025 -1.136588 1 1
 1.766025 -1.127595 1 2
 1.766025 -1.118661 1 3
 1.766025 -1.109682 1 4
 1.766025 -1.100816 1 5
 1.766025 -1.091903 1 6
 1.766025 -1.083055 1 7
 1.791025 -1.136587 1 1
 1.791025 -1.127594 1 2
 1.791025 -1.118659 1 3
 1.791025 -1.109680 1 4
 1.791025 -1.100814 1 5
 1.791025 -1.091902 1 6
 1.791025 -1.083053 1 7
 1.816025 -1.136586 1 1
 1.816025 -1.127593 1 2
 1.816025 -1.118658 1 3
 1.816025 -1.109679 1 4
 1.816025 -1.100813 1 5
 1.816025 -1.091901 1 6
 1.816025 -1.083051 1 7
 1.841025 -1.136585 1 1
 1.841025 -1.127593 1 2
 1.841025 -1.118657 1 3
 1.841025 -1.109677 1 4
 1.841025 -1.100812 1 5
 1.841025 -1.091901 1 6
 1.841025 -1.083049 1 7
 1.866025 -1.136584 1 1
 1.866025 -1.127592 1 2
 1.866025 -1.118656 1 3
 1.866025 -1.109676 1 4
 1.866025 -1.100810 1 5
 1.866025 -1.091899 1 6
 1.866025 -1.083048 1 7
 1.866025 -1.136584 1 1
 1.866025 -1.127592 1 2
 1.866025 -1.118656 1 3
 1.866025 -1.109676 1 4
 1.866025 -1.100810 1 5
 1.866025 -1.091899 1 6
 1.866025 -1.083048 1 7
 1.891025 -1.136584 1 1
 1.891025 -1.127593 1 2
 1.891025 -1.118657 1 3
 1.891025 -1.109677 1 4
 1.891025 -1.100811 1 5
 1.891025 -1.091900 1 6
 1.891025 -1.083048 1 7
 1.916025 -1.136585 1 1
 1.916025 -1.127593 1 2
 1.916025 -1.118657 1 3
 1.916025 -1.109677 1 4
 1.916025 -1.100811 1 5
 1.916025 -1.091901 1 6
 1.916025 -1.083049 1 7
 1.941025 -1.136585 1 1
 1.941025 -1.127593 1 2
 1.941025 -1.118657 1 3
 1.941025 -1.109678 1 4
 1.941025 -1.100811 1 5
 1.941025 -1.091901 1 6
 1.941025 -1.083049 1 7
 1.966025 -1.136585 1 1
 1.966025 -1.127593 1 2
 1.966025 -1.118658 1 3
 1.966025 -1.109678 1 4
 1.966025 -1.100812 1 5
 1.966025 -1.091901 1 6
 1.966025 -1.083049 1 7
 1.991025 -1.136586 1 1
 1.991025 -1.127592 1 2
 1.991025 -1.118658 1 3
 1.991025 -1.109679 1 4
 1.991025 -1.100812 1 5
 1.991025 -1.091901 1 6
 1.991025 -1.083050 1 7
 2.016025 -1.136586 1 1
 2.016025 -1.127592 1 2
 2.016025 -1.118658 1 3
 2.016025 -1.109679 1 4
 2.016025 -1.100812 1 5
 2.016025 -1.091900 1 6
 2.016025 -1.083050 1 7
 2.041025 -1.136586 1 1
 2.041025 -1.127591 1 2
 2.041025 -1.118657 1 3
 2.041025 -1.109679 1 4
 2.041025 -1.100811 1 5
 2.041025 -1.091899 1 6
 2.041025 -1.083051 1 7
 2.066025 -1.136586 1 1
 2.066025 -1.127589 1 2
 2.066025 -1.118657 1 3
 2.066025 -1.109679 1 4
 2.066025 -1.100811 1 5
 2.066025 -1.091898 1 6
 2.066025 -1.083051 1 7
 2.091025 -1.136586 1 1
 2.091025 -1.127588 1 2
 2.091025 -1.118657 1 3
 2.091025 -1.109678 1 4
 2.091025 -1.100811 1 5
 2.091025 -1.091896 1 6
 2.091025 -1.083051 1 7
 2.116025 -1.136585 1 1
 2.116025 -1.127587 1 2
 2.116025 -1.118656 1 3
 2.116025 -1.109678 1 4
 2.116025 -1.100810 1 5
 2.116025 -1.091895 1 6
 2.116025 -1.083051 1 7
 2.141025 -1.136585 1 1
 2.141025 -1.127585 1 2
 2.141025 -1.118655 1 3
 2.141025 -1.109677 1 4
 2.141025 -1.100810 1 5
 2.141025 -1.091893 1 6
 2.141025 -1.083050 1 7
 2.166025 -1.136584 1 1
 2.166025 -1.127584 1 2
 2.166025 -1.118654 1 3
 2.166025 -1.109676 1 4
 2.166025 -1.100809 1 5
 2.166025 -1.091892 1 6
 2.166025 -1.083050 1 7
 2.191025 -1.136584 1 1
 2.191025 -1.127583 1 2
 2.191025 -1.118654 1 3
 2.191025 -1.109675 1 4
 2.191025 -1.100808 1 5
 2.191025 -1.091890 1 6
 2.191025 -1.083049 1 7
 2.216025 -1.136583 1 1
 2.216025 -1.127582 1 2
 2.216025 -1.118653 1 3
 2.216025 -1.109674 1 4
 2.216025 -1.100808 1 5
 2.216025 -1.091889 1 6
 2.216025 -1.083048 1 7
 2.241025 -1.136582 1 1
 2.241025 -1.127581 1 2
 2.241025 -1.118652 1 3
 2.241025 -1.109673 1 4
 2.241025 -1.100807 1 5
 2.241025 -1.091887 1 6
 2.241025 -1.083046 1 7
 2.266025 -1.136581 1 1
 2.266025 -1.127580 1 2
 2.266025 -1.118651 1 3
 2.266025 -1.109673 1 4
 2.266025 -1.100806 1 5
 2.266025 -1.091886 1 6
 2.266025 -1.083044 1 7
 2.291025 -1.136580 1 1
 2.291025 -1.127579 1 2
 2.291025 -1.118651 1 3
 2.291025 -1.109672 1 4
 2.291025 -1.100806 1 5
 2.291025 -1.091885 1 6
 2.291025 -1.083043 1 7
 2.316025 -1.136579 1 1
 2.316025 -1.127578 1 2
 2.316025 -1.118650 1 3
 2.316025 -1.109672 1 4
 2.316025 -1.100805 1 5
 2.316025 -1.091884 1 6
 2.316025 -1.083041 1 7
 2.341025 -1.136578 1 1
 2.341025 -1.127577 1 2
 2.341025 -1.118650 1 3
 2.341025 -1.109672 1 4
 2.341025 -1.100804 1 5
 2.341025 -1.091882 1 6
 2.341025 -1.083039 1 7
 2.366025 -1.136577 1 1
 2.366025 -1.127576 1 2
 2.366025 -1.118649 1 3
 2.366025 -1.109672 1 4
 2.366025 -1.100804 1 5
 2.366025 -1.091881 1 6
 2.366025 -1.083037 1 7
 2.366025 -1.136577 1 1
 2.366025 -1.127576 1 2
 2.366025 -1.118649 1 3
 2.366025 -1.109672 1 4
 2.366025 -1.100804 1 5
 2.366025 -1.091881 1 6
 2.366025 -1.083037 1 7
 2.393976 -1.136579 1 1
 2.393976 -1.127577 1 2
 2.393976 -1.118650 1 3
 2.393976 -1.109673 1 4
 2.393976 -1.100805 1 5
 2.393976 -1.091883 1 6
 2.393976 -1.083040 1 7
 2.421927 -1.136581 1 1
 2.421927 -1.127578 1 2
 2.421927 -1.118651 1 3
 2.421927 -1.109675 1 4
 2.421927 -1.100807 1 5
 2.421927 -1.091884 1 6
 2.421927 -1.083043 1 7
 2.449878 -1.136583 1 1
 2.449878 -1.127580 1 2
 2.449878 -1.118653 1 3
 2.449878 -1.109676 1 4
 2.449878 -1.100809 1 5
 2.449878 -1.091887 1 6
 2.449878 -1.083046 1 7
 2.477829 -1.136586 1 1
 2.477829 -1.127582 1 2
 2.477829 -1.118654 1 3
 2.477829 -1.109678 1 4
 2.477829 -1.100811 1 5
 2.477829 -1.091889 1 6
 2.477829 -1.083050 1 7
 2.505780 -1.136588 1 1
 2.505780 -1.127583 1 2
 2.505780 -1.118656 1 3
 2.505780 -1.109680 1 4
 2.505780 -1.100812 1 5
 2.505780 -1.091891 1 6
 2.505780 -1.083053 1 7
 2.533731 -1.136590 1 1
 2.533731 -1.127585 1 2
 2.533731 -1.118658 1 3
 2.533731 -1.109681 1 4
 2.533731 -1.100814 1 5
 2.533731 -1.091894 1 6
 2.533731 -1.083056 1 7
 2.561681 -1.136592 1 1
 2.561681 -1.127587 1 2
 2.561681 -1.118659 1 3
 2.561681 -1.109683 1 4
 2.561681 -1.100815 1 5
 2.561681 -1.091897 1 6
 2.561681 -1.083058 1 7
 2.589632 -1.136594 1 1
 2.589632 -1.127588 1 2
 2.589632 -1.118661 1 3
 2.589632 -1.109685 1 4
 2.589632 -1.100817 1 5
 2.589632 -1.091899 1 6
 2.589632 -1.083061 1 7
 2.617583 -1.136595 1 1
 2.617583 -1.127590 1 2
 2.617583 -1.118662 1 3
 2.617583 -1.109686 1 4
 2.617583 -1.100818 1 5
 2.617583 -1.091901 1 6
 2.617583 -1.083063 1 7
 2.645534 -1.136597 1 1
 2.645534 -1.127591 1 2
 2.645534 -1.118664 1 3
 2.645534 -1.109688 1 4
 2.645534 -1.100819 1 5
 2.645534 -1.091904 1 6
 2.645534 -1.083065 1 7
 2.673485 -1.136598 1 1
 2.673485 -1.127593 1 2
 2.673485 -1.118665 1 3
 2.673485 -1.109690 1 4
 2.673485 -1.100820 1 5
 2.673485 -1.091906 1 6
 2.673485 -1.083066 1 7
 2.701436 -1.136599 1 1
 2.701436 -1.127594 1 2
 2.701436 -1.118666 1 3
 2.701436 -1.109692 1 4
 2.701436 -1.100821 1 5
 2.701436 -1.091908 1 6
 2.701436 -1.083068 1 7
 2.729386 -1.136600 1 1
 2.729386 -1.127595 1 2
 2.729386 -1.118667 1 3
 2.729386 -1.109694 1 4
 2.729386 -1.100822 1 5
 2.729386 -1.091910 1 6
 2.729386 -1.083069 1 7
 2.757337 -1.136602 1 1
 2.757337 -1.127597 1 2
 2.757337 -1.118668 1 3
 2.757337 -1.109696 1 4
 2.757337 -1.100823 1 5
 2.757337 -1.091912 1 6
 2.757337 -1.083071 1 7
 2.785288 -1.136603 1 1
 2.785288 -1.127599 1 2
 2.785288 -1.118669 1 3
 2.785288 -1.109698 1 4
 2.785288 -1.100824 1 5
 2.785288 -1.091913 1 6
 2.785288 -1.083072 1 7
 2.813239 -1.136605 1 1
 2.813239 -1.127600 1 2
 2.813239 -1.118670 1 3
 2.813239 -1.109701 1 4
 2.813239 -1.100825 1 5
 2.813239 -1.091915 1 6
 2.813239 -1.083074 1 7
 2.841190 -1.136607 1 1
 2.841190 -1.127602 1 2
 2.841190 -1.118671 1 3
 2.841190 -1.109703 1 4
 2.841190 -1.100826 1 5
 2.841190 -1.091916 1 6
 2.841190 -1.083076 1 7
 2.869141 -1.136608 1 1
 2.869141 -1.127603 1 2
 2.869141 -1.118672 1 3
 2.869141 -1.109705 1 4
 2.869141 -1.100827 1 5
 2.869141 -1.091918 1 6
 2.869141 -1.083078 1 7
 2.897092 -1.136610 1 1
 2.897092 -1.127605 1 2
 2.897092 -1.118673 1 3
 2.897092 -1.109707 1 4
 2.897092 -1.100829 1 5
 2.897092 -1.091919 1 6
 2.897092 -1.083080 1 7
 2.925042 -1.136611 1 1
 2.925042 -1.127606 1 2
 2.925042 -1.118674 1 3
 2.925042 -1.109709 1 4
 2.925042 -1.100830 1 5
 2.925042 -1.091919 1 6
 2.925042 -1.083082 1 7
 2.952993 -1.136613 1 1
 2.952993 -1.127606 1 2
 2.952993 -1.118675 1 3
 2.952993 -1.109711 1 4
 2.952993 -1.100831 1 5
 2.952993 -1.091920 1 6
 2.952993 -1.083084 1 7
 2.980944 -1.136614 1 1
 2.980944 -1.127607 1 2
 2.980944 -1.118676 1 3
 2.980944 -1.109713 1 4
 2.980944 -1.100833 1 5
 2.980944 -1.091920 1 6
 2.980944 -1.083085 1 7
 3.008895 -1.136615 1 1
 3.008895 -1.127607 1 2
 3.008895 -1.118677 1 3
 3.008895 -1.109714 1 4
 3.008895 -1.100834 1 5
 3.008895 -1.091920 1 6
 3.008895 -1.083086 1 7
 3.036846 -1.136615 1 1
 3.036846 -1.127607 1 2
 3.036846 -1.118677 1 3
 3.036846 -1.109715 1 4
 3.036846 -1.100835 1 5
 3.036846 -1.091920 1 6
 3.036846 -1.083088 1 7
 3.064797 -1.136616 1 1
 3.064797 -1.127607 1 2
 3.064797 -1.118678 1 3
 3.064797 -1.109716 1 4
 3.064797 -1.100836 1 5
 3.064797 -1.091919 1 6
 3.064797 -1.083089 1 7
 3.092747 -1.136616 1 1
 3.092747 -1.127606 1 2
 3.092747 -1.118678 1 3
 3.092747 -1.109717 1 4
 3.092747 -1.100836 1 5
 3.092747 -1.091919 1 6
 3.092747 -1.083089 1 7
 3.120698 -1.136616 1 1
 3.120698 -1.127606 1 2
 3.120698 -1.118679 1 3
 3.120698 -1.109718 1 4
 3.120698 -1.100837 1 5
 3.120698 -1.091919 1 6
 3.120698 -1.083090 1 7
 3.148649 -1.136616 1 1
 3.148649 -1.127606 1 2
 3.148649 -1.118679 1 3
 3.148649 -1.109718 1 4
 3.148649 -1.100838 1 5
 3.148649 -1.091919 1 6
 3.148649 -1.083090 1 7
 3.176600 -1.136616 1 1
 3.176600 -1.127606 1 2
 3.176600 -1.118679 1 3
 3.176600 -1.109719 1 4
 3.176600 -1.100838 1 5
 3.176600 -1.091920 1 6
 3.176600 -1.083091 1 7
 3.204551 -1.136615 1 1
 3.204551 -1.127607 1 2
 3.204551 -1.118679 1 3
 3.204551 -1.109719 1 4
 3.204551 -1.100838 1 5
 3.204551 -1.091920 1 6
 3.204551 -1.083090 1 7
 3.232502 -1.136614 1 1
 3.232502 -1.127607 1 2
 3.232502 -1.118679 1 3
 3.232502 -1.109718 1 4
 3.232502 -1.100838 1 5
 3.232502 -1.091921 1 6
 3.232502 -1.083090 1 7
 3.260453 -1.136613 1 1
 3.260453 -1.127608 1 2
 3.260453 -1.118679 1 3
 3.260453 -1.109718 1 4
 3.260453 -1.100837 1 5
 3.260453 -1.091922 1 6
 3.260453 -1.083089 1 7
 3.288403 -1.136612 1 1
 3.288403 -1.127608 1 2
 3.288403 -1.118678 1 3
 3.288403 -1.109716 1 4
 3.288403 -1.100836 1 5
 3.288403 -1.091922 1 6
 3.288403 -1.083088 1 7
 3.316354 -1.136610 1 1
 3.316354 -1.127608 1 2
 3.316354 -1.118676 1 3
 3.316354 -1.109714 1 4
 3.316354 -1.100835 1 5
 3.316354 -1.091922 1 6
 3.316354 -1.083086 1 7
 3.344305 -1.136608 1 1
 3.344305 -1.127607 1 2
 3.344305 -1.118674 1 3
 3.344305 -1.109712 1 4
 3.344305 -1.100832 1 5
 3.344305 -1.091921 1 6
 3.344305 -1.083084 1 7
 3.372256 -1.136605 1 1
 3.372256 -1.127606 1 2
 3.372256 -1.118672 1 3
 3.372256 -1.109708 1 4
 3.372256 -1.100829 1 5
 3.372256 -1.091920 1 6
 3.372256 -1.083080 1 7
 3.400207 -1.136602 1 1
 3.400207 -1.127603 1 2
 3.400207 -1.118668 1 3
 3.400207 -1.109704 1 4
 3.400207 -1.100826 1 5
 3.400207 -1.091917 1 6
 3.400207 -1.083076 1 7
 3.428158 -1.136598 1 1
 3.428158 -1.127600 1 2
 3.428158 -1.118664 1 3
 3.428158 -1.109700 1 4
 3.428158 -1.100821 1 5
 3.428158 -1.091913 1 6
 3.428158 -1.083071 1 7
 3.456109 -1.136593 1 1
 3.456109 -1.127596 1 2
 3.456109 -1.118659 1 3
 3.456109 -1.109695 1 4
 3.456109 -1.100816 1 5
 3.456109 -1.091907 1 6
 3.456109 -1.083065 1 7
 3.484059 -1.136589 1 1
 3.484059 -1.127591 1 2
 3.484059 -1.118654 1 3
 3.484059 -1.109689 1 4
 3.484059 -1.100810 1 5
 3.484059 -1.091901 1 6
 3.484059 -1.083058 1 7
 3.484059 -1.136589 1 1
 3.484059 -1.127591 1 2
 3.484059 -1.118654 1 3
 3.484059 -1.109689 1 4
 3.484059 -1.100810 1 5
 3.484059 -1.091901 1 6
 3.484059 -1.083058 1 7
 3.510576 -1.136593 1 1
 3.510576 -1.127596 1 2
 3.510576 -1.118659 1 3
 3.510576 -1.109695 1 4
 3.510576 -1.100816 1 5
 3.510576 -1.091907 1 6
 3.510576 -1.083065 1 7
 3.537092 -1.136598 1 1
 3.537092 -1.127600 1 2
 3.537092 -1.118664 1 3
 3.537092 -1.109700 1 4
 3.537092 -1.100821 1 5
 3.537092 -1.091913 1 6
 3.537092 -1.083071 1 7
 3.563609 -1.136602 1 1
 3.563609 -1.127604 1 2
 3.563609 -1.118669 1 3
 3.563609 -1.109705 1 4
 3.563609 -1.100826 1 5
 3.563609 -1.091917 1 6
 3.563609 -1.083076 1 7
 3.590125 -1.136605 1 1
 3.590125 -1.127606 1 2
 3.590125 -1.118672 1 3
 3.590125 -1.109709 1 4
 3.590125 -1.100830 1 5
 3.590125 -1.091920 1 6
 3.590125 -1.083081 1 7
 3.616642 -1.136608 1 1
 3.616642 -1.127608 1 2
 3.616642 -1.118675 1 3
 3.616642 -1.109712 1 4
 3.616642 -1.100833 1 5
 3.616642 -1.091922 1 6
 3.616642 -1.083084 1 7
 3.643158 -1.136611 1 1
 3.643158 -1.127609 1 2
 3.643158 -1.118677 1 3
 3.643158 -1.109715 1 4
 3.643158 -1.100836 1 5
 3.643158 -1.091923 1 6
 3.643158 -1.083087 1 7
 3.669675 -1.136613 1 1
 3.669675 -1.127609 1 2
 3.669675 -1.118679 1 3
 3.669675 -1.109717 1 4
 3.669675 -1.100838 1 5
 3.669675 -1.091923 1 6
 3.669675 -1.083089 1 7
 3.696191 -1.136614 1 1
 3.696191 -1.127609 1 2
 3.696191 -1.118680 1 3
 3.696191 -1.109719 1 4
 3.696191 -1.100839 1 5
 3.696191 -1.091923 1 6
 3.696191 -1.083091 1 7
 3.722708 -1.136616 1 1
 3.722708 -1.127608 1 2
 3.722708 -1.118681 1 3
 3.722708 -1.109720 1 4
 3.722708 -1.100839 1 5
 3.722708 -1.091922 1 6
 3.722708 -1.083092 1 7
 3.749224 -1.136616 1 1
 3.749224 -1.127608 1 2
 3.749224 -1.118681 1 3
 3.749224 -1.109721 1 4
 3.749224 -1.100840 1 5
 3.749224 -1.091921 1 6
 3.749224 -1.083092 1 7
 3.775741 -1.136617 1 1
 3.775741 -1.127607 1 2
 3.775741 -1.118681 1 3
 3.775741 -1.109721 1 4
 3.775741 -1.100840 1 5
 3.775741 -1.091920 1 6
 3.775741 -1.083093 1 7
 3.802257 -1.136617 1 1
 3.802257 -1.127606 1 2
 3.802257 -1.118681 1 3
 3.802257 -1.109721 1 4
 3.802257 -1.100839 1 5
 3.802257 -1.091919 1 6
 3.802257 -1.083092 1 7
 3.828774 -1.136617 1 1
 3.828774 -1.127605 1 2
 3.828774 -1.118680 1 3
 3.828774 -1.109720 1 4
 3.828774 -1.100838 1 5
 3.828774 -1.091918 1 6
 3.828774 -1.083092 1 7
 3.855290 -1.136616 1 1
 3.855290 -1.127605 1 2
 3.855290 -1.118679 1 3
 3.855290 -1.109719 1 4
 3.855290 -1.100837 1 5
 3.855290 -1.091917 1 6
 3.855290 -1.083091 1 7
 3.881807 -1.136615 1 1
 3.881807 -1.127604 1 2
 3.881807 -1.118679 1 3
 3.881807 -1.109718 1 4
 3.881807 -1.100836 1 5
 3.881807 -1.091917 1 6
 3.881807 -1.083090 1 7
 3.908323 -1.136614 1 1
 3.908323 -1.127604 1 2
 3.908323 -1.118678 1 3
 3.908323 -1.109717 1 4
 3.908323 -1.100835 1 5
 3.908323 -1.091916 1 6
 3.908323 -1.083089 1 7
 3.934840 -1.136613 1 1
 3.934840 -1.127603 1 2
 3.934840 -1.118676 1 3
 3.934840 -1.109715 1 4
 3.934840 -1.100833 1 5
 3.934840 -1.091915 1 6
 3.934840 -1.083087 1 7
 3.961356 -1.136612 1 1
 3.961356 -1.127603 1 2
 3.961356 -1.118675 1 3
 3.961356 -1.109713 1 4
 3.961356 -1.100831 1 5
 3.961356 -1.091915 1 6
 3.961356 -1.083085 1 7
 3.987873 -1.136610 1 1
 3.987873 -1.127602 1 2
 3.987873 -1.118674 1 3
 3.987873 -1.109710 1 4
 3.987873 -1.100829 1 5
 3.987873 -1.091914 1 6
 3.987873 -1.083083 1 7
 4.014389 -1.136608 1 1
 4.014389 -1.127602 1 2
 4.014389 -1.118672 1 3
 4.014389 -1.109708 1 4
 4.014389 -1.100827 1 5
 4.014389 -1.091913 1 6
 4.014389 -1.083080 1 7
 4.040906 -1.136606 1 1
 4.040906 -1.127601 1 2
 4.040906 -1.118670 1 3
 4.040906 -1.109705 1 4
 4.040906 -1.100825 1 5
 4.040906 -1.091912 1 6
 4.040906 -1.083077 1 7
 4.067422 -1.136604 1 1
 4.067422 -1.127601 1 2
 4.067422 -1.118669 1 3
 4.067422 -1.109702 1 4
 4.067422 -1.100823 1 5
 4.067422 -1.091911 1 6
 4.067422 -1.083075 1 7
 4.093939 -1.136602 1 1
 4.093939 -1.127600 1 2
 4.093939 -1.118668 1 3
 4.093939 -1.109700 1 4
 4.093939 -1.100821 1 5
 4.093939 -1.091910 1 6
 4.093939 -1.083072 1 7
 4.120455 -1.136600 1 1
 4.120455 -1.127600 1 2
 4.120455 -1.118666 1 3
 4.120455 -1.109697 1 4
 4.120455 -1.100819 1 5
 4.120455 -1.091909 1 6
 4.120455 -1.083069 1 7
 4.146972 -1.136598 1 1
 4.146972 -1.127599 1 2
 4.146972 -1.118665 1 3
 4.146972 -1.109695 1 4
 4.146972 -1.100818 1 5
 4.146972 -1.091908 1 6
 4.146972 -1.083067 1 7
 4.173489 -1.136597 1 1
 4.173489 -1.127599 1 2
 4.173489 -1.118664 1 3
 4.173489 -1.109693 1 4
 4.173489 -1.100817 1 5
 4.173489 -1.091907 1 6
 4.173489 -1.083065 1 7
 4.200005 -1.136596 1 1
 4.200005 -1.127598 1 2
 4.200005 -1.118664 1 3
 4.200005 -1.109692 1 4
 4.200005 -1.100817 1 5
 4.200005 -1.091907 1 6
 4.200005 -1.083063 1 7
 4.226522 -1.136595 1 1
 4.226522 -1.127598 1 2
 4.226522 -1.118663 1 3
 4.226522 -1.109690 1 4
 4.226522 -1.100816 1 5
 4.226522 -1.091906 1 6
 4.226522 -1.083062 1 7
 4.253038 -1.136594 1 1
 4.253038 -1.127597 1 2
 4.253038 -1.118663 1 3
 4.253038 -1.109689 1 4
 4.253038 -1.100816 1 5
 4.253038 -1.091905 1 6
 4.253038 -1.083060 1 7
 4.279555 -1.136593 1 1
 4.279555 -1.127596 1 2
 4.279555 -1.118663 1 3
 4.279555 -1.109689 1 4
 4.279555 -1.100817 1 5
 4.279555 -1.091905 1 6
 4.279555 -1.083059 1 7
 4.306071 -1.136592 1 1
 4.306071 -1.127596 1 2
 4.306071 -1.118663 1 3
 4.306071 -1.109688 1 4
 4.306071 -1.100817 1 5
 4.306071 -1.091904 1 6
 4.306071 -1.083058 1 7
 4.332588 -1.136591 1 1
 4.332588 -1.127595 1 2
 4.332588 -1.118663 1 3
 4.332588 -1.109688 1 4
 4.332588 -1.100818 1 5
 4.332588 -1.091904 1 6
 4.332588 -1.083057 1 7
 4.359104 -1.136590 1 1
 4.359104 -1.127594 1 2
 4.359104 -1.118663 1 3
 4.359104 -1.109688 1 4
 4.359104 -1.100818 1 5
 4.359104 -1.091902 1 6
 4.359104 -1.083056 1 7
 4.385621 -1.136589 1 1
 4.385621 -1.127592 1 2
 4.385621 -1.118663 1 3
 4.385621 -1.109688 1 4
 4.385621 -1.100818 1 5
 4.385621 -1.091901 1 6
 4.385621 -1.083055 1 7
 4.412137 -1.136588 1 1
 4.412137 -1.127591 1 2
 4.412137 -1.118662 1 3
 4.412137 -1.109687 1 4
 4.412137 -1.100818 1 5
 4.412137 -1.091900 1 6
 4.412137 -1.083053 1 7
 4.438654 -1.136587 1 1
 4.438654 -1.127589 1 2
 4.438654 -1.118661 1 3
 4.438654 -1.109687 1 4
 4.438654 -1.100817 1 5
 4.438654 -1.091898 1 6
 4.438654 -1.083052 1 7
 4.465170 -1.136585 1 1
 4.465170 -1.127587 1 2
 4.465170 -1.118660 1 3
 4.465170 -1.109687 1 4
 4.465170 -1.100816 1 5
 4.465170 -1.091895 1 6
 4.465170 -1.083050 1 7
 4.491687 -1.136584 1 1
 4.491687 -1.127585 1 2
 4.491687 -1.118658 1 3
 4.491687 -1.109687 1 4
 4.491687 -1.100815 1 5
 4.491687 -1.091893 1 6
 4.491687 -1.083048 1 7
 4.518203 -1.136582 1 1
 4.518203 -1.127583 1 2
 4.518203 -1.118657 1 3
 4.518203 -1.109686 1 4
 4.518203 -1.100813 1 5
 4.518203 -1.091890 1 6
 4.518203 -1.083045 1 7
 4.544720 -1.136580 1 1
 4.544720 -1.127581 1 2
 4.544720 -1.118655 1 3
 4.544720 -1.109686 1 4
 4.544720 -1.100811 1 5
 4.544720 -1.091888 1 6
 4.544720 -1.083044 1 7
