  0.00000  0.00000  0.00000  1    -25.337      1.4981966876
  0.00000  0.00000  0.00000  2     -2.746      0.0000000000
  0.00000  0.00000  0.00000  3     -2.746      0.0000000000
  0.00000  0.00000  0.00000  4     -2.746      0.0000000000
  0.00000  0.00000  0.00000  5      4.552     -0.0000000000
  0.00000  0.00000  0.00000  6      4.552     -0.0000000000
  0.00000  0.00000  0.00000  7      4.552     -0.0000000000
  0.00000  0.00000  0.00000  8     12.360     -0.0025265706
  0.00000  0.00000  0.00000  9     17.695     -0.1715214841
  0.00000  0.00000  0.00000 10     25.842     -0.9811189388
  0.00000  0.00000  0.00000 11     25.842     -0.9811192832
  0.00000  0.00000  0.00000 12     25.842     -0.9811197890
 -0.06667  0.06667  0.06667  1    -25.206      1.4739499348
 -0.06667  0.06667  0.06667  2     -3.608      0.0000000000
 -0.06667  0.06667  0.06667  3     -2.963      0.0000000000
 -0.06667  0.06667  0.06667  4     -2.963      0.0000000000
 -0.06667  0.06667  0.06667  5      4.841     -0.0000000000
 -0.06667  0.06667  0.06667  6      4.841     -0.0000000000
 -0.06667  0.06667  0.06667  7      5.029     -0.0000000000
 -0.06667  0.06667  0.06667  8     12.473     -0.0028944217
 -0.06667  0.06667  0.06667  9     17.926     -0.1831253261
 -0.06667  0.06667  0.06667 10     25.100     -0.8477466685
 -0.06667  0.06667  0.06667 11     25.100     -0.8477473050
 -0.06667  0.06667  0.06667 12     25.376     -0.8991043592
 -0.13333  0.13333  0.13333  1    -24.816      1.3892396191
 -0.13333  0.13333  0.13333  2     -5.592      0.0000000000
 -0.13333  0.13333  0.13333  3     -3.497      0.0000000000
 -0.13333  0.13333  0.13333  4     -3.497      0.0000000000
 -0.13333  0.13333  0.13333  5      5.556     -0.0000000000
 -0.13333  0.13333  0.13333  6      5.556     -0.0000000000
 -0.13333  0.13333  0.13333  7      5.921     -0.0000000000
 -0.13333  0.13333  0.13333  8     12.812     -0.0039950044
 -0.13333  0.13333  0.13333  9     18.503     -0.2151581238
 -0.13333  0.13333  0.13333 10     23.638     -0.6386951986
 -0.13333  0.13333  0.13333 11     23.638     -0.6386960915
 -0.13333  0.13333  0.13333 12     24.780     -0.7923725455
 -0.20000  0.20000  0.20000  1    -24.175      1.2517685084
 -0.20000  0.20000  0.20000  2     -7.978      0.0000000000
 -0.20000  0.20000  0.20000  3     -4.136      0.0000000000
 -0.20000  0.20000  0.20000  4     -4.136      0.0000000000
 -0.20000  0.20000  0.20000  5      6.406     -0.0000000000
 -0.20000  0.20000  0.20000  6      6.406     -0.0000000000
 -0.20000  0.20000  0.20000  7      6.649     -0.0000000000
 -0.20000  0.20000  0.20000  8     13.342     -0.0093342114
 -0.20000  0.20000  0.20000  9     19.108     -0.2472765749
 -0.20000  0.20000  0.20000 10     21.421     -0.3938821903
 -0.20000  0.20000  0.20000 11     21.421     -0.3938821708
 -0.20000  0.20000  0.20000 12     24.449     -0.7228407109
 -0.26667  0.26667  0.26667  1    -23.295      1.0748889680
 -0.26667  0.26667  0.26667  2    -10.434      0.0002970459
 -0.26667  0.26667  0.26667  3     -4.732      0.0000000000
 -0.26667  0.26667  0.26667  4     -4.732      0.0000000000
 -0.26667  0.26667  0.26667  5      7.045     -0.0000000000
 -0.26667  0.26667  0.26667  6      7.045     -0.0000000000
 -0.26667  0.26667  0.26667  7      7.127     -0.0000000000
 -0.26667  0.26667  0.26667  8     13.880     -0.0175933971
 -0.26667  0.26667  0.26667  9     19.433     -0.2579523366
 -0.26667  0.26667  0.26667 10     21.516     -0.4292705222
 -0.26667  0.26667  0.26667 11     21.516     -0.4292708535
 -0.26667  0.26667  0.26667 12     24.269     -0.7057819617
 -0.33333  0.33333  0.33333  1    -22.192      0.8741005067
 -0.33333  0.33333  0.33333  2    -12.790      0.0091829370
 -0.33333  0.33333  0.33333  3     -5.214      0.0000000000
 -0.33333  0.33333  0.33333  4     -5.214      0.0000000000
 -0.33333  0.33333  0.33333  5      7.399     -0.0000000000
 -0.33333  0.33333  0.33333  6      7.399     -0.0000000000
 -0.33333  0.33333  0.33333  7      7.415     -0.0000000000
 -0.33333  0.33333  0.33333  8     14.328     -0.0247374023
 -0.33333  0.33333  0.33333  9     19.699     -0.2603558925
 -0.33333  0.33333  0.33333 10     22.409     -0.5343228715
 -0.33333  0.33333  0.33333 11     22.409     -0.5343233699
 -0.33333  0.33333  0.33333 12     24.153     -0.7101749104
 -0.40000  0.40000  0.40000  1    -20.908      0.6582432619
 -0.40000  0.40000  0.40000  2    -14.929      0.0475322558
 -0.40000  0.40000  0.40000  3     -5.549      0.0000000000
 -0.40000  0.40000  0.40000  4     -5.549      0.0000000000
 -0.40000  0.40000  0.40000  5      7.530     -0.0000000000
 -0.40000  0.40000  0.40000  6      7.530     -0.0000000000
 -0.40000  0.40000  0.40000  7      7.577     -0.0000000000
 -0.40000  0.40000  0.40000  8     14.590     -0.0314002295
 -0.40000  0.40000  0.40000  9     20.154     -0.2708842372
 -0.40000  0.40000  0.40000 10     23.753     -0.6874725908
 -0.40000  0.40000  0.40000 11     23.810     -0.6928476011
 -0.40000  0.40000  0.40000 12     23.810     -0.6928484331
 -0.46667  0.46667  0.46667  1    -19.649      0.4710612213
 -0.46667  0.46667  0.46667  2    -16.620      0.1045590979
 -0.46667  0.46667  0.46667  3     -5.718      0.0000000000
 -0.46667  0.46667  0.46667  4     -5.718      0.0000000000
 -0.46667  0.46667  0.46667  5      7.553     -0.0000000000
 -0.46667  0.46667  0.46667  6      7.553     -0.0000000000
 -0.46667  0.46667  0.46667  7      7.652     -0.0000000000
 -0.46667  0.46667  0.46667  8     14.682     -0.0349952889
 -0.46667  0.46667  0.46667  9     20.671     -0.2816040763
 -0.46667  0.46667  0.46667 10     23.229     -0.6477382178
 -0.46667  0.46667  0.46667 11     24.987     -0.8191111059
 -0.46667  0.46667  0.46667 12     24.987     -0.8191122345
  0.00000  0.00000  0.13333  1    -25.163      1.4626769414
  0.00000  0.00000  0.13333  2     -3.381      0.0000000000
  0.00000  0.00000  0.13333  3     -3.381      0.0000000000
  0.00000  0.00000  0.13333  4     -3.180      0.0000000000
  0.00000  0.00000  0.13333  5      4.392     -0.0000000000
  0.00000  0.00000  0.13333  6      5.333     -0.0000000000
  0.00000  0.00000  0.13333  7      5.333     -0.0000000000
  0.00000  0.00000  0.13333  8     12.470     -0.0028847844
  0.00000  0.00000  0.13333  9     18.010     -0.1879505007
  0.00000  0.00000  0.13333 10     23.194     -0.6128675242
  0.00000  0.00000  0.13333 11     26.228     -1.0189656928
  0.00000  0.00000  0.13333 12     26.228     -1.0189657579
 -0.06667  0.06667  0.20000  1    -24.859      1.3987154615
 -0.06667  0.06667  0.20000  2     -4.926      0.0000000000
 -0.06667  0.06667  0.20000  3     -4.024      0.0000000000
 -0.06667  0.06667  0.20000  4     -3.400      0.0000000000
 -0.06667  0.06667  0.20000  5      4.573     -0.0000000000
 -0.06667  0.06667  0.20000  6      6.176     -0.0000000000
 -0.06667  0.06667  0.20000  7      6.203     -0.0000000000
 -0.06667  0.06667  0.20000  8     12.593     -0.0033576564
 -0.06667  0.06667  0.20000  9     18.498     -0.2146192613
 -0.06667  0.06667  0.20000 10     20.512     -0.3250040756
 -0.06667  0.06667  0.20000 11     25.877     -0.9251410626
 -0.06667  0.06667  0.20000 12     26.160     -0.9439929519
 -0.13333  0.13333  0.26667  1    -24.303      1.2799331397
 -0.13333  0.13333  0.26667  2     -7.157      0.0000000000
 -0.13333  0.13333  0.26667  3     -4.693      0.0000000000
 -0.13333  0.13333  0.26667  4     -3.894      0.0000000000
 -0.13333  0.13333  0.26667  5      5.229     -0.0000000000
 -0.13333  0.13333  0.26667  6      7.013     -0.0000000000
 -0.13333  0.13333  0.26667  7      7.109     -0.0000000000
 -0.13333  0.13333  0.26667  8     12.837     -0.0051249287
 -0.13333  0.13333  0.26667  9     19.118     -0.2494919789
 -0.13333  0.13333  0.26667 10     19.953     -0.2936532035
 -0.13333  0.13333  0.26667 11     25.502     -0.8135352380
 -0.13333  0.13333  0.26667 12     26.831     -0.9577436283
 -0.20000  0.20000  0.33333  1    -23.503      1.1186159834
 -0.20000  0.20000  0.33333  2     -9.571      0.0000124931
 -0.20000  0.20000  0.33333  3     -5.272      0.0000000000
 -0.20000  0.20000  0.33333  4     -4.525      0.0000000000
 -0.20000  0.20000  0.33333  5      5.981     -0.0000000000
 -0.20000  0.20000  0.33333  6      7.558     -0.0000000000
 -0.20000  0.20000  0.33333  7      7.789     -0.0000000000
 -0.20000  0.20000  0.33333  8     13.164     -0.0087429203
 -0.20000  0.20000  0.33333  9     19.516     -0.2674860468
 -0.20000  0.20000  0.33333 10     19.941     -0.3026424435
 -0.20000  0.20000  0.33333 11     23.092     -0.5551093520
 -0.20000  0.20000  0.33333 12     24.965     -0.7428666172
 -0.26667  0.26667  0.40000  1    -22.472      0.9259103488
 -0.26667  0.26667  0.40000  2    -11.949      0.0037307492
 -0.26667  0.26667  0.40000  3     -5.700      0.0000000000
 -0.26667  0.26667  0.40000  4     -5.143      0.0000000000
 -0.26667  0.26667  0.40000  5      6.579     -0.0000000000
 -0.26667  0.26667  0.40000  6      7.891     -0.0000000000
 -0.26667  0.26667  0.40000  7      8.139     -0.0000000000
 -0.26667  0.26667  0.40000  8     13.661     -0.0154057182
 -0.26667  0.26667  0.40000  9     19.726     -0.2670247329
 -0.26667  0.26667  0.40000 10     20.840     -0.3879729403
 -0.26667  0.26667  0.40000 11     23.688     -0.6500468241
 -0.26667  0.26667  0.40000 12     24.790     -0.7250697343
 -0.33333  0.33333  0.46667  1    -21.243      0.7119692279
 -0.33333  0.33333  0.46667  2    -14.160      0.0284208677
 -0.33333  0.33333  0.46667  3     -5.952      0.0000000000
 -0.33333  0.33333  0.46667  4     -5.671      0.0000000000
 -0.33333  0.33333  0.46667  5      6.919     -0.0000000000
 -0.33333  0.33333  0.46667  6      8.063     -0.0000000000
 -0.33333  0.33333  0.46667  7      8.196     -0.0000000000
 -0.33333  0.33333  0.46667  8     14.211     -0.0242291588
 -0.33333  0.33333  0.46667  9     19.898     -0.2603115538
 -0.33333  0.33333  0.46667 10     22.179     -0.5330742471
 -0.33333  0.33333  0.46667 11     24.495     -0.7102740011
 -0.33333  0.33333  0.46667 12     24.729     -0.7778583709
 -0.40000  0.40000  0.53333  1    -19.926      0.5062934294
 -0.40000  0.40000  0.53333  2    -16.046      0.0822846418
 -0.40000  0.40000  0.53333  3     -6.063      0.0000000000
 -0.40000  0.40000  0.53333  4     -6.018      0.0000000000
 -0.40000  0.40000  0.53333  5      7.132     -0.0000000000
 -0.40000  0.40000  0.53333  6      8.079     -0.0000000000
 -0.40000  0.40000  0.53333  7      8.136     -0.0000000000
 -0.40000  0.40000  0.53333  8     14.618     -0.0338588438
 -0.40000  0.40000  0.53333  9     20.200     -0.2589095235
 -0.40000  0.40000  0.53333 10     23.181     -0.6516591037
 -0.40000  0.40000  0.53333 11     24.608     -0.7405608454
 -0.40000  0.40000  0.53333 12     25.415     -0.8567229795
 -0.46667  0.46667  0.60000  1    -19.307      0.4269356832
 -0.46667  0.46667  0.60000  2    -16.809      0.1097677713
 -0.46667  0.46667  0.60000  3     -6.295      0.0000000000
 -0.46667  0.46667  0.60000  4     -5.901      0.0000000000
 -0.46667  0.46667  0.60000  5      7.323     -0.0000000000
 -0.46667  0.46667  0.60000  6      7.897     -0.0000000000
 -0.46667  0.46667  0.60000  7      8.139     -0.0000000000
 -0.46667  0.46667  0.60000  8     14.763     -0.0376040743
 -0.46667  0.46667  0.60000  9     20.351     -0.2591815192
 -0.46667  0.46667  0.60000 10     23.237     -0.6523434129
 -0.46667  0.46667  0.60000 11     24.845     -0.7976212148
 -0.46667  0.46667  0.60000 12     25.549     -0.8572037107
 -0.53333  0.53333  0.66667  1    -20.357      0.5711359208
 -0.53333  0.53333  0.66667  2    -15.471      0.0629385740
 -0.53333  0.53333  0.66667  3     -6.353      0.0000000000
 -0.53333  0.53333  0.66667  4     -5.613      0.0000000000
 -0.53333  0.53333  0.66667  5      7.524     -0.0000000000
 -0.53333  0.53333  0.66667  6      7.694     -0.0000000000
 -0.53333  0.53333  0.66667  7      8.075     -0.0000000000
 -0.53333  0.53333  0.66667  8     14.633     -0.0334664107
 -0.53333  0.53333  0.66667  9     20.108     -0.2601595692
 -0.53333  0.53333  0.66667 10     23.246     -0.6271899621
 -0.53333  0.53333  0.66667 11     23.512     -0.6776931888
 -0.53333  0.53333  0.66667 12     25.735     -0.8616212988
 -0.60000  0.60000  0.73333  1    -21.671      0.7847977927
 -0.60000  0.60000  0.73333  2    -13.446      0.0163307043
 -0.60000  0.60000  0.73333  3     -6.228      0.0000000000
 -0.60000  0.60000  0.73333  4     -5.170      0.0000000000
 -0.60000  0.60000  0.73333  5      7.415     -0.0000000000
 -0.60000  0.60000  0.73333  6      7.658     -0.0000000000
 -0.60000  0.60000  0.73333  7      7.939     -0.0000000000
 -0.60000  0.60000  0.73333  8     14.243     -0.0241574383
 -0.60000  0.60000  0.73333  9     19.820     -0.2619140336
 -0.60000  0.60000  0.73333 10     21.526     -0.4443811129
 -0.60000  0.60000  0.73333 11     23.448     -0.6857801341
 -0.60000  0.60000  0.73333 12     25.432     -0.7810952797
 -0.66667  0.66667  0.80000  1    -22.840      0.9930031107
 -0.66667  0.66667  0.80000  2    -11.165      0.0013188150
 -0.66667  0.66667  0.80000  3     -5.917      0.0000000000
 -0.66667  0.66667  0.80000  4     -4.603      0.0000000000
 -0.66667  0.66667  0.80000  5      6.964     -0.0000000000
 -0.66667  0.66667  0.80000  6      7.569     -0.0000000000
 -0.66667  0.66667  0.80000  7      7.720     -0.0000000000
 -0.66667  0.66667  0.80000  8     13.725     -0.0157919906
 -0.66667  0.66667  0.80000  9     19.644     -0.2674698592
 -0.66667  0.66667  0.80000 10     20.358     -0.3297441645
 -0.66667  0.66667  0.80000 11     22.897     -0.6168659969
 -0.66667  0.66667  0.80000 12     25.780     -0.7866168317
 -0.73333  0.73333  0.86667  1    -23.797      1.1773732076
 -0.73333  0.73333  0.86667  2     -8.758      0.0000000000
 -0.73333  0.73333  0.86667  3     -5.435      0.0000000000
 -0.73333  0.73333  0.86667  4     -3.970      0.0000000000
 -0.73333  0.73333  0.86667  5      6.252     -0.0000000000
 -0.73333  0.73333  0.86667  6      7.094     -0.0000000000
 -0.73333  0.73333  0.86667  7      7.315     -0.0000000000
 -0.73333  0.73333  0.86667  8     13.245     -0.0090747742
 -0.73333  0.73333  0.86667  9     19.364     -0.2606964527
 -0.73333  0.73333  0.86667 10     19.869     -0.2791265818
 -0.73333  0.73333  0.86667 11     22.376     -0.5350764263
 -0.73333  0.73333  0.86667 12     25.910     -0.8157379929
 -0.80000  0.80000  0.93333  1    -24.516      1.3248330199
 -0.80000  0.80000  0.93333  2     -6.383      0.0000000000
 -0.80000  0.80000  0.93333  3     -4.802      0.0000000000
 -0.80000  0.80000  0.93333  4     -3.363      0.0000000000
 -0.80000  0.80000  0.93333  5      5.482     -0.0000000000
 -0.80000  0.80000  0.93333  6      6.297     -0.0000000000
 -0.80000  0.80000  0.93333  7      6.704     -0.0000000000
 -0.80000  0.80000  0.93333  8     12.890     -0.0050407748
 -0.80000  0.80000  0.93333  9     18.891     -0.2368005070
 -0.80000  0.80000  0.93333 10     20.426     -0.3080945727
 -0.80000  0.80000  0.93333 11     22.485     -0.5132240813
 -0.80000  0.80000  0.93333 12     26.514     -0.9254356383
 -0.86667  0.86667  1.00000  1    -24.988      1.4255078764
 -0.86667  0.86667  1.00000  2     -4.424      0.0000000000
 -0.86667  0.86667  1.00000  3     -3.983      0.0000000000
 -0.86667  0.86667  1.00000  4     -2.959      0.0000000000
 -0.86667  0.86667  1.00000  5      4.910     -0.0000000000
 -0.86667  0.86667  1.00000  6      5.439     -0.0000000000
 -0.86667  0.86667  1.00000  7      5.842     -0.0000000000
 -0.86667  0.86667  1.00000  8     12.635     -0.0033774786
 -0.86667  0.86667  1.00000  9     18.288     -0.2034527231
 -0.86667  0.86667  1.00000 10     23.219     -0.5964503952
 -0.86667  0.86667  1.00000 11     24.849     -0.7778021854
 -0.86667  0.86667  1.00000 12     26.869     -1.0856134512
  0.00000  0.00000  0.26667  1    -24.646      1.3511782747
  0.00000  0.00000  0.26667  2     -4.728      0.0000000000
  0.00000  0.00000  0.26667  3     -4.728      0.0000000000
  0.00000  0.00000  0.26667  4     -4.379      0.0000000000
  0.00000  0.00000  0.26667  5      3.992     -0.0000000000
  0.00000  0.00000  0.26667  6      7.157     -0.0000000000
  0.00000  0.00000  0.26667  7      7.157     -0.0000000000
  0.00000  0.00000  0.26667  8     12.263     -0.0026381958
  0.00000  0.00000  0.26667  9     18.883     -0.2366927524
  0.00000  0.00000  0.26667 10     19.692     -0.2732021405
  0.00000  0.00000  0.26667 11     29.848     -1.4371838399
  0.00000  0.00000  0.26667 12     29.848     -1.4371858733
 -0.06667  0.06667  0.33333  1    -24.178      1.2566960792
 -0.06667  0.06667  0.33333  2     -6.459      0.0000000000
 -0.06667  0.06667  0.33333  3     -5.429      0.0000000000
 -0.06667  0.06667  0.33333  4     -4.675      0.0000000000
 -0.06667  0.06667  0.33333  5      4.112     -0.0000000000
 -0.06667  0.06667  0.33333  6      8.101     -0.0000000000
 -0.06667  0.06667  0.33333  7      8.153     -0.0000000000
 -0.06667  0.06667  0.33333  8     11.836     -0.0018496803
 -0.06667  0.06667  0.33333  9     19.235     -0.2539802013
 -0.06667  0.06667  0.33333 10     19.487     -0.2725880367
 -0.06667  0.06667  0.33333 11     29.517     -1.2302220379
 -0.06667  0.06667  0.33333 12     29.940     -1.3497855261
 -0.13333  0.13333  0.40000  1    -23.461      1.1133117955
 -0.13333  0.13333  0.40000  2     -8.682      0.0000000000
 -0.13333  0.13333  0.40000  3     -6.017      0.0000000000
 -0.13333  0.13333  0.40000  4     -5.203      0.0000000000
 -0.13333  0.13333  0.40000  5      4.744     -0.0000000000
 -0.13333  0.13333  0.40000  6      8.782     -0.0000000104
 -0.13333  0.13333  0.40000  7      8.965     -0.0000003691
 -0.13333  0.13333  0.40000  8     11.580     -0.0016380856
 -0.13333  0.13333  0.40000  9     19.518     -0.2846569360
 -0.13333  0.13333  0.40000 10     20.028     -0.3068980742
 -0.13333  0.13333  0.40000 11     28.758     -1.0771575904
 -0.13333  0.13333  0.40000 12     29.222     -1.1782702084
 -0.20000  0.20000  0.46667  1    -22.510      0.9326063805
 -0.20000  0.20000  0.46667  2    -10.990      0.0009360851
 -0.20000  0.20000  0.46667  3     -6.433      0.0000000000
 -0.20000  0.20000  0.46667  4     -5.884      0.0000000000
 -0.20000  0.20000  0.46667  5      5.443     -0.0000000000
 -0.20000  0.20000  0.46667  6      9.160     -0.0000000394
 -0.20000  0.20000  0.46667  7      9.442     -0.0000012587
 -0.20000  0.20000  0.46667  8     11.785     -0.0025033549
 -0.20000  0.20000  0.46667  9     20.048     -0.3060818994
 -0.20000  0.20000  0.46667 10     20.269     -0.3397843684
 -0.20000  0.20000  0.46667 11     26.432     -0.8179180552
 -0.20000  0.20000  0.46667 12     28.708     -1.0947059731
 -0.26667  0.26667  0.53333  1    -21.347      0.7255047283
 -0.26667  0.26667  0.53333  2    -13.210      0.0123429940
 -0.26667  0.26667  0.53333  3     -6.653      0.0000000000
 -0.26667  0.26667  0.53333  4     -6.560      0.0000000000
 -0.26667  0.26667  0.53333  5      5.939     -0.0000000000
 -0.26667  0.26667  0.53333  6      9.352     -0.0000000043
 -0.26667  0.26667  0.53333  7      9.483     -0.0000005224
 -0.26667  0.26667  0.53333  8     12.565     -0.0064843553
 -0.26667  0.26667  0.53333  9     19.849     -0.2691536469
 -0.26667  0.26667  0.53333 10     21.409     -0.4549661938
 -0.26667  0.26667  0.53333 11     25.900     -0.8667482710
 -0.26667  0.26667  0.53333 12     25.902     -0.7722682313
 -0.33333  0.33333  0.60000  1    -20.044      0.5184397004
 -0.33333  0.33333  0.60000  2    -15.198      0.0523358393
 -0.33333  0.33333  0.60000  3     -7.139      0.0000000000
 -0.33333  0.33333  0.60000  4     -6.668      0.0000000000
 -0.33333  0.33333  0.60000  5      6.270     -0.0000000000
 -0.33333  0.33333  0.60000  6      9.314     -0.0000000000
 -0.33333  0.33333  0.60000  7      9.434     -0.0000000002
 -0.33333  0.33333  0.60000  8     13.739     -0.0190528982
 -0.33333  0.33333  0.60000  9     19.599     -0.2341798497
 -0.33333  0.33333  0.60000 10     22.702     -0.5996094261
 -0.33333  0.33333  0.60000 11     25.801     -0.7817770281
 -0.33333  0.33333  0.60000 12     26.073     -0.9017279501
 -0.40000  0.40000  0.66667  1    -19.011      0.3882319716
 -0.40000  0.40000  0.66667  2    -16.506      0.0952446517
 -0.40000  0.40000  0.66667  3     -7.572      0.0000000000
 -0.40000  0.40000  0.66667  4     -6.483      0.0000000000
 -0.40000  0.40000  0.66667  5      6.569     -0.0000000000
 -0.40000  0.40000  0.66667  6      9.011     -0.0000000000
 -0.40000  0.40000  0.66667  7      9.476     -0.0000002622
 -0.40000  0.40000  0.66667  8     14.634     -0.0367567435
 -0.40000  0.40000  0.66667  9     19.287     -0.2013854820
 -0.40000  0.40000  0.66667 10     23.356     -0.6618200768
 -0.40000  0.40000  0.66667 11     24.990     -0.7938541923
 -0.40000  0.40000  0.66667 12     26.476     -0.8752790713
 -0.46667  0.46667  0.73333  1    -19.622      0.4628299824
 -0.46667  0.46667  0.73333  2    -15.749      0.0699309645
 -0.46667  0.46667  0.73333  3     -7.828      0.0000000000
 -0.46667  0.46667  0.73333  4     -6.113      0.0000000000
 -0.46667  0.46667  0.73333  5      6.925     -0.0000000000
 -0.46667  0.46667  0.73333  6      8.646     -0.0000000000
 -0.46667  0.46667  0.73333  7      9.401     -0.0000007580
 -0.46667  0.46667  0.73333  8     14.760     -0.0384234679
 -0.46667  0.46667  0.73333  9     19.261     -0.2045251737
 -0.46667  0.46667  0.73333 10     23.055     -0.5940703504
 -0.46667  0.46667  0.73333 11     23.607     -0.6844456765
 -0.46667  0.46667  0.73333 12     27.521     -0.9805873784
 -0.53333  0.53333  0.80000  1    -20.924      0.6596785185
 -0.53333  0.53333  0.80000  2    -13.885      0.0221611459
 -0.53333  0.53333  0.80000  3     -7.886      0.0000000000
 -0.53333  0.53333  0.80000  4     -5.584      0.0000000000
 -0.53333  0.53333  0.80000  5      7.316     -0.0000000000
 -0.53333  0.53333  0.80000  6      8.195     -0.0000000000
 -0.53333  0.53333  0.80000  7      9.241     -0.0000006935
 -0.53333  0.53333  0.80000  8     14.154     -0.0242418235
 -0.53333  0.53333  0.80000  9     19.535     -0.2386038768
 -0.53333  0.53333  0.80000 10     21.101     -0.3963314540
 -0.53333  0.53333  0.80000 11     23.638     -0.7015395449
 -0.53333  0.53333  0.80000 12     28.296     -1.0286287673
 -0.60000  0.60000  0.86667  1    -22.144      0.8653760104
 -0.60000  0.60000  0.86667  2    -11.717      0.0026631309
 -0.60000  0.60000  0.86667  3     -7.733      0.0000000000
 -0.60000  0.60000  0.86667  4     -4.940      0.0000000000
 -0.60000  0.60000  0.86667  5      7.587     -0.0000000000
 -0.60000  0.60000  0.86667  6      7.631     -0.0000000000
 -0.60000  0.60000  0.86667  7      8.904     -0.0000000000
 -0.60000  0.60000  0.86667  8     13.373     -0.0123985157
 -0.60000  0.60000  0.86667  9     19.710     -0.2737839050
 -0.60000  0.60000  0.86667 10     19.803     -0.2744939569
 -0.60000  0.60000  0.86667 11     23.239     -0.6759298747
 -0.60000  0.60000  0.86667 12     28.824     -1.0436733481
 -0.66667  0.66667  0.93333  1    -23.170      1.0573378941
 -0.66667  0.66667  0.93333  2     -9.435      0.0000058886
 -0.66667  0.66667  0.93333  3     -7.346      0.0000000000
 -0.66667  0.66667  0.93333  4     -4.260      0.0000000000
 -0.66667  0.66667  0.93333  5      6.764     -0.0000000000
 -0.66667  0.66667  0.93333  6      7.682     -0.0000000000
 -0.66667  0.66667  0.93333  7      8.222     -0.0000000000
 -0.66667  0.66667  0.93333  8     12.901     -0.0074252811
 -0.66667  0.66667  0.93333  9     19.034     -0.2188642847
 -0.66667  0.66667  0.93333 10     19.744     -0.2829799403
 -0.66667  0.66667  0.93333 11     22.622     -0.6025671725
 -0.66667  0.66667  0.93333 12     29.258     -1.1097050982
 -0.73333  0.73333  1.00000  1    -23.965      1.2145357074
 -0.73333  0.73333  1.00000  2     -7.412      0.0000000000
 -0.73333  0.73333  1.00000  3     -6.517      0.0000000000
 -0.73333  0.73333  1.00000  4     -3.670      0.0000000000
 -0.73333  0.73333  1.00000  5      5.974     -0.0000000000
 -0.73333  0.73333  1.00000  6      7.256     -0.0000000000
 -0.73333  0.73333  1.00000  7      7.388     -0.0000000000
 -0.73333  0.73333  1.00000  8     12.841     -0.0059373029
 -0.73333  0.73333  1.00000  9     19.409     -0.2385760903
 -0.73333  0.73333  1.00000 10     19.417     -0.2677000520
 -0.73333  0.73333  1.00000 11     22.278     -0.5390994177
 -0.73333  0.73333  1.00000 12     29.311     -1.2675543835
  0.00000  0.00000  0.40000  1    -23.797      1.1825102493
  0.00000  0.00000  0.40000  2     -6.161      0.0000000000
  0.00000  0.00000  0.40000  3     -6.161      0.0000000000
  0.00000  0.00000  0.40000  4     -6.123      0.0000000000
  0.00000  0.00000  0.40000  5      3.492     -0.0000000000
  0.00000  0.00000  0.40000  6      9.278     -0.0000042846
  0.00000  0.00000  0.40000  7      9.278     -0.0000042846
  0.00000  0.00000  0.40000  8     10.712     -0.0003982717
  0.00000  0.00000  0.40000  9     18.998     -0.2477591634
  0.00000  0.00000  0.40000 10     20.040     -0.3066852359
  0.00000  0.00000  0.40000 11     32.333     -1.6294290366
  0.00000  0.00000  0.40000 12     32.333     -1.6294322691
 -0.06667  0.06667  0.46667  1    -23.167      1.0556589294
 -0.06667  0.06667  0.46667  2     -8.005      0.0000000000
 -0.06667  0.06667  0.46667  3     -6.775      0.0000000000
 -0.06667  0.06667  0.46667  4     -6.379      0.0000000000
 -0.06667  0.06667  0.46667  5      3.627     -0.0000000000
 -0.06667  0.06667  0.46667  6      9.855     -0.0000949988
 -0.06667  0.06667  0.46667  7     10.205     -0.0000410315
 -0.06667  0.06667  0.46667  8     10.255     -0.0000475320
 -0.06667  0.06667  0.46667  9     19.350     -0.2813578293
 -0.06667  0.06667  0.46667 10     20.597     -0.3447194116
 -0.06667  0.06667  0.46667 11     32.071     -1.4626057699
 -0.06667  0.06667  0.46667 12     32.397     -1.5301463474
 -0.13333  0.13333  0.53333  1    -22.301      0.8880267500
 -0.13333  0.13333  0.53333  2    -10.077      0.0002465149
 -0.13333  0.13333  0.53333  3     -7.210      0.0000000000
 -0.13333  0.13333  0.53333  4     -7.021      0.0000000000
 -0.13333  0.13333  0.53333  5      4.265     -0.0000000000
 -0.13333  0.13333  0.53333  6      9.580     -0.0000479922
 -0.13333  0.13333  0.53333  7     10.779     -0.0001795768
 -0.13333  0.13333  0.53333  8     10.912     -0.0002576172
 -0.13333  0.13333  0.53333  9     20.146     -0.3538946535
 -0.13333  0.13333  0.53333 10     20.867     -0.3631078370
 -0.13333  0.13333  0.53333 11     31.283     -1.3052492047
 -0.13333  0.13333  0.53333 12     31.380     -1.3321542857
 -0.20000  0.20000  0.60000  1    -21.216      0.6954532460
 -0.20000  0.20000  0.60000  2    -12.187      0.0040777830
 -0.20000  0.20000  0.60000  3     -7.806      0.0000000000
 -0.20000  0.20000  0.60000  4     -7.440      0.0000000000
 -0.20000  0.20000  0.60000  5      4.896     -0.0000000000
 -0.20000  0.20000  0.60000  6     10.145     -0.0001642423
 -0.20000  0.20000  0.60000  7     11.075     -0.0003689642
 -0.20000  0.20000  0.60000  8     11.176     -0.0004772905
 -0.20000  0.20000  0.60000  9     20.533     -0.3445282640
 -0.20000  0.20000  0.60000 10     21.288     -0.4454421697
 -0.20000  0.20000  0.60000 11     30.030     -1.1720631292
 -0.20000  0.20000  0.60000 12     30.670     -1.2172481506
 -0.26667  0.26667  0.66667  1    -19.960      0.4998923779
 -0.26667  0.26667  0.66667  2    -14.175      0.0250598455
 -0.26667  0.26667  0.66667  3     -8.551      0.0000000000
 -0.26667  0.26667  0.66667  4     -7.453      0.0000000000
 -0.26667  0.26667  0.66667  5      5.312     -0.0000000000
 -0.26667  0.26667  0.66667  6     11.091     -0.0004213313
 -0.26667  0.26667  0.66667  7     11.176     -0.0004168721
 -0.26667  0.26667  0.66667  8     11.509     -0.0024265437
 -0.26667  0.26667  0.66667  9     19.742     -0.2651411664
 -0.26667  0.26667  0.66667 10     22.375     -0.5573749804
 -0.26667  0.26667  0.66667 11     28.225     -1.0359772929
 -0.26667  0.26667  0.66667 12     30.419     -1.2042960877
 -0.33333  0.33333  0.73333  1    -18.746      0.3496540076
 -0.33333  0.33333  0.73333  2    -15.763      0.0668262702
 -0.33333  0.33333  0.73333  3     -9.163      0.0000002358
 -0.33333  0.33333  0.73333  4     -7.252      0.0000000000
 -0.33333  0.33333  0.73333  5      5.646     -0.0000000000
 -0.33333  0.33333  0.73333  6     10.617     -0.0001964024
 -0.33333  0.33333  0.73333  7     11.202     -0.0004612893
 -0.33333  0.33333  0.73333  8     13.331     -0.0155642985
 -0.33333  0.33333  0.73333  9     18.595     -0.1769013692
 -0.33333  0.33333  0.73333 10     23.300     -0.6486223280
 -0.33333  0.33333  0.73333 11     25.451     -0.8095343851
 -0.33333  0.33333  0.73333 12     28.264     -0.9751709290
 -0.40000  0.40000  0.80000  1    -18.761      0.3479533049
 -0.40000  0.40000  0.80000  2    -15.730      0.0667768237
 -0.40000  0.40000  0.80000  3     -9.590      0.0000008639
 -0.40000  0.40000  0.80000  4     -6.851      0.0000000000
 -0.40000  0.40000  0.80000  5      6.068     -0.0000000000
 -0.40000  0.40000  0.80000  6     10.128     -0.0000856520
 -0.40000  0.40000  0.80000  7     11.131     -0.0004246621
 -0.40000  0.40000  0.80000  8     14.574     -0.0368507829
 -0.40000  0.40000  0.80000  9     17.770     -0.1294579240
 -0.40000  0.40000  0.80000 10     23.257     -0.5964261373
 -0.40000  0.40000  0.80000 11     23.782     -0.6933706281
 -0.40000  0.40000  0.80000 12     29.110     -1.0779643006
 -0.46667  0.46667  0.86667  1    -19.975      0.5124064634
 -0.46667  0.46667  0.86667  2    -14.104      0.0248430949
 -0.46667  0.46667  0.86667  3     -9.802      0.0000011128
 -0.46667  0.46667  0.86667  4     -6.280      0.0000000000
 -0.46667  0.46667  0.86667  5      6.594     -0.0000000000
 -0.46667  0.46667  0.86667  6      9.498     -0.0000153314
 -0.46667  0.46667  0.86667  7     10.960     -0.0003813114
 -0.46667  0.46667  0.86667  8     14.184     -0.0262669218
 -0.46667  0.46667  0.86667  9     18.313     -0.1650266018
 -0.46667  0.46667  0.86667 10     21.170     -0.3944867849
 -0.46667  0.46667  0.86667 11     23.913     -0.7139871222
 -0.46667  0.46667  0.86667 12     30.270     -1.1926317432
 -0.53333  0.53333  0.93333  1    -21.224      0.7090907836
 -0.53333  0.53333  0.93333  2    -12.104      0.0040390867
 -0.53333  0.53333  0.93333  3     -9.752      0.0000031509
 -0.53333  0.53333  0.93333  4     -5.588      0.0000000000
 -0.53333  0.53333  0.93333  5      7.165     -0.0000000000
 -0.53333  0.53333  0.93333  6      8.683     -0.0000000000
 -0.53333  0.53333  0.93333  7     10.522     -0.0002013295
 -0.53333  0.53333  0.93333  8     13.185     -0.0112220748
 -0.53333  0.53333  0.93333  9     19.317     -0.2365959992
 -0.53333  0.53333  0.93333 10     19.658     -0.2682267472
 -0.53333  0.53333  0.93333 11     23.669     -0.7086493498
 -0.53333  0.53333  0.93333 12     31.504     -1.3042950580
 -0.60000  0.60000  1.00000  1    -22.306      0.8935155328
 -0.60000  0.60000  1.00000  2    -10.271      0.0002700246
 -0.60000  0.60000  1.00000  3     -9.155      0.0000000084
 -0.60000  0.60000  1.00000  4     -4.867      0.0000000000
 -0.60000  0.60000  1.00000  5      7.587     -0.0000000000
 -0.60000  0.60000  1.00000  6      7.664     -0.0000000000
 -0.60000  0.60000  1.00000  7      9.515     -0.0000031091
 -0.60000  0.60000  1.00000  8     12.735     -0.0069384808
 -0.60000  0.60000  1.00000  9     18.818     -0.2068853291
 -0.60000  0.60000  1.00000 10     19.779     -0.2802512949
 -0.60000  0.60000  1.00000 11     23.115     -0.6642107304
 -0.60000  0.60000  1.00000 12     31.899     -1.3485623345
  0.00000  0.00000  0.53333  1    -22.626      0.9444180637
  0.00000  0.00000  0.53333  2     -8.215      0.0000000000
  0.00000  0.00000  0.53333  3     -7.423      0.0000000000
  0.00000  0.00000  0.53333  4     -7.423      0.0000000000
  0.00000  0.00000  0.53333  5      3.053     -0.0000000000
  0.00000  0.00000  0.53333  6      8.489     -0.0000001773
  0.00000  0.00000  0.53333  7     11.438     -0.0008892116
  0.00000  0.00000  0.53333  8     11.438     -0.0008892169
  0.00000  0.00000  0.53333  9     19.572     -0.3052430812
  0.00000  0.00000  0.53333 10     21.201     -0.3885239797
  0.00000  0.00000  0.53333 11     34.280     -1.6268048508
  0.00000  0.00000  0.53333 12     34.280     -1.6268070439
 -0.06667  0.06667  0.60000  1    -21.848      0.7949079784
 -0.06667  0.06667  0.60000  2     -9.702      0.0001356571
 -0.06667  0.06667  0.60000  3     -8.014      0.0000000000
 -0.06667  0.06667  0.60000  4     -7.896      0.0000000000
 -0.06667  0.06667  0.60000  5      3.255     -0.0000000000
 -0.06667  0.06667  0.60000  6      7.699     -0.0000000000
 -0.06667  0.06667  0.60000  7     12.294     -0.0031078421
 -0.06667  0.06667  0.60000  8     12.325     -0.0032386889
 -0.06667  0.06667  0.60000  9     20.161     -0.3593056038
 -0.06667  0.06667  0.60000 10     21.563     -0.4179417599
 -0.06667  0.06667  0.60000 11     33.660     -1.5019365643
 -0.06667  0.06667  0.60000 12     33.868     -1.5238292871
 -0.13333  0.13333  0.66667  1    -20.849      0.6274908241
 -0.13333  0.13333  0.66667  2    -11.437      0.0019761098
 -0.13333  0.13333  0.66667  3     -8.910      0.0000022827
 -0.13333  0.13333  0.66667  4     -8.160      0.0000000000
 -0.13333  0.13333  0.66667  5      3.900     -0.0000000000
 -0.13333  0.13333  0.66667  6      7.755     -0.0000000000
 -0.13333  0.13333  0.66667  7     12.767     -0.0051848598
 -0.13333  0.13333  0.66667  8     12.803     -0.0053036890
 -0.13333  0.13333  0.66667  9     20.846     -0.4168161213
 -0.13333  0.13333  0.66667 10     21.555     -0.4273510807
 -0.13333  0.13333  0.66667 11     31.839     -1.2897046918
 -0.13333  0.13333  0.66667 12     33.050     -1.4176004831
 -0.20000  0.20000  0.73333  1    -19.659      0.4520958073
 -0.20000  0.20000  0.73333  2    -13.213      0.0106368113
 -0.20000  0.20000  0.73333  3     -9.872      0.0000565209
 -0.20000  0.20000  0.73333  4     -8.202      0.0000000000
 -0.20000  0.20000  0.73333  5      4.420     -0.0000000000
 -0.20000  0.20000  0.73333  6      8.876     -0.0000000000
 -0.20000  0.20000  0.73333  7     12.862     -0.0054673036
 -0.20000  0.20000  0.73333  8     12.971     -0.0064527887
 -0.20000  0.20000  0.73333  9     20.249     -0.3246159847
 -0.20000  0.20000  0.73333 10     22.234     -0.5315597322
 -0.20000  0.20000  0.73333 11     29.522     -1.0879341820
 -0.20000  0.20000  0.73333 12     32.586     -1.3820802370
 -0.26667  0.26667  0.80000  1    -18.400      0.3038190911
 -0.26667  0.26667  0.80000  2    -14.822      0.0379419616
 -0.26667  0.26667  0.80000  3    -10.702      0.0002567934
 -0.26667  0.26667  0.80000  4     -8.020      0.0000000000
 -0.26667  0.26667  0.80000  5      4.793     -0.0000000000
 -0.26667  0.26667  0.80000  6     10.759     -0.0008607529
 -0.26667  0.26667  0.80000  7     12.567     -0.0039579079
 -0.26667  0.26667  0.80000  8     13.028     -0.0072789577
 -0.26667  0.26667  0.80000  9     18.783     -0.2054427249
 -0.26667  0.26667  0.80000 10     23.129     -0.6207286511
 -0.26667  0.26667  0.80000 11     26.896     -0.8796596455
 -0.26667  0.26667  0.80000 12     32.621     -1.4240821227
 -0.33333  0.33333  0.86667  1    -17.859      0.2499933628
 -0.33333  0.33333  0.86667  2    -15.410      0.0551203214
 -0.33333  0.33333  0.86667  3    -11.313      0.0006139534
 -0.33333  0.33333  0.86667  4     -7.628      0.0000000000
 -0.33333  0.33333  0.86667  5      5.231     -0.0000000000
 -0.33333  0.33333  0.86667  6     11.980     -0.0024312254
 -0.33333  0.33333  0.86667  7     12.925     -0.0101954363
 -0.33333  0.33333  0.86667  8     13.176     -0.0116546528
 -0.33333  0.33333  0.86667  9     17.099     -0.1071556313
 -0.33333  0.33333  0.86667 10     23.805     -0.6876311217
 -0.33333  0.33333  0.86667 11     24.275     -0.6585173692
 -0.33333  0.33333  0.86667 12     33.333     -1.5624885839
 -0.40000  0.40000  0.93333  1    -18.860      0.3508098241
 -0.40000  0.40000  0.93333  2    -14.155      0.0255519411
 -0.40000  0.40000  0.93333  3    -11.643      0.0011250888
 -0.40000  0.40000  0.93333  4     -7.052      0.0000000000
 -0.40000  0.40000  0.93333  5      5.807     -0.0000000000
 -0.40000  0.40000  0.93333  6     11.123     -0.0008212974
 -0.40000  0.40000  0.93333  7     12.860     -0.0073803316
 -0.40000  0.40000  0.93333  8     14.211     -0.0284717941
 -0.40000  0.40000  0.93333  9     16.433     -0.0789006391
 -0.40000  0.40000  0.93333 10     22.073     -0.4639861495
 -0.40000  0.40000  0.93333 11     24.131     -0.7264901714
 -0.40000  0.40000  0.93333 12     33.614     -1.5862952807
 -0.46667  0.46667  1.00000  1    -20.106      0.5309128067
 -0.46667  0.46667  1.00000  2    -12.655      0.0074705282
 -0.46667  0.46667  1.00000  3    -11.379      0.0006208561
 -0.46667  0.46667  1.00000  4     -6.342      0.0000000000
 -0.46667  0.46667  1.00000  5      6.502     -0.0000000000
 -0.46667  0.46667  1.00000  6     10.010     -0.0000941399
 -0.46667  0.46667  1.00000  7     12.177     -0.0031262198
 -0.46667  0.46667  1.00000  8     13.322     -0.0134648670
 -0.46667  0.46667  1.00000  9     18.053     -0.1569169952
 -0.46667  0.46667  1.00000 10     20.555     -0.3359257551
 -0.46667  0.46667  1.00000 11     24.082     -0.7346931056
 -0.46667  0.46667  1.00000 12     33.834     -1.6041087455
  0.00000  0.00000  0.66667  1    -21.160      0.6729822361
  0.00000  0.00000  0.66667  2    -10.521      0.0007089126
  0.00000  0.00000  0.66667  3     -8.415      0.0000000886
  0.00000  0.00000  0.66667  4     -8.415      0.0000000886
  0.00000  0.00000  0.66667  5      2.782     -0.0000000000
  0.00000  0.00000  0.66667  6      6.431     -0.0000000000
  0.00000  0.00000  0.66667  7     13.470     -0.0099170323
  0.00000  0.00000  0.66667  8     13.470     -0.0099170545
  0.00000  0.00000  0.66667  9     20.469     -0.3892802247
  0.00000  0.00000  0.66667 10     22.088     -0.4633127042
  0.00000  0.00000  0.66667 11     34.254     -1.5101895066
  0.00000  0.00000  0.66667 12     34.254     -1.5101903291
 -0.06667  0.06667  0.73333  1    -20.247      0.5299896559
 -0.06667  0.06667  0.73333  2    -11.794      0.0032733046
 -0.06667  0.06667  0.73333  3     -9.122      0.0000102028
 -0.06667  0.06667  0.73333  4     -8.727      0.0000013096
 -0.06667  0.06667  0.73333  5      3.081     -0.0000000000
 -0.06667  0.06667  0.73333  6      5.906     -0.0000000000
 -0.06667  0.06667  0.73333  7     14.199     -0.0174368224
 -0.06667  0.06667  0.73333  8     14.199     -0.0171873622
 -0.06667  0.06667  0.73333  9     21.008     -0.4402308292
 -0.06667  0.06667  0.73333 10     22.160     -0.4737374976
 -0.06667  0.06667  0.73333 11     33.038     -1.3764406899
 -0.06667  0.06667  0.73333 12     33.647     -1.4389649463
 -0.13333  0.13333  0.80000  1    -19.133      0.3820550437
 -0.13333  0.13333  0.80000  2    -13.094      0.0093806794
 -0.13333  0.13333  0.80000  3    -10.293      0.0001735617
 -0.13333  0.13333  0.80000  4     -8.814      0.0000013871
 -0.13333  0.13333  0.80000  5      3.691     -0.0000000000
 -0.13333  0.13333  0.80000  6      6.429     -0.0000000000
 -0.13333  0.13333  0.80000  7     14.449     -0.0207086812
 -0.13333  0.13333  0.80000  8     14.540     -0.0237874220
 -0.13333  0.13333  0.80000  9     20.933     -0.4022286884
 -0.13333  0.13333  0.80000 10     22.224     -0.5162292808
 -0.13333  0.13333  0.80000 11     30.856     -1.1544227686
 -0.13333  0.13333  0.80000 12     33.325     -1.4151196074
 -0.20000  0.20000  0.86667  1    -17.896      0.2482044048
 -0.20000  0.20000  0.86667  2    -14.339      0.0274494475
 -0.20000  0.20000  0.86667  3    -11.524      0.0009028673
 -0.20000  0.20000  0.86667  4     -8.674      0.0000000684
 -0.20000  0.20000  0.86667  5      4.094     -0.0000000000
 -0.20000  0.20000  0.86667  6      8.116     -0.0000000000
 -0.20000  0.20000  0.86667  7     14.230     -0.0179327216
 -0.20000  0.20000  0.86667  8     14.637     -0.0286012532
 -0.20000  0.20000  0.86667  9     19.502     -0.2693521174
 -0.20000  0.20000  0.86667 10     22.922     -0.5925642849
 -0.20000  0.20000  0.86667 11     28.267     -0.9347270005
 -0.20000  0.20000  0.86667 12     33.502     -1.4710859500
 -0.26667  0.26667  0.93333  1    -17.008      0.1709253809
 -0.26667  0.26667  0.93333  2    -15.123      0.0507661380
 -0.26667  0.26667  0.93333  3    -12.470      0.0029363044
 -0.26667  0.26667  0.93333  4     -8.313      0.0000000000
 -0.26667  0.26667  0.93333  5      4.505     -0.0000000000
 -0.26667  0.26667  0.93333  6     10.402     -0.0004099260
 -0.26667  0.26667  0.93333  7     13.574     -0.0107785375
 -0.26667  0.26667  0.93333  8     14.595     -0.0314360190
 -0.26667  0.26667  0.93333  9     17.593     -0.1368250209
 -0.26667  0.26667  0.93333 10     23.569     -0.6551405317
 -0.26667  0.26667  0.93333 11     25.689     -0.7394721744
 -0.26667  0.26667  0.93333 12     33.829     -1.5444705804
 -0.33333  0.33333  1.00000  1    -17.684      0.2245155276
 -0.33333  0.33333  1.00000  2    -14.468      0.0343311523
 -0.33333  0.33333  1.00000  3    -12.759      0.0042143463
 -0.33333  0.33333  1.00000  4     -7.757      0.0000000000
 -0.33333  0.33333  1.00000  5      5.075     -0.0000000000
 -0.33333  0.33333  1.00000  6     12.512     -0.0046132361
 -0.33333  0.33333  1.00000  7     12.972     -0.0140663573
 -0.33333  0.33333  1.00000  8     14.351     -0.0293355005
 -0.33333  0.33333  1.00000  9     15.857     -0.0562802402
 -0.33333  0.33333  1.00000 10     23.541     -0.5792093186
 -0.33333  0.33333  1.00000 11     23.991     -0.7019223687
 -0.33333  0.33333  1.00000 12     34.260     -1.6462899834
  0.00000  0.00000  0.80000  1    -19.419      0.4164287389
  0.00000  0.00000  0.80000  2    -12.910      0.0080510400
  0.00000  0.00000  0.80000  3     -9.093      0.0000110062
  0.00000  0.00000  0.80000  4     -9.093      0.0000110062
  0.00000  0.00000  0.80000  5      2.746     -0.0000000000
  0.00000  0.00000  0.80000  6      4.837     -0.0000000000
  0.00000  0.00000  0.80000  7     15.176     -0.0323951723
  0.00000  0.00000  0.80000  8     15.176     -0.0323951837
  0.00000  0.00000  0.80000  9     21.332     -0.4699438844
  0.00000  0.00000  0.80000 10     22.518     -0.5133900019
  0.00000  0.00000  0.80000 11     33.048     -1.3604662501
  0.00000  0.00000  0.80000 12     33.048     -1.3604660901
 -0.06667  0.06667  0.86667  1    -18.386      0.2961004092
 -0.06667  0.06667  0.86667  2    -14.075      0.0194930759
 -0.06667  0.06667  0.86667  3     -9.727      0.0000758758
 -0.06667  0.06667  0.86667  4     -9.235      0.0000166739
 -0.06667  0.06667  0.86667  5      3.160     -0.0000000000
 -0.06667  0.06667  0.86667  6      4.611     -0.0000000000
 -0.06667  0.06667  0.86667  7     15.618     -0.0439460273
 -0.06667  0.06667  0.86667  8     15.658     -0.0461295554
 -0.06667  0.06667  0.86667  9     21.609     -0.4817091646
 -0.06667  0.06667  0.86667 10     22.368     -0.5158700820
 -0.06667  0.06667  0.86667 11     31.838     -1.2142842626
 -0.06667  0.06667  0.86667 12     32.701     -1.3228559459
 -0.13333  0.13333  0.93333  1    -17.200      0.1819570258
 -0.13333  0.13333  0.93333  2    -15.115      0.0495278341
 -0.13333  0.13333  0.93333  3    -10.906      0.0005501535
 -0.13333  0.13333  0.93333  4     -9.147      0.0000091562
 -0.13333  0.13333  0.93333  5      3.625     -0.0000000000
 -0.13333  0.13333  0.93333  6      5.717     -0.0000000000
 -0.13333  0.13333  0.93333  7     15.486     -0.0433489978
 -0.13333  0.13333  0.93333  8     15.735     -0.0547600816
 -0.13333  0.13333  0.93333  9     20.628     -0.3728295021
 -0.13333  0.13333  0.93333 10     22.676     -0.5653215585
 -0.13333  0.13333  0.93333 11     29.848     -1.0180686689
 -0.13333  0.13333  0.93333 12     33.075     -1.3958855719
 -0.20000  0.20000  1.00000  1    -16.321      0.1173563332
 -0.20000  0.20000  1.00000  2    -15.680      0.0770005538
 -0.20000  0.20000  1.00000  3    -12.113      0.0018864965
 -0.20000  0.20000  1.00000  4     -8.833      0.0000000572
 -0.20000  0.20000  1.00000  5      3.978     -0.0000000000
 -0.20000  0.20000  1.00000  6      7.870     -0.0000000000
 -0.20000  0.20000  1.00000  7     14.789     -0.0269528204
 -0.20000  0.20000  1.00000  8     15.450     -0.0515609906
 -0.20000  0.20000  1.00000  9     18.977     -0.2321846352
 -0.20000  0.20000  1.00000 10     23.176     -0.6129235002
 -0.20000  0.20000  1.00000 11     27.636     -0.8604417891
 -0.20000  0.20000  1.00000 12     33.709     -1.5009376125
  0.00000  0.00000  0.93333  1    -17.433      0.2013675129
  0.00000  0.00000  0.93333  2    -15.246      0.0528702040
  0.00000  0.00000  0.93333  3     -9.436      0.0000393079
  0.00000  0.00000  0.93333  4     -9.436      0.0000393078
  0.00000  0.00000  0.93333  5      3.038     -0.0000000000
  0.00000  0.00000  0.93333  6      3.723     -0.0000000000
  0.00000  0.00000  0.93333  7     16.214     -0.0653160291
  0.00000  0.00000  0.93333  8     16.214     -0.0653160286
  0.00000  0.00000  0.93333  9     22.036     -0.5195038907
  0.00000  0.00000  0.93333 10     22.468     -0.5329891330
  0.00000  0.00000  0.93333 11     32.019     -1.2155589246
  0.00000  0.00000  0.93333 12     32.019     -1.2155588901
 -0.06667  0.06667  1.00000  1    -16.332      0.1146153433
 -0.06667  0.06667  1.00000  2    -16.286      0.1115782995
 -0.06667  0.06667  1.00000  3     -9.921      0.0001320669
 -0.06667  0.06667  1.00000  4     -9.406      0.0000349119
 -0.06667  0.06667  1.00000  5      3.404     -0.0000000000
 -0.06667  0.06667  1.00000  6      3.966     -0.0000000000
 -0.06667  0.06667  1.00000  7     16.170     -0.0664940580
 -0.06667  0.06667  1.00000  8     16.237     -0.0695157891
 -0.06667  0.06667  1.00000  9     21.797     -0.4821362381
 -0.06667  0.06667  1.00000 10     22.414     -0.5416848228
 -0.06667  0.06667  1.00000 11     31.261     -1.1273486200
 -0.06667  0.06667  1.00000 12     32.234     -1.2584351921
 -0.00000  0.13333  0.26667  1    -24.474      1.3168902150
 -0.00000  0.13333  0.26667  2     -5.914      0.0000000000
 -0.00000  0.13333  0.26667  3     -5.285      0.0000000000
 -0.00000  0.13333  0.26667  4     -3.677      0.0000000000
 -0.00000  0.13333  0.26667  5      4.695     -0.0000000000
 -0.00000  0.13333  0.26667  6      7.048     -0.0000000000
 -0.00000  0.13333  0.26667  7      7.143     -0.0000000000
 -0.00000  0.13333  0.26667  8     12.522     -0.0036564430
 -0.00000  0.13333  0.26667  9     19.026     -0.2450228217
 -0.00000  0.13333  0.26667 10     19.590     -0.2652279880
 -0.00000  0.13333  0.26667 11     25.341     -0.8068808217
 -0.00000  0.13333  0.26667 12     28.092     -1.1901605111
 -0.06667  0.20000  0.33333  1    -23.839      1.1882398098
 -0.06667  0.20000  0.33333  2     -7.929      0.0000000000
 -0.06667  0.20000  0.33333  3     -6.119      0.0000000000
 -0.06667  0.20000  0.33333  4     -4.150      0.0000000000
 -0.06667  0.20000  0.33333  5      5.324     -0.0000000000
 -0.06667  0.20000  0.33333  6      7.789     -0.0000000000
 -0.06667  0.20000  0.33333  7      8.016     -0.0000000000
 -0.06667  0.20000  0.33333  8     12.451     -0.0039136781
 -0.06667  0.20000  0.33333  9     19.328     -0.2516284920
 -0.06667  0.20000  0.33333 10     19.581     -0.2772570293
 -0.06667  0.20000  0.33333 11     23.304     -0.5979614286
 -0.06667  0.20000  0.33333 12     28.015     -1.0024932845
 -0.13333  0.26667  0.40000  1    -22.963      1.0169224003
 -0.13333  0.26667  0.40000  2    -10.259      0.0002191327
 -0.13333  0.26667  0.40000  3     -6.643      0.0000000000
 -0.13333  0.26667  0.40000  4     -4.788      0.0000000000
 -0.13333  0.26667  0.40000  5      6.087     -0.0000000000
 -0.13333  0.26667  0.40000  6      8.114     -0.0000000000
 -0.13333  0.26667  0.40000  7      8.732     -0.0000000079
 -0.13333  0.26667  0.40000  8     12.620     -0.0055955340
 -0.13333  0.26667  0.40000  9     19.638     -0.2775225043
 -0.13333  0.26667  0.40000 10     19.860     -0.2887136058
 -0.13333  0.26667  0.40000 11     23.487     -0.6513170968
 -0.13333  0.26667  0.40000 12     27.498     -0.9211306490
 -0.20000  0.33333  0.46667  1    -21.864      0.8170247382
 -0.20000  0.33333  0.46667  2    -12.550      0.0067427508
 -0.20000  0.33333  0.46667  3     -6.975      0.0000000000
 -0.20000  0.33333  0.46667  4     -5.429      0.0000000000
 -0.20000  0.33333  0.46667  5      6.705     -0.0000000000
 -0.20000  0.33333  0.46667  6      8.151     -0.0000000000
 -0.20000  0.33333  0.46667  7      9.149     -0.0000000447
 -0.20000  0.33333  0.46667  8     13.252     -0.0114631369
 -0.20000  0.33333  0.46667  9     19.834     -0.2706465543
 -0.20000  0.33333  0.46667 10     20.772     -0.3783005570
 -0.20000  0.33333  0.46667 11     23.967     -0.7095844640
 -0.20000  0.33333  0.46667 12     27.307     -0.9200029943
 -0.26667  0.40000  0.53333  1    -20.590      0.6053717427
 -0.26667  0.40000  0.53333  2    -14.654      0.0384523291
 -0.26667  0.40000  0.53333  3     -7.130      0.0000000000
 -0.26667  0.40000  0.53333  4     -5.965      0.0000000000
 -0.26667  0.40000  0.53333  5      7.042     -0.0000000000
 -0.26667  0.40000  0.53333  6      8.018     -0.0000000000
 -0.26667  0.40000  0.53333  7      9.324     -0.0000000019
 -0.26667  0.40000  0.53333  8     14.080     -0.0233288372
 -0.26667  0.40000  0.53333  9     19.671     -0.2408960302
 -0.26667  0.40000  0.53333 10     22.225     -0.5325088486
 -0.26667  0.40000  0.53333 11     24.231     -0.7140378453
 -0.26667  0.40000  0.53333 12     26.703     -0.9120875883
 -0.33333  0.46667  0.60000  1    -19.349      0.4280316142
 -0.33333  0.46667  0.60000  2    -16.319      0.0901686689
 -0.33333  0.46667  0.60000  3     -7.158      0.0000000000
 -0.33333  0.46667  0.60000  4     -6.293      0.0000000000
 -0.33333  0.46667  0.60000  5      7.203     -0.0000000000
 -0.33333  0.46667  0.60000  6      7.877     -0.0000000000
 -0.33333  0.46667  0.60000  7      9.399     -0.0000000288
 -0.33333  0.46667  0.60000  8     14.685     -0.0368283789
 -0.33333  0.46667  0.60000  9     19.565     -0.2173301152
 -0.33333  0.46667  0.60000 10     23.244     -0.6540225043
 -0.33333  0.46667  0.60000 11     24.716     -0.7555465242
 -0.33333  0.46667  0.60000 12     26.206     -0.8848753801
  0.00000  0.13333  0.40000  1    -23.629      1.1479448679
  0.00000  0.13333  0.40000  2     -7.466      0.0000000000
  0.00000  0.13333  0.40000  3     -6.682      0.0000000000
  0.00000  0.13333  0.40000  4     -5.111      0.0000000000
  0.00000  0.13333  0.40000  5      4.229     -0.0000000000
  0.00000  0.13333  0.40000  6      8.925     -0.0000003613
  0.00000  0.13333  0.40000  7      9.226     -0.0000019485
  0.00000  0.13333  0.40000  8     11.123     -0.0007853542
  0.00000  0.13333  0.40000  9     19.256     -0.2655404371
  0.00000  0.13333  0.40000 10     20.040     -0.3075625403
  0.00000  0.13333  0.40000 11     28.663     -1.1020183975
  0.00000  0.13333  0.40000 12     32.588     -1.6271508450
 -0.06667  0.20000  0.46667  1    -22.837      0.9911835091
 -0.06667  0.20000  0.46667  2     -9.383      0.0000284623
 -0.06667  0.20000  0.46667  3     -7.443      0.0000000000
 -0.06667  0.20000  0.46667  4     -5.653      0.0000000000
 -0.06667  0.20000  0.46667  5      4.886     -0.0000000000
 -0.06667  0.20000  0.46667  6      9.352     -0.0000016464
 -0.06667  0.20000  0.46667  7     10.159     -0.0000306545
 -0.06667  0.20000  0.46667  8     10.778     -0.0005207716
 -0.06667  0.20000  0.46667  9     19.817     -0.3155862947
 -0.06667  0.20000  0.46667 10     20.419     -0.3316239316
 -0.06667  0.20000  0.46667 11     28.001     -1.0058080573
 -0.06667  0.20000  0.46667 12     32.478     -1.4878077025
 -0.13333  0.26667  0.53333  1    -21.817      0.8041676924
 -0.13333  0.26667  0.53333  2    -11.561      0.0020511368
 -0.13333  0.26667  0.53333  3     -7.864      0.0000000000
 -0.13333  0.26667  0.53333  4     -6.309      0.0000000000
 -0.13333  0.26667  0.53333  5      5.618     -0.0000000000
 -0.13333  0.26667  0.53333  6      9.391     -0.0000005415
 -0.13333  0.26667  0.53333  7     10.683     -0.0002027804
 -0.13333  0.26667  0.53333  8     11.220     -0.0010495973
 -0.13333  0.26667  0.53333  9     20.246     -0.3225050588
 -0.13333  0.26667  0.53333 10     20.624     -0.3687762352
 -0.13333  0.26667  0.53333 11     25.314     -0.7885346143
 -0.13333  0.26667  0.53333 12     31.312     -1.3114744055
 -0.20000  0.33333  0.60000  1    -20.604      0.6017506639
 -0.20000  0.33333  0.60000  2    -13.663      0.0174077507
 -0.20000  0.33333  0.60000  3     -8.143      0.0000000000
 -0.20000  0.33333  0.60000  4     -6.862      0.0000000000
 -0.20000  0.33333  0.60000  5      6.118     -0.0000000000
 -0.20000  0.33333  0.60000  6      9.236     -0.0000000166
 -0.20000  0.33333  0.60000  7     11.026     -0.0003331605
 -0.20000  0.33333  0.60000  8     12.237     -0.0046877094
 -0.20000  0.33333  0.60000  9     19.707     -0.2601980140
 -0.20000  0.33333  0.60000 10     21.771     -0.4911534166
 -0.20000  0.33333  0.60000 11     25.577     -0.8156441929
 -0.20000  0.33333  0.60000 12     30.125     -1.1885962563
 -0.26667  0.40000  0.66667  1    -19.313      0.4165012555
 -0.26667  0.40000  0.66667  2    -15.482      0.0592068022
 -0.26667  0.40000  0.66667  3     -8.400      0.0000000000
 -0.26667  0.40000  0.66667  4     -7.110      0.0000000000
 -0.26667  0.40000  0.66667  5      6.457     -0.0000000000
 -0.26667  0.40000  0.66667  6      8.988     -0.0000000000
 -0.26667  0.40000  0.66667  7     11.162     -0.0003734155
 -0.26667  0.40000  0.66667  8     13.695     -0.0195110570
 -0.26667  0.40000  0.66667  9     18.887     -0.1912351435
 -0.26667  0.40000  0.66667 10     22.946     -0.6181670884
 -0.26667  0.40000  0.66667 11     25.676     -0.8328171927
 -0.26667  0.40000  0.66667 12     28.916     -1.0759038643
 -0.33333  0.46667  0.73333  1    -18.717      0.3498262929
 -0.33333  0.46667  0.73333  2    -16.208      0.0828195807
 -0.33333  0.46667  0.73333  3     -8.664      0.0000000000
 -0.33333  0.46667  0.73333  4     -6.981      0.0000000000
 -0.33333  0.46667  0.73333  5      6.786     -0.0000000000
 -0.33333  0.46667  0.73333  6      8.681     -0.0000000000
 -0.33333  0.46667  0.73333  7     11.127     -0.0003490802
 -0.33333  0.46667  0.73333  8     14.627     -0.0379577244
 -0.33333  0.46667  0.73333  9     18.236     -0.1483198908
 -0.33333  0.46667  0.73333 10     23.356     -0.6584412755
 -0.33333  0.46667  0.73333 11     24.933     -0.7690118593
 -0.33333  0.46667  0.73333 12     28.840     -1.0740102630
 -0.40000  0.53333  0.80000  1    -19.739      0.4758744493
 -0.40000  0.53333  0.80000  2    -14.907      0.0431427780
 -0.40000  0.53333  0.80000  3     -8.835      0.0000000000
 -0.40000  0.53333  0.80000  4     -6.568      0.0000000000
 -0.40000  0.53333  0.80000  5      7.179     -0.0000000000
 -0.40000  0.53333  0.80000  6      8.312     -0.0000000000
 -0.40000  0.53333  0.80000  7     10.968     -0.0002738301
 -0.40000  0.53333  0.80000  8     14.174     -0.0265313934
 -0.40000  0.53333  0.80000  9     18.681     -0.1800783658
 -0.40000  0.53333  0.80000 10     22.298     -0.5283901291
 -0.40000  0.53333  0.80000 11     24.376     -0.7340243110
 -0.40000  0.53333  0.80000 12     30.018     -1.2031282798
 -0.46667  0.60000  0.86667  1    -21.029      0.6754559444
 -0.46667  0.60000  0.86667  2    -12.950      0.0094499901
 -0.46667  0.60000  0.86667  3     -8.830      0.0000000000
 -0.46667  0.60000  0.86667  4     -5.967      0.0000000000
 -0.46667  0.60000  0.86667  5      7.487     -0.0000000000
 -0.46667  0.60000  0.86667  6      7.928     -0.0000000000
 -0.46667  0.60000  0.86667  7     10.663     -0.0001813410
 -0.46667  0.60000  0.86667  8     13.058     -0.0101266876
 -0.46667  0.60000  0.86667  9     19.531     -0.2478413616
 -0.46667  0.60000  0.86667 10     20.754     -0.3709536020
 -0.46667  0.60000  0.86667 11     24.113     -0.7302535981
 -0.46667  0.60000  0.86667 12     31.388     -1.3333256106
 -0.53333  0.66667  0.93333  1    -22.182      0.8710795220
 -0.53333  0.66667  0.93333  2    -10.809      0.0007257782
 -0.53333  0.66667  0.93333  3     -8.589      0.0000000000
 -0.53333  0.66667  0.93333  4     -5.272      0.0000000000
 -0.53333  0.66667  0.93333  5      6.870     -0.0000000000
 -0.53333  0.66667  0.93333  6      8.116     -0.0000000000
 -0.53333  0.66667  0.93333  7     10.092     -0.0000403535
 -0.53333  0.66667  0.93333  8     12.194     -0.0038390653
 -0.53333  0.66667  0.93333  9     19.584     -0.2717477037
 -0.53333  0.66667  0.93333 10     20.039     -0.2974521389
 -0.53333  0.66667  0.93333 11     23.657     -0.6957227311
 -0.53333  0.66667  0.93333 12     32.558     -1.4582714026
 -0.60000  0.73333  1.00000  1    -23.127      1.0481997676
 -0.60000  0.73333  1.00000  2     -8.890      0.0000003863
 -0.60000  0.73333  1.00000  3     -7.859      0.0000000000
 -0.60000  0.73333  1.00000  4     -4.607      0.0000000000
 -0.60000  0.73333  1.00000  5      5.990     -0.0000000000
 -0.60000  0.73333  1.00000  6      8.184     -0.0000000000
 -0.60000  0.73333  1.00000  7      9.131     -0.0000002772
 -0.60000  0.73333  1.00000  8     12.086     -0.0029410085
 -0.60000  0.73333  1.00000  9     19.245     -0.2453871899
 -0.60000  0.73333  1.00000 10     20.015     -0.3038628391
 -0.60000  0.73333  1.00000 11     23.260     -0.6378017843
 -0.60000  0.73333  1.00000 12     33.094     -1.5988564183
  0.00000  0.13333  0.53333  1    -22.463      0.9160244344
  0.00000  0.13333  0.53333  2     -9.038      0.0000141104
  0.00000  0.13333  0.53333  3     -7.916      0.0000000000
  0.00000  0.13333  0.53333  4     -6.826      0.0000000000
  0.00000  0.13333  0.53333  5      3.799     -0.0000000000
  0.00000  0.13333  0.53333  6      8.991     -0.0000070574
  0.00000  0.13333  0.53333  7     10.856     -0.0002422457
  0.00000  0.13333  0.53333  8     11.428     -0.0008501919
  0.00000  0.13333  0.53333  9     19.851     -0.3278978379
  0.00000  0.13333  0.53333 10     21.028     -0.3762769581
  0.00000  0.13333  0.53333 11     31.278     -1.3170350565
  0.00000  0.13333  0.53333 12     34.161     -1.5944180057
 -0.06667  0.20000  0.60000  1    -21.530      0.7458702062
 -0.06667  0.20000  0.60000  2    -10.739      0.0007837149
 -0.06667  0.20000  0.60000  3     -8.655      0.0000001377
 -0.06667  0.20000  0.60000  4     -7.401      0.0000000000
 -0.06667  0.20000  0.60000  5      4.501     -0.0000000000
 -0.06667  0.20000  0.60000  6      8.772     -0.0000001191
 -0.06667  0.20000  0.60000  7     11.124     -0.0005099542
 -0.06667  0.20000  0.60000  8     12.325     -0.0031297504
 -0.06667  0.20000  0.60000  9     20.606     -0.3977904691
 -0.06667  0.20000  0.60000 10     21.063     -0.3797556014
 -0.06667  0.20000  0.60000 11     30.419     -1.1915681157
 -0.06667  0.20000  0.60000 12     33.376     -1.4688702763
 -0.13333  0.26667  0.66667  1    -20.391      0.5609597187
 -0.13333  0.26667  0.66667  2    -12.658      0.0064485456
 -0.13333  0.26667  0.66667  3     -9.200      0.0000053865
 -0.13333  0.26667  0.66667  4     -7.890      0.0000000000
 -0.13333  0.26667  0.66667  5      5.159     -0.0000000000
 -0.13333  0.26667  0.66667  6      9.453     -0.0000088631
 -0.13333  0.26667  0.66667  7     11.145     -0.0006422192
 -0.13333  0.26667  0.66667  8     12.846     -0.0054461889
 -0.13333  0.26667  0.66667  9     20.290     -0.3209670010
 -0.13333  0.26667  0.66667 10     21.695     -0.4893667412
 -0.13333  0.26667  0.66667 11     29.454     -1.1044100945
 -0.13333  0.26667  0.66667 12     32.072     -1.3444590731
 -0.20000  0.33333  0.73333  1    -19.119      0.3858020596
 -0.20000  0.33333  0.73333  2    -14.473      0.0302449246
 -0.20000  0.33333  0.73333  3     -9.771      0.0000203549
 -0.20000  0.33333  0.73333  4     -8.023      0.0000000000
 -0.20000  0.33333  0.73333  5      5.571     -0.0000000000
 -0.20000  0.33333  0.73333  6     10.445     -0.0001608454
 -0.20000  0.33333  0.73333  7     11.413     -0.0020126919
 -0.20000  0.33333  0.73333  8     13.017     -0.0066170581
 -0.20000  0.33333  0.73333  9     19.000     -0.2151735851
 -0.20000  0.33333  0.73333 10     22.630     -0.5787888527
 -0.20000  0.33333  0.73333 11     26.777     -0.9111123982
 -0.20000  0.33333  0.73333 12     30.624     -1.2030661177
 -0.26667  0.40000  0.80000  1    -18.131      0.2809728072
 -0.26667  0.40000  0.80000  2    -15.674      0.0627292808
 -0.26667  0.40000  0.80000  3    -10.290      0.0000478677
 -0.26667  0.40000  0.80000  4     -7.817      0.0000000000
 -0.26667  0.40000  0.80000  5      5.953     -0.0000000000
 -0.26667  0.40000  0.80000  6     10.300     -0.0001467915
 -0.26667  0.40000  0.80000  7     12.738     -0.0069722429
 -0.26667  0.40000  0.80000  8     13.437     -0.0156491286
 -0.26667  0.40000  0.80000  9     17.556     -0.1242465235
 -0.26667  0.40000  0.80000 10     23.265     -0.6392846011
 -0.26667  0.40000  0.80000 11     25.453     -0.7960953451
 -0.26667  0.40000  0.80000 12     30.724     -1.2415057915
 -0.33333  0.46667  0.86667  1    -18.732      0.3382269505
 -0.33333  0.46667  0.86667  2    -14.923      0.0423883167
 -0.33333  0.46667  0.86667  3    -10.645      0.0001217633
 -0.33333  0.46667  0.86667  4     -7.358      0.0000000000
 -0.33333  0.46667  0.86667  5      6.430     -0.0000000000
 -0.33333  0.46667  0.86667  6      9.824     -0.0000565838
 -0.33333  0.46667  0.86667  7     12.589     -0.0052302339
 -0.33333  0.46667  0.86667  8     14.231     -0.0295004874
 -0.33333  0.46667  0.86667  9     16.989     -0.0975395241
 -0.33333  0.46667  0.86667 10     22.538     -0.5448691674
 -0.33333  0.46667  0.86667 11     24.583     -0.7407456419
 -0.33333  0.46667  0.86667 12     31.538     -1.3344370362
 -0.40000  0.53333  0.93333  1    -19.995      0.5120816825
 -0.40000  0.53333  0.93333  2    -13.183      0.0114836218
 -0.40000  0.53333  0.93333  3    -10.751      0.0002010989
 -0.40000  0.53333  0.93333  4     -6.717      0.0000000000
 -0.40000  0.53333  0.93333  5      7.021     -0.0000000000
 -0.40000  0.53333  0.93333  6      9.048     -0.0000023487
 -0.40000  0.53333  0.93333  7     12.198     -0.0032981745
 -0.40000  0.53333  0.93333  8     13.135     -0.0105515302
 -0.40000  0.53333  0.93333  9     18.245     -0.1664101196
 -0.40000  0.53333  0.93333 10     20.896     -0.3802363765
 -0.40000  0.53333  0.93333 11     24.417     -0.7482933119
 -0.40000  0.53333  0.93333 12     32.539     -1.4132988519
 -0.46667  0.60000  1.00000  1    -21.182      0.7006301577
 -0.46667  0.60000  1.00000  2    -11.521      0.0021146823
 -0.46667  0.60000  1.00000  3    -10.293      0.0000587604
 -0.46667  0.60000  1.00000  4     -5.978      0.0000000000
 -0.46667  0.60000  1.00000  5      7.650     -0.0000000000
 -0.46667  0.60000  1.00000  6      7.992     -0.0000000000
 -0.46667  0.60000  1.00000  7     11.491     -0.0010442225
 -0.46667  0.60000  1.00000  8     12.180     -0.0038832023
 -0.46667  0.60000  1.00000  9     19.484     -0.2519341234
 -0.46667  0.60000  1.00000 10     19.926     -0.2985673318
 -0.46667  0.60000  1.00000 11     24.081     -0.7324141909
 -0.46667  0.60000  1.00000 12     33.324     -1.4844741367
 -0.00000  0.13333  0.66667  1    -21.004      0.6505996363
 -0.00000  0.13333  0.66667  2    -10.828      0.0010483216
 -0.00000  0.13333  0.66667  3     -8.882      0.0000034092
 -0.00000  0.13333  0.66667  4     -8.325      0.0000000000
 -0.00000  0.13333  0.66667  5      3.529     -0.0000000000
 -0.00000  0.13333  0.66667  6      7.012     -0.0000000000
 -0.00000  0.13333  0.66667  7     12.769     -0.0052298841
 -0.00000  0.13333  0.66667  8     13.486     -0.0100618973
 -0.00000  0.13333  0.66667  9     20.716     -0.4132499451
 -0.00000  0.13333  0.66667 10     21.724     -0.4325285656
 -0.00000  0.13333  0.66667 11     32.661     -1.3685515442
 -0.00000  0.13333  0.66667 12     33.953     -1.4833791084
 -0.06667  0.20000  0.73333  1    -19.947      0.4891967414
 -0.06667  0.20000  0.73333  2    -12.208      0.0043848297
 -0.06667  0.20000  0.73333  3     -9.804      0.0000608666
 -0.06667  0.20000  0.73333  4     -8.750      0.0000005621
 -0.06667  0.20000  0.73333  5      4.271     -0.0000000000
 -0.06667  0.20000  0.73333  6      7.174     -0.0000000000
 -0.06667  0.20000  0.73333  7     12.878     -0.0059884456
 -0.06667  0.20000  0.73333  8     14.224     -0.0187123790
 -0.06667  0.20000  0.73333  9     20.993     -0.4037627393
 -0.06667  0.20000  0.73333 10     21.650     -0.4660423896
 -0.06667  0.20000  0.73333 11     31.237     -1.2158751480
 -0.06667  0.20000  0.73333 12     33.108     -1.4009250315
 -0.13333  0.26667  0.80000  1    -18.726      0.3357934915
 -0.13333  0.26667  0.80000  2    -13.688      0.0161313121
 -0.13333  0.26667  0.80000  3    -10.818      0.0003543234
 -0.13333  0.26667  0.80000  4     -8.822      0.0000002509
 -0.13333  0.26667  0.80000  5      4.806     -0.0000000000
 -0.13333  0.26667  0.80000  6      8.481     -0.0000000000
 -0.13333  0.26667  0.80000  7     12.744     -0.0053514623
 -0.13333  0.26667  0.80000  8     14.478     -0.0247776552
 -0.13333  0.26667  0.80000  9     19.789     -0.2866679016
 -0.13333  0.26667  0.80000 10     22.385     -0.5480926977
 -0.13333  0.26667  0.80000 11     29.166     -1.0446426047
 -0.13333  0.26667  0.80000 12     32.851     -1.4039557227
 -0.20000  0.33333  0.86667  1    -17.566      0.2200357269
 -0.20000  0.33333  0.86667  2    -14.963      0.0427060615
 -0.20000  0.33333  0.86667  3    -11.669      0.0011484555
 -0.20000  0.33333  0.86667  4     -8.597      0.0000000000
 -0.20000  0.33333  0.86667  5      5.194     -0.0000000000
 -0.20000  0.33333  0.86667  6     10.515     -0.0004298732
 -0.20000  0.33333  0.86667  7     12.429     -0.0045343668
 -0.20000  0.33333  0.86667  8     14.302     -0.0244880076
 -0.20000  0.33333  0.86667  9     18.106     -0.1639210071
 -0.20000  0.33333  0.86667 10     23.016     -0.6030864932
 -0.20000  0.33333  0.86667 11     26.849     -0.8701145415
 -0.20000  0.33333  0.86667 12     33.127     -1.4747027693
 -0.26667  0.40000  0.93333  1    -17.643      0.2229973475
 -0.26667  0.40000  0.93333  2    -14.806      0.0402189375
 -0.26667  0.40000  0.93333  3    -12.216      0.0024570017
 -0.26667  0.40000  0.93333  4     -8.133      0.0000000000
 -0.26667  0.40000  0.93333  5      5.677     -0.0000000000
 -0.26667  0.40000  0.93333  6     11.668     -0.0019027341
 -0.26667  0.40000  0.93333  7     13.044     -0.0144294634
 -0.26667  0.40000  0.93333  8     13.826     -0.0194971190
 -0.26667  0.40000  0.93333  9     16.553     -0.0805192743
 -0.26667  0.40000  0.93333 10     23.017     -0.5910201424
 -0.26667  0.40000  0.93333 11     25.112     -0.7514335574
 -0.26667  0.40000  0.93333 12     33.940     -1.6214579859
 -0.33333  0.46667  1.00000  1    -18.803      0.3425150735
 -0.33333  0.46667  1.00000  2    -13.618      0.0173466391
 -0.33333  0.46667  1.00000  3    -12.152      0.0021672645
 -0.33333  0.46667  1.00000  4     -7.482      0.0000000000
 -0.33333  0.46667  1.00000  5      6.307     -0.0000000000
 -0.33333  0.46667  1.00000  6     10.611     -0.0004302755
 -0.33333  0.46667  1.00000  7     13.232     -0.0127232571
 -0.33333  0.46667  1.00000  8     13.812     -0.0197256570
 -0.33333  0.46667  1.00000  9     16.569     -0.0833935777
 -0.33333  0.46667  1.00000 10     22.011     -0.4803629072
 -0.33333  0.46667  1.00000 11     24.631     -0.7474630462
 -0.33333  0.46667  1.00000 12     33.875     -1.6062366673
  0.00000  0.13333  0.80000  1    -19.274      0.3986589581
  0.00000  0.13333  0.80000  2    -12.942      0.0083024021
  0.00000  0.13333  0.80000  3     -9.530      0.0000417232
  0.00000  0.13333  0.80000  4     -9.291      0.0000155512
  0.00000  0.13333  0.80000  5      3.490     -0.0000000000
  0.00000  0.13333  0.80000  6      5.477     -0.0000000000
  0.00000  0.13333  0.80000  7     14.495     -0.0216053296
  0.00000  0.13333  0.80000  8     15.160     -0.0339235914
  0.00000  0.13333  0.80000  9     21.436     -0.4761551447
  0.00000  0.13333  0.80000 10     21.997     -0.4652178446
  0.00000  0.13333  0.80000 11     32.332     -1.2906382554
  0.00000  0.13333  0.80000 12     32.811     -1.3459632499
 -0.06667  0.20000  0.86667  1    -18.122      0.2690675257
 -0.06667  0.20000  0.86667  2    -14.057      0.0208265395
 -0.06667  0.20000  0.86667  3    -10.632      0.0003350203
 -0.06667  0.20000  0.86667  4     -9.423      0.0000238209
 -0.06667  0.20000  0.86667  5      4.215     -0.0000000000
 -0.06667  0.20000  0.86667  6      6.095     -0.0000000000
 -0.06667  0.20000  0.86667  7     14.474     -0.0226061854
 -0.06667  0.20000  0.86667  8     15.483     -0.0460879321
 -0.06667  0.20000  0.86667  9     20.850     -0.3864133484
 -0.06667  0.20000  0.86667 10     22.126     -0.5150090821
 -0.06667  0.20000  0.86667 11     30.597     -1.1207158311
 -0.06667  0.20000  0.86667 12     32.717     -1.3544086849
 -0.13333  0.26667  0.93333  1    -16.922      0.1610699429
 -0.13333  0.26667  0.93333  2    -15.033      0.0488251140
 -0.13333  0.26667  0.93333  3    -11.898      0.0014753003
 -0.13333  0.26667  0.93333  4     -9.217      0.0000045347
 -0.13333  0.26667  0.93333  5      4.614     -0.0000000000
 -0.13333  0.26667  0.93333  6      7.981     -0.0000000000
 -0.13333  0.26667  0.93333  7     14.171     -0.0188551338
 -0.13333  0.26667  0.93333  8     15.153     -0.0425093549
 -0.13333  0.26667  0.93333  9     19.313     -0.2558704858
 -0.13333  0.26667  0.93333 10     22.670     -0.5611294483
 -0.13333  0.26667  0.93333 11     28.385     -0.9515580165
 -0.13333  0.26667  0.93333 12     33.266     -1.4522635800
 -0.20000  0.33333  1.00000  1    -16.673      0.1441932568
 -0.20000  0.33333  1.00000  2    -15.125      0.0536395947
 -0.20000  0.33333  1.00000  3    -12.715      0.0036728428
 -0.20000  0.33333  1.00000  4     -8.775      0.0000000000
 -0.20000  0.33333  1.00000  5      5.059     -0.0000000000
 -0.20000  0.33333  1.00000  6     10.376     -0.0003372841
 -0.20000  0.33333  1.00000  7     13.325     -0.0100625586
 -0.20000  0.33333  1.00000  8     14.498     -0.0312195098
 -0.20000  0.33333  1.00000  9     17.726     -0.1420828790
 -0.20000  0.33333  1.00000 10     23.036     -0.5936591095
 -0.20000  0.33333  1.00000 11     26.391     -0.8208577081
 -0.20000  0.33333  1.00000 12     33.705     -1.5344344301
  0.00000  0.13333  0.93333  1    -17.310      0.1909639290
  0.00000  0.13333  0.93333  2    -15.168      0.0504755082
  0.00000  0.13333  0.93333  3     -9.833      0.0000994392
  0.00000  0.13333  0.93333  4     -9.766      0.0000856383
  0.00000  0.13333  0.93333  5      3.762     -0.0000000000
  0.00000  0.13333  0.93333  6      4.409     -0.0000000000
  0.00000  0.13333  0.93333  7     15.738     -0.0511734720
  0.00000  0.13333  0.93333  8     16.031     -0.0617796220
  0.00000  0.13333  0.93333  9     21.839     -0.4966630902
  0.00000  0.13333  0.93333 10     21.977     -0.4846987013
  0.00000  0.13333  0.93333 11     31.714     -1.2042032544
  0.00000  0.13333  0.93333 12     31.846     -1.2198550223
 -0.06667  0.20000  1.00000  1    -16.201      0.1075827628
 -0.06667  0.20000  1.00000  2    -16.031      0.0963144450
 -0.06667  0.20000  1.00000  3    -10.900      0.0005426582
 -0.06667  0.20000  1.00000  4     -9.626      0.0000506849
 -0.06667  0.20000  1.00000  5      4.245     -0.0000000000
 -0.06667  0.20000  1.00000  6      5.687     -0.0000000000
 -0.06667  0.20000  1.00000  7     15.429     -0.0446529561
 -0.06667  0.20000  1.00000  8     15.652     -0.0540005921
 -0.06667  0.20000  1.00000  9     20.735     -0.3811075702
 -0.06667  0.20000  1.00000 10     22.266     -0.5219431344
 -0.06667  0.20000  1.00000 11     30.166     -1.0620596245
 -0.06667  0.20000  1.00000 12     32.512     -1.3342378767
 -0.00000  0.26667  0.53333  1    -21.977      0.8314277872
 -0.00000  0.26667  0.53333  2    -10.273      0.0003514386
 -0.00000  0.26667  0.53333  3     -9.044      0.0000014045
 -0.00000  0.26667  0.53333  4     -6.222      0.0000000000
 -0.00000  0.26667  0.53333  5      5.662     -0.0000000000
 -0.00000  0.26667  0.53333  6      9.266     -0.0000008229
 -0.00000  0.26667  0.53333  7     10.499     -0.0003108648
 -0.00000  0.26667  0.53333  8     11.410     -0.0008161266
 -0.00000  0.26667  0.53333  9     20.058     -0.3305840417
 -0.00000  0.26667  0.53333 10     20.483     -0.3328057863
 -0.00000  0.26667  0.53333 11     25.102     -0.7781289846
 -0.00000  0.26667  0.53333 12     33.779     -1.5302475152
 -0.06667  0.33333  0.60000  1    -20.902      0.6495596378
 -0.06667  0.33333  0.60000  2    -11.997      0.0033882416
 -0.06667  0.33333  0.60000  3     -9.687      0.0000262629
 -0.06667  0.33333  0.60000  4     -6.930      0.0000000000
 -0.06667  0.33333  0.60000  5      6.577     -0.0000000000
 -0.06667  0.33333  0.60000  6      8.906     -0.0000000000
 -0.06667  0.33333  0.60000  7     10.895     -0.0006445422
 -0.06667  0.33333  0.60000  8     12.393     -0.0033792272
 -0.06667  0.33333  0.60000  9     19.888     -0.2840016723
 -0.06667  0.33333  0.60000 10     20.847     -0.3986851515
 -0.06667  0.33333  0.60000 11     25.333     -0.8045349236
 -0.06667  0.33333  0.60000 12     32.809     -1.4238808487
 -0.13333  0.40000  0.66667  1    -19.660      0.4584797512
 -0.13333  0.40000  0.66667  2    -13.910      0.0203792003
 -0.13333  0.40000  0.66667  3     -9.858      0.0000275514
 -0.13333  0.40000  0.66667  4     -7.565      0.0000000000
 -0.13333  0.40000  0.66667  5      7.115     -0.0000000000
 -0.13333  0.40000  0.66667  6      8.673     -0.0000000000
 -0.13333  0.40000  0.66667  7     11.814     -0.0027069734
 -0.13333  0.40000  0.66667  8     13.104     -0.0082689365
 -0.13333  0.40000  0.66667  9     18.698     -0.1923937292
 -0.13333  0.40000  0.66667 10     21.928     -0.5043533932
 -0.13333  0.40000  0.66667 11     25.570     -0.8161607982
 -0.13333  0.40000  0.66667 12     31.337     -1.2917366417
 -0.20000  0.46667  0.73333  1    -18.459      0.3123094883
 -0.20000  0.46667  0.73333  2    -15.479      0.0572877171
 -0.20000  0.46667  0.73333  3     -9.880      0.0000101309
 -0.20000  0.46667  0.73333  4     -7.951      0.0000000000
 -0.20000  0.46667  0.73333  5      7.277     -0.0000000000
 -0.20000  0.46667  0.73333  6      8.590     -0.0000000000
 -0.20000  0.46667  0.73333  7     12.688     -0.0062558778
 -0.20000  0.46667  0.73333  8     13.906     -0.0228211198
 -0.20000  0.46667  0.73333  9     17.413     -0.1145647030
 -0.20000  0.46667  0.73333 10     22.959     -0.6134287213
 -0.20000  0.46667  0.73333 11     25.791     -0.8380530848
 -0.20000  0.46667  0.73333 12     30.222     -1.1876900083
 -0.00000  0.26667  0.66667  1    -20.540      0.5834756843
 -0.00000  0.26667  0.66667  2    -11.619      0.0023603707
 -0.00000  0.26667  0.66667  3     -9.958      0.0000756302
 -0.00000  0.26667  0.66667  4     -8.062      0.0000000000
 -0.00000  0.26667  0.66667  5      5.428     -0.0000000000
 -0.00000  0.26667  0.66667  6      8.461     -0.0000000000
 -0.00000  0.26667  0.66667  7     11.076     -0.0005978836
 -0.00000  0.26667  0.66667  8     13.536     -0.0110821029
 -0.00000  0.26667  0.66667  9     20.613     -0.3402554668
 -0.00000  0.26667  0.66667 10     21.053     -0.4385295170
 -0.00000  0.26667  0.66667 11     27.141     -0.9185403662
 -0.00000  0.26667  0.66667 12     33.297     -1.4326275418
 -0.06667  0.33333  0.73333  1    -19.365      0.4134746032
 -0.06667  0.33333  0.73333  2    -13.050      0.0095326068
 -0.06667  0.33333  0.73333  3    -10.620      0.0002518282
 -0.06667  0.33333  0.73333  4     -8.715      0.0000000000
 -0.06667  0.33333  0.73333  5      6.336     -0.0000000000
 -0.06667  0.33333  0.73333  6      8.955     -0.0000000287
 -0.06667  0.33333  0.73333  7     10.974     -0.0007131623
 -0.06667  0.33333  0.73333  8     14.250     -0.0218316056
 -0.06667  0.33333  0.73333  9     19.490     -0.2547298885
 -0.06667  0.33333  0.73333 10     21.765     -0.4995417879
 -0.06667  0.33333  0.73333 11     27.146     -0.9325952980
 -0.06667  0.33333  0.73333 12     32.297     -1.3451737732
 -0.13333  0.40000  0.80000  1    -18.123      0.2714548222
 -0.13333  0.40000  0.80000  2    -14.581      0.0326386099
 -0.13333  0.40000  0.80000  3    -11.003      0.0004324004
 -0.13333  0.40000  0.80000  4     -9.033      0.0000000000
 -0.13333  0.40000  0.80000  5      6.795     -0.0000000000
 -0.13333  0.40000  0.80000  6      9.777     -0.0000413546
 -0.13333  0.40000  0.80000  7     11.454     -0.0021344024
 -0.13333  0.40000  0.80000  8     14.279     -0.0261574131
 -0.13333  0.40000  0.80000  9     18.048     -0.1550029149
 -0.13333  0.40000  0.80000 10     22.461     -0.5587466761
 -0.13333  0.40000  0.80000 11     26.972     -0.9316687808
 -0.13333  0.40000  0.80000 12     31.390     -1.2724450617
 -0.20000  0.46667  0.86667  1    -17.571      0.2211513345
 -0.20000  0.46667  0.86667  2    -15.197      0.0487526215
 -0.20000  0.46667  0.86667  3    -11.330      0.0007344587
 -0.20000  0.46667  0.86667  4     -8.900      0.0000000000
 -0.20000  0.46667  0.86667  5      7.159     -0.0000000000
 -0.20000  0.46667  0.86667  6      9.683     -0.0000480093
 -0.20000  0.46667  0.86667  7     13.162     -0.0138213913
 -0.20000  0.46667  0.86667  8     13.497     -0.0174375894
 -0.20000  0.46667  0.86667  9     17.110     -0.0997428653
 -0.20000  0.46667  0.86667 10     22.698     -0.5771921293
 -0.20000  0.46667  0.86667 11     26.402     -0.8850017769
 -0.20000  0.46667  0.86667 12     31.756     -1.3415244129
 -0.26667  0.53333  0.93333  1    -18.553      0.3145195434
 -0.26667  0.53333  0.93333  2    -14.022      0.0223677924
 -0.26667  0.53333  0.93333  3    -11.501      0.0009308112
 -0.26667  0.53333  0.93333  4     -8.413      0.0000000000
 -0.26667  0.53333  0.93333  5      7.623     -0.0000000000
 -0.26667  0.53333  0.93333  6      9.064     -0.0000033183
 -0.26667  0.53333  0.93333  7     12.036     -0.0038647438
 -0.26667  0.53333  0.93333  8     14.165     -0.0258218373
 -0.26667  0.53333  0.93333  9     17.416     -0.1185117488
 -0.26667  0.53333  0.93333 10     22.066     -0.5161063592
 -0.26667  0.53333  0.93333 11     25.797     -0.8322560296
 -0.26667  0.53333  0.93333 12     32.233     -1.3632627647
 -0.33333  0.60000  1.00000  1    -19.791      0.4758495755
 -0.33333  0.60000  1.00000  2    -12.625      0.0068742320
 -0.33333  0.60000  1.00000  3    -11.149      0.0004492607
 -0.33333  0.60000  1.00000  4     -7.705      0.0000000000
 -0.33333  0.60000  1.00000  5      7.912     -0.0000000000
 -0.33333  0.60000  1.00000  6      8.241     -0.0000000000
 -0.33333  0.60000  1.00000  7     11.197     -0.0010197664
 -0.33333  0.60000  1.00000  8     13.639     -0.0137028067
 -0.33333  0.60000  1.00000  9     18.790     -0.2027972127
 -0.33333  0.60000  1.00000 10     21.302     -0.4443862321
 -0.33333  0.60000  1.00000 11     25.539     -0.8162066648
 -0.33333  0.60000  1.00000 12     32.855     -1.4104314841
  0.00000  0.26667  0.80000  1    -18.850      0.3489008818
  0.00000  0.26667  0.80000  2    -13.144      0.0101969591
  0.00000  0.26667  0.80000  3    -10.541      0.0002500952
  0.00000  0.26667  0.80000  4     -9.599      0.0000225291
  0.00000  0.26667  0.80000  5      5.394     -0.0000000000
  0.00000  0.26667  0.80000  6      7.140     -0.0000000000
  0.00000  0.26667  0.80000  7     12.735     -0.0054457204
  0.00000  0.26667  0.80000  8     15.066     -0.0370275609
  0.00000  0.26667  0.80000  9     20.539     -0.3390425714
  0.00000  0.26667  0.80000 10     21.663     -0.4934734405
  0.00000  0.26667  0.80000 11     30.736     -1.1767587051
  0.00000  0.26667  0.80000 12     32.339     -1.3231729036
 -0.06667  0.33333  0.86667  1    -17.633      0.2215555286
 -0.06667  0.33333  0.86667  2    -14.217      0.0255841508
 -0.06667  0.33333  0.86667  3    -11.433      0.0008283908
 -0.06667  0.33333  0.86667  4     -9.937      0.0000523057
 -0.06667  0.33333  0.86667  5      6.208     -0.0000000000
 -0.06667  0.33333  0.86667  6      8.321     -0.0000000000
 -0.06667  0.33333  0.86667  7     12.463     -0.0048012577
 -0.06667  0.33333  0.86667  8     14.918     -0.0389488009
 -0.06667  0.33333  0.86667  9     19.490     -0.2618614201
 -0.06667  0.33333  0.86667 10     21.957     -0.5051515602
 -0.06667  0.33333  0.86667 11     29.596     -1.0956708452
 -0.06667  0.33333  0.86667 12     32.250     -1.3417901411
 -0.13333  0.40000  0.93333  1    -16.732      0.1495035195
 -0.13333  0.40000  0.93333  2    -14.997      0.0475434479
 -0.13333  0.40000  0.93333  3    -12.245      0.0023792049
 -0.13333  0.40000  0.93333  4     -9.719      0.0000095581
 -0.13333  0.40000  0.93333  5      6.611     -0.0000000000
 -0.13333  0.40000  0.93333  6     10.346     -0.0002660687
 -0.13333  0.40000  0.93333  7     12.017     -0.0038202185
 -0.13333  0.40000  0.93333  8     13.786     -0.0199354696
 -0.13333  0.40000  0.93333  9     18.456     -0.1856164702
 -0.13333  0.40000  0.93333 10     22.244     -0.5211490782
 -0.13333  0.40000  0.93333 11     27.488     -0.9634894820
 -0.13333  0.40000  0.93333 12     32.110     -1.3456634870
 -0.20000  0.46667  1.00000  1    -17.385      0.1982618668
 -0.20000  0.46667  1.00000  2    -14.411      0.0321057337
 -0.20000  0.46667  1.00000  3    -12.470      0.0030913254
 -0.20000  0.46667  1.00000  4     -9.174      0.0000000000
 -0.20000  0.46667  1.00000  5      7.086     -0.0000000000
 -0.20000  0.46667  1.00000  6     10.589     -0.0004766961
 -0.20000  0.46667  1.00000  7     12.505     -0.0063936304
 -0.20000  0.46667  1.00000  8     13.186     -0.0155184432
 -0.20000  0.46667  1.00000  9     17.553     -0.1255098981
 -0.20000  0.46667  1.00000 10     22.221     -0.5243334425
 -0.20000  0.46667  1.00000 11     26.323     -0.8733027883
 -0.20000  0.46667  1.00000 12     32.570     -1.4032253938
  0.00000  0.26667  0.93333  1    -16.963      0.1629020077
  0.00000  0.26667  0.93333  2    -14.990      0.0466093227
  0.00000  0.26667  0.93333  3    -10.739      0.0003847481
  0.00000  0.26667  0.93333  4    -10.474      0.0002521136
  0.00000  0.26667  0.93333  5      5.632     -0.0000000000
  0.00000  0.26667  0.93333  6      6.200     -0.0000000000
  0.00000  0.26667  0.93333  7     14.285     -0.0215869879
  0.00000  0.26667  0.93333  8     15.306     -0.0455869547
  0.00000  0.26667  0.93333  9     20.852     -0.3795850461
  0.00000  0.26667  0.93333 10     21.478     -0.4568195396
  0.00000  0.26667  0.93333 11     31.026     -1.1897942554
  0.00000  0.26667  0.93333 12     31.487     -1.2303246317
 -0.06667  0.33333  1.00000  1    -16.027      0.1002981675
 -0.06667  0.33333  1.00000  2    -15.604      0.0750468658
 -0.06667  0.33333  1.00000  3    -11.801      0.0014007776
 -0.06667  0.33333  1.00000  4    -10.299      0.0001454091
 -0.06667  0.33333  1.00000  5      6.177     -0.0000000000
 -0.06667  0.33333  1.00000  6      8.061     -0.0000000000
 -0.06667  0.33333  1.00000  7     13.788     -0.0163236937
 -0.06667  0.33333  1.00000  8     14.198     -0.0242921193
 -0.06667  0.33333  1.00000  9     19.897     -0.3029395400
 -0.06667  0.33333  1.00000 10     21.719     -0.4658137074
 -0.06667  0.33333  1.00000 11     29.551     -1.0839778153
 -0.06667  0.33333  1.00000 12     32.240     -1.3455479444
  0.00000  0.40000  0.80000  1    -18.187      0.2746313282
  0.00000  0.40000  0.80000  2    -13.673      0.0170750131
  0.00000  0.40000  0.80000  3    -11.638      0.0010797074
  0.00000  0.40000  0.80000  4     -9.565      0.0000029833
  0.00000  0.40000  0.80000  5      7.920     -0.0000000000
  0.00000  0.40000  0.80000  6      8.736     -0.0000000344
  0.00000  0.40000  0.80000  7     10.940     -0.0008426710
  0.00000  0.40000  0.80000  8     14.631     -0.0347584279
  0.00000  0.40000  0.80000  9     18.663     -0.1948286011
  0.00000  0.40000  0.80000 10     21.852     -0.5031898272
  0.00000  0.40000  0.80000 11     27.357     -0.9605828378
  0.00000  0.40000  0.80000 12     32.170     -1.3335335148
 -0.06667  0.46667  0.86667  1    -17.050      0.1723827931
 -0.06667  0.46667  0.86667  2    -14.669      0.0372107591
 -0.06667  0.46667  0.86667  3    -11.961      0.0018323586
 -0.06667  0.46667  0.86667  4    -10.107      0.0000220689
 -0.06667  0.46667  0.86667  5      8.358     -0.0000000000
 -0.06667  0.46667  0.86667  6      9.455     -0.0000279783
 -0.06667  0.46667  0.86667  7     11.567     -0.0023369504
 -0.06667  0.46667  0.86667  8     13.424     -0.0170802448
 -0.06667  0.46667  0.86667  9     18.478     -0.1838743210
 -0.06667  0.46667  0.86667 10     21.964     -0.5014542813
 -0.06667  0.46667  0.86667 11     27.680     -1.0007923736
 -0.06667  0.46667  0.86667 12     31.775     -1.3111613364
  0.00000  0.40000  0.93333  1    -16.482      0.1288596312
  0.00000  0.40000  0.93333  2    -14.907      0.0464527220
  0.00000  0.40000  0.93333  3    -11.651      0.0011876226
  0.00000  0.40000  0.93333  4    -10.997      0.0004166315
  0.00000  0.40000  0.93333  5      8.109     -0.0000000000
  0.00000  0.40000  0.93333  6      8.475     -0.0000000000
  0.00000  0.40000  0.93333  7     12.017     -0.0035712974
  0.00000  0.40000  0.93333  8     13.691     -0.0188518173
  0.00000  0.40000  0.93333  9     19.924     -0.2985150969
  0.00000  0.40000  0.93333 10     21.274     -0.4313625175
  0.00000  0.40000  0.93333 11     29.086     -1.1005100379
  0.00000  0.40000  0.93333 12     31.317     -1.2560877447
 -0.06667  0.46667  1.00000  1    -16.086      0.1058946649
 -0.06667  0.46667  1.00000  2    -15.145      0.0562364952
 -0.06667  0.46667  1.00000  3    -12.112      0.0020727343
 -0.06667  0.46667  1.00000  4    -10.908      0.0003434041
 -0.06667  0.46667  1.00000  5      8.523     -0.0000000065
 -0.06667  0.46667  1.00000  6     10.084     -0.0001520608
 -0.06667  0.46667  1.00000  7     11.798     -0.0033726255
 -0.06667  0.46667  1.00000  8     11.932     -0.0034181786
 -0.06667  0.46667  1.00000  9     19.616     -0.2751527844
 -0.06667  0.46667  1.00000 10     21.329     -0.4315739487
 -0.06667  0.46667  1.00000 11     28.668     -1.0793306010
 -0.06667  0.46667  1.00000 12     30.660     -1.2179627896
