        0.00000       -0.89983   1   1
        0.00000        0.66663   1   2
        0.00000        0.66663   1   3
        0.00000        0.66663   1   4
        0.00000        1.07614   1   5
        0.00000        1.07614   1   6
        0.00000        1.07614   1   7
        0.00000        1.66742   1   8
        0.00000        2.19098   1   9
        0.00000        3.42424   1  10
        0.00000        3.42424   1  11
        0.00000        4.21292   1  12
        0.00000        4.21292   1  13
        0.00000        4.21292   1  14
        0.00000        4.74816   1  15
        0.00000        4.74816   1  16
        0.00000        4.74816   1  17
        0.00000        4.84474   1  18
        0.00000        6.91375   1  19
        0.00000        6.91375   1  20
        0.00000        7.08737   1  21
        0.00000        7.08737   1  22
        0.00000        7.08737   1  23
        0.00000        8.82809   1  24
        0.00000        8.82809   1  25
        0.00000        8.82809   1  26
        0.04762       -0.89829   1   1
        0.04762        0.66004   1   2
        0.04762        0.66004   1   3
        0.04762        0.66306   1   4
        0.04762        1.07499   1   5
        0.04762        1.08419   1   6
        0.04762        1.08419   1   7
        0.04762        1.66848   1   8
        0.04762        2.19145   1   9
        0.04762        3.43173   1  10
        0.04762        3.43808   1  11
        0.04762        4.21062   1  12
        0.04762        4.21062   1  13
        0.04762        4.21190   1  14
        0.04762        4.73548   1  15
        0.04762        4.73548   1  16
        0.04762        4.76778   1  17
        0.04762        4.83526   1  18
        0.04762        6.90681   1  19
        0.04762        6.91868   1  20
        0.04762        7.06839   1  21
        0.04762        7.07569   1  22
        0.04762        7.07569   1  23
        0.04762        8.81562   1  24
        0.04762        8.83916   1  25
        0.04762        8.83916   1  26
        0.09524       -0.89367   1   1
        0.09524        0.64174   1   2
        0.09524        0.64174   1   3
        0.09524        0.65240   1   4
        0.09524        1.07160   1   5
        0.09524        1.10687   1   6
        0.09524        1.10687   1   7
        0.09524        1.67116   1   8
        0.09524        2.19412   1   9
        0.09524        3.42278   1  10
        0.09524        3.46734   1  11
        0.09524        4.20653   1  12
        0.09524        4.20653   1  13
        0.09524        4.20906   1  14
        0.09524        4.70219   1  15
        0.09524        4.70219   1  16
        0.09524        4.79110   1  17
        0.09524        4.84790   1  18
        0.09524        6.88409   1  19
        0.09524        6.93149   1  20
        0.09524        7.02166   1  21
        0.09524        7.04619   1  22
        0.09524        7.04619   1  23
        0.09524        8.78922   1  24
        0.09524        8.87296   1  25
        0.09524        8.87296   1  26
        0.14286       -0.88599   1   1
        0.14286        0.61508   1   2
        0.14286        0.61508   1   3
        0.14286        0.63486   1   4
        0.14286        1.06610   1   5
        0.14286        1.14077   1   6
        0.14286        1.14077   1   7
        0.14286        1.67405   1   8
        0.14286        2.20094   1   9
        0.14286        3.33076   1  10
        0.14286        3.48876   1  11
        0.14286        4.20499   1  12
        0.14286        4.20589   1  13
        0.14286        4.20589   1  14
        0.14286        4.65948   1  15
        0.14286        4.65948   1  16
        0.14286        4.70567   1  17
        0.14286        4.99241   1  18
        0.14286        6.84277   1  19
        0.14286        6.94768   1  20
        0.14286        6.97275   1  21
        0.14286        7.00910   1  22
        0.14286        7.00910   1  23
        0.14286        8.77151   1  24
        0.14286        8.93096   1  25
        0.14286        8.93096   1  26
        0.19048       -0.87524   1   1
        0.19048        0.58335   1   2
        0.19048        0.58335   1   3
        0.19048        0.61088   1   4
        0.19048        1.05877   1   5
        0.19048        1.18240   1   6
        0.19048        1.18240   1   7
        0.19048        1.67482   1   8
        0.19048        2.21174   1   9
        0.19048        3.12125   1  10
        0.19048        3.49425   1  11
        0.19048        4.20012   1  12
        0.19048        4.20975   1  13
        0.19048        4.20975   1  14
        0.19048        4.54973   1  15
        0.19048        4.61827   1  16
        0.19048        4.61827   1  17
        0.19048        5.19928   1  18
        0.19048        6.78421   1  19
        0.19048        6.93708   1  20
        0.19048        6.96314   1  21
        0.19048        6.96845   1  22
        0.19048        6.96845   1  23
        0.19048        8.77503   1  24
        0.19048        9.01272   1  25
        0.19048        9.01272   1  26
        0.23810       -0.86146   1   1
        0.23810        0.54900   1   2
        0.23810        0.54900   1   3
        0.23810        0.58112   1   4
        0.23810        1.05002   1   5
        0.23810        1.22908   1   6
        0.23810        1.22908   1   7
        0.23810        1.67018   1   8
        0.23810        2.22438   1   9
        0.23810        2.84397   1  10
        0.23810        3.50160   1  11
        0.23810        4.19442   1  12
        0.23810        4.21110   1  13
        0.23810        4.21110   1  14
        0.23810        4.33464   1  15
        0.23810        4.58468   1  16
        0.23810        4.58468   1  17
        0.23810        5.41151   1  18
        0.23810        6.71500   1  19
        0.23810        6.90235   1  20
        0.23810        6.92043   1  21
        0.23810        6.92043   1  22
        0.23810        6.97626   1  23
        0.23810        8.78940   1  24
        0.23810        9.11054   1  25
        0.23810        9.11054   1  26
        0.28571       -0.84467   1   1
        0.28571        0.51362   1   2
        0.28571        0.51362   1   3
        0.28571        0.54636   1   4
        0.28571        1.04045   1   5
        0.28571        1.27899   1   6
        0.28571        1.27899   1   7
        0.28571        1.65569   1   8
        0.28571        2.23756   1   9
        0.28571        2.59982   1  10
        0.28571        3.53704   1  11
        0.28571        4.11539   1  12
        0.28571        4.18825   1  13
        0.28571        4.19704   1  14
        0.28571        4.19704   1  15
        0.28571        4.56055   1  16
        0.28571        4.56055   1  17
        0.28571        5.55944   1  18
        0.28571        6.64134   1  19
        0.28571        6.85787   1  20
        0.28571        6.86081   1  21
        0.28571        6.86081   1  22
        0.28571        6.98816   1  23
        0.28571        8.78905   1  24
        0.28571        9.20707   1  25
        0.28571        9.20707   1  26
        0.33333       -0.82486   1   1
        0.33333        0.47828   1   2
        0.33333        0.47828   1   3
        0.33333        0.50731   1   4
        0.33333        1.03059   1   5
        0.33333        1.33100   1   6
        0.33333        1.33100   1   7
        0.33333        1.62773   1   8
        0.33333        2.25237   1   9
        0.33333        2.46062   1  10
        0.33333        3.60653   1  11
        0.33333        3.97620   1  12
        0.33333        4.15527   1  13
        0.33333        4.15527   1  14
        0.33333        4.18355   1  15
        0.33333        4.54677   1  16
        0.33333        4.54677   1  17
        0.33333        5.61586   1  18
        0.33333        6.56206   1  19
        0.33333        6.79006   1  20
        0.33333        6.79006   1  21
        0.33333        6.81155   1  22
        0.33333        7.00129   1  23
        0.33333        8.75459   1  24
        0.33333        9.28198   1  25
        0.33333        9.28198   1  26
        0.38095       -0.80206   1   1
        0.38095        0.44377   1   2
        0.38095        0.44377   1   3
        0.38095        0.46447   1   4
        0.38095        1.02064   1   5
        0.38095        1.38422   1   6
        0.38095        1.38422   1   7
        0.38095        1.58812   1   8
        0.38095        2.27094   1   9
        0.38095        2.42198   1  10
        0.38095        3.68536   1  11
        0.38095        3.99274   1  12
        0.38095        4.08015   1  13
        0.38095        4.08015   1  14
        0.38095        4.18320   1  15
        0.38095        4.54570   1  16
        0.38095        4.54570   1  17
        0.38095        5.61720   1  18
        0.38095        6.46812   1  19
        0.38095        6.70947   1  20
        0.38095        6.70947   1  21
        0.38095        6.76316   1  22
        0.38095        7.01741   1  23
        0.38095        8.68791   1  24
        0.38095        9.32545   1  25
        0.38095        9.32545   1  26
        0.42857       -0.77630   1   1
        0.42857        0.41065   1   2
        0.42857        0.41065   1   3
        0.42857        0.41820   1   4
        0.42857        1.01053   1   5
        0.42857        1.43787   1   6
        0.42857        1.43787   1   7
        0.42857        1.54086   1   8
        0.42857        2.29382   1   9
        0.42857        2.43097   1  10
        0.42857        3.73877   1  11
        0.42857        3.97586   1  12
        0.42857        3.97586   1  13
        0.42857        4.17409   1  14
        0.42857        4.18837   1  15
        0.42857        4.55935   1  16
        0.42857        4.55935   1  17
        0.42857        5.62417   1  18
        0.42857        6.35070   1  19
        0.42857        6.61577   1  20
        0.42857        6.61577   1  21
        0.42857        6.69745   1  22
        0.42857        7.03649   1  23
        0.42857        8.60710   1  24
        0.42857        9.34748   1  25
        0.42857        9.34748   1  26
        0.47619       -0.74763   1   1
        0.47619        0.36881   1   2
        0.47619        0.37933   1   3
        0.47619        0.37933   1   4
        0.47619        1.00036   1   5
        0.47619        1.48733   1   6
        0.47619        1.49135   1   7
        0.47619        1.49135   1   8
        0.47619        2.31937   1   9
        0.47619        2.44095   1  10
        0.47619        3.75513   1  11
        0.47619        3.85596   1  12
        0.47619        3.85596   1  13
        0.47619        4.19689   1  14
        0.47619        4.44647   1  15
        0.47619        4.58591   1  16
        0.47619        4.58591   1  17
        0.47619        5.66765   1  18
        0.47619        6.21125   1  19
        0.47619        6.50501   1  20
        0.47619        6.50501   1  21
        0.47619        6.60848   1  22
        0.47619        7.05621   1  23
        0.47619        8.52896   1  24
        0.47619        9.37119   1  25
        0.47619        9.37119   1  26
        0.52381       -0.71610   1   1
        0.52381        0.31673   1   2
        0.52381        0.35011   1   3
        0.52381        0.35011   1   4
        0.52381        0.99080   1   5
        0.52381        1.42838   1   6
        0.52381        1.54437   1   7
        0.52381        1.54437   1   8
        0.52381        2.34512   1   9
        0.52381        2.43061   1  10
        0.52381        3.73813   1  11
        0.52381        3.73813   1  12
        0.52381        3.75941   1  13
        0.52381        4.20641   1  14
        0.52381        4.61996   1  15
        0.52381        4.61996   1  16
        0.52381        4.71170   1  17
        0.52381        5.73043   1  18
        0.52381        6.06324   1  19
        0.52381        6.38196   1  20
        0.52381        6.38196   1  21
        0.52381        6.51867   1  22
        0.52381        7.07189   1  23
        0.52381        8.45694   1  24
        0.52381        9.41312   1  25
        0.52381        9.41312   1  26
        0.57143       -0.68175   1   1
        0.57143        0.26241   1   2
        0.57143        0.32323   1   3
        0.57143        0.32323   1   4
        0.57143        0.98297   1   5
        0.57143        1.36670   1   6
        0.57143        1.59689   1   7
        0.57143        1.59689   1   8
        0.57143        2.36933   1   9
        0.57143        2.40293   1  10
        0.57143        3.63547   1  11
        0.57143        3.63547   1  12
        0.57143        3.79285   1  13
        0.57143        4.21944   1  14
        0.57143        4.65606   1  15
        0.57143        4.65606   1  16
        0.57143        4.90831   1  17
        0.57143        5.76560   1  18
        0.57143        5.92247   1  19
        0.57143        6.26214   1  20
        0.57143        6.26214   1  21
        0.57143        6.47409   1  22
        0.57143        7.07756   1  23
        0.57143        8.38206   1  24
        0.57143        9.46802   1  25
        0.57143        9.46802   1  26
        0.61905       -0.64462   1   1
        0.61905        0.20637   1   2
        0.61905        0.29890   1   3
        0.61905        0.29890   1   4
        0.61905        0.97773   1   5
        0.61905        1.30665   1   6
        0.61905        1.64858   1   7
        0.61905        1.64858   1   8
        0.61905        2.37329   1   9
        0.61905        2.39068   1  10
        0.61905        3.55028   1  11
        0.61905        3.55028   1  12
        0.61905        3.87680   1  13
        0.61905        4.24354   1  14
        0.61905        4.69032   1  15
        0.61905        4.69032   1  16
        0.61905        5.03300   1  17
        0.61905        5.74896   1  18
        0.61905        5.79423   1  19
        0.61905        6.16124   1  20
        0.61905        6.16124   1  21
        0.61905        6.49383   1  22
        0.61905        7.06573   1  23
        0.61905        8.29114   1  24
        0.61905        9.51352   1  25
        0.61905        9.51352   1  26
        0.66667       -0.60479   1   1
        0.66667        0.14903   1   2
        0.66667        0.27721   1   3
        0.66667        0.27721   1   4
        0.66667        0.97505   1   5
        0.66667        1.25212   1   6
        0.66667        1.69845   1   7
        0.66667        1.69845   1   8
        0.66667        2.35405   1   9
        0.66667        2.40727   1  10
        0.66667        3.47576   1  11
        0.66667        3.47576   1  12
        0.66667        3.99439   1  13
        0.66667        4.28487   1  14
        0.66667        4.71917   1  15
        0.66667        4.71917   1  16
        0.66667        5.12223   1  17
        0.66667        5.66981   1  18
        0.66667        5.70405   1  19
        0.66667        6.08168   1  20
        0.66667        6.08168   1  21
        0.66667        6.54297   1  22
        0.66667        7.02515   1  23
        0.66667        8.17222   1  24
        0.66667        9.53160   1  25
        0.66667        9.53160   1  26
        0.71429       -0.56235   1   1
        0.71429        0.09076   1   2
        0.71429        0.25823   1   3
        0.71429        0.25823   1   4
        0.71429        0.97414   1   5
        0.71429        1.20481   1   6
        0.71429        1.74497   1   7
        0.71429        1.74497   1   8
        0.71429        2.34822   1   9
        0.71429        2.41705   1  10
        0.71429        3.40484   1  11
        0.71429        3.40484   1  12
        0.71429        4.10678   1  13
        0.71429        4.34098   1  14
        0.71429        4.73973   1  15
        0.71429        4.73973   1  16
        0.71429        5.19939   1  17
        0.71429        5.53659   1  18
        0.71429        5.66531   1  19
        0.71429        6.01120   1  20
        0.71429        6.01120   1  21
        0.71429        6.59651   1  22
        0.71429        6.94404   1  23
        0.71429        8.01484   1  24
        0.71429        9.52598   1  25
        0.71429        9.52598   1  26
        0.76190       -0.51743   1   1
        0.76190        0.03186   1   2
        0.76190        0.24201   1   3
        0.76190        0.24201   1   4
        0.76190        0.97424   1   5
        0.76190        1.16445   1   6
        0.76190        1.78690   1   7
        0.76190        1.78690   1   8
        0.76190        2.35242   1   9
        0.76190        2.41979   1  10
        0.76190        3.33818   1  11
        0.76190        3.33818   1  12
        0.76190        4.18859   1  13
        0.76190        4.40148   1  14
        0.76190        4.75382   1  15
        0.76190        4.75382   1  16
        0.76190        5.23661   1  17
        0.76190        5.39225   1  18
        0.76190        5.67293   1  19
        0.76190        5.93701   1  20
        0.76190        5.93701   1  21
        0.76190        6.67183   1  22
        0.76190        6.82004   1  23
        0.76190        7.81594   1  24
        0.76190        9.51721   1  25
        0.76190        9.51721   1  26
        0.80952       -0.47016   1   1
        0.80952       -0.02735   1   2
        0.80952        0.22861   1   3
        0.80952        0.22861   1   4
        0.80952        0.97560   1   5
        0.80952        1.12982   1   6
        0.80952        1.82368   1   7
        0.80952        1.82368   1   8
        0.80952        2.36230   1   9
        0.80952        2.41814   1  10
        0.80952        3.28459   1  11
        0.80952        3.28459   1  12
        0.80952        4.24954   1  13
        0.80952        4.45920   1  14
        0.80952        4.77028   1  15
        0.80952        4.77028   1  16
        0.80952        5.20068   1  17
        0.80952        5.24819   1  18
        0.80952        5.75401   1  19
        0.80952        5.86063   1  20
        0.80952        5.86063   1  21
        0.80952        6.66703   1  22
        0.80952        6.79181   1  23
        0.80952        7.59352   1  24
        0.80952        9.52069   1  25
        0.80952        9.52069   1  26
        0.85714       -0.42066   1   1
        0.85714       -0.08652   1   2
        0.85714        0.21814   1   3
        0.85714        0.21814   1   4
        0.85714        0.97968   1   5
        0.85714        1.09937   1   6
        0.85714        1.85493   1   7
        0.85714        1.85493   1   8
        0.85714        2.37541   1   9
        0.85714        2.41600   1  10
        0.85714        3.25380   1  11
        0.85714        3.25380   1  12
        0.85714        4.32340   1  13
        0.85714        4.51961   1  14
        0.85714        4.79898   1  15
        0.85714        4.79898   1  16
        0.85714        5.11610   1  17
        0.85714        5.11791   1  18
        0.85714        5.79765   1  19
        0.85714        5.79765   1  20
        0.85714        5.88294   1  21
        0.85714        6.51304   1  22
        0.85714        6.94196   1  23
        0.85714        7.38956   1  24
        0.85714        9.53256   1  25
        0.85714        9.53256   1  26
        0.90476       -0.36904   1   1
        0.90476       -0.14528   1   2
        0.90476        0.21069   1   3
        0.90476        0.21069   1   4
        0.90476        0.98835   1   5
        0.90476        1.07162   1   6
        0.90476        1.87962   1   7
        0.90476        1.87962   1   8
        0.90476        2.39008   1   9
        0.90476        2.41554   1  10
        0.90476        3.24686   1  11
        0.90476        3.24686   1  12
        0.90476        4.43638   1  13
        0.90476        4.59448   1  14
        0.90476        4.83987   1  15
        0.90476        4.83987   1  16
        0.90476        5.00110   1  17
        0.90476        5.01096   1  18
        0.90476        5.76146   1  19
        0.90476        5.76146   1  20
        0.90476        6.02346   1  21
        0.90476        6.38723   1  22
        0.90476        7.07677   1  23
        0.90476        7.24879   1  24
        0.90476        9.53921   1  25
        0.90476        9.53921   1  26
        0.95238       -0.31544   1   1
        0.95238       -0.20326   1   2
        0.95238        0.20626   1   3
        0.95238        0.20626   1   4
        0.95238        1.00270   1   5
        0.95238        1.04580   1   6
        0.95238        1.89583   1   7
        0.95238        1.89583   1   8
        0.95238        2.40342   1   9
        0.95238        2.41541   1  10
        0.95238        3.25304   1  11
        0.95238        3.25304   1  12
        0.95238        4.58489   1  13
        0.95238        4.68671   1  14
        0.95238        4.87857   1  15
        0.95238        4.87857   1  16
        0.95238        4.88125   1  17
        0.95238        4.89938   1  18
        0.95238        5.74951   1  19
        0.95238        5.74951   1  20
        0.95238        6.14349   1  21
        0.95238        6.29939   1  22
        0.95238        7.15595   1  23
        0.95238        7.18805   1  24
        0.95238        9.53657   1  25
        0.95238        9.53657   1  26
        1.00000       -0.26009   1   1
        1.00000       -0.26009   1   2
        1.00000        0.20479   1   3
        1.00000        0.20479   1   4
        1.00000        1.02234   1   5
        1.00000        1.02234   1   6
        1.00000        1.90152   1   7
        1.00000        1.90152   1   8
        1.00000        2.41216   1   9
        1.00000        2.41216   1  10
        1.00000        3.25741   1  11
        1.00000        3.25741   1  12
        1.00000        4.74158   1  13
        1.00000        4.74158   1  14
        1.00000        4.78996   1  15
        1.00000        4.78996   1  16
        1.00000        4.89473   1  17
        1.00000        4.89473   1  18
        1.00000        5.74806   1  19
        1.00000        5.74806   1  20
        1.00000        6.22950   1  21
        1.00000        6.22950   1  22
        1.00000        7.17766   1  23
        1.00000        7.17766   1  24
        1.00000        9.53352   1  25
        1.00000        9.53352   1  26
        1.00000       -0.26009   1   1
        1.00000       -0.26009   1   2
        1.00000        0.20479   1   3
        1.00000        0.20479   1   4
        1.00000        1.02234   1   5
        1.00000        1.02234   1   6
        1.00000        1.90152   1   7
        1.00000        1.90152   1   8
        1.00000        2.41216   1   9
        1.00000        2.41216   1  10
        1.00000        3.25741   1  11
        1.00000        3.25741   1  12
        1.00000        4.74158   1  13
        1.00000        4.74158   1  14
        1.00000        4.78996   1  15
        1.00000        4.78996   1  16
        1.00000        4.89473   1  17
        1.00000        4.89473   1  18
        1.00000        5.74806   1  19
        1.00000        5.74806   1  20
        1.00000        6.22950   1  21
        1.00000        6.22950   1  22
        1.00000        7.17766   1  23
        1.00000        7.17766   1  24
        1.00000        9.53352   1  25
        1.00000        9.53352   1  26
        1.05893       -0.25908   1   1
        1.05893       -0.25800   1   2
        1.05893        0.19222   1   3
        1.05893        0.20679   1   4
        1.05893        1.02510   1   5
        1.05893        1.03894   1   6
        1.05893        1.89582   1   7
        1.05893        1.89806   1   8
        1.05893        2.39723   1   9
        1.05893        2.41027   1  10
        1.05893        3.24154   1  11
        1.05893        3.26247   1  12
        1.05893        4.73103   1  13
        1.05893        4.75920   1  14
        1.05893        4.76291   1  15
        1.05893        4.79169   1  16
        1.05893        4.90223   1  17
        1.05893        4.91118   1  18
        1.05893        5.72167   1  19
        1.05893        5.77143   1  20
        1.05893        6.23290   1  21
        1.05893        6.23809   1  22
        1.05893        7.18155   1  23
        1.05893        7.20949   1  24
        1.05893        9.50663   1  25
        1.05893        9.51967   1  26
        1.11785       -0.25634   1   1
        1.11785       -0.25172   1   2
        1.11785        0.15811   1   3
        1.11785        0.21276   1   4
        1.11785        1.03266   1   5
        1.11785        1.08547   1   6
        1.11785        1.87936   1   7
        1.11785        1.88872   1   8
        1.11785        2.35548   1   9
        1.11785        2.40782   1  10
        1.11785        3.19694   1  11
        1.11785        3.27855   1  12
        1.11785        4.68883   1  13
        1.11785        4.70867   1  14
        1.11785        4.78855   1  15
        1.11785        4.79846   1  16
        1.11785        4.91086   1  17
        1.11785        4.95320   1  18
        1.11785        5.64542   1  19
        1.11785        5.84688   1  20
        1.11785        6.21131   1  21
        1.11785        6.27091   1  22
        1.11785        7.20063   1  23
        1.11785        7.31507   1  24
        1.11785        9.44222   1  25
        1.11785        9.48761   1  26
        1.17678       -0.25290   1   1
        1.17678       -0.24126   1   2
        1.17678        0.11061   1   3
        1.17678        0.22258   1   4
        1.17678        1.04343   1   5
        1.17678        1.15543   1   6
        1.17678        1.85357   1   7
        1.17678        1.87572   1   8
        1.17678        2.29468   1   9
        1.17678        2.41193   1  10
        1.17678        3.13067   1  11
        1.17678        3.30670   1  12
        1.17678        4.60841   1  13
        1.17678        4.66865   1  14
        1.17678        4.76816   1  15
        1.17678        4.83306   1  16
        1.17678        4.90413   1  17
        1.17678        5.00730   1  18
        1.17678        5.51968   1  19
        1.17678        5.96761   1  20
        1.17678        6.14199   1  21
        1.17678        6.34136   1  22
        1.17678        7.25674   1  23
        1.17678        7.47656   1  24
        1.17678        9.35870   1  25
        1.17678        9.45009   1  26
        1.23570       -0.25100   1   1
        1.23570       -0.22663   1   2
        1.23570        0.05876   1   3
        1.23570        0.23609   1   4
        1.23570        1.05611   1   5
        1.23570        1.24368   1   6
        1.23570        1.81992   1   7
        1.23570        1.86051   1   8
        1.23570        2.22345   1   9
        1.23570        2.42769   1  10
        1.23570        3.05179   1  11
        1.23570        3.34923   1  12
        1.23570        4.50863   1  13
        1.23570        4.64878   1  14
        1.23570        4.72752   1  15
        1.23570        4.85461   1  16
        1.23570        4.89024   1  17
        1.23570        5.06519   1  18
        1.23570        5.34994   1  19
        1.23570        6.04980   1  20
        1.23570        6.09926   1  21
        1.23570        6.43260   1  22
        1.23570        7.39181   1  23
        1.23570        7.63824   1  24
        1.23570        9.23831   1  25
        1.23570        9.40287   1  26
        1.29463       -0.25501   1   1
        1.29463       -0.20786   1   2
        1.29463        0.01183   1   3
        1.29463        0.25311   1   4
        1.29463        1.07064   1   5
        1.29463        1.34706   1   6
        1.29463        1.77948   1   7
        1.29463        1.84272   1   8
        1.29463        2.14922   1   9
        1.29463        2.45377   1  10
        1.29463        2.97280   1  11
        1.29463        3.40710   1  12
        1.29463        4.41483   1  13
        1.29463        4.62785   1  14
        1.29463        4.66257   1  15
        1.29463        4.87748   1  16
        1.29463        4.89211   1  17
        1.29463        5.13174   1  18
        1.29463        5.16714   1  19
        1.29463        5.96519   1  20
        1.29463        6.21001   1  21
        1.29463        6.48214   1  22
        1.29463        7.64575   1  23
        1.29463        7.75496   1  24
        1.29463        9.04769   1  25
        1.29463        9.33249   1  26
        1.35355       -0.27152   1   1
        1.35355       -0.18498   1   2
        1.35355       -0.02043   1   3
        1.35355        0.27346   1   4
        1.35355        1.08809   1   5
        1.35355        1.46125   1   6
        1.35355        1.73314   1   7
        1.35355        1.82107   1   8
        1.35355        2.07852   1   9
        1.35355        2.48350   1  10
        1.35355        2.90782   1  11
        1.35355        3.46895   1  12
        1.35355        4.34070   1  13
        1.35355        4.56577   1  14
        1.35355        4.62339   1  15
        1.35355        4.89811   1  16
        1.35355        4.91520   1  17
        1.35355        5.01671   1  18
        1.35355        5.22086   1  19
        1.35355        5.90730   1  20
        1.35355        6.29802   1  21
        1.35355        6.46481   1  22
        1.35355        7.80827   1  23
        1.35355        7.97529   1  24
        1.35355        8.78611   1  25
        1.35355        9.24080   1  26
        1.35355       -0.27152   1   1
        1.35355       -0.18498   1   2
        1.35355       -0.02043   1   3
        1.35355        0.27346   1   4
        1.35355        1.08809   1   5
        1.35355        1.46125   1   6
        1.35355        1.73314   1   7
        1.35355        1.82107   1   8
        1.35355        2.07852   1   9
        1.35355        2.48350   1  10
        1.35355        2.90782   1  11
        1.35355        3.46895   1  12
        1.35355        4.34070   1  13
        1.35355        4.56577   1  14
        1.35355        4.62339   1  15
        1.35355        4.89811   1  16
        1.35355        4.91520   1  17
        1.35355        5.01671   1  18
        1.35355        5.22086   1  19
        1.35355        5.90730   1  20
        1.35355        6.29802   1  21
        1.35355        6.46481   1  22
        1.35355        7.80827   1  23
        1.35355        7.97529   1  24
        1.35355        8.78611   1  25
        1.35355        9.24080   1  26
        1.40177       -0.29757   1   1
        1.40177       -0.16325   1   2
        1.40177       -0.03115   1   3
        1.40177        0.29240   1   4
        1.40177        1.10542   1   5
        1.40177        1.55603   1   6
        1.40177        1.69161   1   7
        1.40177        1.80039   1   8
        1.40177        2.02760   1   9
        1.40177        2.50563   1  10
        1.40177        2.87042   1  11
        1.40177        3.50711   1  12
        1.40177        4.29580   1  13
        1.40177        4.47401   1  14
        1.40177        4.65427   1  15
        1.40177        4.89325   1  16
        1.40177        4.92399   1  17
        1.40177        4.95841   1  18
        1.40177        5.31085   1  19
        1.40177        5.88241   1  20
        1.40177        6.36868   1  21
        1.40177        6.42558   1  22
        1.40177        7.81908   1  23
        1.40177        8.22996   1  24
        1.40177        8.54557   1  25
        1.40177        9.16715   1  26
        1.44998       -0.33353   1   1
        1.44998       -0.13881   1   2
        1.44998       -0.02828   1   3
        1.44998        0.31323   1   4
        1.44998        1.12583   1   5
        1.44998        1.64140   1   6
        1.44998        1.64771   1   7
        1.44998        1.77840   1   8
        1.44998        1.98794   1   9
        1.44998        2.52396   1  10
        1.44998        2.84471   1  11
        1.44998        3.52476   1  12
        1.44998        4.26304   1  13
        1.44998        4.38961   1  14
        1.44998        4.70915   1  15
        1.44998        4.84050   1  16
        1.44998        4.89248   1  17
        1.44998        5.00785   1  18
        1.44998        5.40394   1  19
        1.44998        5.86517   1  20
        1.44998        6.39061   1  21
        1.44998        6.45098   1  22
        1.44998        7.83345   1  23
        1.44998        8.31271   1  24
        1.44998        8.43235   1  25
        1.44998        9.11209   1  26
        1.49819       -0.37579   1   1
        1.49819       -0.11170   1   2
        1.49819       -0.01495   1   3
        1.49819        0.33575   1   4
        1.49819        1.14903   1   5
        1.49819        1.60240   1   6
        1.49819        1.70035   1   7
        1.49819        1.75727   1   8
        1.49819        1.97029   1   9
        1.49819        2.53918   1  10
        1.49819        2.82377   1  11
        1.49819        3.52394   1  12
        1.49819        4.24111   1  13
        1.49819        4.31910   1  14
        1.49819        4.75310   1  15
        1.49819        4.77137   1  16
        1.49819        4.91153   1  17
        1.49819        5.05436   1  18
        1.49819        5.48819   1  19
        1.49819        5.83698   1  20
        1.49819        6.37657   1  21
        1.49819        6.54506   1  22
        1.49819        7.84836   1  23
        1.49819        8.14526   1  24
        1.49819        8.58051   1  25
        1.49819        9.08205   1  26
        1.54640       -0.42103   1   1
        1.54640       -0.08195   1   2
        1.54640        0.00588   1   3
        1.54640        0.35971   1   4
        1.54640        1.17411   1   5
        1.54640        1.55665   1   6
        1.54640        1.71448   1   7
        1.54640        1.73906   1   8
        1.54640        1.98853   1   9
        1.54640        2.55248   1  10
        1.54640        2.79998   1  11
        1.54640        3.51865   1  12
        1.54640        4.22865   1  13
        1.54640        4.25644   1  14
        1.54640        4.66128   1  15
        1.54640        4.84544   1  16
        1.54640        4.93586   1  17
        1.54640        5.08817   1  18
        1.54640        5.56341   1  19
        1.54640        5.79614   1  20
        1.54640        6.38916   1  21
        1.54640        6.63850   1  22
        1.54640        7.76268   1  23
        1.54640        8.16045   1  24
        1.54640        8.69137   1  25
        1.54640        9.06997   1  26
        1.59461       -0.46708   1   1
        1.59461       -0.04961   1   2
        1.59461        0.03220   1   3
        1.59461        0.38485   1   4
        1.59461        1.19982   1   5
        1.59461        1.51132   1   6
        1.59461        1.68941   1   7
        1.59461        1.72468   1   8
        1.59461        2.03598   1   9
        1.59461        2.56382   1  10
        1.59461        2.76877   1  11
        1.59461        3.52675   1  12
        1.59461        4.19023   1  13
        1.59461        4.22198   1  14
        1.59461        4.57550   1  15
        1.59461        4.89641   1  16
        1.59461        4.98320   1  17
        1.59461        5.10480   1  18
        1.59461        5.64268   1  19
        1.59461        5.76498   1  20
        1.59461        6.42487   1  21
        1.59461        6.71444   1  22
        1.59461        7.61760   1  23
        1.59461        8.29169   1  24
        1.59461        8.78081   1  25
        1.59461        9.06052   1  26
        1.64282       -0.51262   1   1
        1.64282       -0.01473   1   2
        1.64282        0.06279   1   3
        1.64282        0.41088   1   4
        1.64282        1.22483   1   5
        1.64282        1.46697   1   6
        1.64282        1.64538   1   7
        1.64282        1.71365   1   8
        1.64282        2.09402   1   9
        1.64282        2.57243   1  10
        1.64282        2.73075   1  11
        1.64282        3.55619   1  12
        1.64282        4.11461   1  13
        1.64282        4.21506   1  14
        1.64282        4.50962   1  15
        1.64282        4.85650   1  16
        1.64282        5.10633   1  17
        1.64282        5.10660   1  18
        1.64282        5.74292   1  19
        1.64282        5.76620   1  20
        1.64282        6.47505   1  21
        1.64282        6.76168   1  22
        1.64282        7.46031   1  23
        1.64282        8.45426   1  24
        1.64282        8.85280   1  25
        1.64282        9.04020   1  26
        1.69104       -0.55682   1   1
        1.69104        0.02259   1   2
        1.69104        0.09685   1   3
        1.69104        0.43739   1   4
        1.69104        1.24800   1   5
        1.69104        1.42395   1   6
        1.69104        1.59508   1   7
        1.69104        1.70471   1   8
        1.69104        2.15181   1   9
        1.69104        2.57945   1  10
        1.69104        2.69017   1  11
        1.69104        3.60132   1  12
        1.69104        4.03410   1  13
        1.69104        4.20205   1  14
        1.69104        4.47033   1  15
        1.69104        4.77917   1  16
        1.69104        5.09719   1  17
        1.69104        5.24922   1  18
        1.69104        5.79884   1  19
        1.69104        5.87207   1  20
        1.69104        6.52988   1  21
        1.69104        6.78051   1  22
        1.69104        7.28350   1  23
        1.69104        8.63565   1  24
        1.69104        8.90103   1  25
        1.69104        9.00556   1  26
        1.73925       -0.59917   1   1
        1.73925        0.06226   1   2
        1.73925        0.13389   1   3
        1.73925        0.46396   1   4
        1.73925        1.26845   1   5
        1.73925        1.38239   1   6
        1.73925        1.54468   1   7
        1.73925        1.69673   1   8
        1.73925        2.20305   1   9
        1.73925        2.58875   1  10
        1.73925        2.65010   1  11
        1.73925        3.65156   1  12
        1.73925        3.95632   1  13
        1.73925        4.18013   1  14
        1.73925        4.45180   1  15
        1.73925        4.69399   1  16
        1.73925        5.08049   1  17
        1.73925        5.39059   1  18
        1.73925        5.83962   1  19
        1.73925        6.02113   1  20
        1.73925        6.58130   1  21
        1.73925        6.78197   1  22
        1.73925        7.09846   1  23
        1.73925        8.82913   1  24
        1.73925        8.91969   1  25
        1.73925        8.96475   1  26
        1.78746       -0.63932   1   1
        1.78746        0.10422   1   2
        1.78746        0.17350   1   3
        1.78746        0.49008   1   4
        1.78746        1.28527   1   5
        1.78746        1.34240   1   6
        1.78746        1.49684   1   7
        1.78746        1.68954   1   8
        1.78746        2.24287   1   9
        1.78746        2.60323   1  10
        1.78746        2.61020   1  11
        1.78746        3.70156   1  12
        1.78746        3.88530   1  13
        1.78746        4.15104   1  14
        1.78746        4.44305   1  15
        1.78746        4.62402   1  16
        1.78746        5.05692   1  17
        1.78746        5.52211   1  18
        1.78746        5.85983   1  19
        1.78746        6.16745   1  20
        1.78746        6.62477   1  21
        1.78746        6.78125   1  22
        1.78746        6.94148   1  23
        1.78746        8.91422   1  24
        1.78746        8.93172   1  25
        1.78746        9.01275   1  26
        1.83567       -0.67698   1   1
        1.83567        0.14836   1   2
        1.83567        0.21533   1   3
        1.83567        0.51525   1   4
        1.83567        1.29741   1   5
        1.83567        1.30421   1   6
        1.83567        1.45186   1   7
        1.83567        1.68406   1   8
        1.83567        2.26851   1   9
        1.83567        2.56914   1  10
        1.83567        2.61992   1  11
        1.83567        3.75351   1  12
        1.83567        3.82439   1  13
        1.83567        4.12112   1  14
        1.83567        4.44010   1  15
        1.83567        4.58160   1  16
        1.83567        5.02539   1  17
        1.83567        5.64480   1  18
        1.83567        5.84178   1  19
        1.83567        6.29003   1  20
        1.83567        6.66003   1  21
        1.83567        6.78903   1  22
        1.83567        6.84336   1  23
        1.83567        8.90156   1  24
        1.83567        8.91718   1  25
        1.83567        9.15929   1  26
        1.88388       -0.71197   1   1
        1.88388        0.19458   1   2
        1.88388        0.25902   1   3
        1.88388        0.53908   1   4
        1.88388        1.26818   1   5
        1.88388        1.30378   1   6
        1.88388        1.40886   1   7
        1.88388        1.68174   1   8
        1.88388        2.28020   1   9
        1.88388        2.52957   1  10
        1.88388        2.63062   1  11
        1.88388        3.78556   1  12
        1.88388        3.81020   1  13
        1.88388        4.09872   1  14
        1.88388        4.43953   1  15
        1.88388        4.56919   1  16
        1.88388        4.98592   1  17
        1.88388        5.76870   1  18
        1.88388        5.79464   1  19
        1.88388        6.38544   1  20
        1.88388        6.69015   1  21
        1.88388        6.80410   1  22
        1.88388        6.80691   1  23
        1.88388        8.89876   1  24
        1.88388        8.92175   1  25
        1.88388        9.25173   1  26
        1.93210       -0.74415   1   1
        1.93210        0.24270   1   2
        1.93210        0.30419   1   3
        1.93210        0.56128   1   4
        1.93210        1.23476   1   5
        1.93210        1.30358   1   6
        1.93210        1.36686   1   7
        1.93210        1.68356   1   8
        1.93210        2.28065   1   9
        1.93210        2.50342   1  10
        1.93210        2.63625   1  11
        1.93210        3.78269   1  12
        1.93210        3.86880   1  13
        1.93210        4.08967   1  14
        1.93210        4.42243   1  15
        1.93210        4.58359   1  16
        1.93210        4.94266   1  17
        1.93210        5.75370   1  18
        1.93210        5.90710   1  19
        1.93210        6.46937   1  20
        1.93210        6.71949   1  21
        1.93210        6.80122   1  22
        1.93210        6.82971   1  23
        1.93210        8.91196   1  24
        1.93210        8.93498   1  25
        1.93210        9.28772   1  26
        1.98031       -0.77342   1   1
        1.98031        0.29246   1   2
        1.98031        0.35042   1   3
        1.98031        0.58170   1   4
        1.98031        1.20437   1   5
        1.98031        1.29647   1   6
        1.98031        1.32553   1   7
        1.98031        1.68872   1   8
        1.98031        2.27338   1   9
        1.98031        2.51398   1  10
        1.98031        2.66128   1  11
        1.98031        3.81294   1  12
        1.98031        3.92422   1  13
        1.98031        4.09422   1  14
        1.98031        4.37321   1  15
        1.98031        4.61493   1  16
        1.98031        4.90336   1  17
        1.98031        5.73849   1  18
        1.98031        6.06728   1  19
        1.98031        6.56112   1  20
        1.98031        6.75179   1  21
        1.98031        6.81527   1  22
        1.98031        6.85144   1  23
        1.98031        8.93551   1  24
        1.98031        8.94063   1  25
        1.98031        9.27568   1  26
        2.02852       -0.79972   1   1
        2.02852        0.34351   1   2
        2.02852        0.39721   1   3
        2.02852        0.60019   1   4
        2.02852        1.17729   1   5
        2.02852        1.28247   1   6
        2.02852        1.28526   1   7
        2.02852        1.69404   1   8
        2.02852        2.26138   1   9
        2.02852        2.58774   1  10
        2.02852        2.73886   1  11
        2.02852        3.86356   1  12
        2.02852        3.97593   1  13
        2.02852        4.10779   1  14
        2.02852        4.31397   1  15
        2.02852        4.64630   1  16
        2.02852        4.87553   1  17
        2.02852        5.71123   1  18
        2.02852        6.24413   1  19
        2.02852        6.66522   1  20
        2.02852        6.78909   1  21
        2.02852        6.83998   1  22
        2.02852        6.86952   1  23
        2.02852        8.92550   1  24
        2.02852        8.95846   1  25
        2.02852        9.22997   1  26
        2.07673       -0.82303   1   1
        2.07673        0.39538   1   2
        2.07673        0.44395   1   3
        2.07673        0.61658   1   4
        2.07673        1.15362   1   5
        2.07673        1.24678   1   6
        2.07673        1.26193   1   7
        2.07673        1.69614   1   8
        2.07673        2.24686   1   9
        2.07673        2.73583   1  10
        2.07673        2.88217   1  11
        2.07673        3.92922   1  12
        2.07673        4.02763   1  13
        2.07673        4.12452   1  14
        2.07673        4.28471   1  15
        2.07673        4.66237   1  16
        2.07673        4.86263   1  17
        2.07673        5.61574   1  18
        2.07673        6.42168   1  19
        2.07673        6.76760   1  20
        2.07673        6.83117   1  21
        2.07673        6.87159   1  22
        2.07673        6.88470   1  23
        2.07673        8.88705   1  24
        2.07673        8.97099   1  25
        2.07673        9.16608   1  26
        2.12494       -0.84330   1   1
        2.12494        0.44743   1   2
        2.12494        0.48988   1   3
        2.12494        0.63069   1   4
        2.12494        1.13326   1   5
        2.12494        1.21069   1   6
        2.12494        1.23559   1   7
        2.12494        1.69411   1   8
        2.12494        2.23171   1   9
        2.12494        2.93943   1  10
        2.12494        3.07214   1  11
        2.12494        4.00864   1  12
        2.12494        4.08152   1  13
        2.12494        4.14045   1  14
        2.12494        4.30683   1  15
        2.12494        4.65991   1  16
        2.12494        4.86166   1  17
        2.12494        5.44103   1  18
        2.12494        6.58105   1  19
        2.12494        6.84872   1  20
        2.12494        6.87577   1  21
        2.12494        6.89852   1  22
        2.12494        6.90063   1  23
        2.12494        8.83556   1  24
        2.12494        8.96800   1  25
        2.12494        9.09623   1  26
        2.17315       -0.86052   1   1
        2.17315        0.49876   1   2
        2.17315        0.53403   1   3
        2.17315        0.64239   1   4
        2.17315        1.11607   1   5
        2.17315        1.17725   1   6
        2.17315        1.20465   1   7
        2.17315        1.68913   1   8
        2.17315        2.21764   1   9
        2.17315        3.15310   1  10
        2.17315        3.26337   1  11
        2.17315        4.08682   1  12
        2.17315        4.13427   1  13
        2.17315        4.15472   1  14
        2.17315        4.38602   1  15
        2.17315        4.64965   1  16
        2.17315        4.86254   1  17
        2.17315        5.22394   1  18
        2.17315        6.70922   1  19
        2.17315        6.90169   1  20
        2.17315        6.91084   1  21
        2.17315        6.91983   1  22
        2.17315        6.92425   1  23
        2.17315        8.78932   1  24
        2.17315        8.95009   1  25
        2.17315        9.02806   1  26
        2.22137       -0.87464   1   1
        2.22137        0.54801   1   2
        2.22137        0.57510   1   3
        2.22137        0.65161   1   4
        2.22137        1.10193   1   5
        2.22137        1.14661   1   6
        2.22137        1.17089   1   7
        2.22137        1.68288   1   8
        2.22137        2.20606   1   9
        2.22137        3.32503   1  10
        2.22137        3.40313   1  11
        2.22137        4.14423   1  12
        2.22137        4.16857   1  13
        2.22137        4.17728   1  14
        2.22137        4.51289   1  15
        2.22137        4.64885   1  16
        2.22137        4.85216   1  17
        2.22137        5.01850   1  18
        2.22137        6.80213   1  19
        2.22137        6.91950   1  20
        2.22137        6.93898   1  21
        2.22137        6.95141   1  22
        2.22137        6.96188   1  23
        2.22137        8.76501   1  24
        2.22137        8.92209   1  25
        2.22137        8.96603   1  26
        2.26958       -0.88564   1   1
        2.26958        0.59314   1   2
        2.26958        0.61137   1   3
        2.26958        0.65846   1   4
        2.26958        1.09079   1   5
        2.26958        1.11931   1   6
        2.26958        1.13686   1   7
        2.26958        1.67675   1   8
        2.26958        2.19788   1   9
        2.26958        3.42240   1  10
        2.26958        3.46416   1  11
        2.26958        4.17988   1  12
        2.26958        4.18315   1  13
        2.26958        4.20292   1  14
        2.26958        4.64925   1  15
        2.26958        4.66850   1  16
        2.26958        4.82474   1  17
        2.26958        4.86922   1  18
        2.26958        6.86201   1  19
        2.26958        6.92242   1  20
        2.26958        6.97953   1  21
        2.26958        6.98994   1  22
        2.26958        7.00334   1  23
        2.26958        8.76852   1  24
        2.26958        8.88998   1  25
        2.26958        8.91248   1  26
        2.31779       -0.89352   1   1
        2.31779        0.63102   1   2
        2.31779        0.64054   1   3
        2.31779        0.66310   1   4
        2.31779        1.08271   1   5
        2.31779        1.09683   1   6
        2.31779        1.10631   1   7
        2.31779        1.67176   1   8
        2.31779        2.19327   1   9
        2.31779        3.44751   1  10
        2.31779        3.46235   1  11
        2.31779        4.19758   1  12
        2.31779        4.20025   1  13
        2.31779        4.21233   1  14
        2.31779        4.70319   1  15
        2.31779        4.73622   1  16
        2.31779        4.78866   1  17
        2.31779        4.80893   1  18
        2.31779        6.89485   1  19
        2.31779        6.92004   1  20
        2.31779        7.02808   1  21
        2.31779        7.03529   1  22
        2.31779        7.04375   1  23
        2.31779        8.79176   1  24
        2.31779        8.85944   1  25
        2.31779        8.86904   1  26
        2.36600       -0.89825   1   1
        2.36600        0.65715   1   2
        2.36600        0.65983   1   3
        2.36600        0.66577   1   4
        2.36600        1.07779   1   5
        2.36600        1.08160   1   6
        2.36600        1.08430   1   7
        2.36600        1.66853   1   8
        2.36600        2.19139   1   9
        2.36600        3.43450   1  10
        2.36600        3.43725   1  11
        2.36600        4.20870   1  12
        2.36600        4.21013   1  13
        2.36600        4.21338   1  14
        2.36600        4.73529   1  15
        2.36600        4.74433   1  16
        2.36600        4.75928   1  17
        2.36600        4.83414   1  18
        2.36600        6.90966   1  19
        2.36600        6.91578   1  20
        2.36600        7.07043   1  21
        2.36600        7.07278   1  22
        2.36600        7.07527   1  23
        2.36600        8.81727   1  24
        2.36600        8.83667   1  25
        2.36600        8.83908   1  26
        2.41421       -0.89983   1   1
        2.41421        0.66663   1   2
        2.41421        0.66663   1   3
        2.41421        0.66663   1   4
        2.41421        1.07614   1   5
        2.41421        1.07614   1   6
        2.41421        1.07614   1   7
        2.41421        1.66742   1   8
        2.41421        2.19098   1   9
        2.41421        3.42424   1  10
        2.41421        3.42424   1  11
        2.41421        4.21292   1  12
        2.41421        4.21292   1  13
        2.41421        4.21292   1  14
        2.41421        4.74816   1  15
        2.41421        4.74816   1  16
        2.41421        4.74816   1  17
        2.41421        4.84474   1  18
        2.41421        6.91375   1  19
        2.41421        6.91375   1  20
        2.41421        7.08737   1  21
        2.41421        7.08737   1  22
        2.41421        7.08737   1  23
        2.41421        8.82809   1  24
        2.41421        8.82809   1  25
        2.41421        8.82809   1  26
        2.41421       -0.89983   1   1
        2.41421        0.66663   1   2
        2.41421        0.66663   1   3
        2.41421        0.66663   1   4
        2.41421        1.07614   1   5
        2.41421        1.07614   1   6
        2.41421        1.07614   1   7
        2.41421        1.66742   1   8
        2.41421        2.19098   1   9
        2.41421        3.42424   1  10
        2.41421        3.42424   1  11
        2.41421        4.21292   1  12
        2.41421        4.21292   1  13
        2.41421        4.21292   1  14
        2.41421        4.74816   1  15
        2.41421        4.74816   1  16
        2.41421        4.74816   1  17
        2.41421        4.84474   1  18
        2.41421        6.91375   1  19
        2.41421        6.91375   1  20
        2.41421        7.08737   1  21
        2.41421        7.08737   1  22
        2.41421        7.08737   1  23
        2.41421        8.82809   1  24
        2.41421        8.82809   1  25
        2.41421        8.82809   1  26
        2.46233       -0.89826   1   1
        2.46233        0.65522   1   2
        2.46233        0.66380   1   3
        2.46233        0.66380   1   4
        2.46233        1.07998   1   5
        2.46233        1.07998   1   6
        2.46233        1.08365   1   7
        2.46233        1.66854   1   8
        2.46233        2.19137   1   9
        2.46233        3.43609   1  10
        2.46233        3.43609   1  11
        2.46233        4.20916   1  12
        2.46233        4.20916   1  13
        2.46233        4.21364   1  14
        2.46233        4.73597   1  15
        2.46233        4.75151   1  16
        2.46233        4.75151   1  17
        2.46233        4.83386   1  18
        2.46233        6.91272   1  19
        2.46233        6.91272   1  20
        2.46233        7.07215   1  21
        2.46233        7.07215   1  22
        2.46233        7.07427   1  23
        2.46233        8.82451   1  24
        2.46233        8.82451   1  25
        2.46233        8.84359   1  26
        2.51044       -0.89355   1   1
        2.51044        0.62365   1   2
        2.51044        0.65568   1   3
        2.51044        0.65568   1   4
        2.51044        1.09093   1   5
        2.51044        1.09093   1   6
        2.51044        1.10349   1   7
        2.51044        1.67191   1   8
        2.51044        2.19289   1   9
        2.51044        3.45880   1  10
        2.51044        3.45880   1  11
        2.51044        4.19812   1  12
        2.51044        4.19812   1  13
        2.51044        4.21040   1  14
        2.51044        4.70515   1  15
        2.51044        4.76382   1  16
        2.51044        4.76382   1  17
        2.51044        4.80099   1  18
        2.51044        6.90676   1  19
        2.51044        6.90676   1  20
        2.51044        7.03475   1  21
        2.51044        7.03475   1  22
        2.51044        7.03768   1  23
        2.51044        8.81688   1  24
        2.51044        8.81688   1  25
        2.51044        8.88101   1  26
        2.55855       -0.88571   1   1
        2.55855        0.57747   1   2
        2.55855        0.64323   1   3
        2.55855        0.64323   1   4
        2.55855        1.10756   1   5
        2.55855        1.10756   1   6
        2.55855        1.13014   1   7
        2.55855        1.67757   1   8
        2.55855        2.19636   1   9
        2.55855        3.46160   1  10
        2.55855        3.46160   1  11
        2.55855        4.18053   1  12
        2.55855        4.18053   1  13
        2.55855        4.19140   1  14
        2.55855        4.60035   1  15
        2.55855        4.78932   1  16
        2.55855        4.78932   1  17
        2.55855        4.81668   1  18
        2.55855        6.88405   1  19
        2.55855        6.88405   1  20
        2.55855        6.98207   1  21
        2.55855        6.99864   1  22
        2.55855        6.99864   1  23
        2.55855        8.81362   1  24
        2.55855        8.81362   1  25
        2.55855        8.92208   1  26
        2.60666       -0.87475   1   1
        2.60666        0.52160   1   2
        2.60666        0.62763   1   3
        2.60666        0.62763   1   4
        2.60666        1.12807   1   5
        2.60666        1.12807   1   6
        2.60666        1.15887   1   7
        2.60666        1.68550   1   8
        2.60666        2.20258   1   9
        2.60666        3.41510   1  10
        2.60666        3.41510   1  11
        2.60666        4.14421   1  12
        2.60666        4.15887   1  13
        2.60666        4.15887   1  14
        2.60666        4.42153   1  15
        2.60666        4.82725   1  16
        2.60666        4.82725   1  17
        2.60666        4.90628   1  18
        2.60666        6.83194   1  19
        2.60666        6.83194   1  20
        2.60666        6.90968   1  21
        2.60666        6.98544   1  22
        2.60666        6.98544   1  23
        2.60666        8.82432   1  24
        2.60666        8.82432   1  25
        2.60666        8.95538   1  26
        2.65478       -0.86070   1   1
        2.65478        0.45953   1   2
        2.65478        0.61010   1   3
        2.65478        0.61010   1   4
        2.65478        1.15082   1   5
        2.65478        1.15082   1   6
        2.65478        1.18681   1   7
        2.65478        1.69566   1   8
        2.65478        2.21207   1   9
        2.65478        3.30845   1  10
        2.65478        3.30845   1  11
        2.65478        4.04600   1  12
        2.65478        4.13853   1  13
        2.65478        4.13853   1  14
        2.65478        4.24692   1  15
        2.65478        4.86861   1  16
        2.65478        4.86861   1  17
        2.65478        5.04195   1  18
        2.65478        6.75953   1  19
        2.65478        6.75953   1  20
        2.65478        6.82295   1  21
        2.65478        6.98732   1  22
        2.65478        6.98732   1  23
        2.65478        8.85331   1  24
        2.65478        8.85331   1  25
        2.65478        8.98276   1  26
        2.70289       -0.84357   1   1
        2.70289        0.39357   1   2
        2.70289        0.59170   1   3
        2.70289        0.59170   1   4
        2.70289        1.17448   1   5
        2.70289        1.17448   1   6
        2.70289        1.21254   1   7
        2.70289        1.70790   1   8
        2.70289        2.22482   1   9
        2.70289        3.15357   1  10
        2.70289        3.15357   1  11
        2.70289        3.88118   1  12
        2.70289        4.12425   1  13
        2.70289        4.12425   1  14
        2.70289        4.15684   1  15
        2.70289        4.90240   1  16
        2.70289        4.90240   1  17
        2.70289        5.19770   1  18
        2.70289        6.67837   1  19
        2.70289        6.67837   1  20
        2.70289        6.72960   1  21
        2.70289        6.98902   1  22
        2.70289        6.98902   1  23
        2.70289        8.89635   1  24
        2.70289        8.89635   1  25
        2.70289        9.01255   1  26
        2.75100       -0.82338   1   1
        2.75100        0.32539   1   2
        2.75100        0.57333   1   3
        2.75100        0.57333   1   4
        2.75100        1.19796   1   5
        2.75100        1.19796   1   6
        2.75100        1.23548   1   7
        2.75100        1.72194   1   8
        2.75100        2.24015   1   9
        2.75100        2.97995   1  10
        2.75100        2.97995   1  11
        2.75100        3.71821   1  12
        2.75100        4.11426   1  13
        2.75100        4.11426   1  14
        2.75100        4.13564   1  15
        2.75100        4.92111   1  16
        2.75100        4.92111   1  17
        2.75100        5.35289   1  18
        2.75100        6.59798   1  19
        2.75100        6.59798   1  20
        2.75100        6.64648   1  21
        2.75100        6.98075   1  22
        2.75100        6.98075   1  23
        2.75100        8.94364   1  24
        2.75100        8.94364   1  25
        2.75100        9.04643   1  26
        2.79911       -0.80014   1   1
        2.79911        0.25614   1   2
        2.79911        0.55563   1   3
        2.79911        0.55563   1   4
        2.79911        1.22028   1   5
        2.79911        1.22028   1   6
        2.79911        1.25561   1   7
        2.79911        1.73729   1   8
        2.79911        2.25707   1   9
        2.79911        2.82404   1  10
        2.79911        2.82404   1  11
        2.79911        3.59047   1  12
        2.79911        4.09925   1  13
        2.79911        4.09925   1  14
        2.79911        4.16322   1  15
        2.79911        4.92103   1  16
        2.79911        4.92103   1  17
        2.79911        5.49140   1  18
        2.79911        6.52735   1  19
        2.79911        6.52735   1  20
        2.79911        6.59960   1  21
        2.79911        6.96050   1  22
        2.79911        6.96050   1  23
        2.79911        8.98621   1  24
        2.79911        8.98621   1  25
        2.79911        9.07216   1  26
        2.84723       -0.77388   1   1
        2.84723        0.18670   1   2
        2.84723        0.53901   1   3
        2.84723        0.53901   1   4
        2.84723        1.24029   1   5
        2.84723        1.24029   1   6
        2.84723        1.27307   1   7
        2.84723        1.75323   1   8
        2.84723        2.27435   1   9
        2.84723        2.71689   1  10
        2.84723        2.71689   1  11
        2.84723        3.48537   1  12
        2.84723        4.06725   1  13
        2.84723        4.06725   1  14
        2.84723        4.22146   1  15
        2.84723        4.90425   1  16
        2.84723        4.90425   1  17
        2.84723        5.59331   1  18
        2.84723        6.46832   1  19
        2.84723        6.46832   1  20
        2.84723        6.61218   1  21
        2.84723        6.93459   1  22
        2.84723        6.93459   1  23
        2.84723        9.01888   1  24
        2.84723        9.01888   1  25
        2.84723        9.06987   1  26
        2.89534       -0.74470   1   1
        2.89534        0.11772   1   2
        2.89534        0.52369   1   3
        2.89534        0.52369   1   4
        2.89534        1.25689   1   5
        2.89534        1.25689   1   6
        2.89534        1.28798   1   7
        2.89534        1.76893   1   8
        2.89534        2.29014   1   9
        2.89534        2.67350   1  10
        2.89534        2.67350   1  11
        2.89534        3.38057   1  12
        2.89534        4.00991   1  13
        2.89534        4.00991   1  14
        2.89534        4.28224   1  15
        2.89534        4.88373   1  16
        2.89534        4.88373   1  17
        2.89534        5.64280   1  18
        2.89534        6.41001   1  19
        2.89534        6.41001   1  20
        2.89534        6.67599   1  21
        2.89534        6.91327   1  22
        2.89534        6.91327   1  23
        2.89534        9.02721   1  24
        2.89534        9.03819   1  25
        2.89534        9.03819   1  26
        2.94345       -0.71271   1   1
        2.94345        0.04974   1   2
        2.94345        0.50976   1   3
        2.94345        0.50976   1   4
        2.94345        1.26931   1   5
        2.94345        1.26931   1   6
        2.94345        1.30030   1   7
        2.94345        1.78372   1   8
        2.94345        2.30237   1   9
        2.94345        2.68833   1  10
        2.94345        2.68833   1  11
        2.94345        3.26520   1  12
        2.94345        3.92866   1  13
        2.94345        3.92866   1  14
        2.94345        4.32244   1  15
        2.94345        4.88118   1  16
        2.94345        4.88118   1  17
        2.94345        5.63634   1  18
        2.94345        6.33441   1  19
        2.94345        6.33441   1  20
        2.94345        6.74849   1  21
        2.94345        6.90367   1  22
        2.94345        6.90367   1  23
        2.94345        8.94877   1  24
        2.94345        9.03984   1  25
        2.94345        9.03984   1  26
        2.99156       -0.67809   1   1
        2.99156       -0.01673   1   2
        2.99156        0.49732   1   3
        2.99156        0.49732   1   4
        2.99156        1.27756   1   5
        2.99156        1.27756   1   6
        2.99156        1.30999   1   7
        2.99156        1.79720   1   8
        2.99156        2.31011   1   9
        2.99156        2.73841   1  10
        2.99156        2.73841   1  11
        2.99156        3.14456   1  12
        2.99156        3.83907   1  13
        2.99156        3.83907   1  14
        2.99156        4.34213   1  15
        2.99156        4.91346   1  16
        2.99156        4.91346   1  17
        2.99156        5.57261   1  18
        2.99156        6.22901   1  19
        2.99156        6.22901   1  20
        2.99156        6.79771   1  21
        2.99156        6.90640   1  22
        2.99156        6.90640   1  23
        2.99156        8.85086   1  24
        2.99156        9.02147   1  25
        2.99156        9.02147   1  26
        3.03968       -0.64104   1   1
        3.03968       -0.08122   1   2
        3.03968        0.48654   1   3
        3.03968        0.48654   1   4
        3.03968        1.28241   1   5
        3.03968        1.28241   1   6
        3.03968        1.31726   1   7
        3.03968        1.80931   1   8
        3.03968        2.31461   1   9
        3.03968        2.79616   1  10
        3.03968        2.79616   1  11
        3.03968        3.03328   1  12
        3.03968        3.76230   1  13
        3.03968        3.76230   1  14
        3.03968        4.36496   1  15
        3.03968        4.98141   1  16
        3.03968        4.98141   1  17
        3.03968        5.45617   1  18
        3.03968        6.09543   1  19
        3.03968        6.09543   1  20
        3.03968        6.83228   1  21
        3.03968        6.91754   1  22
        3.03968        6.91754   1  23
        3.03968        8.75003   1  24
        3.03968        8.98837   1  25
        3.03968        8.98837   1  26
        3.08779       -0.60191   1   1
        3.08779       -0.14309   1   2
        3.08779        0.47759   1   3
        3.08779        0.47759   1   4
        3.08779        1.28510   1   5
        3.08779        1.28510   1   6
        3.08779        1.32268   1   7
        3.08779        1.82024   1   8
        3.08779        2.31809   1   9
        3.08779        2.84679   1  10
        3.08779        2.84679   1  11
        3.08779        2.94677   1  12
        3.08779        3.70663   1  13
        3.08779        3.70663   1  14
        3.08779        4.41756   1  15
        3.08779        5.07014   1  16
        3.08779        5.07014   1  17
        3.08779        5.31008   1  18
        3.08779        5.95200   1  19
        3.08779        5.95200   1  20
        3.08779        6.88721   1  21
        3.08779        6.93034   1  22
        3.08779        6.93034   1  23
        3.08779        8.65668   1  24
        3.08779        8.95423   1  25
        3.08779        8.95423   1  26
        3.13590       -0.56142   1   1
        3.13590       -0.20140   1   2
        3.13590        0.47064   1   3
        3.13590        0.47064   1   4
        3.13590        1.28683   1   5
        3.13590        1.28683   1   6
        3.13590        1.32694   1   7
        3.13590        1.83037   1   8
        3.13590        2.32128   1   9
        3.13590        2.89277   1  10
        3.13590        2.89277   1  11
        3.13590        2.89418   1  12
        3.13590        3.66255   1  13
        3.13590        3.66255   1  14
        3.13590        4.50602   1  15
        3.13590        5.15751   1  16
        3.13590        5.15751   1  17
        3.13590        5.17151   1  18
        3.13590        5.82641   1  19
        3.13590        5.82641   1  20
        3.13590        6.93744   1  21
        3.13590        6.93744   1  22
        3.13590        6.99113   1  23
        3.13590        8.57236   1  24
        3.13590        8.93295   1  25
        3.13590        8.93295   1  26
        3.18401       -0.52134   1   1
        3.18401       -0.25423   1   2
        3.18401        0.46575   1   3
        3.18401        0.46575   1   4
        3.18401        1.28825   1   5
        3.18401        1.28825   1   6
        3.18401        1.33038   1   7
        3.18401        1.83955   1   8
        3.18401        2.32372   1   9
        3.18401        2.87287   1  10
        3.18401        2.93888   1  11
        3.18401        2.93888   1  12
        3.18401        3.61997   1  13
        3.18401        3.61997   1  14
        3.18401        4.60653   1  15
        3.18401        5.07495   1  16
        3.18401        5.22503   1  17
        3.18401        5.22503   1  18
        3.18401        5.73986   1  19
        3.18401        5.73986   1  20
        3.18401        6.93562   1  21
        3.18401        6.93562   1  22
        3.18401        7.13836   1  23
        3.18401        8.49324   1  24
        3.18401        8.92861   1  25
        3.18401        8.92861   1  26
        3.23213       -0.48668   1   1
        3.23213       -0.29654   1   2
        3.23213        0.46287   1   3
        3.23213        0.46287   1   4
        3.23213        1.28936   1   5
        3.23213        1.28936   1   6
        3.23213        1.33280   1   7
        3.23213        1.84642   1   8
        3.23213        2.32538   1   9
        3.23213        2.86948   1  10
        3.23213        2.97837   1  11
        3.23213        2.97837   1  12
        3.23213        3.58325   1  13
        3.23213        3.58325   1  14
        3.23213        4.67827   1  15
        3.23213        5.03471   1  16
        3.23213        5.26455   1  17
        3.23213        5.26455   1  18
        3.23213        5.69546   1  19
        3.23213        5.69546   1  20
        3.23213        6.92885   1  21
        3.23213        6.92885   1  22
        3.23213        7.27969   1  23
        3.23213        8.42484   1  24
        3.23213        8.93379   1  25
        3.23213        8.93379   1  26
        3.28024       -0.47096   1   1
        3.28024       -0.31480   1   2
        3.28024        0.46192   1   3
        3.28024        0.46192   1   4
        3.28024        1.28980   1   5
        3.28024        1.28980   1   6
        3.28024        1.33370   1   7
        3.28024        1.84901   1   8
        3.28024        2.32605   1   9
        3.28024        2.87018   1  10
        3.28024        2.99475   1  11
        3.28024        2.99475   1  12
        3.28024        3.56794   1  13
        3.28024        3.56794   1  14
        3.28024        4.70109   1  15
        3.28024        5.02917   1  16
        3.28024        5.27699   1  17
        3.28024        5.27699   1  18
        3.28024        5.68294   1  19
        3.28024        5.68294   1  20
        3.28024        6.92518   1  21
        3.28024        6.92518   1  22
        3.28024        7.34047   1  23
        3.28024        8.39486   1  24
        3.28024        8.93724   1  25
        3.28024        8.93724   1  26
        3.28024       -0.47096   1   1
        3.28024       -0.31480   1   2
        3.28024        0.46192   1   3
        3.28024        0.46192   1   4
        3.28024        1.28980   1   5
        3.28024        1.28980   1   6
        3.28024        1.33370   1   7
        3.28024        1.84901   1   8
        3.28024        2.32605   1   9
        3.28024        2.87018   1  10
        3.28024        2.99475   1  11
        3.28024        2.99475   1  12
        3.28024        3.56794   1  13
        3.28024        3.56794   1  14
        3.28024        4.70109   1  15
        3.28024        5.02917   1  16
        3.28024        5.27699   1  17
        3.28024        5.27699   1  18
        3.28024        5.68294   1  19
        3.28024        5.68294   1  20
        3.28024        6.92518   1  21
        3.28024        6.92518   1  22
        3.28024        7.34047   1  23
        3.28024        8.39486   1  24
        3.28024        8.93724   1  25
        3.28024        8.93724   1  26
        3.33075       -0.46942   1   1
        3.33075       -0.31319   1   2
        3.33075        0.45422   1   3
        3.33075        0.45889   1   4
        3.33075        1.28829   1   5
        3.33075        1.29506   1   6
        3.33075        1.33852   1   7
        3.33075        1.84848   1   8
        3.33075        2.31726   1   9
        3.33075        2.84075   1  10
        3.33075        2.98623   1  11
        3.33075        3.01303   1  12
        3.33075        3.56211   1  13
        3.33075        3.58301   1  14
        3.33075        4.67447   1  15
        3.33075        5.03012   1  16
        3.33075        5.27128   1  17
        3.33075        5.27631   1  18
        3.33075        5.67501   1  19
        3.33075        5.67533   1  20
        3.33075        6.91232   1  21
        3.33075        6.91648   1  22
        3.33075        7.35998   1  23
        3.33075        8.38083   1  24
        3.33075        8.92619   1  25
        3.33075        8.94269   1  26
        3.38125       -0.46481   1   1
        3.38125       -0.30836   1   2
        3.38125        0.43213   1   3
        3.38125        0.44982   1   4
        3.38125        1.28423   1   5
        3.38125        1.30563   1   6
        3.38125        1.35818   1   7
        3.38125        1.84563   1   8
        3.38125        2.29198   1   9
        3.38125        2.77359   1  10
        3.38125        2.96445   1  11
        3.38125        3.05121   1  12
        3.38125        3.55762   1  13
        3.38125        3.62859   1  14
        3.38125        4.61801   1  15
        3.38125        5.03317   1  16
        3.38125        5.25657   1  17
        3.38125        5.27304   1  18
        3.38125        5.65390   1  19
        3.38125        5.65528   1  20
        3.38125        6.88003   1  21
        3.38125        6.88969   1  22
        3.38125        7.41088   1  23
        3.38125        8.35451   1  24
        3.38125        8.89473   1  25
        3.38125        8.96265   1  26
        3.43176       -0.45718   1   1
        3.43176       -0.30035   1   2
        3.43176        0.39827   1   3
        3.43176        0.43484   1   4
        3.43176        1.27880   1   5
        3.43176        1.31510   1   6
        3.43176        1.39835   1   7
        3.43176        1.83819   1   8
        3.43176        2.25366   1   9
        3.43176        2.69209   1  10
        3.43176        2.93882   1  11
        3.43176        3.09685   1  12
        3.43176        3.58382   1  13
        3.43176        3.70222   1  14
        3.43176        4.57713   1  15
        3.43176        5.03755   1  16
        3.43176        5.23841   1  17
        3.43176        5.26427   1  18
        3.43176        5.62191   1  19
        3.43176        5.63554   1  20
        3.43176        6.84300   1  21
        3.43176        6.84526   1  22
        3.43176        7.47450   1  23
        3.43176        8.34688   1  24
        3.43176        8.84989   1  25
        3.43176        9.00375   1  26
        3.48227       -0.44656   1   1
        3.48227       -0.28923   1   2
        3.48227        0.35593   1   3
        3.48227        0.41417   1   4
        3.48227        1.27354   1   5
        3.48227        1.32515   1   6
        3.48227        1.45453   1   7
        3.48227        1.82547   1   8
        3.48227        2.20739   1   9
        3.48227        2.61419   1  10
        3.48227        2.91899   1  11
        3.48227        3.14701   1  12
        3.48227        3.66098   1  13
        3.48227        3.79425   1  14
        3.48227        4.57747   1  15
        3.48227        5.03902   1  16
        3.48227        5.22230   1  17
        3.48227        5.24865   1  18
        3.48227        5.58183   1  19
        3.48227        5.62723   1  20
        3.48227        6.78554   1  21
        3.48227        6.81554   1  22
        3.48227        7.53477   1  23
        3.48227        8.36983   1  24
        3.48227        8.80301   1  25
        3.48227        9.06491   1  26
        3.53278       -0.43300   1   1
        3.53278       -0.27513   1   2
        3.53278        0.30833   1   3
        3.53278        0.38819   1   4
        3.53278        1.27033   1   5
        3.53278        1.33763   1   6
        3.53278        1.51869   1   7
        3.53278        1.80893   1   8
        3.53278        2.15850   1   9
        3.53278        2.55278   1  10
        3.53278        2.90910   1  11
        3.53278        3.20293   1  12
        3.53278        3.78183   1  13
        3.53278        3.88933   1  14
        3.53278        4.60618   1  15
        3.53278        5.03049   1  16
        3.53278        5.21218   1  17
        3.53278        5.22908   1  18
        3.53278        5.53455   1  19
        3.53278        5.62964   1  20
        3.53278        6.71263   1  21
        3.53278        6.80247   1  22
        3.53278        7.59173   1  23
        3.53278        8.40013   1  24
        3.53278        8.76157   1  25
        3.53278        9.12694   1  26
        3.58328       -0.41651   1   1
        3.58328       -0.25828   1   2
        3.58328        0.25803   1   3
        3.58328        0.35745   1   4
        3.58328        1.27146   1   5
        3.58328        1.35230   1   6
        3.58328        1.58202   1   7
        3.58328        1.79018   1   8
        3.58328        2.11156   1   9
        3.58328        2.51027   1  10
        3.58328        2.90681   1  11
        3.58328        3.26152   1  12
        3.58328        3.91920   1  13
        3.58328        3.97222   1  14
        3.58328        4.62382   1  15
        3.58328        5.00717   1  16
        3.58328        5.20783   1  17
        3.58328        5.20956   1  18
        3.58328        5.48429   1  19
        3.58328        5.62851   1  20
        3.58328        6.62898   1  21
        3.58328        6.79400   1  22
        3.58328        7.66165   1  23
        3.58328        8.39649   1  24
        3.58328        8.72375   1  25
        3.58328        9.16083   1  26
        3.63379       -0.39714   1   1
        3.63379       -0.23902   1   2
        3.63379        0.20709   1   3
        3.63379        0.32267   1   4
        3.63379        1.27897   1   5
        3.63379        1.36800   1   6
        3.63379        1.63516   1   7
        3.63379        1.76932   1   8
        3.63379        2.07118   1   9
        3.63379        2.48043   1  10
        3.63379        2.90780   1  11
        3.63379        3.30989   1  12
        3.63379        4.03299   1  13
        3.63379        4.03659   1  14
        3.63379        4.60458   1  15
        3.63379        4.97130   1  16
        3.63379        5.17795   1  17
        3.63379        5.20874   1  18
        3.63379        5.44504   1  19
        3.63379        5.60919   1  20
        3.63379        6.53857   1  21
        3.63379        6.77232   1  22
        3.63379        7.76175   1  23
        3.63379        8.32682   1  24
        3.63379        8.68318   1  25
        3.63379        9.15844   1  26
        3.68430       -0.37497   1   1
        3.68430       -0.21795   1   2
        3.68430        0.15720   1   3
        3.68430        0.28476   1   4
        3.68430        1.29366   1   5
        3.68430        1.38383   1   6
        3.68430        1.66926   1   7
        3.68430        1.74553   1   8
        3.68430        2.04354   1   9
        3.68430        2.45503   1  10
        3.68430        2.91188   1  11
        3.68430        3.32996   1  12
        3.68430        4.07158   1  13
        3.68430        4.09813   1  14
        3.68430        4.56801   1  15
        3.68430        4.92994   1  16
        3.68430        5.12945   1  17
        3.68430        5.19415   1  18
        3.68430        5.43301   1  19
        3.68430        5.57982   1  20
        3.68430        6.44345   1  21
        3.68430        6.72585   1  22
        3.68430        7.89276   1  23
        3.68430        8.19994   1  24
        3.68430        8.63543   1  25
        3.68430        9.13730   1  26
        3.73481       -0.35009   1   1
        3.73481       -0.19612   1   2
        3.73481        0.11017   1   3
        3.73481        0.24469   1   4
        3.73481        1.31483   1   5
        3.73481        1.39981   1   6
        3.73481        1.67782   1   7
        3.73481        1.71850   1   8
        3.73481        2.03664   1   9
        3.73481        2.42891   1  10
        3.73481        2.92526   1  11
        3.73481        3.31161   1  12
        3.73481        4.09952   1  13
        3.73481        4.10048   1  14
        3.73481        4.54447   1  15
        3.73481        4.88900   1  16
        3.73481        5.06897   1  17
        3.73481        5.15294   1  18
        3.73481        5.44696   1  19
        3.73481        5.57828   1  20
        3.73481        6.34298   1  21
        3.73481        6.65740   1  22
        3.73481        8.02973   1  23
        3.73481        8.07781   1  24
        3.73481        8.58615   1  25
        3.73481        9.10788   1  26
        3.78532       -0.32273   1   1
        3.78532       -0.17567   1   2
        3.78532        0.06870   1   3
        3.78532        0.20357   1   4
        3.78532        1.34076   1   5
        3.78532        1.41659   1   6
        3.78532        1.66163   1   7
        3.78532        1.68878   1   8
        3.78532        2.05508   1   9
        3.78532        2.40077   1  10
        3.78532        2.95728   1  11
        3.78532        3.26880   1  12
        3.78532        4.08853   1  13
        3.78532        4.13505   1  14
        3.78532        4.52888   1  15
        3.78532        4.84834   1  16
        3.78532        5.01177   1  17
        3.78532        5.09534   1  18
        3.78532        5.47567   1  19
        3.78532        5.63383   1  20
        3.78532        6.23769   1  21
        3.78532        6.57959   1  22
        3.78532        8.02478   1  23
        3.78532        8.12598   1  24
        3.78532        8.56385   1  25
        3.78532        9.06595   1  26
        3.83582       -0.29315   1   1
        3.83582       -0.16093   1   2
        3.83582        0.03740   1   3
        3.83582        0.16246   1   4
        3.83582        1.36946   1   5
        3.83582        1.43436   1   6
        3.83582        1.63067   1   7
        3.83582        1.65759   1   8
        3.83582        2.09536   1   9
        3.83582        2.37105   1  10
        3.83582        3.01349   1  11
        3.83582        3.23294   1  12
        3.83582        4.10069   1  13
        3.83582        4.18932   1  14
        3.83582        4.51519   1  15
        3.83582        4.80132   1  16
        3.83582        4.96469   1  17
        3.83582        5.04205   1  18
        3.83582        5.51419   1  19
        3.83582        5.74211   1  20
        3.83582        6.12896   1  21
        3.83582        6.50302   1  22
        3.83582        8.05166   1  23
        3.83582        8.15700   1  24
        3.83582        8.59442   1  25
        3.83582        9.00772   1  26
        3.88633       -0.26187   1   1
        3.88633       -0.15877   1   2
        3.88633        0.02331   1   3
        3.88633        0.12258   1   4
        3.88633        1.39893   1   5
        3.88633        1.45092   1   6
        3.88633        1.59817   1   7
        3.88633        1.62676   1   8
        3.88633        2.14890   1   9
        3.88633        2.33934   1  10
        3.88633        3.08810   1  11
        3.88633        3.22196   1  12
        3.88633        4.14711   1  13
        3.88633        4.25134   1  14
        3.88633        4.51232   1  15
        3.88633        4.73972   1  16
        3.88633        4.92988   1  17
        3.88633        4.99861   1  18
        3.88633        5.56576   1  19
        3.88633        5.86970   1  20
        3.88633        6.02988   1  21
        3.88633        6.42712   1  22
        3.88633        8.11720   1  23
        3.88633        8.16413   1  24
        3.88633        8.65303   1  25
        3.88633        8.93714   1  26
        3.93684       -0.22981   1   1
        3.93684       -0.17301   1   2
        3.93684        0.03021   1   3
        3.93684        0.08538   1   4
        3.93684        1.42707   1   5
        3.93684        1.45904   1   6
        3.93684        1.57759   1   7
        3.93684        1.59897   1   8
        3.93684        2.20611   1   9
        3.93684        2.30303   1  10
        3.93684        3.16152   1  11
        3.93684        3.22380   1  12
        3.93684        4.21640   1  13
        3.93684        4.28882   1  14
        3.93684        4.53129   1  15
        3.93684        4.66187   1  16
        3.93684        4.91614   1  17
        3.93684        4.96123   1  18
        3.93684        5.63911   1  19
        3.93684        5.85043   1  20
        3.93684        6.08428   1  21
        3.93684        6.33861   1  22
        3.93684        8.17051   1  23
        3.93684        8.17853   1  24
        3.93684        8.71741   1  25
        3.93684        8.86177   1  26
        3.98735       -0.19890   1   1
        3.98735       -0.19890   1   2
        3.98735        0.05319   1   3
        3.98735        0.05319   1   4
        3.98735        1.44986   1   5
        3.98735        1.44986   1   6
        3.98735        1.57935   1   7
        3.98735        1.57935   1   8
        3.98735        2.25885   1   9
        3.98735        2.25885   1  10
        3.98735        3.20963   1  11
        3.98735        3.20963   1  12
        3.98735        4.27520   1  13
        3.98735        4.27520   1  14
        3.98735        4.58334   1  15
        3.98735        4.58334   1  16
        3.98735        4.93010   1  17
        3.98735        4.93010   1  18
        3.98735        5.73863   1  19
        3.98735        5.73863   1  20
        3.98735        6.22275   1  21
        3.98735        6.22275   1  22
        3.98735        8.18828   1  23
        3.98735        8.18828   1  24
        3.98735        8.78720   1  25
        3.98735        8.78720   1  26
        3.98735       -0.19890   1   1
        3.98735       -0.19890   1   2
        3.98735        0.05319   1   3
        3.98735        0.05319   1   4
        3.98735        1.44986   1   5
        3.98735        1.44986   1   6
        3.98735        1.57935   1   7
        3.98735        1.57935   1   8
        3.98735        2.25885   1   9
        3.98735        2.25885   1  10
        3.98735        3.20963   1  11
        3.98735        3.20963   1  12
        3.98735        4.27520   1  13
        3.98735        4.27520   1  14
        3.98735        4.58334   1  15
        3.98735        4.58334   1  16
        3.98735        4.93010   1  17
        3.98735        4.93010   1  18
        3.98735        5.73863   1  19
        3.98735        5.73863   1  20
        3.98735        6.22275   1  21
        3.98735        6.22275   1  22
        3.98735        8.18828   1  23
        3.98735        8.18828   1  24
        3.98735        8.78720   1  25
        3.98735        8.78720   1  26
        4.03735       -0.20104   1   1
        4.03735       -0.20104   1   2
        4.03735        0.05723   1   3
        4.03735        0.05723   1   4
        4.03735        1.41514   1   5
        4.03735        1.41514   1   6
        4.03735        1.61330   1   7
        4.03735        1.61330   1   8
        4.03735        2.26039   1   9
        4.03735        2.26039   1  10
        4.03735        3.19959   1  11
        4.03735        3.19959   1  12
        4.03735        4.28374   1  13
        4.03735        4.28374   1  14
        4.03735        4.58337   1  15
        4.03735        4.58337   1  16
        4.03735        4.93220   1  17
        4.03735        4.93220   1  18
        4.03735        5.74204   1  19
        4.03735        5.74204   1  20
        4.03735        6.22305   1  21
        4.03735        6.22305   1  22
        4.03735        8.14754   1  23
        4.03735        8.14754   1  24
        4.03735        8.83738   1  25
        4.03735        8.83738   1  26
        4.08735       -0.20691   1   1
        4.08735       -0.20691   1   2
        4.08735        0.06865   1   3
        4.08735        0.06865   1   4
        4.08735        1.35310   1   5
        4.08735        1.35310   1   6
        4.08735        1.67253   1   7
        4.08735        1.67253   1   8
        4.08735        2.26600   1   9
        4.08735        2.26600   1  10
        4.08735        3.17772   1  11
        4.08735        3.17772   1  12
        4.08735        4.31978   1  13
        4.08735        4.31978   1  14
        4.08735        4.58814   1  15
        4.08735        4.58814   1  16
        4.08735        4.93756   1  17
        4.08735        4.93756   1  18
        4.08735        5.75026   1  19
        4.08735        5.75026   1  20
        4.08735        6.22157   1  21
        4.08735        6.22157   1  22
        4.08735        8.04934   1  23
        4.08735        8.04934   1  24
        4.08735        8.95693   1  25
        4.08735        8.95693   1  26
        4.13735       -0.21528   1   1
        4.13735       -0.21528   1   2
        4.13735        0.08577   1   3
        4.13735        0.08577   1   4
        4.13735        1.28993   1   5
        4.13735        1.28993   1   6
        4.13735        1.72958   1   7
        4.13735        1.72958   1   8
        4.13735        2.27766   1   9
        4.13735        2.27766   1  10
        4.13735        3.16145   1  11
        4.13735        3.16145   1  12
        4.13735        4.39434   1  13
        4.13735        4.39434   1  14
        4.13735        4.61066   1  15
        4.13735        4.61066   1  16
        4.13735        4.94270   1  17
        4.13735        4.94270   1  18
        4.13735        5.75598   1  19
        4.13735        5.75598   1  20
        4.13735        6.21924   1  21
        4.13735        6.21924   1  22
        4.13735        7.92561   1  23
        4.13735        7.92561   1  24
        4.13735        9.09256   1  25
        4.13735        9.09256   1  26
        4.18735       -0.22478   1   1
        4.18735       -0.22478   1   2
        4.18735        0.10662   1   3
        4.18735        0.10662   1   4
        4.18735        1.23060   1   5
        4.18735        1.23060   1   6
        4.18735        1.77826   1   7
        4.18735        1.77826   1   8
        4.18735        2.29589   1   9
        4.18735        2.29589   1  10
        4.18735        3.16240   1  11
        4.18735        3.16240   1  12
        4.18735        4.49815   1  13
        4.18735        4.49815   1  14
        4.18735        4.65731   1  15
        4.18735        4.65731   1  16
        4.18735        4.94181   1  17
        4.18735        4.94181   1  18
        4.18735        5.75401   1  19
        4.18735        5.75401   1  20
        4.18735        6.22101   1  21
        4.18735        6.22101   1  22
        4.18735        7.78695   1  23
        4.18735        7.78695   1  24
        4.18735        9.20702   1  25
        4.18735        9.20702   1  26
        4.23735       -0.23428   1   1
        4.23735       -0.23428   1   2
        4.23735        0.12930   1   3
        4.23735        0.12930   1   4
        4.23735        1.17581   1   5
        4.23735        1.17581   1   6
        4.23735        1.81759   1   7
        4.23735        1.81759   1   8
        4.23735        2.31873   1   9
        4.23735        2.31873   1  10
        4.23735        3.17928   1  11
        4.23735        3.17928   1  12
        4.23735        4.60594   1  13
        4.23735        4.60594   1  14
        4.23735        4.71466   1  15
        4.23735        4.71466   1  16
        4.23735        4.93244   1  17
        4.23735        4.93244   1  18
        4.23735        5.74656   1  19
        4.23735        5.74656   1  20
        4.23735        6.22945   1  21
        4.23735        6.22945   1  22
        4.23735        7.63194   1  23
        4.23735        7.63194   1  24
        4.23735        9.29078   1  25
        4.23735        9.29078   1  26
        4.28735       -0.24296   1   1
        4.28735       -0.24296   1   2
        4.28735        0.15201   1   3
        4.28735        0.15201   1   4
        4.28735        1.12610   1   5
        4.28735        1.12610   1   6
        4.28735        1.84839   1   7
        4.28735        1.84839   1   8
        4.28735        2.34330   1   9
        4.28735        2.34330   1  10
        4.28735        3.20302   1  11
        4.28735        3.20302   1  12
        4.28735        4.69322   1  13
        4.28735        4.69322   1  14
        4.28735        4.75337   1  15
        4.28735        4.75337   1  16
        4.28735        4.92195   1  17
        4.28735        4.92195   1  18
        4.28735        5.73954   1  19
        4.28735        5.73954   1  20
        4.28735        6.24217   1  21
        4.28735        6.24217   1  22
        4.28735        7.47030   1  23
        4.28735        7.47030   1  24
        4.28735        9.35587   1  25
        4.28735        9.35587   1  26
        4.33735       -0.25022   1   1
        4.33735       -0.25022   1   2
        4.33735        0.17285   1   3
        4.33735        0.17285   1   4
        4.33735        1.08330   1   5
        4.33735        1.08330   1   6
        4.33735        1.87171   1   7
        4.33735        1.87171   1   8
        4.33735        2.36766   1   9
        4.33735        2.36766   1  10
        4.33735        3.22529   1  11
        4.33735        3.22529   1  12
        4.33735        4.74472   1  13
        4.33735        4.74472   1  14
        4.33735        4.76125   1  15
        4.33735        4.76125   1  16
        4.33735        4.91766   1  17
        4.33735        4.91766   1  18
        4.33735        5.73793   1  19
        4.33735        5.73793   1  20
        4.33735        6.24985   1  21
        4.33735        6.24985   1  22
        4.33735        7.33051   1  23
        4.33735        7.33051   1  24
        4.33735        9.41704   1  25
        4.33735        9.41704   1  26
        4.38735       -0.25564   1   1
        4.38735       -0.25564   1   2
        4.38735        0.18979   1   3
        4.38735        0.18979   1   4
        4.38735        1.05022   1   5
        4.38735        1.05022   1   6
        4.38735        1.88822   1   7
        4.38735        1.88822   1   8
        4.38735        2.38981   1   9
        4.38735        2.38981   1  10
        4.38735        3.24240   1  11
        4.38735        3.24240   1  12
        4.38735        4.75288   1  13
        4.38735        4.75288   1  14
        4.38735        4.76780   1  15
        4.38735        4.76780   1  16
        4.38735        4.91344   1  17
        4.38735        4.91344   1  18
        4.38735        5.74183   1  19
        4.38735        5.74183   1  20
        4.38735        6.24534   1  21
        4.38735        6.24534   1  22
        4.38735        7.23684   1  23
        4.38735        7.23684   1  24
        4.38735        9.47530   1  25
        4.38735        9.47530   1  26
        4.43735       -0.25897   1   1
        4.43735       -0.25897   1   2
        4.43735        0.20091   1   3
        4.43735        0.20091   1   4
        4.43735        1.02942   1   5
        4.43735        1.02942   1   6
        4.43735        1.89817   1   7
        4.43735        1.89817   1   8
        4.43735        2.40609   1   9
        4.43735        2.40609   1  10
        4.43735        3.25346   1  11
        4.43735        3.25346   1  12
        4.43735        4.74494   1  13
        4.43735        4.74494   1  14
        4.43735        4.78177   1  15
        4.43735        4.78177   1  16
        4.43735        4.90249   1  17
        4.43735        4.90249   1  18
        4.43735        5.74642   1  19
        4.43735        5.74642   1  20
        4.43735        6.23470   1  21
        4.43735        6.23470   1  22
        4.43735        7.19042   1  23
        4.43735        7.19042   1  24
        4.43735        9.51807   1  25
        4.43735        9.51807   1  26
        4.48735       -0.26009   1   1
        4.48735       -0.26009   1   2
        4.48735        0.20479   1   3
        4.48735        0.20479   1   4
        4.48735        1.02234   1   5
        4.48735        1.02234   1   6
        4.48735        1.90152   1   7
        4.48735        1.90152   1   8
        4.48735        2.41216   1   9
        4.48735        2.41216   1  10
        4.48735        3.25741   1  11
        4.48735        3.25741   1  12
        4.48735        4.74158   1  13
        4.48735        4.74158   1  14
        4.48735        4.78996   1  15
        4.48735        4.78996   1  16
        4.48735        4.89473   1  17
        4.48735        4.89473   1  18
        4.48735        5.74806   1  19
        4.48735        5.74806   1  20
        4.48735        6.22950   1  21
        4.48735        6.22950   1  22
        4.48735        7.17766   1  23
        4.48735        7.17766   1  24
        4.48735        9.53352   1  25
        4.48735        9.53352   1  26
