        0.00000       -0.90024   1   1
        0.00000        0.66638   1   2
        0.00000        0.66642   1   3
        0.00000        0.66644   1   4
        0.00000        1.07575   1   5
        0.00000        1.07576   1   6
        0.00000        1.07576   1   7
        0.00000        1.66667   1   8
        0.00000        2.19051   1   9
        0.00000        3.42390   1  10
        0.00000        3.42390   1  11
        0.00000        4.20667   1  12
        0.00000        4.20762   1  13
        0.00000        4.20840   1  14
        0.00000        4.43799   1  15
        0.00000        4.57782   1  16
        0.00000        4.84624   1  17
        0.00000        5.37086   1  18
        0.00000        6.91352   1  19
        0.00000        6.91353   1  20
        0.00000        7.09210   1  21
        0.00000        7.09278   1  22
        0.00000        7.10008   1  23
        0.00000        8.76609   1  24
        0.00000        8.82303   1  25
        0.00000        8.92408   1  26
        0.04762       -0.89867   1   1
        0.04762        0.65986   1   2
        0.04762        0.66013   1   3
        0.04762        0.66256   1   4
        0.04762        1.07462   1   5
        0.04762        1.08357   1   6
        0.04762        1.08422   1   7
        0.04762        1.66817   1   8
        0.04762        2.19088   1   9
        0.04762        3.32031   1  10
        0.04762        3.41353   1  11
        0.04762        4.19121   1  12
        0.04762        4.20364   1  13
        0.04762        4.22377   1  14
        0.04762        4.31152   1  15
        0.04762        4.48383   1  16
        0.04762        4.82431   1  17
        0.04762        5.31654   1  18
        0.04762        6.85939   1  19
        0.04762        6.91107   1  20
        0.04762        7.02592   1  21
        0.04762        7.07397   1  22
        0.04762        7.13962   1  23
        0.04762        8.77682   1  24
        0.04762        8.83468   1  25
        0.04762        8.94633   1  26
        0.09524       -0.89398   1   1
        0.09524        0.64184   1   2
        0.09524        0.64219   1   3
        0.09524        0.65132   1   4
        0.09524        1.07104   1   5
        0.09524        1.10579   1   6
        0.09524        1.10706   1   7
        0.09524        1.67186   1   8
        0.09524        2.19668   1   9
        0.09524        3.17122   1  10
        0.09524        3.37159   1  11
        0.09524        4.10142   1  12
        0.09524        4.18286   1  13
        0.09524        4.22778   1  14
        0.09524        4.25524   1  15
        0.09524        4.39312   1  16
        0.09524        4.86913   1  17
        0.09524        5.29997   1  18
        0.09524        6.78677   1  19
        0.09524        6.86712   1  20
        0.09524        6.98129   1  21
        0.09524        7.05355   1  22
        0.09524        7.15569   1  23
        0.09524        8.76597   1  24
        0.09524        8.89498   1  25
        0.09524        9.03271   1  26
        0.14286       -0.88618   1   1
        0.14286        0.61537   1   2
        0.14286        0.61576   1   3
        0.14286        0.63329   1   4
        0.14286        1.06524   1   5
        0.14286        1.13931   1   6
        0.14286        1.14100   1   7
        0.14286        1.67443   1   8
        0.14286        2.20687   1   9
        0.14286        3.00872   1  10
        0.14286        3.33445   1  11
        0.14286        3.96560   1  12
        0.14286        4.14595   1  13
        0.14286        4.23654   1  14
        0.14286        4.24619   1  15
        0.14286        4.34498   1  16
        0.14286        4.95303   1  17
        0.14286        5.33093   1  18
        0.14286        6.71681   1  19
        0.14286        6.82373   1  20
        0.14286        6.93202   1  21
        0.14286        7.02371   1  22
        0.14286        7.14716   1  23
        0.14286        8.76829   1  24
        0.14286        8.97558   1  25
        0.14286        9.13736   1  26
        0.19048       -0.87529   1   1
        0.19048        0.58358   1   2
        0.19048        0.58405   1   3
        0.19048        0.60921   1   4
        0.19048        1.05759   1   5
        0.19048        1.18088   1   6
        0.19048        1.18262   1   7
        0.19048        1.67236   1   8
        0.19048        2.22025   1   9
        0.19048        2.87082   1  10
        0.19048        3.33540   1  11
        0.19048        3.84841   1  12
        0.19048        4.11103   1  13
        0.19048        4.22521   1  14
        0.19048        4.25396   1  15
        0.19048        4.33468   1  16
        0.19048        5.05798   1  17
        0.19048        5.38950   1  18
        0.19048        6.67121   1  19
        0.19048        6.80356   1  20
        0.19048        6.86285   1  21
        0.19048        6.96730   1  22
        0.19048        7.11317   1  23
        0.19048        8.78369   1  24
        0.19048        9.07340   1  25
        0.19048        9.23427   1  26
        0.23810       -0.86135   1   1
        0.23810        0.54898   1   2
        0.23810        0.54945   1   3
        0.23810        0.57976   1   4
        0.23810        1.04861   1   5
        0.23810        1.22780   1   6
        0.23810        1.22922   1   7
        0.23810        1.66342   1   8
        0.23810        2.23646   1   9
        0.23810        2.78013   1  10
        0.23810        3.38664   1  11
        0.23810        3.76942   1  12
        0.23810        4.07422   1  13
        0.23810        4.20388   1  14
        0.23810        4.24898   1  15
        0.23810        4.33372   1  16
        0.23810        5.16098   1  17
        0.23810        5.48454   1  18
        0.23810        6.64855   1  19
        0.23810        6.77279   1  20
        0.23810        6.79701   1  21
        0.23810        6.90193   1  22
        0.23810        7.04759   1  23
        0.23810        8.79697   1  24
        0.23810        9.19340   1  25
        0.23810        9.32404   1  26
        0.28571       -0.84440   1   1
        0.28571        0.51335   1   2
        0.28571        0.51364   1   3
        0.28571        0.54556   1   4
        0.28571        1.03883   1   5
        0.28571        1.27803   1   6
        0.28571        1.27883   1   7
        0.28571        1.64703   1   8
        0.28571        2.25515   1   9
        0.28571        2.73432   1  10
        0.28571        3.47593   1  11
        0.28571        3.72926   1  12
        0.28571        3.99999   1  13
        0.28571        4.16644   1  14
        0.28571        4.22980   1  15
        0.28571        4.33636   1  16
        0.28571        5.23431   1  17
        0.28571        5.64560   1  18
        0.28571        6.62252   1  19
        0.28571        6.68909   1  20
        0.28571        6.75282   1  21
        0.28571        6.82464   1  22
        0.28571        7.00108   1  23
        0.28571        8.78763   1  24
        0.28571        9.32713   1  25
        0.28571        9.43518   1  26
        0.33333       -0.82447   1   1
        0.33333        0.47781   1   2
        0.33333        0.47783   1   3
        0.33333        0.50701   1   4
        0.33333        1.02878   1   5
        0.33333        1.33007   1   6
        0.33333        1.33007   1   7
        0.33333        1.62289   1   8
        0.33333        2.27552   1   9
        0.33333        2.70505   1  10
        0.33333        3.57122   1  11
        0.33333        3.72089   1  12
        0.33333        3.90331   1  13
        0.33333        4.11098   1  14
        0.33333        4.19500   1  15
        0.33333        4.35416   1  16
        0.33333        5.25325   1  17
        0.33333        5.85677   1  18
        0.33333        6.53932   1  19
        0.33333        6.64576   1  20
        0.33333        6.67532   1  21
        0.33333        6.69922   1  22
        0.33333        7.03466   1  23
        0.33333        8.74889   1  24
        0.33333        9.44313   1  25
        0.33333        9.59781   1  26
        0.38095       -0.80160   1   1
        0.38095        0.44292   1   2
        0.38095        0.44319   1   3
        0.38095        0.46447   1   4
        0.38095        1.01892   1   5
        0.38095        1.38205   1   6
        0.38095        1.38289   1   7
        0.38095        1.58948   1   8
        0.38095        2.29776   1   9
        0.38095        2.65058   1  10
        0.38095        3.61902   1  11
        0.38095        3.74044   1  12
        0.38095        3.89407   1  13
        0.38095        4.02952   1  14
        0.38095        4.14408   1  15
        0.38095        4.37995   1  16
        0.38095        5.21142   1  17
        0.38095        6.05616   1  18
        0.38095        6.40951   1  19
        0.38095        6.50142   1  20
        0.38095        6.61339   1  21
        0.38095        6.68932   1  22
        0.38095        7.08498   1  23
        0.38095        8.69205   1  24
        0.38095        9.54418   1  25
        0.38095        9.77191   1  26
        0.42857       -0.77580   1   1
        0.42857        0.40960   1   2
        0.42857        0.41001   1   3
        0.42857        0.41833   1   4
        0.42857        1.00960   1   5
        0.42857        1.43421   1   6
        0.42857        1.43581   1   7
        0.42857        1.54494   1   8
        0.42857        2.32210   1   9
        0.42857        2.56111   1  10
        0.42857        3.62037   1  11
        0.42857        3.79920   1  12
        0.42857        3.89319   1  13
        0.42857        4.00575   1  14
        0.42857        4.09498   1  15
        0.42857        4.40362   1  16
        0.42857        5.12814   1  17
        0.42857        6.16528   1  18
        0.42857        6.28100   1  19
        0.42857        6.34226   1  20
        0.42857        6.57323   1  21
        0.42857        6.72476   1  22
        0.42857        7.11162   1  23
        0.42857        8.63016   1  24
        0.42857        9.62720   1  25
        0.42857        9.90972   1  26
        0.47619       -0.74709   1   1
        0.47619        0.36893   1   2
        0.47619        0.37834   1   3
        0.47619        0.37875   1   4
        0.47619        1.00098   1   5
        0.47619        1.47788   1   6
        0.47619        1.48802   1   7
        0.47619        1.49918   1   8
        0.47619        2.34535   1   9
        0.47619        2.47129   1  10
        0.47619        3.63865   1  11
        0.47619        3.77140   1  12
        0.47619        3.84332   1  13
        0.47619        4.01284   1  14
        0.47619        4.18424   1  15
        0.47619        4.42608   1  16
        0.47619        5.02087   1  17
        0.47619        6.10129   1  18
        0.47619        6.18393   1  19
        0.47619        6.26995   1  20
        0.47619        6.52934   1  21
        0.47619        6.77425   1  22
        0.47619        7.10629   1  23
        0.47619        8.56597   1  24
        0.47619        9.68627   1  25
        0.47619        9.98559   1  26
        0.52381       -0.71551   1   1
        0.52381        0.31688   1   2
        0.52381        0.34932   1   3
        0.52381        0.34966   1   4
        0.52381        0.99300   1   5
        0.52381        1.42481   1   6
        0.52381        1.54050   1   7
        0.52381        1.54391   1   8
        0.52381        2.35911   1   9
        0.52381        2.41456   1  10
        0.52381        3.60891   1  11
        0.52381        3.68995   1  12
        0.52381        3.82350   1  13
        0.52381        4.07841   1  14
        0.52381        4.31759   1  15
        0.52381        4.45915   1  16
        0.52381        4.89491   1  17
        0.52381        6.01187   1  18
        0.52381        6.06314   1  19
        0.52381        6.23866   1  20
        0.52381        6.47186   1  21
        0.52381        6.80527   1  22
        0.52381        7.08114   1  23
        0.52381        8.49918   1  24
        0.52381        9.72922   1  25
        0.52381        9.99945   1  26
        0.57143       -0.68111   1   1
        0.57143        0.26255   1   2
        0.57143        0.32270   1   3
        0.57143        0.32294   1   4
        0.57143        0.98552   1   5
        0.57143        1.36167   1   6
        0.57143        1.59353   1   7
        0.57143        1.59668   1   8
        0.57143        2.35769   1   9
        0.57143        2.39902   1  10
        0.57143        3.50418   1  11
        0.57143        3.59074   1  12
        0.57143        3.87017   1  13
        0.57143        4.22305   1  14
        0.57143        4.42236   1  15
        0.57143        4.51171   1  16
        0.57143        4.75779   1  17
        0.57143        5.90748   1  18
        0.57143        6.01217   1  19
        0.57143        6.18252   1  20
        0.57143        6.38948   1  21
        0.57143        6.79390   1  22
        0.57143        7.05222   1  23
        0.57143        8.43650   1  24
        0.57143        9.77473   1  25
        0.57143        9.97658   1  26
        0.61905       -0.64398   1   1
        0.61905        0.20641   1   2
        0.61905        0.29853   1   3
        0.61905        0.29867   1   4
        0.61905        0.97861   1   5
        0.61905        1.30014   1   6
        0.61905        1.64619   1   7
        0.61905        1.64833   1   8
        0.61905        2.35993   1   9
        0.61905        2.39802   1  10
        0.61905        3.40900   1  11
        0.61905        3.45526   1  12
        0.61905        3.94754   1  13
        0.61905        4.40104   1  14
        0.61905        4.51714   1  15
        0.61905        4.57250   1  16
        0.61905        4.63460   1  17
        0.61905        5.78997   1  18
        0.61905        5.99955   1  19
        0.61905        6.11392   1  20
        0.61905        6.31237   1  21
        0.61905        6.72347   1  22
        0.61905        7.03291   1  23
        0.61905        8.38423   1  24
        0.61905        9.84140   1  25
        0.61905        9.95349   1  26
        0.66667       -0.60419   1   1
        0.66667        0.14885   1   2
        0.66667        0.27691   1   3
        0.66667        0.27691   1   4
        0.66667        0.97268   1   5
        0.66667        1.24288   1   6
        0.66667        1.69738   1   7
        0.66667        1.69740   1   8
        0.66667        2.36739   1   9
        0.66667        2.40135   1  10
        0.66667        3.31688   1  11
        0.66667        3.33999   1  12
        0.66667        4.01431   1  13
        0.66667        4.51480   1  14
        0.66667        4.59353   1  15
        0.66667        4.62390   1  16
        0.66667        4.64336   1  17
        0.66667        5.66933   1  18
        0.66667        5.94607   1  19
        0.66667        6.03245   1  20
        0.66667        6.30119   1  21
        0.66667        6.60052   1  22
        0.66667        7.04627   1  23
        0.66667        8.33427   1  24
        0.66667        9.93346   1  25
        0.66667        9.95975   1  26
        0.71429       -0.56181   1   1
        0.71429        0.09027   1   2
        0.71429        0.25777   1   3
        0.71429        0.25793   1   4
        0.71429        0.96845   1   5
        0.71429        1.19229   1   6
        0.71429        1.74280   1   7
        0.71429        1.74582   1   8
        0.71429        2.37274   1   9
        0.71429        2.41088   1  10
        0.71429        3.22004   1  11
        0.71429        3.26927   1  12
        0.71429        4.07456   1  13
        0.71429        4.49489   1  14
        0.71429        4.66030   1  15
        0.71429        4.71811   1  16
        0.71429        4.75748   1  17
        0.71429        5.54257   1  18
        0.71429        5.83904   1  19
        0.71429        5.96441   1  20
        0.71429        6.24692   1  21
        0.71429        6.53714   1  22
        0.71429        7.10591   1  23
        0.71429        8.27295   1  24
        0.71429        9.98036   1  25
        0.71429       10.05869   1  26
        0.76190       -0.51696   1   1
        0.76190        0.03108   1   2
        0.76190        0.24140   1   3
        0.76190        0.24170   1   4
        0.76190        0.96680   1   5
        0.76190        1.14973   1   6
        0.76190        1.78395   1   7
        0.76190        1.79013   1   8
        0.76190        2.37611   1   9
        0.76190        2.42523   1  10
        0.76190        3.15764   1  11
        0.76190        3.21252   1  12
        0.76190        4.14877   1  13
        0.76190        4.49173   1  14
        0.76190        4.70232   1  15
        0.76190        4.78818   1  16
        0.76190        4.86651   1  17
        0.76190        5.41205   1  18
        0.76190        5.73388   1  19
        0.76190        5.90420   1  20
        0.76190        6.04956   1  21
        0.76190        6.61727   1  22
        0.76190        7.17651   1  23
        0.76190        8.20595   1  24
        0.76190       10.01778   1  25
        0.76190       10.17044   1  26
        0.80952       -0.46971   1   1
        0.80952       -0.02833   1   2
        0.80952        0.22795   1   3
        0.80952        0.22831   1   4
        0.80952        0.96856   1   5
        0.80952        1.11470   1   6
        0.80952        1.82046   1   7
        0.80952        1.82895   1   8
        0.80952        2.37707   1   9
        0.80952        2.44492   1  10
        0.80952        3.13105   1  11
        0.80952        3.17120   1  12
        0.80952        4.24755   1  13
        0.80952        4.48775   1  14
        0.80952        4.72262   1  15
        0.80952        4.84056   1  16
        0.80952        4.95893   1  17
        0.80952        5.28617   1  18
        0.80952        5.63950   1  19
        0.80952        5.83014   1  20
        0.80952        5.86781   1  21
        0.80952        6.72991   1  22
        0.80952        7.19435   1  23
        0.80952        8.16112   1  24
        0.80952       10.03782   1  25
        0.80952       10.24304   1  26
        0.85714       -0.42020   1   1
        0.85714       -0.08755   1   2
        0.85714        0.21752   1   3
        0.85714        0.21788   1   4
        0.85714        0.97442   1   5
        0.85714        1.08538   1   6
        0.85714        1.85177   1   7
        0.85714        1.86083   1   8
        0.85714        2.37668   1   9
        0.85714        2.46667   1  10
        0.85714        3.12971   1  11
        0.85714        3.15023   1  12
        0.85714        4.36463   1  13
        0.85714        4.47854   1  14
        0.85714        4.70988   1  15
        0.85714        4.89045   1  16
        0.85714        5.02504   1  17
        0.85714        5.18263   1  18
        0.85714        5.52213   1  19
        0.85714        5.70925   1  20
        0.85714        5.82680   1  21
        0.85714        6.84677   1  22
        0.85714        7.13631   1  23
        0.85714        8.14842   1  24
        0.85714       10.02271   1  25
        0.85714       10.24969   1  26
        0.90476       -0.36861   1   1
        0.90476       -0.14620   1   2
        0.90476        0.21015   1   3
        0.90476        0.21043   1   4
        0.90476        0.98470   1   5
        0.90476        1.05994   1   6
        0.90476        1.87676   1   7
        0.90476        1.88429   1   8
        0.90476        2.37720   1   9
        0.90476        2.48324   1  10
        0.90476        3.13609   1  11
        0.90476        3.15372   1  12
        0.90476        4.46495   1  13
        0.90476        4.50028   1  14
        0.90476        4.67521   1  15
        0.90476        4.93698   1  16
        0.90476        4.99490   1  17
        0.90476        5.15626   1  18
        0.90476        5.38660   1  19
        0.90476        5.67252   1  20
        0.90476        5.80436   1  21
        0.90476        6.95200   1  22
        0.90476        7.06054   1  23
        0.90476        8.13246   1  24
        0.90476        9.97801   1  25
        0.90476       10.19082   1  26
        0.95238       -0.31513   1   1
        0.95238       -0.20395   1   2
        0.95238        0.20580   1   3
        0.95238        0.20596   1   4
        0.95238        0.99919   1   5
        0.95238        1.03739   1   6
        0.95238        1.89380   1   7
        0.95238        1.89798   1   8
        0.95238        2.37883   1   9
        0.95238        2.48918   1  10
        0.95238        3.14507   1  11
        0.95238        3.16998   1  12
        0.95238        4.48487   1  13
        0.95238        4.61898   1  14
        0.95238        4.65358   1  15
        0.95238        4.86624   1  16
        0.95238        4.99516   1  17
        0.95238        5.14648   1  18
        0.95238        5.29423   1  19
        0.95238        5.66865   1  20
        0.95238        5.79154   1  21
        0.95238        6.90808   1  22
        0.95238        7.15612   1  23
        0.95238        8.06077   1  24
        0.95238        9.94457   1  25
        0.95238       10.09469   1  26
        1.00000       -0.26053   1   1
        1.00000       -0.26000   1   2
        1.00000        0.20444   1   3
        1.00000        0.20444   1   4
        1.00000        1.01705   1   5
        1.00000        1.01780   1   6
        1.00000        1.90113   1   7
        1.00000        1.90114   1   8
        1.00000        2.37937   1   9
        1.00000        2.48283   1  10
        1.00000        3.15577   1  11
        1.00000        3.18457   1  12
        1.00000        4.51573   1  13
        1.00000        4.66498   1  14
        1.00000        4.74129   1  15
        1.00000        4.74129   1  16
        1.00000        5.01751   1  17
        1.00000        5.06652   1  18
        1.00000        5.29363   1  19
        1.00000        5.66398   1  20
        1.00000        5.78779   1  21
        1.00000        6.84342   1  22
        1.00000        7.30485   1  23
        1.00000        7.90269   1  24
        1.00000        9.96952   1  25
        1.00000       10.00052   1  26
        1.00000       -0.26053   1   1
        1.00000       -0.26000   1   2
        1.00000        0.20444   1   3
        1.00000        0.20444   1   4
        1.00000        1.01705   1   5
        1.00000        1.01780   1   6
        1.00000        1.90113   1   7
        1.00000        1.90114   1   8
        1.00000        2.37937   1   9
        1.00000        2.48283   1  10
        1.00000        3.15577   1  11
        1.00000        3.18457   1  12
        1.00000        4.51573   1  13
        1.00000        4.66498   1  14
        1.00000        4.74129   1  15
        1.00000        4.74129   1  16
        1.00000        5.01751   1  17
        1.00000        5.06652   1  18
        1.00000        5.29363   1  19
        1.00000        5.66398   1  20
        1.00000        5.78779   1  21
        1.00000        6.84342   1  22
        1.00000        7.30485   1  23
        1.00000        7.90269   1  24
        1.00000        9.96952   1  25
        1.00000       10.00052   1  26
        1.05893       -0.25930   1   1
        1.05893       -0.25809   1   2
        1.05893        0.19218   1   3
        1.05893        0.20638   1   4
        1.05893        1.01828   1   5
        1.05893        1.03438   1   6
        1.05893        1.89436   1   7
        1.05893        1.90035   1   8
        1.05893        2.37357   1   9
        1.05893        2.47423   1  10
        1.05893        3.15217   1  11
        1.05893        3.18238   1  12
        1.05893        4.56775   1  13
        1.05893        4.65643   1  14
        1.05893        4.71062   1  15
        1.05893        4.74092   1  16
        1.05893        5.02152   1  17
        1.05893        5.08318   1  18
        1.05893        5.40123   1  19
        1.05893        5.67565   1  20
        1.05893        5.75508   1  21
        1.05893        6.78537   1  22
        1.05893        7.43099   1  23
        1.05893        7.86528   1  24
        1.05893        9.88978   1  25
        1.05893       10.00148   1  26
        1.11785       -0.25645   1   1
        1.11785       -0.25185   1   2
        1.11785        0.15846   1   3
        1.11785        0.21227   1   4
        1.11785        1.02468   1   5
        1.11785        1.07949   1   6
        1.11785        1.87905   1   7
        1.11785        1.89190   1   8
        1.11785        2.34037   1   9
        1.11785        2.46272   1  10
        1.11785        3.14420   1  11
        1.11785        3.18687   1  12
        1.11785        4.62784   1  13
        1.11785        4.64230   1  14
        1.11785        4.70917   1  15
        1.11785        4.76536   1  16
        1.11785        4.96023   1  17
        1.11785        5.07741   1  18
        1.11785        5.52109   1  19
        1.11785        5.76284   1  20
        1.11785        5.88927   1  21
        1.11785        6.77166   1  22
        1.11785        7.55657   1  23
        1.11785        7.76420   1  24
        1.11785        9.74944   1  25
        1.11785        9.92759   1  26
        1.17678       -0.25286   1   1
        1.17678       -0.24139   1   2
        1.17678        0.11081   1   3
        1.17678        0.22202   1   4
        1.17678        1.03578   1   5
        1.17678        1.14836   1   6
        1.17678        1.85507   1   7
        1.17678        1.87654   1   8
        1.17678        2.28041   1   9
        1.17678        2.45577   1  10
        1.17678        3.09867   1  11
        1.17678        3.21364   1  12
        1.17678        4.51822   1  13
        1.17678        4.68433   1  14
        1.17678        4.76876   1  15
        1.17678        4.85067   1  16
        1.17678        4.92048   1  17
        1.17678        5.04943   1  18
        1.17678        5.46505   1  19
        1.17678        5.87352   1  20
        1.17678        6.24707   1  21
        1.17678        6.77318   1  22
        1.17678        7.54616   1  23
        1.17678        7.75944   1  24
        1.17678        9.51670   1  25
        1.17678        9.85906   1  26
        1.23570       -0.25083   1   1
        1.23570       -0.22676   1   2
        1.23570        0.05837   1   3
        1.23570        0.23551   1   4
        1.23570        1.05068   1   5
        1.23570        1.23655   1   6
        1.23570        1.82247   1   7
        1.23570        1.85618   1   8
        1.23570        2.20298   1   9
        1.23570        2.45432   1  10
        1.23570        3.03187   1  11
        1.23570        3.24655   1  12
        1.23570        4.39391   1  13
        1.23570        4.72335   1  14
        1.23570        4.78146   1  15
        1.23570        4.88278   1  16
        1.23570        4.97447   1  17
        1.23570        5.05991   1  18
        1.23570        5.38350   1  19
        1.23570        5.97217   1  20
        1.23570        6.33651   1  21
        1.23570        6.80861   1  22
        1.23570        7.53942   1  23
        1.23570        7.83216   1  24
        1.23570        9.31752   1  25
        1.23570        9.78963   1  26
        1.29463       -0.25483   1   1
        1.29463       -0.20799   1   2
        1.29463        0.01090   1   3
        1.29463        0.25257   1   4
        1.29463        1.06832   1   5
        1.29463        1.33974   1   6
        1.29463        1.78194   1   7
        1.29463        1.83344   1   8
        1.29463        2.11902   1   9
        1.29463        2.46036   1  10
        1.29463        2.95514   1  11
        1.29463        3.27864   1  12
        1.29463        4.27825   1  13
        1.29463        4.70464   1  14
        1.29463        4.79027   1  15
        1.29463        4.91664   1  16
        1.29463        5.01954   1  17
        1.29463        5.09528   1  18
        1.29463        5.25818   1  19
        1.29463        6.02074   1  20
        1.29463        6.12531   1  21
        1.29463        6.83539   1  22
        1.29463        7.68763   1  23
        1.29463        7.92088   1  24
        1.29463        9.24773   1  25
        1.29463        9.69529   1  26
        1.35355       -0.27154   1   1
        1.35355       -0.18513   1   2
        1.35355       -0.02144   1   3
        1.35355        0.27302   1   4
        1.35355        1.08793   1   5
        1.35355        1.45194   1   6
        1.35355        1.73449   1   7
        1.35355        1.81129   1   8
        1.35355        2.03877   1   9
        1.35355        2.47475   1  10
        1.35355        2.87131   1  11
        1.35355        3.30752   1  12
        1.35355        4.17306   1  13
        1.35355        4.55227   1  14
        1.35355        4.76186   1  15
        1.35355        4.95032   1  16
        1.35355        5.05001   1  17
        1.35355        5.09960   1  18
        1.35355        5.17655   1  19
        1.35355        5.79801   1  20
        1.35355        6.22348   1  21
        1.35355        6.81814   1  22
        1.35355        7.83846   1  23
        1.35355        8.08708   1  24
        1.35355        9.21928   1  25
        1.35355        9.57964   1  26
        1.35355       -0.27152   1   1
        1.35355       -0.18553   1   2
        1.35355       -0.02133   1   3
        1.35355        0.27356   1   4
        1.35355        1.08490   1   5
        1.35355        1.47293   1   6
        1.35355        1.73231   1   7
        1.35355        1.81072   1   8
        1.35355        2.02941   1   9
        1.35355        2.47937   1  10
        1.35355        2.91166   1  11
        1.35355        3.32733   1  12
        1.35355        4.11326   1  13
        1.35355        4.51892   1  14
        1.35355        4.73695   1  15
        1.35355        4.87219   1  16
        1.35355        4.93445   1  17
        1.35355        5.12126   1  18
        1.35355        5.26003   1  19
        1.35355        6.16260   1  20
        1.35355        6.35141   1  21
        1.35355        6.86655   1  22
        1.35355        8.09225   1  23
        1.35355        8.47738   1  24
        1.35355        8.87531   1  25
        1.35355        9.55276   1  26
        1.40177       -0.29772   1   1
        1.40177       -0.16375   1   2
        1.40177       -0.03191   1   3
        1.40177        0.29252   1   4
        1.40177        1.10302   1   5
        1.40177        1.56338   1   6
        1.40177        1.68991   1   7
        1.40177        1.79541   1   8
        1.40177        1.96711   1   9
        1.40177        2.49661   1  10
        1.40177        2.81827   1  11
        1.40177        3.32370   1  12
        1.40177        4.07080   1  13
        1.40177        4.43815   1  14
        1.40177        4.63637   1  15
        1.40177        4.77310   1  16
        1.40177        4.97154   1  17
        1.40177        5.03000   1  18
        1.40177        5.33723   1  19
        1.40177        6.21873   1  20
        1.40177        6.36720   1  21
        1.40177        6.77028   1  22
        1.40177        8.23135   1  23
        1.40177        8.47457   1  24
        1.40177        8.81879   1  25
        1.40177        9.46096   1  26
        1.44998       -0.33390   1   1
        1.44998       -0.13918   1   2
        1.44998       -0.02890   1   3
        1.44998        0.31324   1   4
        1.44998        1.12336   1   5
        1.44998        1.63711   1   6
        1.44998        1.64552   1   7
        1.44998        1.78141   1   8
        1.44998        1.92839   1   9
        1.44998        2.50864   1  10
        1.44998        2.72361   1  11
        1.44998        3.31441   1  12
        1.44998        4.04021   1  13
        1.44998        4.37349   1  14
        1.44998        4.50743   1  15
        1.44998        4.74524   1  16
        1.44998        4.98734   1  17
        1.44998        5.02972   1  18
        1.44998        5.40534   1  19
        1.44998        6.17840   1  20
        1.44998        6.45777   1  21
        1.44998        6.67021   1  22
        1.44998        8.23614   1  23
        1.44998        8.45320   1  24
        1.44998        8.85702   1  25
        1.44998        9.38239   1  26
        1.49819       -0.37638   1   1
        1.49819       -0.11191   1   2
        1.49819       -0.01550   1   3
        1.49819        0.33553   1   4
        1.49819        1.14578   1   5
        1.49819        1.59994   1   6
        1.49819        1.67834   1   7
        1.49819        1.76736   1   8
        1.49819        1.92414   1   9
        1.49819        2.51327   1  10
        1.49819        2.63081   1  11
        1.49819        3.32365   1  12
        1.49819        4.01462   1  13
        1.49819        4.24474   1  14
        1.49819        4.53285   1  15
        1.49819        4.79401   1  16
        1.49819        4.97956   1  17
        1.49819        5.06222   1  18
        1.49819        5.47096   1  19
        1.49819        6.09025   1  20
        1.49819        6.54632   1  21
        1.49819        6.57516   1  22
        1.49819        7.98893   1  23
        1.49819        8.53466   1  24
        1.49819        8.96878   1  25
        1.49819        9.32138   1  26
        1.54640       -0.42182   1   1
        1.54640       -0.08204   1   2
        1.54640        0.00531   1   3
        1.54640        0.35919   1   4
        1.54640        1.17005   1   5
        1.54640        1.55402   1   6
        1.54640        1.68263   1   7
        1.54640        1.75142   1   8
        1.54640        1.95335   1   9
        1.54640        2.50684   1  10
        1.54640        2.54334   1  11
        1.54640        3.36450   1  12
        1.54640        3.99008   1  13
        1.54640        4.14081   1  14
        1.54640        4.63813   1  15
        1.54640        4.87611   1  16
        1.54640        4.97252   1  17
        1.54640        5.09058   1  18
        1.54640        5.54802   1  19
        1.54640        5.99915   1  20
        1.54640        6.45509   1  21
        1.54640        6.63894   1  22
        1.54640        7.63296   1  23
        1.54640        8.64834   1  24
        1.54640        9.04781   1  25
        1.54640        9.28837   1  26
        1.59461       -0.46799   1   1
        1.59461       -0.04965   1   2
        1.59461        0.03155   1   3
        1.59461        0.38401   1   4
        1.59461        1.19562   1   5
        1.59461        1.50835   1   6
        1.59461        1.66391   1   7
        1.59461        1.73345   1   8
        1.59461        1.99707   1   9
        1.59461        2.45235   1  10
        1.59461        2.50380   1  11
        1.59461        3.42922   1  12
        1.59461        3.96907   1  13
        1.59461        4.09579   1  14
        1.59461        4.73100   1  15
        1.59461        4.92094   1  16
        1.59461        4.99378   1  17
        1.59461        5.11339   1  18
        1.59461        5.64354   1  19
        1.59461        5.94354   1  20
        1.59461        6.38058   1  21
        1.59461        6.68215   1  22
        1.59461        7.26633   1  23
        1.59461        8.75038   1  24
        1.59461        9.04231   1  25
        1.59461        9.27199   1  26
        1.64282       -0.51355   1   1
        1.64282       -0.01481   1   2
        1.64282        0.06206   1   3
        1.64282        0.40976   1   4
        1.64282        1.22152   1   5
        1.64282        1.46359   1   6
        1.64282        1.63273   1   7
        1.64282        1.71562   1   8
        1.64282        2.04172   1   9
        1.64282        2.38993   1  10
        1.64282        2.48738   1  11
        1.64282        3.50108   1  12
        1.64282        3.95941   1  13
        1.64282        4.08717   1  14
        1.64282        4.73600   1  15
        1.64282        4.89994   1  16
        1.64282        5.04419   1  17
        1.64282        5.14530   1  18
        1.64282        5.74996   1  19
        1.64282        5.94378   1  20
        1.64282        6.36397   1  21
        1.64282        6.68553   1  22
        1.64282        6.98278   1  23
        1.64282        8.77181   1  24
        1.64282        9.03589   1  25
        1.64282        9.21781   1  26
        1.69104       -0.55765   1   1
        1.69104        0.02241   1   2
        1.69104        0.09609   1   3
        1.69104        0.43614   1   4
        1.69104        1.24632   1   5
        1.69104        1.42039   1   6
        1.69104        1.59340   1   7
        1.69104        1.70083   1   8
        1.69104        2.08386   1   9
        1.69104        2.35799   1  10
        1.69104        2.47280   1  11
        1.69104        3.56858   1  12
        1.69104        3.96264   1  13
        1.69104        4.05997   1  14
        1.69104        4.64860   1  15
        1.69104        4.91942   1  16
        1.69104        5.02737   1  17
        1.69104        5.18461   1  18
        1.69104        5.84792   1  19
        1.69104        5.99486   1  20
        1.69104        6.39012   1  21
        1.69104        6.67790   1  22
        1.69104        6.84887   1  23
        1.69104        8.68475   1  24
        1.69104        9.06225   1  25
        1.69104        9.14970   1  26
        1.73925       -0.59982   1   1
        1.73925        0.06198   1   2
        1.73925        0.13315   1   3
        1.73925        0.46276   1   4
        1.73925        1.26845   1   5
        1.73925        1.37922   1   6
        1.73925        1.54887   1   7
        1.73925        1.69086   1   8
        1.73925        2.12402   1   9
        1.73925        2.35783   1  10
        1.73925        2.46416   1  11
        1.73925        3.62378   1  12
        1.73925        3.94219   1  13
        1.73925        4.01358   1  14
        1.73925        4.56436   1  15
        1.73925        4.90371   1  16
        1.73925        4.97996   1  17
        1.73925        5.23129   1  18
        1.73925        5.93423   1  19
        1.73925        6.07926   1  20
        1.73925        6.43339   1  21
        1.73925        6.73220   1  22
        1.73925        6.80811   1  23
        1.73925        8.57721   1  24
        1.73925        9.00889   1  25
        1.73925        9.17017   1  26
        1.78746       -0.63978   1   1
        1.78746        0.10389   1   2
        1.78746        0.17285   1   3
        1.78746        0.48916   1   4
        1.78746        1.28646   1   5
        1.78746        1.34025   1   6
        1.78746        1.50200   1   7
        1.78746        1.68541   1   8
        1.78746        2.16288   1   9
        1.78746        2.37458   1  10
        1.78746        2.46636   1  11
        1.78746        3.65926   1  12
        1.78746        3.84978   1  13
        1.78746        4.02725   1  14
        1.78746        4.46250   1  15
        1.78746        4.84435   1  16
        1.78746        4.94301   1  17
        1.78746        5.30331   1  18
        1.78746        6.03799   1  19
        1.78746        6.17787   1  20
        1.78746        6.50593   1  21
        1.78746        6.77855   1  22
        1.78746        6.82186   1  23
        1.78746        8.54009   1  24
        1.78746        8.95066   1  25
        1.78746        9.20439   1  26
        1.83567       -0.67731   1   1
        1.83567        0.14805   1   2
        1.83567        0.21480   1   3
        1.83567        0.51480   1   4
        1.83567        1.29921   1   5
        1.83567        1.30351   1   6
        1.83567        1.45497   1   7
        1.83567        1.68297   1   8
        1.83567        2.19927   1   9
        1.83567        2.39142   1  10
        1.83567        2.48353   1  11
        1.83567        3.67362   1  12
        1.83567        3.76761   1  13
        1.83567        4.05635   1  14
        1.83567        4.33124   1  15
        1.83567        4.78601   1  16
        1.83567        4.91362   1  17
        1.83567        5.38869   1  18
        1.83567        6.17770   1  19
        1.83567        6.29208   1  20
        1.83567        6.58882   1  21
        1.83567        6.79012   1  22
        1.83567        6.84598   1  23
        1.83567        8.60595   1  24
        1.83567        8.92451   1  25
        1.83567        9.22797   1  26
        1.88388       -0.71224   1   1
        1.88388        0.19433   1   2
        1.88388        0.25861   1   3
        1.88388        0.53914   1   4
        1.88388        1.26888   1   5
        1.88388        1.30591   1   6
        1.88388        1.40897   1   7
        1.88388        1.68245   1   8
        1.88388        2.22867   1   9
        1.88388        2.40326   1  10
        1.88388        2.52385   1  11
        1.88388        3.66527   1  12
        1.88388        3.73556   1  13
        1.88388        4.08978   1  14
        1.88388        4.20879   1  15
        1.88388        4.73052   1  16
        1.88388        4.88776   1  17
        1.88388        5.48518   1  18
        1.88388        6.33310   1  19
        1.88388        6.41525   1  20
        1.88388        6.65852   1  21
        1.88388        6.81086   1  22
        1.88388        6.83879   1  23
        1.88388        8.71903   1  24
        1.88388        8.93495   1  25
        1.88388        9.26334   1  26
        1.93210       -0.74444   1   1
        1.93210        0.24250   1   2
        1.93210        0.30385   1   3
        1.93210        0.56170   1   4
        1.93210        1.23662   1   5
        1.93210        1.30545   1   6
        1.93210        1.36468   1   7
        1.93210        1.68372   1   8
        1.93210        2.24509   1   9
        1.93210        2.42111   1  10
        1.93210        2.59821   1  11
        1.93210        3.65639   1  12
        1.93210        3.76573   1  13
        1.93210        4.12238   1  14
        1.93210        4.12720   1  15
        1.93210        4.67814   1  16
        1.93210        4.86167   1  17
        1.93210        5.59805   1  18
        1.93210        6.46545   1  19
        1.93210        6.49765   1  20
        1.93210        6.67514   1  21
        1.93210        6.84732   1  22
        1.93210        6.85216   1  23
        1.93210        8.81577   1  24
        1.93210        8.97951   1  25
        1.93210        9.32209   1  26
        1.98031       -0.77378   1   1
        1.98031        0.29220   1   2
        1.98031        0.35007   1   3
        1.98031        0.58209   1   4
        1.98031        1.20692   1   5
        1.98031        1.29698   1   6
        1.98031        1.32271   1   7
        1.98031        1.68686   1   8
        1.98031        2.24597   1   9
        1.98031        2.46591   1  10
        1.98031        2.71097   1  11
        1.98031        3.69062   1  12
        1.98031        3.83489   1  13
        1.98031        4.09194   1  14
        1.98031        4.15098   1  15
        1.98031        4.63381   1  16
        1.98031        4.83516   1  17
        1.98031        5.72023   1  18
        1.98031        6.43917   1  19
        1.98031        6.56017   1  20
        1.98031        6.67282   1  21
        1.98031        6.89892   1  22
        1.98031        6.91377   1  23
        1.98031        8.89859   1  24
        1.98031        9.04649   1  25
        1.98031        9.36236   1  26
        2.02852       -0.80017   1   1
        2.02852        0.34305   1   2
        2.02852        0.39675   1   3
        2.02852        0.60012   1   4
        2.02852        1.18003   1   5
        2.02852        1.27858   1   6
        2.02852        1.28519   1   7
        2.02852        1.69100   1   8
        2.02852        2.23559   1   9
        2.02852        2.54840   1  10
        2.02852        2.85741   1  11
        2.02852        3.76390   1  12
        2.02852        3.90952   1  13
        2.02852        4.11416   1  14
        2.02852        4.17532   1  15
        2.02852        4.59290   1  16
        2.02852        4.81608   1  17
        2.02852        5.82975   1  18
        2.02852        6.29022   1  19
        2.02852        6.62045   1  20
        2.02852        6.70954   1  21
        2.02852        6.94897   1  22
        2.02852        6.96112   1  23
        2.02852        8.98196   1  24
        2.02852        9.11613   1  25
        2.02852        9.33621   1  26
        2.07673       -0.82352   1   1
        2.07673        0.39461   1   2
        2.07673        0.44335   1   3
        2.07673        0.61578   1   4
        2.07673        1.15610   1   5
        2.07673        1.24425   1   6
        2.07673        1.25905   1   7
        2.07673        1.69444   1   8
        2.07673        2.22220   1   9
        2.07673        2.65952   1  10
        2.07673        3.01778   1  11
        2.07673        3.82525   1  12
        2.07673        3.95901   1  13
        2.07673        4.18458   1  14
        2.07673        4.23841   1  15
        2.07673        4.54198   1  16
        2.07673        4.81214   1  17
        2.07673        5.87756   1  18
        2.07673        6.20659   1  19
        2.07673        6.66878   1  20
        2.07673        6.75843   1  21
        2.07673        6.97928   1  22
        2.07673        6.99347   1  23
        2.07673        9.03634   1  24
        2.07673        9.15737   1  25
        2.07673        9.26024   1  26
        2.12494       -0.84379   1   1
        2.12494        0.44632   1   2
        2.12494        0.48916   1   3
        2.12494        0.62917   1   4
        2.12494        1.13521   1   5
        2.12494        1.20898   1   6
        2.12494        1.23072   1   7
        2.12494        1.69561   1   8
        2.12494        2.21149   1   9
        2.12494        2.77977   1  10
        2.12494        3.16106   1  11
        2.12494        3.84310   1  12
        2.12494        4.02128   1  13
        2.12494        4.20194   1  14
        2.12494        4.39276   1  15
        2.12494        4.49102   1  16
        2.12494        4.81810   1  17
        2.12494        5.81881   1  18
        2.12494        6.27781   1  19
        2.12494        6.72076   1  20
        2.12494        6.81748   1  21
        2.12494        6.98029   1  22
        2.12494        7.03447   1  23
        2.12494        8.98562   1  24
        2.12494        9.13569   1  25
        2.12494        9.24043   1  26
        2.17315       -0.86097   1   1
        2.17315        0.49741   1   2
        2.17315        0.53327   1   3
        2.17315        0.64043   1   4
        2.17315        1.11738   1   5
        2.17315        1.17548   1   6
        2.17315        1.19930   1   7
        2.17315        1.69387   1   8
        2.17315        2.20501   1   9
        2.17315        2.89760   1  10
        2.17315        3.26697   1  11
        2.17315        3.86770   1  12
        2.17315        4.08085   1  13
        2.17315        4.21078   1  14
        2.17315        4.43161   1  15
        2.17315        4.55689   1  16
        2.17315        4.83144   1  17
        2.17315        5.71881   1  18
        2.17315        6.42806   1  19
        2.17315        6.77109   1  20
        2.17315        6.88828   1  21
        2.17315        6.97481   1  22
        2.17315        7.07036   1  23
        2.17315        8.85829   1  24
        2.17315        9.11705   1  25
        2.17315        9.22347   1  26
        2.22137       -0.87505   1   1
        2.22137        0.54664   1   2
        2.22137        0.57437   1   3
        2.22137        0.64962   1   4
        2.22137        1.10264   1   5
        2.22137        1.14451   1   6
        2.22137        1.16638   1   7
        2.22137        1.68949   1   8
        2.22137        2.20194   1   9
        2.22137        3.01734   1  10
        2.22137        3.34165   1  11
        2.22137        3.92709   1  12
        2.22137        4.12594   1  13
        2.22137        4.21535   1  14
        2.22137        4.40514   1  15
        2.22137        4.62178   1  16
        2.22137        4.88099   1  17
        2.22137        5.61166   1  18
        2.22137        6.58610   1  19
        2.22137        6.81092   1  20
        2.22137        6.94236   1  21
        2.22137        6.98737   1  22
        2.22137        7.09506   1  23
        2.22137        8.76450   1  24
        2.22137        9.08662   1  25
        2.22137        9.16987   1  26
        2.26958       -0.88604   1   1
        2.26958        0.59204   1   2
        2.26958        0.61072   1   3
        2.26958        0.65680   1   4
        2.26958        1.09105   1   5
        2.26958        1.11727   1   6
        2.26958        1.13392   1   7
        2.26958        1.68326   1   8
        2.26958        2.20038   1   9
        2.26958        3.14589   1  10
        2.26958        3.39906   1  11
        2.26958        4.01945   1  12
        2.26958        4.15669   1  13
        2.26958        4.21687   1  14
        2.26958        4.37650   1  15
        2.26958        4.61047   1  16
        2.26958        4.96133   1  17
        2.26958        5.49983   1  18
        2.26958        6.72029   1  19
        2.26958        6.84069   1  20
        2.26958        6.96805   1  21
        2.26958        7.00421   1  22
        2.26958        7.12544   1  23
        2.26958        8.72880   1  24
        2.26958        9.03473   1  25
        2.26958        9.09311   1  26
        2.31779       -0.89391   1   1
        2.31779        0.63040   1   2
        2.31779        0.64000   1   3
        2.31779        0.66200   1   4
        2.31779        1.08266   1   5
        2.31779        1.09538   1   6
        2.31779        1.10487   1   7
        2.31779        1.67635   1   8
        2.31779        2.19832   1   9
        2.31779        3.27529   1  10
        2.31779        3.43780   1  11
        2.31779        4.12497   1  12
        2.31779        4.17758   1  13
        2.31779        4.21572   1  14
        2.31779        4.35191   1  15
        2.31779        4.58418   1  16
        2.31779        5.00173   1  17
        2.31779        5.40223   1  18
        2.31779        6.82519   1  19
        2.31779        6.88879   1  20
        2.31779        6.96339   1  21
        2.31779        7.02102   1  22
        2.31779        7.15243   1  23
        2.31779        8.73446   1  24
        2.31779        8.95102   1  25
        2.31779        9.02013   1  26
        2.36600       -0.89865   1   1
        2.36600        0.65694   1   2
        2.36600        0.65942   1   3
        2.36600        0.66522   1   4
        2.36600        1.07754   1   5
        2.36600        1.08088   1   6
        2.36600        1.08376   1   7
        2.36600        1.67031   1   8
        2.36600        2.19484   1   9
        2.36600        3.37988   1  10
        2.36600        3.44692   1  11
        2.36600        4.19224   1  12
        2.36600        4.19664   1  13
        2.36600        4.21506   1  14
        2.36600        4.37184   1  15
        2.36600        4.56849   1  16
        2.36600        4.94350   1  17
        2.36600        5.36998   1  18
        2.36600        6.88518   1  19
        2.36600        6.93694   1  20
        2.36600        6.99092   1  21
        2.36600        7.05258   1  22
        2.36600        7.14208   1  23
        2.36600        8.76136   1  24
        2.36600        8.85875   1  25
        2.36600        8.95852   1  26
        2.41421       -0.90024   1   1
        2.41421        0.66638   1   2
        2.41421        0.66642   1   3
        2.41421        0.66644   1   4
        2.41421        1.07575   1   5
        2.41421        1.07576   1   6
        2.41421        1.07576   1   7
        2.41421        1.66667   1   8
        2.41421        2.19051   1   9
        2.41421        3.42390   1  10
        2.41421        3.42390   1  11
        2.41421        4.20667   1  12
        2.41421        4.20762   1  13
        2.41421        4.20840   1  14
        2.41421        4.43799   1  15
        2.41421        4.57782   1  16
        2.41421        4.84624   1  17
        2.41421        5.37086   1  18
        2.41421        6.91352   1  19
        2.41421        6.91353   1  20
        2.41421        7.09210   1  21
        2.41421        7.09278   1  22
        2.41421        7.10008   1  23
        2.41421        8.76609   1  24
        2.41421        8.82303   1  25
        2.41421        8.92408   1  26
        2.41421       -0.90024   1   1
        2.41421        0.66638   1   2
        2.41421        0.66642   1   3
        2.41421        0.66644   1   4
        2.41421        1.07575   1   5
        2.41421        1.07576   1   6
        2.41421        1.07576   1   7
        2.41421        1.66667   1   8
        2.41421        2.19051   1   9
        2.41421        3.42390   1  10
        2.41421        3.42390   1  11
        2.41421        4.20667   1  12
        2.41421        4.20762   1  13
        2.41421        4.20840   1  14
        2.41421        4.43799   1  15
        2.41421        4.57782   1  16
        2.41421        4.84624   1  17
        2.41421        5.37086   1  18
        2.41421        6.91352   1  19
        2.41421        6.91353   1  20
        2.41421        7.09210   1  21
        2.41421        7.09278   1  22
        2.41421        7.10008   1  23
        2.41421        8.76609   1  24
        2.41421        8.82303   1  25
        2.41421        8.92408   1  26
        2.46233       -0.89867   1   1
        2.46233        0.65495   1   2
        2.46233        0.66331   1   3
        2.46233        0.66376   1   4
        2.46233        1.08001   1   5
        2.46233        1.08016   1   6
        2.46233        1.08278   1   7
        2.46233        1.67225   1   8
        2.46233        2.19537   1   9
        2.46233        3.34103   1  10
        2.46233        3.41144   1  11
        2.46233        4.18528   1  12
        2.46233        4.20054   1  13
        2.46233        4.21261   1  14
        2.46233        4.35727   1  15
        2.46233        4.53839   1  16
        2.46233        4.84389   1  17
        2.46233        5.33145   1  18
        2.46233        6.87080   1  19
        2.46233        6.91563   1  20
        2.46233        7.02382   1  21
        2.46233        7.06302   1  22
        2.46233        7.09532   1  23
        2.46233        8.76012   1  24
        2.46233        8.86005   1  25
        2.46233        8.95479   1  26
        2.51044       -0.89396   1   1
        2.51044        0.62305   1   2
        2.51044        0.65498   1   3
        2.51044        0.65574   1   4
        2.51044        1.09140   1   5
        2.51044        1.09186   1   6
        2.51044        1.10147   1   7
        2.51044        1.68081   1   8
        2.51044        2.20281   1   9
        2.51044        3.16933   1  10
        2.51044        3.32672   1  11
        2.51044        4.14261   1  12
        2.51044        4.18519   1  13
        2.51044        4.21319   1  14
        2.51044        4.31283   1  15
        2.51044        4.48033   1  16
        2.51044        4.82277   1  17
        2.51044        5.34721   1  18
        2.51044        6.81265   1  19
        2.51044        6.91164   1  20
        2.51044        6.96600   1  21
        2.51044        7.02879   1  22
        2.51044        7.06568   1  23
        2.51044        8.72982   1  24
        2.51044        8.93255   1  25
        2.51044        9.01704   1  26
        2.55855       -0.88611   1   1
        2.55855        0.57654   1   2
        2.55855        0.64258   1   3
        2.55855        0.64343   1   4
        2.55855        1.10851   1   5
        2.55855        1.10930   1   6
        2.55855        1.12678   1   7
        2.55855        1.69056   1   8
        2.55855        2.21102   1   9
        2.55855        2.95524   1  10
        2.55855        3.15507   1  11
        2.55855        4.07588   1  12
        2.55855        4.16843   1  13
        2.55855        4.20767   1  14
        2.55855        4.29969   1  15
        2.55855        4.40797   1  16
        2.55855        4.78467   1  17
        2.55855        5.41378   1  18
        2.55855        6.75765   1  19
        2.55855        6.89266   1  20
        2.55855        6.91905   1  21
        2.55855        6.98391   1  22
        2.55855        7.03315   1  23
        2.55855        8.71628   1  24
        2.55855        8.98345   1  25
        2.55855        9.07641   1  26
        2.60666       -0.87514   1   1
        2.60666        0.52058   1   2
        2.60666        0.62737   1   3
        2.60666        0.62809   1   4
        2.60666        1.12963   1   5
        2.60666        1.13056   1   6
        2.60666        1.15486   1   7
        2.60666        1.69954   1   8
        2.60666        2.21706   1   9
        2.60666        2.75911   1  10
        2.60666        2.93315   1  11
        2.60666        3.99598   1  12
        2.60666        4.15236   1  13
        2.60666        4.19153   1  14
        2.60666        4.24234   1  15
        2.60666        4.41239   1  16
        2.60666        4.72472   1  17
        2.60666        5.49118   1  18
        2.60666        6.70091   1  19
        2.60666        6.81593   1  20
        2.60666        6.88401   1  21
        2.60666        6.92021   1  22
        2.60666        7.02276   1  23
        2.60666        8.73030   1  24
        2.60666        9.01225   1  25
        2.60666        9.09798   1  26
        2.65478       -0.86109   1   1
        2.65478        0.45866   1   2
        2.65478        0.61046   1   3
        2.65478        0.61087   1   4
        2.65478        1.15301   1   5
        2.65478        1.15369   1   6
        2.65478        1.18378   1   7
        2.65478        1.70603   1   8
        2.65478        2.21836   1   9
        2.65478        2.62364   1  10
        2.65478        2.72451   1  11
        2.65478        3.91901   1  12
        2.65478        4.13549   1  13
        2.65478        4.15954   1  14
        2.65478        4.17740   1  15
        2.65478        4.46434   1  16
        2.65478        4.63755   1  17
        2.65478        5.54776   1  18
        2.65478        6.62970   1  19
        2.65478        6.70417   1  20
        2.65478        6.75924   1  21
        2.65478        6.93278   1  22
        2.65478        6.99127   1  23
        2.65478        8.78254   1  24
        2.65478        9.02160   1  25
        2.65478        9.07450   1  26
        2.70289       -0.84397   1   1
        2.70289        0.39298   1   2
        2.70289        0.59267   1   3
        2.70289        0.59267   1   4
        2.70289        1.17699   1   5
        2.70289        1.17699   1   6
        2.70289        1.21257   1   7
        2.70289        1.70913   1   8
        2.70289        2.21419   1   9
        2.70289        2.53560   1  10
        2.70289        2.60371   1  11
        2.70289        3.83997   1  12
        2.70289        4.11382   1  13
        2.70289        4.11489   1  14
        2.70289        4.14380   1  15
        2.70289        4.52714   1  16
        2.70289        4.54130   1  17
        2.70289        5.55384   1  18
        2.70289        6.54026   1  19
        2.70289        6.58894   1  20
        2.70289        6.62713   1  21
        2.70289        6.93388   1  22
        2.70289        6.93599   1  23
        2.70289        8.85893   1  24
        2.70289        9.02314   1  25
        2.70289        9.02314   1  26
        2.75100       -0.82382   1   1
        2.75100        0.32504   1   2
        2.75100        0.57426   1   3
        2.75100        0.57467   1   4
        2.75100        1.19919   1   5
        2.75100        1.20008   1   6
        2.75100        1.24006   1   7
        2.75100        1.70947   1   8
        2.75100        2.20681   1   9
        2.75100        2.46087   1  10
        2.75100        2.60355   1  11
        2.75100        3.73341   1  12
        2.75100        4.03655   1  13
        2.75100        4.07932   1  14
        2.75100        4.17765   1  15
        2.75100        4.47103   1  16
        2.75100        4.59847   1  17
        2.75100        5.49335   1  18
        2.75100        6.41263   1  19
        2.75100        6.50541   1  20
        2.75100        6.54815   1  21
        2.75100        6.87672   1  22
        2.75100        6.90778   1  23
        2.75100        8.89432   1  24
        2.75100        8.98401   1  25
        2.75100        9.05471   1  26
        2.79911       -0.80064   1   1
        2.79911        0.25590   1   2
        2.79911        0.55626   1   3
        2.79911        0.55697   1   4
        2.79911        1.21954   1   5
        2.79911        1.22114   1   6
        2.79911        1.26453   1   7
        2.79911        1.70987   1   8
        2.79911        2.20156   1   9
        2.79911        2.43459   1  10
        2.79911        2.63786   1  11
        2.79911        3.59159   1  12
        2.79911        3.94480   1  13
        2.79911        4.02841   1  14
        2.79911        4.23654   1  15
        2.79911        4.46262   1  16
        2.79911        4.67650   1  17
        2.79911        5.40935   1  18
        2.79911        6.29558   1  19
        2.79911        6.42750   1  20
        2.79911        6.52288   1  21
        2.79911        6.82829   1  22
        2.79911        6.87499   1  23
        2.79911        8.87213   1  24
        2.79911        8.97924   1  25
        2.79911        9.12373   1  26
        2.84723       -0.77446   1   1
        2.84723        0.18644   1   2
        2.84723        0.53921   1   3
        2.84723        0.54002   1   4
        2.84723        1.23765   1   5
        2.84723        1.23949   1   6
        2.84723        1.28402   1   7
        2.84723        1.71494   1   8
        2.84723        2.20396   1   9
        2.84723        2.43969   1  10
        2.84723        2.66576   1  11
        2.84723        3.42536   1  12
        2.84723        3.85541   1  13
        2.84723        3.95683   1  14
        2.84723        4.27121   1  15
        2.84723        4.52822   1  16
        2.84723        4.76095   1  17
        2.84723        5.37681   1  18
        2.84723        6.22647   1  19
        2.84723        6.33858   1  20
        2.84723        6.51047   1  21
        2.84723        6.80092   1  22
        2.84723        6.85233   1  23
        2.84723        8.86825   1  24
        2.84723        8.99076   1  25
        2.84723        9.17783   1  26
        2.89534       -0.74532   1   1
        2.89534        0.11736   1   2
        2.89534        0.52352   1   3
        2.89534        0.52422   1   4
        2.89534        1.25329   1   5
        2.89534        1.25485   1   6
        2.89534        1.29742   1   7
        2.89534        1.72912   1   8
        2.89534        2.21695   1   9
        2.89534        2.46134   1  10
        2.89534        2.67935   1  11
        2.89534        3.25415   1  12
        2.89534        3.78044   1  13
        2.89534        3.86892   1  14
        2.89534        4.25139   1  15
        2.89534        4.66115   1  16
        2.89534        4.84987   1  17
        2.89534        5.42103   1  18
        2.89534        6.19539   1  19
        2.89534        6.25250   1  20
        2.89534        6.47800   1  21
        2.89534        6.80643   1  22
        2.89534        6.83668   1  23
        2.89534        8.90284   1  24
        2.89534        9.00657   1  25
        2.89534        9.19040   1  26
        2.94345       -0.71331   1   1
        2.94345        0.04924   1   2
        2.94345        0.50947   1   3
        2.94345        0.50987   1   4
        2.94345        1.26615   1   5
        2.94345        1.26713   1   6
        2.94345        1.30510   1   7
        2.94345        1.75422   1   8
        2.94345        2.23895   1   9
        2.94345        2.50417   1  10
        2.94345        2.68847   1  11
        2.94345        3.10226   1  12
        2.94345        3.72457   1  13
        2.94345        3.77538   1  14
        2.94345        4.20262   1  15
        2.94345        4.82606   1  16
        2.94345        4.92942   1  17
        2.94345        5.50489   1  18
        2.94345        6.16164   1  19
        2.94345        6.18357   1  20
        2.94345        6.42278   1  21
        2.94345        6.83705   1  22
        2.94345        6.84662   1  23
        2.94345        8.96286   1  24
        2.94345        9.01700   1  25
        2.94345        9.14111   1  26
        2.99156       -0.67862   1   1
        2.99156       -0.01736   1   2
        2.99156        0.49721   1   3
        2.99156        0.49721   1   4
        2.99156        1.27599   1   5
        2.99156        1.27632   1   6
        2.99156        1.30875   1   7
        2.99156        1.78771   1   8
        2.99156        2.26298   1   9
        2.99156        2.57402   1  10
        2.99156        2.70815   1  11
        2.99156        2.99326   1  12
        2.99156        3.68395   1  13
        2.99156        3.68978   1  14
        2.99156        4.15686   1  15
        2.99156        4.98360   1  16
        2.99156        4.98728   1  17
        2.99156        5.56097   1  18
        2.99156        6.08863   1  19
        2.99156        6.11592   1  20
        2.99156        6.41355   1  21
        2.99156        6.88295   1  22
        2.99156        6.88381   1  23
        2.99156        9.01718   1  24
        2.99156        9.02089   1  25
        2.99156        9.02633   1  26
        3.03968       -0.64145   1   1
        3.03968       -0.08194   1   2
        3.03968        0.48640   1   3
        3.03968        0.48677   1   4
        3.03968        1.28256   1   5
        3.03968        1.28282   1   6
        3.03968        1.31072   1   7
        3.03968        1.82264   1   8
        3.03968        2.27988   1   9
        3.03968        2.65662   1  10
        3.03968        2.74843   1  11
        3.03968        2.93691   1  12
        3.03968        3.60751   1  13
        3.03968        3.66378   1  14
        3.03968        4.13239   1  15
        3.03968        5.01811   1  16
        3.03968        5.12137   1  17
        3.03968        5.53340   1  18
        3.03968        5.98675   1  19
        3.03968        6.01790   1  20
        3.03968        6.51842   1  21
        3.03968        6.92143   1  22
        3.03968        6.94258   1  23
        3.03968        8.83888   1  24
        3.03968        9.02139   1  25
        3.03968        9.06951   1  26
        3.08779       -0.60220   1   1
        3.08779       -0.14384   1   2
        3.08779        0.47753   1   3
        3.08779        0.47815   1   4
        3.08779        1.28635   1   5
        3.08779        1.28697   1   6
        3.08779        1.31338   1   7
        3.08779        1.85012   1   8
        3.08779        2.28622   1   9
        3.08779        2.72000   1  10
        3.08779        2.80230   1  11
        3.08779        2.91440   1  12
        3.08779        3.54208   1  13
        3.08779        3.63710   1  14
        3.08779        4.15033   1  15
        3.08779        5.05108   1  16
        3.08779        5.21812   1  17
        3.08779        5.43216   1  18
        3.08779        5.87703   1  19
        3.08779        5.92870   1  20
        3.08779        6.69287   1  21
        3.08779        6.94597   1  22
        3.08779        7.01380   1  23
        3.08779        8.64546   1  24
        3.08779        9.01373   1  25
        3.08779        9.08845   1  26
        3.13590       -0.56164   1   1
        3.13590       -0.20212   1   2
        3.13590        0.47065   1   3
        3.13590        0.47134   1   4
        3.13590        1.28833   1   5
        3.13590        1.28923   1   6
        3.13590        1.31815   1   7
        3.13590        1.86328   1   8
        3.13590        2.28635   1   9
        3.13590        2.74651   1  10
        3.13590        2.83341   1  11
        3.13590        2.89140   1  12
        3.13590        3.48557   1  13
        3.13590        3.59120   1  14
        3.13590        4.22862   1  15
        3.13590        5.10536   1  16
        3.13590        5.25387   1  17
        3.13590        5.31975   1  18
        3.13590        5.80750   1  19
        3.13590        5.86844   1  20
        3.13590        6.84949   1  21
        3.13590        6.95115   1  22
        3.13590        7.12726   1  23
        3.13590        8.48357   1  24
        3.13590        8.99420   1  25
        3.13590        9.08382   1  26
        3.18401       -0.52157   1   1
        3.18401       -0.25485   1   2
        3.18401        0.46576   1   3
        3.18401        0.46633   1   4
        3.18401        1.28927   1   5
        3.18401        1.29028   1   6
        3.18401        1.32478   1   7
        3.18401        1.86019   1   8
        3.18401        2.28501   1   9
        3.18401        2.73851   1  10
        3.18401        2.80303   1  11
        3.18401        2.86494   1  12
        3.18401        3.43792   1  13
        3.18401        3.52564   1  14
        3.18401        4.35592   1  15
        3.18401        5.13118   1  16
        3.18401        5.20728   1  17
        3.18401        5.32029   1  18
        3.18401        5.79770   1  19
        3.18401        5.83821   1  20
        3.18401        6.91512   1  21
        3.18401        6.94114   1  22
        3.18401        7.30372   1  23
        3.18401        8.39548   1  24
        3.18401        8.97255   1  25
        3.18401        9.06196   1  26
        3.23213       -0.48701   1   1
        3.23213       -0.29700   1   2
        3.23213        0.46285   1   3
        3.23213        0.46316   1   4
        3.23213        1.28979   1   5
        3.23213        1.29053   1   6
        3.23213        1.33095   1   7
        3.23213        1.84570   1   8
        3.23213        2.28373   1   9
        3.23213        2.71453   1  10
        3.23213        2.74432   1  11
        3.23213        2.82607   1  12
        3.23213        3.41121   1  13
        3.23213        3.46024   1  14
        3.23213        4.48585   1  15
        3.23213        5.04404   1  16
        3.23213        5.28255   1  17
        3.23213        5.32999   1  18
        3.23213        5.81751   1  19
        3.23213        5.83005   1  20
        3.23213        6.91303   1  21
        3.23213        6.92922   1  22
        3.23213        7.45230   1  23
        3.23213        8.42866   1  24
        3.23213        8.96882   1  25
        3.23213        9.03056   1  26
        3.28024       -0.47139   1   1
        3.28024       -0.31518   1   2
        3.28024        0.46189   1   3
        3.28024        0.46189   1   4
        3.28024        1.29011   1   5
        3.28024        1.29042   1   6
        3.28024        1.33311   1   7
        3.28024        1.83157   1   8
        3.28024        2.28278   1   9
        3.28024        2.68797   1  10
        3.28024        2.71824   1  11
        3.28024        2.77826   1  12
        3.28024        3.41571   1  13
        3.28024        3.41806   1  14
        3.28024        4.55929   1  15
        3.28024        5.01167   1  16
        3.28024        5.31648   1  17
        3.28024        5.32037   1  18
        3.28024        5.82425   1  19
        3.28024        5.84442   1  20
        3.28024        6.90387   1  21
        3.28024        6.90395   1  22
        3.28024        7.52181   1  23
        3.28024        8.57514   1  24
        3.28024        8.99194   1  25
        3.28024        9.00234   1  26
        3.28024       -0.47139   1   1
        3.28024       -0.31518   1   2
        3.28024        0.46189   1   3
        3.28024        0.46189   1   4
        3.28024        1.29011   1   5
        3.28024        1.29042   1   6
        3.28024        1.33311   1   7
        3.28024        1.83157   1   8
        3.28024        2.28278   1   9
        3.28024        2.68797   1  10
        3.28024        2.71824   1  11
        3.28024        2.77826   1  12
        3.28024        3.41571   1  13
        3.28024        3.41806   1  14
        3.28024        4.55929   1  15
        3.28024        5.01167   1  16
        3.28024        5.31648   1  17
        3.28024        5.32037   1  18
        3.28024        5.82425   1  19
        3.28024        5.84442   1  20
        3.28024        6.90387   1  21
        3.28024        6.90395   1  22
        3.28024        7.52181   1  23
        3.28024        8.57514   1  24
        3.28024        8.99194   1  25
        3.28024        9.00234   1  26
        3.33075       -0.46985   1   1
        3.33075       -0.31354   1   2
        3.33075        0.45396   1   3
        3.33075        0.45875   1   4
        3.33075        1.28899   1   5
        3.33075        1.29613   1   6
        3.33075        1.33977   1   7
        3.33075        1.83676   1   8
        3.33075        2.27730   1   9
        3.33075        2.64304   1  10
        3.33075        2.76257   1  11
        3.33075        2.79968   1  12
        3.33075        3.41137   1  13
        3.33075        3.45949   1  14
        3.33075        4.54496   1  15
        3.33075        5.03513   1  16
        3.33075        5.28710   1  17
        3.33075        5.31011   1  18
        3.33075        5.81329   1  19
        3.33075        5.94676   1  20
        3.33075        6.83270   1  21
        3.33075        6.87661   1  22
        3.33075        7.55926   1  23
        3.33075        8.53615   1  24
        3.33075        8.99414   1  25
        3.33075        9.06615   1  26
        3.38125       -0.46521   1   1
        3.38125       -0.30868   1   2
        3.38125        0.43148   1   3
        3.38125        0.44957   1   4
        3.38125        1.28507   1   5
        3.38125        1.30704   1   6
        3.38125        1.36401   1   7
        3.38125        1.83673   1   8
        3.38125        2.25858   1   9
        3.38125        2.61962   1  10
        3.38125        2.76952   1  11
        3.38125        2.87787   1  12
        3.38125        3.45459   1  13
        3.38125        3.52833   1  14
        3.38125        4.57927   1  15
        3.38125        5.05339   1  16
        3.38125        5.22765   1  17
        3.38125        5.27986   1  18
        3.38125        5.78524   1  19
        3.38125        6.00522   1  20
        3.38125        6.77237   1  21
        3.38125        6.83801   1  22
        3.38125        7.58137   1  23
        3.38125        8.42024   1  24
        3.38125        8.97383   1  25
        3.38125        9.15346   1  26
        3.43176       -0.45750   1   1
        3.43176       -0.30065   1   2
        3.43176        0.39747   1   3
        3.43176        0.43446   1   4
        3.43176        1.27989   1   5
        3.43176        1.31731   1   6
        3.43176        1.40630   1   7
        3.43176        1.82574   1   8
        3.43176        2.22734   1   9
        3.43176        2.60014   1  10
        3.43176        2.76510   1  11
        3.43176        2.95463   1  12
        3.43176        3.54709   1  13
        3.43176        3.62268   1  14
        3.43176        4.65736   1  15
        3.43176        5.05372   1  16
        3.43176        5.15207   1  17
        3.43176        5.24786   1  18
        3.43176        5.74901   1  19
        3.43176        6.00495   1  20
        3.43176        6.73281   1  21
        3.43176        6.79584   1  22
        3.43176        7.59647   1  23
        3.43176        8.31437   1  24
        3.43176        8.91433   1  25
        3.43176        9.23539   1  26
        3.48227       -0.44677   1   1
        3.48227       -0.28952   1   2
        3.48227        0.35529   1   3
        3.48227        0.41365   1   4
        3.48227        1.27497   1   5
        3.48227        1.32794   1   6
        3.48227        1.45953   1   7
        3.48227        1.80662   1   8
        3.48227        2.18537   1   9
        3.48227        2.55490   1  10
        3.48227        2.76049   1  11
        3.48227        3.03755   1  12
        3.48227        3.66288   1  13
        3.48227        3.73958   1  14
        3.48227        4.73612   1  15
        3.48227        5.01818   1  16
        3.48227        5.10548   1  17
        3.48227        5.21897   1  18
        3.48227        5.70151   1  19
        3.48227        5.95395   1  20
        3.48227        6.68511   1  21
        3.48227        6.79023   1  22
        3.48227        7.56835   1  23
        3.48227        8.29403   1  24
        3.48227        8.83124   1  25
        3.48227        9.34394   1  26
        3.53278       -0.43309   1   1
        3.53278       -0.27543   1   2
        3.53278        0.30797   1   3
        3.53278        0.38752   1   4
        3.53278        1.27181   1   5
        3.53278        1.34013   1   6
        3.53278        1.51666   1   7
        3.53278        1.78553   1   8
        3.53278        2.13694   1   9
        3.53278        2.49665   1  10
        3.53278        2.75498   1  11
        3.53278        3.12986   1  12
        3.53278        3.78244   1  13
        3.53278        3.86682   1  14
        3.53278        4.73750   1  15
        3.53278        4.98124   1  16
        3.53278        5.09359   1  17
        3.53278        5.20807   1  18
        3.53278        5.62306   1  19
        3.53278        5.87869   1  20
        3.53278        6.61128   1  21
        3.53278        6.84538   1  22
        3.53278        7.49505   1  23
        3.53278        8.35715   1  24
        3.53278        8.79061   1  25
        3.53278        9.49061   1  26
        3.58328       -0.41652   1   1
        3.58328       -0.25859   1   2
        3.58328        0.25788   1   3
        3.58328        0.35665   1   4
        3.58328        1.27170   1   5
        3.58328        1.35429   1   6
        3.58328        1.57235   1   7
        3.58328        1.76621   1   8
        3.58328        2.08856   1   9
        3.58328        2.44865   1  10
        3.58328        2.74914   1  11
        3.58328        3.20912   1  12
        3.58328        3.90339   1  13
        3.58328        3.99686   1  14
        3.58328        4.65011   1  15
        3.58328        4.95075   1  16
        3.58328        5.10507   1  17
        3.58328        5.20885   1  18
        3.58328        5.52298   1  19
        3.58328        5.80524   1  20
        3.58328        6.52671   1  21
        3.58328        6.93494   1  22
        3.58328        7.46115   1  23
        3.58328        8.40447   1  24
        3.58328        8.85285   1  25
        3.58328        9.64622   1  26
        3.63379       -0.39710   1   1
        3.63379       -0.23933   1   2
        3.63379        0.20700   1   3
        3.63379        0.32185   1   4
        3.63379        1.27586   1   5
        3.63379        1.37026   1   6
        3.63379        1.62201   1   7
        3.63379        1.74895   1   8
        3.63379        2.04748   1   9
        3.63379        2.41982   1  10
        3.63379        2.75357   1  11
        3.63379        3.24294   1  12
        3.63379        4.02616   1  13
        3.63379        4.12405   1  14
        3.63379        4.54101   1  15
        3.63379        4.90514   1  16
        3.63379        5.11734   1  17
        3.63379        5.18988   1  18
        3.63379        5.44831   1  19
        3.63379        5.75889   1  20
        3.63379        6.44274   1  21
        3.63379        7.04390   1  22
        3.63379        7.52831   1  23
        3.63379        8.41582   1  24
        3.63379        8.95215   1  25
        3.63379        9.75742   1  26
        3.68430       -0.37491   1   1
        3.68430       -0.21826   1   2
        3.68430        0.15707   1   3
        3.68430        0.28398   1   4
        3.68430        1.28569   1   5
        3.68430        1.38758   1   6
        3.68430        1.66055   1   7
        3.68430        1.73146   1   8
        3.68430        2.02038   1   9
        3.68430        2.40742   1  10
        3.68430        2.77936   1  11
        3.68430        3.23135   1  12
        3.68430        4.13594   1  13
        3.68430        4.23876   1  14
        3.68430        4.45061   1  15
        3.68430        4.86338   1  16
        3.68430        5.10031   1  17
        3.68430        5.16156   1  18
        3.68430        5.42370   1  19
        3.68430        5.76107   1  20
        3.68430        6.36700   1  21
        3.68430        7.17116   1  22
        3.68430        7.68003   1  23
        3.68430        8.42228   1  24
        3.68430        8.98830   1  25
        3.68430        9.77273   1  26
        3.73481       -0.35006   1   1
        3.73481       -0.19645   1   2
        3.73481        0.10994   1   3
        3.73481        0.24402   1   4
        3.73481        1.30271   1   5
        3.73481        1.40575   1   6
        3.73481        1.68146   1   7
        3.73481        1.71048   1   8
        3.73481        2.01327   1   9
        3.73481        2.40302   1  10
        3.73481        2.83374   1  11
        3.73481        3.20198   1  12
        3.73481        4.21577   1  13
        3.73481        4.33402   1  14
        3.73481        4.40789   1  15
        3.73481        4.84296   1  16
        3.73481        5.04474   1  17
        3.73481        5.16253   1  18
        3.73481        5.44461   1  19
        3.73481        5.80523   1  20
        3.73481        6.29586   1  21
        3.73481        7.28802   1  22
        3.73481        7.86793   1  23
        3.73481        8.41375   1  24
        3.73481        8.94249   1  25
        3.73481        9.68454   1  26
        3.78532       -0.32276   1   1
        3.78532       -0.17608   1   2
        3.78532        0.06834   1   3
        3.78532        0.20299   1   4
        3.78532        1.32781   1   5
        3.78532        1.42472   1   6
        3.78532        1.67699   1   7
        3.78532        1.68683   1   8
        3.78532        2.02939   1   9
        3.78532        2.39732   1  10
        3.78532        2.91598   1  11
        3.78532        3.17699   1  12
        3.78532        4.26132   1  13
        3.78532        4.37169   1  14
        3.78532        4.46881   1  15
        3.78532        4.84015   1  16
        3.78532        4.99793   1  17
        3.78532        5.15862   1  18
        3.78532        5.50397   1  19
        3.78532        5.89658   1  20
        3.78532        6.22277   1  21
        3.78532        7.35889   1  22
        3.78532        7.99535   1  23
        3.78532        8.34955   1  24
        3.78532        8.87239   1  25
        3.78532        9.56431   1  26
        3.83582       -0.29330   1   1
        3.83582       -0.16150   1   2
        3.83582        0.03693   1   3
        3.83582        0.16194   1   4
        3.83582        1.36078   1   5
        3.83582        1.44498   1   6
        3.83582        1.64613   1   7
        3.83582        1.66350   1   8
        3.83582        2.06568   1   9
        3.83582        2.38232   1  10
        3.83582        3.01124   1  11
        3.83582        3.16255   1  12
        3.83582        4.28167   1  13
        3.83582        4.40784   1  14
        3.83582        4.55926   1  15
        3.83582        4.84184   1  16
        3.83582        4.97298   1  17
        3.83582        5.13781   1  18
        3.83582        5.57627   1  19
        3.83582        6.03043   1  20
        3.83582        6.19216   1  21
        3.83582        7.37520   1  22
        3.83582        7.92268   1  23
        3.83582        8.22632   1  24
        3.83582        8.87572   1  25
        3.83582        9.50084   1  26
        3.88633       -0.26221   1   1
        3.88633       -0.15959   1   2
        3.88633        0.02280   1   3
        3.88633        0.12210   1   4
        3.88633        1.40011   1   5
        3.88633        1.46659   1   6
        3.88633        1.60913   1   7
        3.88633        1.62989   1   8
        3.88633        2.11470   1   9
        3.88633        2.35267   1  10
        3.88633        3.07654   1  11
        3.88633        3.17391   1  12
        3.88633        4.28383   1  13
        3.88633        4.45068   1  14
        3.88633        4.63608   1  15
        3.88633        4.84919   1  16
        3.88633        4.95684   1  17
        3.88633        5.10625   1  18
        3.88633        5.63049   1  19
        3.88633        6.00924   1  20
        3.88633        6.42581   1  21
        3.88633        7.34995   1  22
        3.88633        7.70754   1  23
        3.88633        8.08909   1  24
        3.88633        8.92809   1  25
        3.88633        9.49704   1  26
        3.93684       -0.23039   1   1
        3.93684       -0.17401   1   2
        3.93684        0.02966   1   3
        3.93684        0.08492   1   4
        3.93684        1.44297   1   5
        3.93684        1.48494   1   6
        3.93684        1.57567   1   7
        3.93684        1.59169   1   8
        3.93684        2.16836   1   9
        3.93684        2.30759   1  10
        3.93684        3.07325   1  11
        3.93684        3.22402   1  12
        3.93684        4.26222   1  13
        3.93684        4.47463   1  14
        3.93684        4.71104   1  15
        3.93684        4.85809   1  16
        3.93684        4.95098   1  17
        3.93684        5.07425   1  18
        3.93684        5.65929   1  19
        3.93684        5.94800   1  20
        3.93684        6.74905   1  21
        3.93684        7.28412   1  22
        3.93684        7.57187   1  23
        3.93684        7.96431   1  24
        3.93684        8.96026   1  25
        3.93684        9.49402   1  26
        3.98735       -0.19994   1   1
        3.98735       -0.19969   1   2
        3.98735        0.05252   1   3
        3.98735        0.05282   1   4
        3.98735        1.47837   1   5
        3.98735        1.48247   1   6
        3.98735        1.56055   1   7
        3.98735        1.56791   1   8
        3.98735        2.21260   1   9
        3.98735        2.25783   1  10
        3.98735        3.04218   1  11
        3.98735        3.25775   1  12
        3.98735        4.21930   1  13
        3.98735        4.47562   1  14
        3.98735        4.75819   1  15
        3.98735        4.88023   1  16
        3.98735        4.95725   1  17
        3.98735        5.06506   1  18
        3.98735        5.66685   1  19
        3.98735        5.91297   1  20
        3.98735        6.96187   1  21
        3.98735        7.20234   1  22
        3.98735        7.63685   1  23
        3.98735        7.89237   1  24
        3.98735        8.97309   1  25
        3.98735        9.44465   1  26
        3.98735       -0.19994   1   1
        3.98735       -0.19969   1   2
        3.98735        0.05252   1   3
        3.98735        0.05282   1   4
        3.98735        1.47837   1   5
        3.98735        1.48247   1   6
        3.98735        1.56055   1   7
        3.98735        1.56791   1   8
        3.98735        2.21260   1   9
        3.98735        2.25783   1  10
        3.98735        3.04218   1  11
        3.98735        3.25775   1  12
        3.98735        4.21930   1  13
        3.98735        4.47562   1  14
        3.98735        4.75819   1  15
        3.98735        4.88023   1  16
        3.98735        4.95725   1  17
        3.98735        5.06506   1  18
        3.98735        5.66685   1  19
        3.98735        5.91297   1  20
        3.98735        6.96187   1  21
        3.98735        7.20234   1  22
        3.98735        7.63685   1  23
        3.98735        7.89237   1  24
        3.98735        8.97309   1  25
        3.98735        9.44465   1  26
        4.03735       -0.20202   1   1
        4.03735       -0.20171   1   2
        4.03735        0.05650   1   3
        4.03735        0.05675   1   4
        4.03735        1.43230   1   5
        4.03735        1.44034   1   6
        4.03735        1.59695   1   7
        4.03735        1.61308   1   8
        4.03735        2.21682   1   9
        4.03735        2.26548   1  10
        4.03735        3.03778   1  11
        4.03735        3.34503   1  12
        4.03735        4.25981   1  13
        4.03735        4.42691   1  14
        4.03735        4.68417   1  15
        4.03735        4.87087   1  16
        4.03735        4.95911   1  17
        4.03735        5.06242   1  18
        4.03735        5.68965   1  19
        4.03735        5.95418   1  20
        4.03735        6.83326   1  21
        4.03735        7.14971   1  22
        4.03735        7.69076   1  23
        4.03735        7.94517   1  24
        4.03735        9.04308   1  25
        4.03735        9.44406   1  26
        4.08735       -0.20767   1   1
        4.08735       -0.20730   1   2
        4.08735        0.06778   1   3
        4.08735        0.06795   1   4
        4.08735        1.36392   1   5
        4.08735        1.36870   1   6
        4.08735        1.66040   1   7
        4.08735        1.67191   1   8
        4.08735        2.23301   1   9
        4.08735        2.28441   1  10
        4.08735        3.03501   1  11
        4.08735        3.40923   1  12
        4.08735        4.30687   1  13
        4.08735        4.44555   1  14
        4.08735        4.60939   1  15
        4.08735        4.83659   1  16
        4.08735        4.96109   1  17
        4.08735        5.05657   1  18
        4.08735        5.71515   1  19
        4.08735        5.95041   1  20
        4.08735        6.62819   1  21
        4.08735        7.08268   1  22
        4.08735        7.63515   1  23
        4.08735        8.25241   1  24
        4.08735        9.04860   1  25
        4.08735        9.50188   1  26
        4.13735       -0.21577   1   1
        4.13735       -0.21535   1   2
        4.13735        0.08487   1   3
        4.13735        0.08500   1   4
        4.13735        1.29207   1   5
        4.13735        1.29843   1   6
        4.13735        1.72378   1   7
        4.13735        1.72611   1   8
        4.13735        2.25704   1   9
        4.13735        2.31182   1  10
        4.13735        3.03866   1  11
        4.13735        3.42552   1  12
        4.13735        4.37512   1  13
        4.13735        4.46299   1  14
        4.13735        4.59732   1  15
        4.13735        4.77284   1  16
        4.13735        4.96576   1  17
        4.13735        5.05446   1  18
        4.13735        5.72775   1  19
        4.13735        5.89742   1  20
        4.13735        6.49636   1  21
        4.13735        7.02805   1  22
        4.13735        7.58357   1  23
        4.13735        8.41699   1  24
        4.13735        9.09800   1  25
        4.13735        9.61603   1  26
        4.18735       -0.22508   1   1
        4.18735       -0.22461   1   2
        4.18735        0.10593   1   3
        4.18735        0.10602   1   4
        4.18735        1.22368   1   5
        4.18735        1.23303   1   6
        4.18735        1.77381   1   7
        4.18735        1.78106   1   8
        4.18735        2.28567   1   9
        4.18735        2.34285   1  10
        4.18735        3.05175   1  11
        4.18735        3.40153   1  12
        4.18735        4.41895   1  13
        4.18735        4.47881   1  14
        4.18735        4.62852   1  15
        4.18735        4.75371   1  16
        4.18735        4.96549   1  17
        4.18735        5.05573   1  18
        4.18735        5.71338   1  19
        4.18735        5.81228   1  20
        4.18735        6.43852   1  21
        4.18735        6.96699   1  22
        4.18735        7.56684   1  23
        4.18735        8.35368   1  24
        4.18735        9.27414   1  25
        4.18735        9.72759   1  26
        4.23735       -0.23450   1   1
        4.23735       -0.23398   1   2
        4.23735        0.12894   1   3
        4.23735        0.12907   1   4
        4.23735        1.16337   1   5
        4.23735        1.17293   1   6
        4.23735        1.81440   1   7
        4.23735        1.82805   1   8
        4.23735        2.31608   1   9
        4.23735        2.37391   1  10
        4.23735        3.07357   1  11
        4.23735        3.35603   1  12
        4.23735        4.42918   1  13
        4.23735        4.54289   1  14
        4.23735        4.63652   1  15
        4.23735        4.78637   1  16
        4.23735        4.97843   1  17
        4.23735        5.04622   1  18
        4.23735        5.63107   1  19
        4.23735        5.77636   1  20
        4.23735        6.42211   1  21
        4.23735        6.87020   1  22
        4.23735        7.60566   1  23
        4.23735        8.18515   1  24
        4.23735        9.44460   1  25
        4.23735        9.81214   1  26
        4.28735       -0.24317   1   1
        4.28735       -0.24261   1   2
        4.28735        0.15186   1   3
        4.28735        0.15215   1   4
        4.28735        1.11274   1   5
        4.28735        1.11990   1   6
        4.28735        1.84706   1   7
        4.28735        1.86257   1   8
        4.28735        2.34380   1   9
        4.28735        2.40393   1  10
        4.28735        3.09985   1  11
        4.28735        3.30079   1  12
        4.28735        4.47911   1  13
        4.28735        4.60709   1  14
        4.28735        4.66804   1  15
        4.28735        4.77741   1  16
        4.28735        4.98821   1  17
        4.28735        5.03055   1  18
        4.28735        5.55493   1  19
        4.28735        5.77780   1  20
        4.28735        6.36677   1  21
        4.28735        6.78355   1  22
        4.28735        7.63591   1  23
        4.28735        8.01569   1  24
        4.28735        9.54232   1  25
        4.28735        9.88446   1  26
        4.33735       -0.25048   1   1
        4.33735       -0.24990   1   2
        4.33735        0.17273   1   3
        4.33735        0.17312   1   4
        4.33735        1.07217   1   5
        4.33735        1.07626   1   6
        4.33735        1.87134   1   7
        4.33735        1.88482   1   8
        4.33735        2.36420   1   9
        4.33735        2.43263   1  10
        4.33735        3.12389   1  11
        4.33735        3.24634   1  12
        4.33735        4.55192   1  13
        4.33735        4.65701   1  14
        4.33735        4.70300   1  15
        4.33735        4.75796   1  16
        4.33735        4.94464   1  17
        4.33735        5.04798   1  18
        4.33735        5.55649   1  19
        4.33735        5.76999   1  20
        4.33735        6.17226   1  21
        4.33735        6.75455   1  22
        4.33735        7.58397   1  23
        4.33735        7.94345   1  24
        4.33735        9.61624   1  25
        4.33735        9.94393   1  26
        4.38735       -0.25599   1   1
        4.38735       -0.25540   1   2
        4.38735        0.18956   1   3
        4.38735        0.18992   1   4
        4.38735        1.04169   1   5
        4.38735        1.04437   1   6
        4.38735        1.88768   1   7
        4.38735        1.89698   1   8
        4.38735        2.37605   1   9
        4.38735        2.45785   1  10
        4.38735        3.14072   1  11
        4.38735        3.20434   1  12
        4.38735        4.56088   1  13
        4.38735        4.66682   1  14
        4.38735        4.73052   1  15
        4.38735        4.79003   1  16
        4.38735        4.93501   1  17
        4.38735        5.06756   1  18
        4.38735        5.60841   1  19
        4.38735        5.71675   1  20
        4.38735        5.87885   1  21
        4.38735        6.76638   1  22
        4.38735        7.49622   1  23
        4.38735        7.93588   1  24
        4.38735        9.72501   1  25
        4.38735        9.98529   1  26
        4.43735       -0.25939   1   1
        4.43735       -0.25882   1   2
        4.43735        0.20057   1   3
        4.43735        0.20076   1   4
        4.43735        1.02273   1   5
        4.43735        1.02488   1   6
        4.43735        1.89725   1   7
        4.43735        1.90177   1   8
        4.43735        2.38074   1   9
        4.43735        2.47585   1  10
        4.43735        3.14966   1  11
        4.43735        3.18355   1  12
        4.43735        4.52272   1  13
        4.43735        4.68915   1  14
        4.43735        4.72233   1  15
        4.43735        4.79215   1  16
        4.43735        5.00627   1  17
        4.43735        5.05870   1  18
        4.43735        5.47230   1  19
        4.43735        5.67357   1  20
        4.43735        5.76451   1  21
        4.43735        6.79585   1  22
        4.43735        7.40817   1  23
        4.43735        7.92650   1  24
        4.43735        9.86370   1  25
        4.43735       10.00564   1  26
        4.48735       -0.26053   1   1
        4.48735       -0.26000   1   2
        4.48735        0.20444   1   3
        4.48735        0.20444   1   4
        4.48735        1.01705   1   5
        4.48735        1.01780   1   6
        4.48735        1.90113   1   7
        4.48735        1.90114   1   8
        4.48735        2.37937   1   9
        4.48735        2.48283   1  10
        4.48735        3.15577   1  11
        4.48735        3.18457   1  12
        4.48735        4.51573   1  13
        4.48735        4.66498   1  14
        4.48735        4.74129   1  15
        4.48735        4.74129   1  16
        4.48735        5.01751   1  17
        4.48735        5.06652   1  18
        4.48735        5.29363   1  19
        4.48735        5.66398   1  20
        4.48735        5.78779   1  21
        4.48735        6.84342   1  22
        4.48735        7.30485   1  23
        4.48735        7.90269   1  24
        4.48735        9.96952   1  25
        4.48735       10.00052   1  26
