   39  -0.02704     0
   21
   0.50000   0.50000   0.50000    33
 -0.4152 -0.2640 -0.2640 -0.1559 -0.1559 -0.1061  0.2497  1.5420  1.6059  1.6059
  2.1964  2.1964  2.5300  3.2610  3.2610  3.4353  4.2287  4.3807  4.3807  4.7972
  4.7972  5.2815  6.1609  6.7927  6.7928  6.9204  6.9813  7.2057  7.2057  8.4244
  9.0992  9.0992 11.0812
   0.47500   0.47500   0.47500    33
 -0.4161 -0.2638 -0.2638 -0.1565 -0.1565 -0.1152  0.2632  1.5436  1.6077  1.6077
  2.1974  2.1974  2.5237  3.2554  3.2554  3.4357  4.2377  4.3798  4.3798  4.8036
  4.8036  5.2487  6.1581  6.8022  6.8022  6.8606  7.0483  7.2239  7.2239  8.4404
  9.0835  9.0835 11.0756
   0.45000   0.45000   0.45000    33
 -0.4190 -0.2631 -0.2631 -0.1581 -0.1581 -0.1387  0.2999  1.5484  1.6132  1.6132
  2.2004  2.2004  2.5054  3.2392  3.2392  3.4364  4.2643  4.3766  4.3766  4.8234
  4.8234  5.1576  6.1495  6.7868  6.8299  6.8299  7.1355  7.2767  7.2767  8.4894
  9.0368  9.0369 11.0589
   0.42500   0.42500   0.42500    33
 -0.4243 -0.2620 -0.2620 -0.1691 -0.1606 -0.1606  0.3531  1.5562  1.6222  1.6222
  2.2054  2.2054  2.4768  3.2137  3.2137  3.4366  4.3073  4.3699  4.3699  4.8572
  4.8572  5.0240  6.1356  6.7137  6.8748  6.8748  7.2113  7.3580  7.3580  8.5716
  8.9604  8.9604 11.0343
   0.40000   0.40000   0.40000    33
 -0.4331 -0.2605 -0.2605 -0.2002 -0.1641 -0.1641  0.4173  1.5670  1.6345  1.6345
  2.2126  2.2126  2.4403  3.1808  3.1808  3.4348  4.3589  4.3589  4.3645  4.8646
  4.9054  4.9054  6.1167  6.6339  6.9357  6.9357  7.2736  7.4570  7.4570  8.6798
  8.8577  8.8578 11.0068
   0.37500   0.37500   0.37500    33
 -0.4463 -0.2588 -0.2588 -0.2277 -0.1683 -0.1683  0.4893  1.5805  1.6495  1.6495
  2.2221  2.2221  2.3987  3.1425  3.1425  3.4296  4.3433  4.3433  4.4317  4.6930
  4.9676  4.9676  6.0937  6.5428  7.0119  7.0119  7.3304  7.5576  7.5576  8.7365
  8.7365  8.7994 10.9797
   0.35000   0.35000   0.35000    33
 -0.4646 -0.2568 -0.2568 -0.2494 -0.1730 -0.1730  0.5675  1.5963  1.6670  1.6670
  2.2339  2.2339  2.3548  3.1007  3.1007  3.4196  4.3232  4.3232  4.4674  4.5549
  5.0427  5.0427  6.0671  6.4412  7.1028  7.1028  7.3916  7.6372  7.6372  8.6126
  8.6126  8.9142 10.9587
   0.32500   0.32500   0.32500    33
 -0.4876 -0.2645 -0.2547 -0.2547 -0.1781 -0.1781  0.6507  1.6139  1.6863  1.6863
  2.2484  2.2484  2.3113  3.0572  3.0572  3.4036  4.2993  4.2993  4.3129  4.6091
  5.1294  5.1294  6.0379  6.3355  7.2068  7.2068  7.4645  7.6663  7.6663  8.5131
  8.5131  9.0107 10.9459
   0.30000   0.30000   0.30000    33
 -0.5140 -0.2739 -0.2528 -0.2528 -0.1833 -0.1833  0.7384  1.6327  1.7068  1.7068
  2.2657  2.2657  2.2705  3.0131  3.0132  3.3809  4.1326  4.2722  4.2722  4.6874
  5.2257  5.2257  6.0068  6.2359  7.3156  7.3156  7.5536  7.6263  7.6263  8.4653
  8.4653  9.0801 10.9417
   0.27500   0.27500   0.27500    33
 -0.5421 -0.2787 -0.2510 -0.2510 -0.1883 -0.1883  0.8302  1.6517  1.7277  1.7277
  2.2348  2.2861  2.2861  2.9698  2.9698  3.3511  3.9535  4.2424  4.2424  4.7560
  5.3296  5.3296  5.9749  6.1555  7.3665  7.3665  7.5856  7.5856  7.6610  8.4683
  8.4683  9.1187 10.9449
   0.25000   0.25000   0.25000    33
 -0.5704 -0.2805 -0.2498 -0.2498 -0.1927 -0.1927  0.9256  1.6695  1.7484  1.7484
  2.2063  2.3096  2.3096  2.9280  2.9280  3.3135  3.7786  4.2104  4.2104  4.8031
  5.4383  5.4383  5.9428  6.1079  7.2487  7.2487  7.6870  7.6870  7.7881  8.4973
  8.4973  9.1272 10.9497
   0.22500   0.22500   0.22500    33
 -0.5978 -0.2801 -0.2493 -0.2493 -0.1964 -0.1964  1.0244  1.6848  1.7681  1.7681
  2.1875  2.3362  2.3362  2.8885  2.8885  3.2672  3.6101  4.1764  4.1764  4.8196
  5.5483  5.5483  5.9115  6.1044  7.0742  7.0743  7.8465  7.8465  7.9353  8.5332
  8.5332  9.1089 10.9492
   0.20000   0.20000   0.20000    33
 -0.6235 -0.2784 -0.2496 -0.2496 -0.1990 -0.1990  1.1260  1.6963  1.7863  1.7863
  2.1802  2.3655  2.3655  2.8519  2.8519  3.2100  3.4509  4.1408  4.1408  4.8039
  5.6542  5.6542  5.8816  6.1478  6.9017  6.9017  8.0201  8.0201  8.1019  8.5696
  8.5696  9.0696 10.9337
   0.17500   0.17500   0.17500    36
 -0.6470 -0.2759 -0.2509 -0.2509 -0.2006 -0.2006  1.2297  1.7031  1.7928  1.7928
  2.1840  2.3965  2.3965  2.8134  2.8134  2.9848  3.2866  4.0922  4.0922  4.7061
  5.7412  5.7413  5.8538  6.0565  6.6386  6.6387  7.2823  7.2823  8.1684  8.4788
  8.4788  9.0099  9.3312  9.3675  9.3675 11.2206
   0.15000   0.15000   0.15000    36
 -0.6679 -0.2730 -0.2528 -0.2528 -0.2012 -0.2012  1.3343  1.7058  1.8070  1.8070
  2.2020  2.4293  2.4293  2.7830  2.7830  2.8891  3.1887  4.0551  4.0551  4.6468
  5.8129  5.8129  5.8286  6.1807  6.5343  6.5343  7.3487  7.3487  8.3874  8.6503
  8.6503  8.9610  9.2416  9.2416  9.2760 11.2129
   0.12500   0.12500   0.12500    33
 -0.6859 -0.2700 -0.2549 -0.2549 -0.2009 -0.2009  1.4385  1.7071  1.8224  1.8224
  2.2327  2.4623  2.4623  2.7579  2.7579  2.8323  3.1005  4.0225  4.0225  4.5882
  5.8066  5.8983  5.8983  6.7584  6.8388  6.8389  7.6041  7.6041  8.7476  8.8374
  8.8375  8.9450  9.7772
   0.10000   0.10000   0.10000    33
 -0.7008 -0.2673 -0.2572 -0.2572 -0.2004 -0.2004  1.5361  1.7098  1.8316  1.8316
  2.2697  2.4899  2.4899  2.7206  2.7383  2.7383  3.0137  3.9886  3.9886  4.5360
  5.7880  5.8671  5.8671  6.8876  6.9095  6.9095  7.6312  7.6313  8.6976  8.9870
  8.9870  9.0965  9.6810
   0.07500   0.07500   0.07500    34
 -0.7125 -0.2653 -0.2592 -0.2592 -0.1997 -0.1997  1.6045  1.7272  1.8388  1.8388
  2.3048  2.5109  2.5109  2.6166  2.7260  2.7260  2.8928  3.9589  3.9589  4.4787
  5.7733  5.8249  5.8249  6.7487  7.0008  7.0008  7.6366  7.6366  7.7374  8.6148
  9.1312  9.1312  9.3909  9.5958
   0.05000   0.05000   0.05000    34
 -0.7209 -0.2635 -0.2607 -0.2607 -0.1991 -0.1991  1.6413  1.7740  1.8441  1.8441
  2.3328  2.5244  2.5244  2.5562  2.7203  2.7203  2.8097  3.9355  3.9355  4.4499
  5.7626  5.7874  5.7874  6.9407  7.0894  7.0894  7.6257  7.6257  7.7064  8.5390
  9.2512  9.2512  9.4119  9.5252
   0.02500   0.02500   0.02500    34
 -0.7260 -0.2624 -0.2617 -0.2617 -0.1987 -0.1987  1.6513  1.8262  1.8473  1.8473
  2.3385  2.5314  2.5314  2.5329  2.7189  2.7189  2.7455  3.9206  3.9206  4.4327
  5.7561  5.7625  5.7625  7.1052  7.1558  7.1558  7.6088  7.6088  7.6426  8.4915
  9.3304  9.3304  9.3771  9.5260
   0.00000   0.00000   0.00000    34
 -0.7277 -0.2621 -0.2621 -0.2621 -0.1986 -0.1986  1.6532  1.8483  1.8483  1.8483
  2.3340  2.5334  2.5334  2.5334  2.7188  2.7188  2.7188  3.9154  3.9154  4.4269
  5.7539  5.7539  5.7539  7.1812  7.1812  7.1812  7.6003  7.6003  7.6004  8.4759
  9.3580  9.3580  9.3580  9.5331
   21
   0.00000   0.00000   0.00000    34
 -0.7277 -0.2621 -0.2621 -0.2621 -0.1986 -0.1986  1.6532  1.8483  1.8483  1.8483
  2.3340  2.5334  2.5334  2.5334  2.7188  2.7188  2.7188  3.9154  3.9154  4.4269
  5.7539  5.7539  5.7539  7.1812  7.1812  7.1812  7.6003  7.6003  7.6004  8.4759
  9.3580  9.3580  9.3580  9.5331
   0.05000   0.00000   0.00000    34
 -0.7254 -0.2628 -0.2615 -0.2615 -0.1992 -0.1983  1.6510  1.8359  1.8359  1.8397
  2.3424  2.5264  2.5264  2.5398  2.6997  2.7464  2.7464  3.9073  3.9365  4.4348
  5.7603  5.7603  5.7671  7.1165  7.1165  7.1438  7.5885  7.6446  7.6446  8.4958
  9.3170  9.3558  9.3558  9.5222
   0.10000   0.00000   0.00000    34
 -0.7187 -0.2648 -0.2599 -0.2599 -0.2011 -0.1976  1.6447  1.8008  1.8008  1.8165
  2.3566  2.5162  2.5162  2.5590  2.6568  2.8160  2.8160  3.8841  3.9900  4.4618
  5.7795  5.7795  5.8052  6.9786  6.9786  7.0382  7.5537  7.7179  7.7179  8.5467
  9.2084  9.3541  9.3541  9.4873
   0.15000   0.00000   0.00000    35
 -0.7074 -0.2681 -0.2571 -0.2571 -0.2043 -0.1964  1.6350  1.7486  1.7486  1.7829
  2.3391  2.5136  2.5136  2.5902  2.6329  2.9102  2.9102  3.8481  4.0522  4.5107
  5.8114  5.8114  5.8637  6.3620  6.8234  6.8234  7.4983  7.7598  7.7598  8.5923
  9.0702  9.3631  9.3631  9.4229  9.9229
   0.20000   0.00000   0.00000    35
 -0.6919 -0.2726 -0.2534 -0.2534 -0.2083 -0.1947  1.6226  1.6851  1.6851  1.7466
  2.2634  2.5215  2.5215  2.6324  2.6681  3.0189  3.0189  3.8025  4.1009  4.5991
  5.8540  5.8540  5.9360  6.1869  6.6726  6.6726  7.4256  7.7512  7.7512  8.5859
  8.9805  9.3205  9.3900  9.3900 10.3428
   0.25000   0.00000   0.00000    31
 -0.6721 -0.2779 -0.2483 -0.2483 -0.2131 -0.1926  1.6212  1.6212  1.6264  1.7096
  2.1614  2.5578  2.5578  2.6962  2.8472  3.1556  3.1556  3.7506  4.1408  5.1061
  6.0032  6.0032  6.0138  6.1163  7.0385  7.0385  8.5092  8.6633  9.3781  9.3781
 10.6936
   0.30000   0.00000   0.00000    31
 -0.6483 -0.2844 -0.2426 -0.2426 -0.2184 -0.1902  1.5471  1.5471  1.6140  1.6740
  2.0295  2.6031  2.6031  2.7531  2.9423  3.2664  3.2664  3.6950  4.1424  5.3126
  5.9330  6.0882  6.1122  6.1122  6.9785  6.9785  8.2931  8.4191  9.3652  9.3652
 11.1177
   0.35000   0.00000   0.00000    31
 -0.6208 -0.2917 -0.2360 -0.2360 -0.2238 -0.1875  1.4732  1.4732  1.6005  1.6390
  1.8958  2.6620  2.6620  2.8191  3.0464  3.3778  3.3778  3.6375  4.1312  5.5124
  5.7785  6.1500  6.2357  6.2357  6.9117  6.9118  7.9156  8.3332  9.3454  9.3455
 11.4780
   0.40000   0.00000   0.00000    31
 -0.5901 -0.2995 -0.2287 -0.2286 -0.2286 -0.1845  1.4014  1.4014  1.5867  1.5992
  1.7700  2.7331  2.7331  2.8938  3.1570  3.4887  3.4887  3.5794  4.1122  5.6288
  5.7240  6.1914  6.3561  6.3561  6.8521  6.8521  7.5478  8.2569  9.3229  9.3229
 11.7594
   0.45000   0.00000   0.00000    31
 -0.5571 -0.3076 -0.2323 -0.2205 -0.2205 -0.1814  1.3330  1.3330  1.5352  1.5729
  1.6743  2.8145  2.8145  2.9766  3.2708  3.5215  3.5986  3.5986  4.0905  5.5402
  5.8862  6.2075  6.4163  6.4163  6.8490  6.8490  7.1992  8.1940  9.3028  9.3028
 11.9572
   0.50000   0.00000   0.00000    31
 -0.5228 -0.3159 -0.2333 -0.2118 -0.2118 -0.1781  1.2687  1.2687  1.4311  1.5595
  1.6256  2.9034  2.9034  3.0671  3.3821  3.4644  3.7068  3.7068  4.0739  5.4668
  6.0394  6.1981  6.3515  6.3515  6.8734  6.9529  6.9529  8.1467  9.2946  9.2946
 12.0773
   0.55000   0.00000   0.00000    31
 -0.4891 -0.3240 -0.2297 -0.2027 -0.2027 -0.1749  1.2091  1.2091  1.3106  1.5468
  1.6012  2.9962  2.9962  3.1653  3.4087  3.4816  3.8117  3.8117  4.0740  5.4160
  6.1676  6.1708  6.1948  6.1948  6.5704  7.1103  7.1103  8.1156  9.3132  9.3132
 12.1328
   0.60000   0.00000   0.00000    31
 -0.4586 -0.3319 -0.2190 -0.1934 -0.1934 -0.1717  1.1544  1.1544  1.1887  1.5351
  1.5862  3.0896  3.0896  3.2712  3.3553  3.5565  3.9107  3.9107  4.1052  5.3864
  5.9846  5.9846  6.1234  6.2778  6.2881  7.2631  7.2631  8.0995  9.3752  9.3752
 12.1433
   0.65000   0.00000   0.00000    31
 -0.4340 -0.3394 -0.1985 -0.1842 -0.1842 -0.1686  1.0701  1.1051  1.1051  1.5244
  1.5762  3.1810  3.1810  3.3054  3.3852  3.6002  4.0006  4.0006  4.1759  5.3769
  5.7422  5.7422  6.0238  6.0741  6.3598  7.3831  7.3831  8.0940  9.4880  9.4880
 12.1284
   0.70000   0.00000   0.00000    31
 -0.4172 -0.3462 -0.1753 -0.1753 -0.1667 -0.1658  0.9565  1.0613  1.0613  1.5148
  1.5694  3.2600  3.2697  3.2697  3.5079  3.6204  4.0787  4.0787  4.2781  5.3881
  5.4877  5.4877  5.7744  6.0265  6.4191  7.4640  7.4640  8.0914  9.6423  9.6423
 12.1035
   0.75000   0.00000   0.00000    31
 -0.4072 -0.3522 -0.1671 -0.1671 -0.1632 -0.1249  0.8492  1.0234  1.0234  1.5064
  1.5647  3.2203  3.3559  3.3559  3.6311  3.6397  4.1439  4.1439  4.3953  5.2405
  5.2405  5.4226  5.5372  5.9849  6.4594  7.5131  7.5131  8.0816  9.8170  9.8170
 12.0870
   0.80000   0.00000   0.00000    31
 -0.4023 -0.3573 -0.1610 -0.1597 -0.1597 -0.0761  0.7497  0.9919  0.9919  1.4993
  1.5614  3.1871  3.4397  3.4397  3.6430  3.7812  4.1965  4.1965  4.5106  5.0150
  5.0150  5.3102  5.4854  5.9513  6.4857  7.5413  7.5413  8.0541  9.9900  9.9900
 12.0884
   0.85000   0.00000   0.00000    31
 -0.4002 -0.3614 -0.1593 -0.1536 -0.1536 -0.0244  0.6601  0.9669  0.9669  1.4937
  1.5589  3.1609  3.5195  3.5195  3.6599  3.9325  4.2382  4.2382  4.6098  4.8204
  4.8204  5.0926  5.5794  5.9261  6.5031  7.5570  7.5570  8.0018 10.1432 10.1432
 12.1133
   0.90000   0.00000   0.00000    31
 -0.3996 -0.3644 -0.1580 -0.1490 -0.1490  0.0247  0.5848  0.9488  0.9488  1.4895
  1.5570  3.1421  3.5901  3.5901  3.6800  4.0923  4.2714  4.2714  4.6635  4.6635
  4.6828  4.8853  5.6954  5.9088  6.5160  7.5656  7.5656  7.9279 10.2629 10.2629
 12.1543
   0.95000   0.00000   0.00000    31
 -0.3996 -0.3662 -0.1572 -0.1462 -0.1462  0.0624  0.5316  0.9379  0.9379  1.4870
  1.5557  3.1308  3.6415  3.6415  3.6969  4.2544  4.2975  4.2975  4.5540  4.5540
  4.6945  4.7260  5.8001  5.8989  6.5264  7.5698  7.5698  7.8550 10.3391 10.3391
 12.1969
   1.00000   0.00000   0.00000    31
 -0.3996 -0.3668 -0.1569 -0.1452 -0.1452  0.0772  0.5116  0.9342  0.9342  1.4862
  1.5553  3.1270  3.6609  3.6609  3.7035  4.3098  4.3098  4.3604  4.5117  4.5117
  4.5790  4.7401  5.8437  5.8956  6.5310  7.5711  7.5711  7.8229 10.3652 10.3652
 12.2128
    0
