 0.000000 -0.558524 1 1
 0.000000 -0.446381 1 2
 0.000000 -0.365953 1 3
 0.000000 -0.274024 1 4
 0.000000 -0.273149 1 5
 0.000000  0.290936 1 6
 0.000000  0.303968 1 7
 0.047619 -0.558621 1 1
 0.047619 -0.446375 1 2
 0.047619 -0.365960 1 3
 0.047619 -0.274001 1 4
 0.047619 -0.273123 1 5
 0.047619  0.291107 1 6
 0.047619  0.303366 1 7
 0.095238 -0.558895 1 1
 0.095238 -0.446355 1 2
 0.095238 -0.365983 1 3
 0.095238 -0.273938 1 4
 0.095238 -0.273050 1 5
 0.095238  0.291590 1 6
 0.095238  0.301633 1 7
 0.142857 -0.559290 1 1
 0.142857 -0.446321 1 2
 0.142857 -0.366022 1 3
 0.142857 -0.273845 1 4
 0.142857 -0.272946 1 5
 0.142857  0.292306 1 6
 0.142857  0.298969 1 7
 0.190476 -0.559725 1 1
 0.190476 -0.446269 1 2
 0.190476 -0.366079 1 3
 0.190476 -0.273730 1 4
 0.190476 -0.272832 1 5
 0.190476  0.293152 1 6
 0.190476  0.295675 1 7
 0.238095 -0.560112 1 1
 0.238095 -0.446200 1 2
 0.238095 -0.366153 1 3
 0.238095 -0.273587 1 4
 0.238095 -0.272731 1 5
 0.238095  0.292107 1 6
 0.238095  0.294039 1 7
 0.285714 -0.560365 1 1
 0.285714 -0.446113 1 2
 0.285714 -0.366238 1 3
 0.285714 -0.273390 1 4
 0.285714 -0.272666 1 5
 0.285714  0.288637 1 6
 0.285714  0.294926 1 7
 0.333333 -0.560428 1 1
 0.333333 -0.446012 1 2
 0.333333 -0.366327 1 3
 0.333333 -0.273102 1 4
 0.333333 -0.272653 1 5
 0.333333  0.285609 1 6
 0.333333  0.295842 1 7
 0.380952 -0.560276 1 1
 0.380952 -0.445903 1 2
 0.380952 -0.366411 1 3
 0.380952 -0.272713 1 4
 0.380952 -0.272674 1 5
 0.380952  0.283332 1 6
 0.380952  0.296873 1 7
 0.428571 -0.559926 1 1
 0.428571 -0.445792 1 2
 0.428571 -0.366484 1 3
 0.428571 -0.272808 1 4
 0.428571 -0.272121 1 5
 0.428571  0.282050 1 6
 0.428571  0.298124 1 7
 0.476190 -0.559431 1 1
 0.476190 -0.445687 1 2
 0.476190 -0.366541 1 3
 0.476190 -0.272962 1 4
 0.476190 -0.271415 1 5
 0.476190  0.281896 1 6
 0.476190  0.299661 1 7
 0.523810 -0.558866 1 1
 0.523810 -0.445592 1 2
 0.523810 -0.366583 1 3
 0.523810 -0.273150 1 4
 0.523810 -0.270597 1 5
 0.523810  0.282844 1 6
 0.523810  0.301457 1 7
 0.571429 -0.558313 1 1
 0.571429 -0.445509 1 2
 0.571429 -0.366614 1 3
 0.571429 -0.273353 1 4
 0.571429 -0.269727 1 5
 0.571429  0.284687 1 6
 0.571429  0.303369 1 7
 0.619048 -0.557846 1 1
 0.619048 -0.445439 1 2
 0.619048 -0.366642 1 3
 0.619048 -0.273556 1 4
 0.619048 -0.268877 1 5
 0.619048  0.287077 1 6
 0.619048  0.305163 1 7
 0.666667 -0.557517 1 1
 0.666667 -0.445379 1 2
 0.666667 -0.366674 1 3
 0.666667 -0.273749 1 4
 0.666667 -0.268121 1 5
 0.666667  0.289631 1 6
 0.666667  0.306578 1 7
 0.714286 -0.557351 1 1
 0.714286 -0.445327 1 2
 0.714286 -0.366716 1 3
 0.714286 -0.273927 1 4
 0.714286 -0.267518 1 5
 0.714286  0.292038 1 6
 0.714286  0.307412 1 7
 0.761905 -0.557338 1 1
 0.761905 -0.445279 1 2
 0.761905 -0.366769 1 3
 0.761905 -0.274089 1 4
 0.761905 -0.267103 1 5
 0.761905  0.294116 1 6
 0.761905  0.307589 1 7
 0.809524 -0.557445 1 1
 0.809524 -0.445235 1 2
 0.809524 -0.366830 1 3
 0.809524 -0.274235 1 4
 0.809524 -0.266876 1 5
 0.809524  0.295807 1 6
 0.809524  0.307194 1 7
 0.857143 -0.557619 1 1
 0.857143 -0.445196 1 2
 0.857143 -0.366892 1 3
 0.857143 -0.274361 1 4
 0.857143 -0.266802 1 5
 0.857143  0.297118 1 6
 0.857143  0.306440 1 7
 0.904762 -0.557800 1 1
 0.904762 -0.445165 1 2
 0.904762 -0.366947 1 3
 0.904762 -0.274460 1 4
 0.904762 -0.266821 1 5
 0.904762  0.298064 1 6
 0.904762  0.305609 1 7
 0.952381 -0.557935 1 1
 0.952381 -0.445144 1 2
 0.952381 -0.366985 1 3
 0.952381 -0.274525 1 4
 0.952381 -0.266868 1 5
 0.952381  0.298644 1 6
 0.952381  0.304978 1 7
 1.000000 -0.557985 1 1
 1.000000 -0.445137 1 2
 1.000000 -0.366998 1 3
 1.000000 -0.274548 1 4
 1.000000 -0.266890 1 5
 1.000000  0.298840 1 6
 1.000000  0.304743 1 7
 1.000000 -0.557985 1 1
 1.000000 -0.445137 1 2
 1.000000 -0.366998 1 3
 1.000000 -0.274548 1 4
 1.000000 -0.266890 1 5
 1.000000  0.298840 1 6
 1.000000  0.304743 1 7
 1.058926 -0.557864 1 1
 1.058926 -0.445177 1 2
 1.058926 -0.366966 1 3
 1.058926 -0.274460 1 4
 1.058926 -0.266885 1 5
 1.058926  0.298780 1 6
 1.058926  0.304984 1 7
 1.117851 -0.557527 1 1
 1.117851 -0.445251 1 2
 1.117851 -0.366915 1 3
 1.117851 -0.274270 1 4
 1.117851 -0.266833 1 5
 1.117851  0.298555 1 6
 1.117851  0.305601 1 7
 1.176777 -0.556998 1 1
 1.176777 -0.445344 1 2
 1.176777 -0.366856 1 3
 1.176777 -0.274026 1 4
 1.176777 -0.266740 1 5
 1.176777  0.298127 1 6
 1.176777  0.306412 1 7
 1.235702 -0.556319 1 1
 1.235702 -0.445437 1 2
 1.235702 -0.366799 1 3
 1.235702 -0.273786 1 4
 1.235702 -0.266626 1 5
 1.235702  0.297432 1 6
 1.235702  0.307139 1 7
 1.294628 -0.555548 1 1
 1.294628 -0.445513 1 2
 1.294628 -0.366751 1 3
 1.294628 -0.273603 1 4
 1.294628 -0.266523 1 5
 1.294628  0.296387 1 6
 1.294628  0.307472 1 7
 1.353553 -0.554760 1 1
 1.353553 -0.445563 1 2
 1.353553 -0.366715 1 3
 1.353553 -0.273518 1 4
 1.353553 -0.266460 1 5
 1.353553  0.294915 1 6
 1.353553  0.307153 1 7
 1.353553 -0.555103 1 1
 1.353553 -0.445164 1 2
 1.353553 -0.365810 1 3
 1.353553 -0.272767 1 4
 1.353553 -0.269387 1 5
 1.353553  0.294783 1 6
 1.353553  0.298398 1 7
 1.401765 -0.553907 1 1
 1.401765 -0.445238 1 2
 1.401765 -0.365697 1 3
 1.401765 -0.272548 1 4
 1.401765 -0.269425 1 5
 1.401765  0.293830 1 6
 1.401765  0.297615 1 7
 1.449977 -0.552700 1 1
 1.449977 -0.445305 1 2
 1.449977 -0.365545 1 3
 1.449977 -0.272336 1 4
 1.449977 -0.269390 1 5
 1.449977  0.293012 1 6
 1.449977  0.297060 1 7
 1.498189 -0.551596 1 1
 1.498189 -0.445364 1 2
 1.498189 -0.365373 1 3
 1.498189 -0.272142 1 4
 1.498189 -0.269303 1 5
 1.498189  0.292114 1 6
 1.498189  0.296804 1 7
 1.546401 -0.550717 1 1
 1.546401 -0.445417 1 2
 1.546401 -0.365204 1 3
 1.546401 -0.271974 1 4
 1.546401 -0.269196 1 5
 1.546401  0.291015 1 6
 1.546401  0.296866 1 7
 1.594613 -0.550175 1 1
 1.594613 -0.445465 1 2
 1.594613 -0.365059 1 3
 1.594613 -0.271837 1 4
 1.594613 -0.269112 1 5
 1.594613  0.289715 1 6
 1.594613  0.297206 1 7
 1.642824 -0.550050 1 1
 1.642824 -0.445511 1 2
 1.642824 -0.364957 1 3
 1.642824 -0.271732 1 4
 1.642824 -0.269095 1 5
 1.642824  0.288323 1 6
 1.642824  0.297733 1 7
 1.691036 -0.550380 1 1
 1.691036 -0.445555 1 2
 1.691036 -0.364910 1 3
 1.691036 -0.271658 1 4
 1.691036 -0.269179 1 5
 1.691036  0.287017 1 6
 1.691036  0.298333 1 7
 1.739248 -0.551148 1 1
 1.739248 -0.445602 1 2
 1.739248 -0.364922 1 3
 1.739248 -0.271613 1 4
 1.739248 -0.269385 1 5
 1.739248  0.285971 1 6
 1.739248  0.298888 1 7
 1.787460 -0.552284 1 1
 1.787460 -0.445652 1 2
 1.787460 -0.364992 1 3
 1.787460 -0.271596 1 4
 1.787460 -0.269714 1 5
 1.787460  0.285299 1 6
 1.787460  0.299295 1 7
 1.835672 -0.553676 1 1
 1.835672 -0.445708 1 2
 1.835672 -0.365111 1 3
 1.835672 -0.271610 1 4
 1.835672 -0.270148 1 5
 1.835672  0.285024 1 6
 1.835672  0.299485 1 7
 1.883883 -0.555181 1 1
 1.883883 -0.445772 1 2
 1.883883 -0.365263 1 3
 1.883883 -0.271655 1 4
 1.883883 -0.270657 1 5
 1.883883  0.285100 1 6
 1.883883  0.299419 1 7
 1.932095 -0.556648 1 1
 1.932095 -0.445842 1 2
 1.932095 -0.365432 1 3
 1.932095 -0.271738 1 4
 1.932095 -0.271198 1 5
 1.932095  0.285474 1 6
 1.932095  0.299088 1 7
 1.980307 -0.557939 1 1
 1.980307 -0.445919 1 2
 1.980307 -0.365600 1 3
 1.980307 -0.271875 1 4
 1.980307 -0.271718 1 5
 1.980307  0.286138 1 6
 1.980307  0.298509 1 7
 2.028519 -0.558947 1 1
 2.028519 -0.445998 1 2
 2.028519 -0.365751 1 3
 2.028519 -0.272264 1 4
 2.028519 -0.271984 1 5
 2.028519  0.287154 1 6
 2.028519  0.297711 1 7
 2.076731 -0.559607 1 1
 2.076731 -0.446078 1 2
 2.076731 -0.365871 1 3
 2.076731 -0.272704 1 4
 2.076731 -0.272168 1 5
 2.076731  0.288631 1 6
 2.076731  0.296742 1 7
 2.124943 -0.559909 1 1
 2.124943 -0.446153 1 2
 2.124943 -0.365954 1 3
 2.124943 -0.273080 1 4
 2.124943 -0.272366 1 5
 2.124943  0.290655 1 6
 2.124943  0.295655 1 7
 2.173154 -0.559893 1 1
 2.173154 -0.446221 1 2
 2.173154 -0.365998 1 3
 2.173154 -0.273386 1 4
 2.173154 -0.272566 1 5
 2.173154  0.293212 1 6
 2.173154  0.294517 1 7
 2.221366 -0.559644 1 1
 2.221366 -0.446278 1 2
 2.221366 -0.366010 1 3
 2.221366 -0.273625 1 4
 2.221366 -0.272754 1 5
 2.221366  0.293406 1 6
 2.221366  0.296131 1 7
 2.269578 -0.559272 1 1
 2.269578 -0.446323 1 2
 2.269578 -0.365999 1 3
 2.269578 -0.273803 1 4
 2.269578 -0.272918 1 5
 2.269578  0.292413 1 6
 2.269578  0.299077 1 7
 2.317790 -0.558897 1 1
 2.317790 -0.446356 1 2
 2.317790 -0.365978 1 3
 2.317790 -0.273927 1 4
 2.317790 -0.273043 1 5
 2.317790  0.291622 1 6
 2.317790  0.301624 1 7
 2.366002 -0.558623 1 1
 2.366002 -0.446375 1 2
 2.366002 -0.365960 1 3
 2.366002 -0.274000 1 4
 2.366002 -0.273122 1 5
 2.366002  0.291112 1 6
 2.366002  0.303355 1 7
 2.414214 -0.558524 1 1
 2.414214 -0.446381 1 2
 2.414214 -0.365953 1 3
 2.414214 -0.274024 1 4
 2.414214 -0.273149 1 5
 2.414214  0.290936 1 6
 2.414214  0.303968 1 7
 2.414214 -0.558524 1 1
 2.414214 -0.446381 1 2
 2.414214 -0.365953 1 3
 2.414214 -0.274024 1 4
 2.414214 -0.273149 1 5
 2.414214  0.290936 1 6
 2.414214  0.303968 1 7
 2.462326 -0.558593 1 1
 2.462326 -0.446370 1 2
 2.462326 -0.365944 1 3
 2.462326 -0.273940 1 4
 2.462326 -0.273117 1 5
 2.462326  0.291173 1 6
 2.462326  0.303619 1 7
 2.510439 -0.558794 1 1
 2.510439 -0.446344 1 2
 2.510439 -0.365940 1 3
 2.510439 -0.273750 1 4
 2.510439 -0.273005 1 5
 2.510439  0.291859 1 6
 2.510439  0.302505 1 7
 2.558551 -0.559078 1 1
 2.558551 -0.446305 1 2
 2.558551 -0.365937 1 3
 2.558551 -0.273528 1 4
 2.558551 -0.272771 1 5
 2.558551  0.292904 1 6
 2.558551  0.300788 1 7
 2.606664 -0.559375 1 1
 2.606664 -0.446255 1 2
 2.606664 -0.365936 1 3
 2.606664 -0.273336 1 4
 2.606664 -0.272398 1 5
 2.606664  0.294125 1 6
 2.606664  0.298735 1 7
 2.654776 -0.559599 1 1
 2.654776 -0.446193 1 2
 2.654776 -0.365934 1 3
 2.654776 -0.273171 1 4
 2.654776 -0.271951 1 5
 2.654776  0.294778 1 6
 2.654776  0.297164 1 7
 2.702889 -0.559669 1 1
 2.702889 -0.446123 1 2
 2.702889 -0.365935 1 3
 2.702889 -0.273016 1 4
 2.702889 -0.271517 1 5
 2.702889  0.293202 1 6
 2.702889  0.297772 1 7
 2.751001 -0.559516 1 1
 2.751001 -0.446045 1 2
 2.751001 -0.365938 1 3
 2.751001 -0.272877 1 4
 2.751001 -0.271158 1 5
 2.751001  0.291023 1 6
 2.751001  0.298929 1 7
 2.799114 -0.559095 1 1
 2.799114 -0.445959 1 2
 2.799114 -0.365948 1 3
 2.799114 -0.272783 1 4
 2.799114 -0.270903 1 5
 2.799114  0.288947 1 6
 2.799114  0.299900 1 7
 2.847226 -0.558391 1 1
 2.847226 -0.445868 1 2
 2.847226 -0.365964 1 3
 2.847226 -0.272774 1 4
 2.847226 -0.270743 1 5
 2.847226  0.287099 1 6
 2.847226  0.300537 1 7
 2.895339 -0.557421 1 1
 2.895339 -0.445771 1 2
 2.895339 -0.365985 1 3
 2.895339 -0.272893 1 4
 2.895339 -0.270639 1 5
 2.895339  0.285528 1 6
 2.895339  0.300798 1 7
 2.943451 -0.556232 1 1
 2.943451 -0.445668 1 2
 2.943451 -0.366008 1 3
 2.943451 -0.273153 1 4
 2.943451 -0.270553 1 5
 2.943451  0.284263 1 6
 2.943451  0.300706 1 7
 2.991564 -0.554896 1 1
 2.991564 -0.445562 1 2
 2.991564 -0.366029 1 3
 2.991564 -0.273525 1 4
 2.991564 -0.270466 1 5
 2.991564  0.283319 1 6
 2.991564  0.300334 1 7
 3.039676 -0.553504 1 1
 3.039676 -0.445456 1 2
 3.039676 -0.366045 1 3
 3.039676 -0.273949 1 4
 3.039676 -0.270380 1 5
 3.039676  0.282688 1 6
 3.039676  0.299784 1 7
 3.087789 -0.552162 1 1
 3.087789 -0.445354 1 2
 3.087789 -0.366052 1 3
 3.087789 -0.274362 1 4
 3.087789 -0.270302 1 5
 3.087789  0.282333 1 6
 3.087789  0.299174 1 7
 3.135901 -0.550975 1 1
 3.135901 -0.445264 1 2
 3.135901 -0.366051 1 3
 3.135901 -0.274715 1 4
 3.135901 -0.270236 1 5
 3.135901  0.282185 1 6
 3.135901  0.298613 1 7
 3.184014 -0.550043 1 1
 3.184014 -0.445193 1 2
 3.184014 -0.366045 1 3
 3.184014 -0.274977 1 4
 3.184014 -0.270186 1 5
 3.184014  0.282157 1 6
 3.184014  0.298178 1 7
 3.232126 -0.549447 1 1
 3.232126 -0.445148 1 2
 3.232126 -0.366038 1 3
 3.232126 -0.275134 1 4
 3.232126 -0.270152 1 5
 3.232126  0.282169 1 6
 3.232126  0.297916 1 7
 3.280239 -0.549242 1 1
 3.280239 -0.445133 1 2
 3.280239 -0.366034 1 3
 3.280239 -0.275182 1 4
 3.280239 -0.270138 1 5
 3.280239  0.282162 1 6
 3.280239  0.297842 1 7
 3.280239 -0.549242 1 1
 3.280239 -0.445133 1 2
 3.280239 -0.366034 1 3
 3.280239 -0.275182 1 4
 3.280239 -0.270138 1 5
 3.280239  0.282162 1 6
 3.280239  0.297842 1 7
 3.330747 -0.549278 1 1
 3.330747 -0.445147 1 2
 3.330747 -0.366021 1 3
 3.330747 -0.275146 1 4
 3.330747 -0.270090 1 5
 3.330747  0.282394 1 6
 3.330747  0.298037 1 7
 3.381254 -0.549391 1 1
 3.381254 -0.445176 1 2
 3.381254 -0.365996 1 3
 3.381254 -0.275035 1 4
 3.381254 -0.269940 1 5
 3.381254  0.283040 1 6
 3.381254  0.298584 1 7
 3.431762 -0.549583 1 1
 3.431762 -0.445214 1 2
 3.431762 -0.365965 1 3
 3.431762 -0.274849 1 4
 3.431762 -0.269693 1 5
 3.431762  0.283997 1 6
 3.431762  0.299376 1 7
 3.482269 -0.549858 1 1
 3.482269 -0.445257 1 2
 3.482269 -0.365936 1 3
 3.482269 -0.274593 1 4
 3.482269 -0.269360 1 5
 3.482269  0.285120 1 6
 3.482269  0.300267 1 7
 3.532777 -0.550216 1 1
 3.532777 -0.445298 1 2
 3.532777 -0.365921 1 3
 3.532777 -0.274282 1 4
 3.532777 -0.268966 1 5
 3.532777  0.286259 1 6
 3.532777  0.301100 1 7
 3.583285 -0.550650 1 1
 3.583285 -0.445331 1 2
 3.583285 -0.365927 1 3
 3.583285 -0.273935 1 4
 3.583285 -0.268545 1 5
 3.583285  0.287291 1 6
 3.583285  0.301739 1 7
 3.633792 -0.551147 1 1
 3.633792 -0.445351 1 2
 3.633792 -0.365960 1 3
 3.633792 -0.273581 1 4
 3.633792 -0.268141 1 5
 3.633792  0.288148 1 6
 3.633792  0.302087 1 7
 3.684300 -0.551685 1 1
 3.684300 -0.445357 1 2
 3.684300 -0.366020 1 3
 3.684300 -0.273248 1 4
 3.684300 -0.267798 1 5
 3.684300  0.288821 1 6
 3.684300  0.302100 1 7
 3.734808 -0.552235 1 1
 3.734808 -0.445349 1 2
 3.734808 -0.366103 1 3
 3.734808 -0.272960 1 4
 3.734808 -0.267547 1 5
 3.734808  0.289347 1 6
 3.734808  0.301792 1 7
 3.785315 -0.552760 1 1
 3.785315 -0.445332 1 2
 3.785315 -0.366200 1 3
 3.785315 -0.272731 1 4
 3.785315 -0.267398 1 5
 3.785315  0.289777 1 6
 3.785315  0.301238 1 7
 3.835823 -0.553222 1 1
 3.835823 -0.445309 1 2
 3.835823 -0.366296 1 3
 3.835823 -0.272566 1 4
 3.835823 -0.267337 1 5
 3.835823  0.290139 1 6
 3.835823  0.300566 1 7
 3.886330 -0.553584 1 1
 3.886330 -0.445288 1 2
 3.886330 -0.366379 1 3
 3.886330 -0.272460 1 4
 3.886330 -0.267334 1 5
 3.886330  0.290429 1 6
 3.886330  0.299934 1 7
 3.936838 -0.553814 1 1
 3.936838 -0.445272 1 2
 3.936838 -0.366434 1 3
 3.936838 -0.272404 1 4
 3.936838 -0.267349 1 5
 3.936838  0.290617 1 6
 3.936838  0.299494 1 7
 3.987346 -0.553893 1 1
 3.987346 -0.445265 1 2
 3.987346 -0.366455 1 3
 3.987346 -0.272390 1 4
 3.987346 -0.267352 1 5
 3.987346  0.290671 1 6
 3.987346  0.299357 1 7
 3.987346 -0.553893 1 1
 3.987346 -0.445265 1 2
 3.987346 -0.366455 1 3
 3.987346 -0.272390 1 4
 3.987346 -0.267352 1 5
 3.987346  0.290671 1 6
 3.987346  0.299357 1 7
 4.037346 -0.553570 1 1
 4.037346 -0.445298 1 2
 4.037346 -0.366505 1 3
 4.037346 -0.272368 1 4
 4.037346 -0.266712 1 5
 4.037346  0.290248 1 6
 4.037346  0.301465 1 7
 4.087346 -0.553536 1 1
 4.087346 -0.445320 1 2
 4.087346 -0.366554 1 3
 4.087346 -0.272433 1 4
 4.087346 -0.266171 1 5
 4.087346  0.290540 1 6
 4.087346  0.303777 1 7
 4.137346 -0.553802 1 1
 4.137346 -0.445329 1 2
 4.137346 -0.366606 1 3
 4.137346 -0.272591 1 4
 4.137346 -0.265807 1 5
 4.137346  0.291528 1 6
 4.137346  0.305817 1 7
 4.187346 -0.554334 1 1
 4.187346 -0.445322 1 2
 4.187346 -0.366666 1 3
 4.187346 -0.272840 1 4
 4.187346 -0.265660 1 5
 4.187346  0.293005 1 6
 4.187346  0.307197 1 7
 4.237346 -0.555062 1 1
 4.237346 -0.445299 1 2
 4.237346 -0.366733 1 3
 4.237346 -0.273166 1 4
 4.237346 -0.265724 1 5
 4.237346  0.294659 1 6
 4.237346  0.307729 1 7
 4.287346 -0.555888 1 1
 4.287346 -0.445262 1 2
 4.287346 -0.366806 1 3
 4.287346 -0.273540 1 4
 4.287346 -0.265952 1 5
 4.287346  0.296188 1 6
 4.287346  0.307469 1 7
 4.337346 -0.556697 1 1
 4.337346 -0.445218 1 2
 4.337346 -0.366878 1 3
 4.337346 -0.273918 1 4
 4.337346 -0.266267 1 5
 4.337346  0.297400 1 6
 4.337346  0.306685 1 7
 4.387346 -0.557375 1 1
 4.387346 -0.445177 1 2
 4.387346 -0.366941 1 3
 4.387346 -0.274246 1 4
 4.387346 -0.266579 1 5
 4.387346  0.298228 1 6
 4.387346  0.305747 1 7
 4.437346 -0.557826 1 1
 4.437346 -0.445148 1 2
 4.437346 -0.366983 1 3
 4.437346 -0.274469 1 4
 4.437346 -0.266807 1 5
 4.437346  0.298693 1 6
 4.437346  0.305016 1 7
 4.487346 -0.557985 1 1
 4.487346 -0.445137 1 2
 4.487346 -0.366998 1 3
 4.487346 -0.274548 1 4
 4.487346 -0.266890 1 5
 4.487346  0.298840 1 6
 4.487346  0.304743 1 7
