 0.000000 -0.561943 1 1
 0.000000 -0.450057 1 2
 0.000000 -0.370669 1 3
 0.000000 -0.278866 1 4
 0.000000 -0.277982 1 5
 0.000000  0.294501 1 6
 0.000000  0.317373 1 7
 0.047619 -0.562037 1 1
 0.047619 -0.450053 1 2
 0.047619 -0.370664 1 3
 0.047619 -0.278836 1 4
 0.047619 -0.277951 1 5
 0.047619  0.294756 1 6
 0.047619  0.316589 1 7
 0.095238 -0.562308 1 1
 0.095238 -0.450040 1 2
 0.095238 -0.370668 1 3
 0.095238 -0.278767 1 4
 0.095238 -0.277871 1 5
 0.095238  0.295495 1 6
 0.095238  0.314329 1 7
 0.142857 -0.562701 1 1
 0.142857 -0.450017 1 2
 0.142857 -0.370683 1 3
 0.142857 -0.278668 1 4
 0.142857 -0.277756 1 5
 0.142857  0.296586 1 6
 0.142857  0.310833 1 7
 0.190476 -0.563135 1 1
 0.190476 -0.449981 1 2
 0.190476 -0.370713 1 3
 0.190476 -0.278548 1 4
 0.190476 -0.277630 1 5
 0.190476  0.297854 1 6
 0.190476  0.306489 1 7
 0.238095 -0.563520 1 1
 0.238095 -0.449930 1 2
 0.238095 -0.370757 1 3
 0.238095 -0.278395 1 4
 0.238095 -0.277515 1 5
 0.238095  0.299142 1 6
 0.238095  0.301770 1 7
 0.285714 -0.563772 1 1
 0.285714 -0.449865 1 2
 0.285714 -0.370814 1 3
 0.285714 -0.278183 1 4
 0.285714 -0.277435 1 5
 0.285714  0.297158 1 6
 0.285714  0.300360 1 7
 0.333333 -0.563833 1 1
 0.333333 -0.449792 1 2
 0.333333 -0.370876 1 3
 0.333333 -0.277874 1 4
 0.333333 -0.277407 1 5
 0.333333  0.293086 1 6
 0.333333  0.301501 1 7
 0.380952 -0.563681 1 1
 0.380952 -0.449716 1 2
 0.380952 -0.370936 1 3
 0.380952 -0.277454 1 4
 0.380952 -0.277418 1 5
 0.380952  0.289900 1 6
 0.380952  0.302644 1 7
 0.428571 -0.563335 1 1
 0.428571 -0.449646 1 2
 0.428571 -0.370989 1 3
 0.428571 -0.277530 1 4
 0.428571 -0.276839 1 5
 0.428571  0.287855 1 6
 0.428571  0.303904 1 7
 0.476190 -0.562847 1 1
 0.476190 -0.449586 1 2
 0.476190 -0.371029 1 3
 0.476190 -0.277662 1 4
 0.476190 -0.276105 1 5
 0.476190  0.287095 1 6
 0.476190  0.305382 1 7
 0.523810 -0.562293 1 1
 0.523810 -0.449541 1 2
 0.523810 -0.371057 1 3
 0.523810 -0.277820 1 4
 0.523810 -0.275267 1 5
 0.523810  0.287617 1 6
 0.523810  0.307109 1 7
 0.571429 -0.561754 1 1
 0.571429 -0.449511 1 2
 0.571429 -0.371078 1 3
 0.571429 -0.277989 1 4
 0.571429 -0.274387 1 5
 0.571429  0.289243 1 6
 0.571429  0.309008 1 7
 0.619048 -0.561302 1 1
 0.619048 -0.449493 1 2
 0.619048 -0.371097 1 3
 0.619048 -0.278158 1 4
 0.619048 -0.273538 1 5
 0.619048  0.291626 1 6
 0.619048  0.310899 1 7
 0.666667 -0.560988 1 1
 0.666667 -0.449483 1 2
 0.666667 -0.371123 1 3
 0.666667 -0.278321 1 4
 0.666667 -0.272792 1 5
 0.666667  0.294328 1 6
 0.666667  0.312539 1 7
 0.714286 -0.560833 1 1
 0.714286 -0.449477 1 2
 0.714286 -0.371161 1 3
 0.714286 -0.278478 1 4
 0.714286 -0.272206 1 5
 0.714286  0.296928 1 6
 0.714286  0.313696 1 7
 0.761905 -0.560828 1 1
 0.761905 -0.449472 1 2
 0.761905 -0.371211 1 3
 0.761905 -0.278631 1 4
 0.761905 -0.271807 1 5
 0.761905  0.299120 1 6
 0.761905  0.314231 1 7
 0.809524 -0.560940 1 1
 0.809524 -0.449466 1 2
 0.809524 -0.371271 1 3
 0.809524 -0.278777 1 4
 0.809524 -0.271593 1 5
 0.809524  0.300765 1 6
 0.809524  0.314150 1 7
 0.857143 -0.561118 1 1
 0.857143 -0.449459 1 2
 0.857143 -0.371333 1 3
 0.857143 -0.278910 1 4
 0.857143 -0.271526 1 5
 0.857143  0.301862 1 6
 0.857143  0.313618 1 7
 0.904762 -0.561301 1 1
 0.904762 -0.449452 1 2
 0.904762 -0.371389 1 3
 0.904762 -0.279019 1 4
 0.904762 -0.271547 1 5
 0.904762  0.302509 1 6
 0.904762  0.312908 1 7
 0.952381 -0.561437 1 1
 0.952381 -0.449447 1 2
 0.952381 -0.371429 1 3
 0.952381 -0.279094 1 4
 0.952381 -0.271590 1 5
 0.952381  0.302830 1 6
 0.952381  0.312322 1 7
 1.000000 -0.561488 1 1
 1.000000 -0.449443 1 2
 1.000000 -0.371447 1 3
 1.000000 -0.279123 1 4
 1.000000 -0.271607 1 5
 1.000000  0.302927 1 6
 1.000000  0.312092 1 7
 1.000000 -0.561488 1 1
 1.000000 -0.449443 1 2
 1.000000 -0.371447 1 3
 1.000000 -0.279123 1 4
 1.000000 -0.271607 1 5
 1.000000  0.302927 1 6
 1.000000  0.312092 1 7
 1.058926 -0.561376 1 1
 1.058926 -0.449455 1 2
 1.058926 -0.371436 1 3
 1.058926 -0.279064 1 4
 1.058926 -0.271578 1 5
 1.058926  0.302824 1 6
 1.058926  0.312335 1 7
 1.117851 -0.561047 1 1
 1.117851 -0.449490 1 2
 1.117851 -0.371406 1 3
 1.117851 -0.278905 1 4
 1.117851 -0.271489 1 5
 1.117851  0.302521 1 6
 1.117851  0.312970 1 7
 1.176777 -0.560523 1 1
 1.176777 -0.449539 1 2
 1.176777 -0.371360 1 3
 1.176777 -0.278685 1 4
 1.176777 -0.271355 1 5
 1.176777  0.301970 1 6
 1.176777  0.313754 1 7
 1.235702 -0.559846 1 1
 1.235702 -0.449594 1 2
 1.235702 -0.371305 1 3
 1.235702 -0.278454 1 4
 1.235702 -0.271205 1 5
 1.235702  0.301116 1 6
 1.235702  0.314350 1 7
 1.294628 -0.559074 1 1
 1.294628 -0.449642 1 2
 1.294628 -0.371248 1 3
 1.294628 -0.278260 1 4
 1.294628 -0.271077 1 5
 1.294628  0.299922 1 6
 1.294628  0.314415 1 7
 1.353553 -0.558285 1 1
 1.353553 -0.449673 1 2
 1.353553 -0.371191 1 3
 1.353553 -0.278146 1 4
 1.353553 -0.271001 1 5
 1.353553  0.298392 1 6
 1.353553  0.313698 1 7
 1.353553 -0.558914 1 1
 1.353553 -0.449257 1 2
 1.353553 -0.370204 1 3
 1.353553 -0.277217 1 4
 1.353553 -0.273598 1 5
 1.353553  0.305335 1 6
 1.353553  0.307296 1 7
 1.401765 -0.557701 1 1
 1.401765 -0.449323 1 2
 1.401765 -0.370087 1 3
 1.401765 -0.277002 1 4
 1.401765 -0.273655 1 5
 1.401765  0.304684 1 6
 1.401765  0.305186 1 7
 1.449977 -0.556475 1 1
 1.449977 -0.449380 1 2
 1.449977 -0.369937 1 3
 1.449977 -0.276800 1 4
 1.449977 -0.273648 1 5
 1.449977  0.302315 1 6
 1.449977  0.304994 1 7
 1.498189 -0.555351 1 1
 1.498189 -0.449427 1 2
 1.498189 -0.369771 1 3
 1.498189 -0.276620 1 4
 1.498189 -0.273595 1 5
 1.498189  0.300057 1 6
 1.498189  0.304780 1 7
 1.546401 -0.554454 1 1
 1.546401 -0.449466 1 2
 1.546401 -0.369613 1 3
 1.546401 -0.276471 1 4
 1.546401 -0.273526 1 5
 1.546401  0.297859 1 6
 1.546401  0.304575 1 7
 1.594613 -0.553893 1 1
 1.594613 -0.449497 1 2
 1.594613 -0.369485 1 3
 1.594613 -0.276355 1 4
 1.594613 -0.273484 1 5
 1.594613  0.295768 1 6
 1.594613  0.304426 1 7
 1.642824 -0.553750 1 1
 1.642824 -0.449524 1 2
 1.642824 -0.369403 1 3
 1.642824 -0.276272 1 4
 1.642824 -0.273509 1 5
 1.642824  0.293917 1 6
 1.642824  0.304376 1 7
 1.691036 -0.554060 1 1
 1.691036 -0.449550 1 2
 1.691036 -0.369381 1 3
 1.691036 -0.276221 1 4
 1.691036 -0.273637 1 5
 1.691036  0.292463 1 6
 1.691036  0.304453 1 7
 1.739248 -0.554805 1 1
 1.739248 -0.449578 1 2
 1.739248 -0.369421 1 3
 1.739248 -0.276199 1 4
 1.739248 -0.273888 1 5
 1.739248  0.291521 1 6
 1.739248  0.304648 1 7
 1.787460 -0.555916 1 1
 1.787460 -0.449611 1 2
 1.787460 -0.369518 1 3
 1.787460 -0.276205 1 4
 1.787460 -0.274262 1 5
 1.787460  0.291115 1 6
 1.787460  0.304913 1 7
 1.835672 -0.557280 1 1
 1.835672 -0.449648 1 2
 1.835672 -0.369661 1 3
 1.835672 -0.276242 1 4
 1.835672 -0.274741 1 5
 1.835672  0.291184 1 6
 1.835672  0.305165 1 7
 1.883883 -0.558756 1 1
 1.883883 -0.449692 1 2
 1.883883 -0.369834 1 3
 1.883883 -0.276312 1 4
 1.883883 -0.275294 1 5
 1.883883  0.291628 1 6
 1.883883  0.305292 1 7
 1.932095 -0.560192 1 1
 1.932095 -0.449740 1 2
 1.932095 -0.370019 1 3
 1.932095 -0.276420 1 4
 1.932095 -0.275878 1 5
 1.932095  0.292380 1 6
 1.932095  0.305187 1 7
 1.980307 -0.561453 1 1
 1.980307 -0.449790 1 2
 1.980307 -0.370198 1 3
 1.980307 -0.276575 1 4
 1.980307 -0.276445 1 5
 1.980307  0.293460 1 6
 1.980307  0.304761 1 7
 2.028519 -0.562433 1 1
 2.028519 -0.449842 1 2
 2.028519 -0.370356 1 3
 2.028519 -0.277004 1 4
 2.028519 -0.276731 1 5
 2.028519  0.294974 1 6
 2.028519  0.303970 1 7
 2.076731 -0.563069 1 1
 2.076731 -0.449890 1 2
 2.076731 -0.370484 1 3
 2.076731 -0.277476 1 4
 2.076731 -0.276939 1 5
 2.076731  0.297073 1 6
 2.076731  0.302823 1 7
 2.124943 -0.563353 1 1
 2.124943 -0.449935 1 2
 2.124943 -0.370578 1 3
 2.124943 -0.277875 1 4
 2.124943 -0.277158 1 5
 2.124943  0.299860 1 6
 2.124943  0.301389 1 7
 2.173154 -0.563326 1 1
 2.173154 -0.449973 1 2
 2.173154 -0.370637 1 3
 2.173154 -0.278199 1 4
 2.173154 -0.277376 1 5
 2.173154  0.299778 1 6
 2.173154  0.303306 1 7
 2.221366 -0.563069 1 1
 2.221366 -0.450003 1 2
 2.221366 -0.370666 1 3
 2.221366 -0.278451 1 4
 2.221366 -0.277578 1 5
 2.221366  0.298150 1 6
 2.221366  0.307169 1 7
 2.269578 -0.562693 1 1
 2.269578 -0.450027 1 2
 2.269578 -0.370676 1 3
 2.269578 -0.278638 1 4
 2.269578 -0.277749 1 5
 2.269578  0.296666 1 6
 2.269578  0.311027 1 7
 2.317790 -0.562317 1 1
 2.317790 -0.450043 1 2
 2.317790 -0.370674 1 3
 2.317790 -0.278767 1 4
 2.317790 -0.277879 1 5
 2.317790  0.295484 1 6
 2.317790  0.314340 1 7
 2.366002 -0.562043 1 1
 2.366002 -0.450053 1 2
 2.366002 -0.370670 1 3
 2.366002 -0.278842 1 4
 2.366002 -0.277958 1 5
 2.366002  0.294734 1 6
 2.366002  0.316583 1 7
 2.414214 -0.561943 1 1
 2.414214 -0.450057 1 2
 2.414214 -0.370669 1 3
 2.414214 -0.278866 1 4
 2.414214 -0.277982 1 5
 2.414214  0.294501 1 6
 2.414214  0.317373 1 7
 2.414214 -0.561943 1 1
 2.414214 -0.450057 1 2
 2.414214 -0.370669 1 3
 2.414214 -0.278866 1 4
 2.414214 -0.277982 1 5
 2.414214  0.294501 1 6
 2.414214  0.317373 1 7
 2.462326 -0.562014 1 1
 2.462326 -0.450051 1 2
 2.462326 -0.370664 1 3
 2.462326 -0.278790 1 4
 2.462326 -0.277950 1 5
 2.462326  0.294788 1 6
 2.462326  0.316904 1 7
 2.510439 -0.562216 1 1
 2.510439 -0.450037 1 2
 2.510439 -0.370658 1 3
 2.510439 -0.278604 1 4
 2.510439 -0.277834 1 5
 2.510439  0.295653 1 6
 2.510439  0.315526 1 7
 2.558551 -0.562501 1 1
 2.558551 -0.450015 1 2
 2.558551 -0.370648 1 3
 2.558551 -0.278374 1 4
 2.558551 -0.277597 1 5
 2.558551  0.296989 1 6
 2.558551  0.313411 1 7
 2.606664 -0.562799 1 1
 2.606664 -0.449988 1 2
 2.606664 -0.370636 1 3
 2.606664 -0.278163 1 4
 2.606664 -0.277223 1 5
 2.606664  0.298629 1 6
 2.606664  0.310798 1 7
 2.654776 -0.563027 1 1
 2.654776 -0.449954 1 2
 2.654776 -0.370623 1 3
 2.654776 -0.277972 1 4
 2.654776 -0.276774 1 5
 2.654776  0.300338 1 6
 2.654776  0.307974 1 7
 2.702889 -0.563107 1 1
 2.702889 -0.449912 1 2
 2.702889 -0.370609 1 3
 2.702889 -0.277788 1 4
 2.702889 -0.276333 1 5
 2.702889  0.301634 1 6
 2.702889  0.305443 1 7
 2.751001 -0.562970 1 1
 2.751001 -0.449863 1 2
 2.751001 -0.370596 1 3
 2.751001 -0.277620 1 4
 2.751001 -0.275963 1 5
 2.751001  0.300894 1 6
 2.751001  0.304824 1 7
 2.799114 -0.562573 1 1
 2.799114 -0.449804 1 2
 2.799114 -0.370587 1 3
 2.799114 -0.277496 1 4
 2.799114 -0.275692 1 5
 2.799114  0.298616 1 6
 2.799114  0.305596 1 7
 2.847226 -0.561901 1 1
 2.847226 -0.449735 1 2
 2.847226 -0.370581 1 3
 2.847226 -0.277460 1 4
 2.847226 -0.275509 1 5
 2.847226  0.296346 1 6
 2.847226  0.306205 1 7
 2.895339 -0.560968 1 1
 2.895339 -0.449657 1 2
 2.895339 -0.370577 1 3
 2.895339 -0.277553 1 4
 2.895339 -0.275377 1 5
 2.895339  0.294355 1 6
 2.895339  0.306395 1 7
 2.943451 -0.559819 1 1
 2.943451 -0.449571 1 2
 2.943451 -0.370574 1 3
 2.943451 -0.277788 1 4
 2.943451 -0.275260 1 5
 2.943451  0.292690 1 6
 2.943451  0.306165 1 7
 2.991564 -0.558525 1 1
 2.991564 -0.449480 1 2
 2.991564 -0.370569 1 3
 2.991564 -0.278131 1 4
 2.991564 -0.275143 1 5
 2.991564  0.291342 1 6
 2.991564  0.305605 1 7
 3.039676 -0.557175 1 1
 3.039676 -0.449390 1 2
 3.039676 -0.370561 1 3
 3.039676 -0.278525 1 4
 3.039676 -0.275032 1 5
 3.039676  0.290271 1 6
 3.039676  0.304857 1 7
 3.087789 -0.555872 1 1
 3.087789 -0.449305 1 2
 3.087789 -0.370549 1 3
 3.087789 -0.278910 1 4
 3.087789 -0.274932 1 5
 3.087789  0.289424 1 6
 3.087789  0.304077 1 7
 3.135901 -0.554721 1 1
 3.135901 -0.449232 1 2
 3.135901 -0.370534 1 3
 3.135901 -0.279239 1 4
 3.135901 -0.274851 1 5
 3.135901  0.288757 1 6
 3.135901  0.303400 1 7
 3.184014 -0.553818 1 1
 3.184014 -0.449176 1 2
 3.184014 -0.370521 1 3
 3.184014 -0.279485 1 4
 3.184014 -0.274790 1 5
 3.184014  0.288256 1 6
 3.184014  0.302907 1 7
 3.232126 -0.553242 1 1
 3.232126 -0.449140 1 2
 3.232126 -0.370511 1 3
 3.232126 -0.279635 1 4
 3.232126 -0.274753 1 5
 3.232126  0.287938 1 6
 3.232126  0.302619 1 7
 3.280239 -0.553045 1 1
 3.280239 -0.449128 1 2
 3.280239 -0.370508 1 3
 3.280239 -0.279684 1 4
 3.280239 -0.274741 1 5
 3.280239  0.287826 1 6
 3.280239  0.302528 1 7
 3.280239 -0.553045 1 1
 3.280239 -0.449128 1 2
 3.280239 -0.370508 1 3
 3.280239 -0.279684 1 4
 3.280239 -0.274741 1 5
 3.280239  0.287826 1 6
 3.280239  0.302528 1 7
 3.330747 -0.553083 1 1
 3.330747 -0.449138 1 2
 3.330747 -0.370494 1 3
 3.330747 -0.279634 1 4
 3.330747 -0.274680 1 5
 3.330747  0.287994 1 6
 3.330747  0.302683 1 7
 3.381254 -0.553195 1 1
 3.381254 -0.449166 1 2
 3.381254 -0.370464 1 3
 3.381254 -0.279510 1 4
 3.381254 -0.274511 1 5
 3.381254  0.288570 1 6
 3.381254  0.303150 1 7
 3.431762 -0.553385 1 1
 3.431762 -0.449207 1 2
 3.431762 -0.370424 1 3
 3.431762 -0.279314 1 4
 3.431762 -0.274238 1 5
 3.431762  0.289500 1 6
 3.431762  0.303859 1 7
 3.482269 -0.553654 1 1
 3.482269 -0.449255 1 2
 3.482269 -0.370388 1 3
 3.482269 -0.279056 1 4
 3.482269 -0.273875 1 5
 3.482269  0.290694 1 6
 3.482269  0.304709 1 7
 3.532777 -0.554003 1 1
 3.532777 -0.449303 1 2
 3.532777 -0.370365 1 3
 3.532777 -0.278750 1 4
 3.532777 -0.273449 1 5
 3.532777  0.292038 1 6
 3.532777  0.305581 1 7
 3.583285 -0.554425 1 1
 3.583285 -0.449343 1 2
 3.583285 -0.370367 1 3
 3.583285 -0.278416 1 4
 3.583285 -0.272995 1 5
 3.583285  0.293408 1 6
 3.583285  0.306364 1 7
 3.633792 -0.554907 1 1
 3.633792 -0.449372 1 2
 3.633792 -0.370398 1 3
 3.633792 -0.278080 1 4
 3.633792 -0.272558 1 5
 3.633792  0.294690 1 6
 3.633792  0.306966 1 7
 3.684300 -0.555429 1 1
 3.684300 -0.449385 1 2
 3.684300 -0.370460 1 3
 3.684300 -0.277769 1 4
 3.684300 -0.272180 1 5
 3.684300  0.295806 1 6
 3.684300  0.307329 1 7
 3.734808 -0.555963 1 1
 3.734808 -0.449385 1 2
 3.734808 -0.370547 1 3
 3.734808 -0.277502 1 4
 3.734808 -0.271895 1 5
 3.734808  0.296723 1 6
 3.734808  0.307433 1 7
 3.785315 -0.556472 1 1
 3.785315 -0.449374 1 2
 3.785315 -0.370649 1 3
 3.785315 -0.277292 1 4
 3.785315 -0.271711 1 5
 3.785315  0.297442 1 6
 3.785315  0.307307 1 7
 3.835823 -0.556920 1 1
 3.835823 -0.449357 1 2
 3.835823 -0.370751 1 3
 3.835823 -0.277143 1 4
 3.835823 -0.271619 1 5
 3.835823  0.297980 1 6
 3.835823  0.307025 1 7
 3.886330 -0.557270 1 1
 3.886330 -0.449340 1 2
 3.886330 -0.370837 1 3
 3.886330 -0.277047 1 4
 3.886330 -0.271590 1 5
 3.886330  0.298350 1 6
 3.886330  0.306695 1 7
 3.936838 -0.557492 1 1
 3.936838 -0.449329 1 2
 3.936838 -0.370896 1 3
 3.936838 -0.276996 1 4
 3.936838 -0.271589 1 5
 3.936838  0.298555 1 6
 3.936838  0.306436 1 7
 3.987346 -0.557567 1 1
 3.987346 -0.449325 1 2
 3.987346 -0.370916 1 3
 3.987346 -0.276981 1 4
 3.987346 -0.271590 1 5
 3.987346  0.298595 1 6
 3.987346  0.306339 1 7
 3.987346 -0.557567 1 1
 3.987346 -0.449325 1 2
 3.987346 -0.370916 1 3
 3.987346 -0.276981 1 4
 3.987346 -0.271590 1 5
 3.987346  0.298595 1 6
 3.987346  0.306339 1 7
 4.037346 -0.557201 1 1
 4.037346 -0.449370 1 2
 4.037346 -0.370981 1 3
 4.037346 -0.276990 1 4
 4.037346 -0.271033 1 5
 4.037346  0.297546 1 6
 4.037346  0.308097 1 7
 4.087346 -0.557133 1 1
 4.087346 -0.449408 1 2
 4.087346 -0.371046 1 3
 4.087346 -0.277082 1 4
 4.087346 -0.270568 1 5
 4.087346  0.297386 1 6
 4.087346  0.310105 1 7
 4.137346 -0.557373 1 1
 4.137346 -0.449436 1 2
 4.137346 -0.371113 1 3
 4.137346 -0.277259 1 4
 4.137346 -0.270266 1 5
 4.137346  0.297980 1 6
 4.137346  0.312020 1 7
 4.187346 -0.557888 1 1
 4.187346 -0.449453 1 2
 4.187346 -0.371182 1 3
 4.187346 -0.277517 1 4
 4.187346 -0.270168 1 5
 4.187346  0.299050 1 6
 4.187346  0.313495 1 7
 4.237346 -0.558604 1 1
 4.237346 -0.449459 1 2
 4.237346 -0.371252 1 3
 4.237346 -0.277841 1 4
 4.237346 -0.270274 1 5
 4.237346  0.300262 1 6
 4.237346  0.314288 1 7
 4.287346 -0.559420 1 1
 4.287346 -0.449457 1 2
 4.287346 -0.371319 1 3
 4.287346 -0.278201 1 4
 4.287346 -0.270541 1 5
 4.287346  0.301335 1 6
 4.287346  0.314349 1 7
 4.337346 -0.560220 1 1
 4.337346 -0.449450 1 2
 4.337346 -0.371377 1 3
 4.337346 -0.278556 1 4
 4.337346 -0.270897 1 5
 4.337346  0.302118 1 6
 4.337346  0.313834 1 7
 4.387346 -0.560891 1 1
 4.387346 -0.449443 1 2
 4.387346 -0.371420 1 3
 4.387346 -0.278857 1 4
 4.387346 -0.271249 1 5
 4.387346  0.302595 1 6
 4.387346  0.313057 1 7
 4.437346 -0.561335 1 1
 4.437346 -0.449440 1 2
 4.437346 -0.371445 1 3
 4.437346 -0.279058 1 4
 4.437346 -0.271508 1 5
 4.437346  0.302837 1 6
 4.437346  0.312381 1 7
 4.487346 -0.561488 1 1
 4.487346 -0.449443 1 2
 4.487346 -0.371447 1 3
 4.487346 -0.279123 1 4
 4.487346 -0.271607 1 5
 4.487346  0.302927 1 6
 4.487346  0.312092 1 7
