 0.000000 -0.562052 1 1
 0.000000 -0.450058 1 2
 0.000000 -0.370960 1 3
 0.000000 -0.280385 1 4
 0.000000 -0.278504 1 5
 0.000000  0.294500 1 6
 0.000000  0.309846 1 7
 0.047619 -0.562145 1 1
 0.047619 -0.450053 1 2
 0.047619 -0.370956 1 3
 0.047619 -0.280352 1 4
 0.047619 -0.278472 1 5
 0.047619  0.294739 1 6
 0.047619  0.309209 1 7
 0.095238 -0.562415 1 1
 0.095238 -0.450041 1 2
 0.095238 -0.370962 1 3
 0.095238 -0.280271 1 4
 0.095238 -0.278395 1 5
 0.095238  0.295446 1 6
 0.095238  0.307411 1 7
 0.142857 -0.562807 1 1
 0.142857 -0.450020 1 2
 0.142857 -0.370980 1 3
 0.142857 -0.280149 1 4
 0.142857 -0.278285 1 5
 0.142857  0.296480 1 6
 0.142857  0.304624 1 7
 0.190476 -0.563239 1 1
 0.190476 -0.449985 1 2
 0.190476 -0.371012 1 3
 0.190476 -0.279985 1 4
 0.190476 -0.278163 1 5
 0.190476  0.297651 1 6
 0.190476  0.301146 1 7
 0.238095 -0.563621 1 1
 0.238095 -0.449936 1 2
 0.238095 -0.371059 1 3
 0.238095 -0.279763 1 4
 0.238095 -0.278052 1 5
 0.238095  0.297367 1 6
 0.238095  0.298786 1 7
 0.285714 -0.563870 1 1
 0.285714 -0.449875 1 2
 0.285714 -0.371115 1 3
 0.285714 -0.279451 1 4
 0.285714 -0.277973 1 5
 0.285714  0.293744 1 6
 0.285714  0.299774 1 7
 0.333333 -0.563927 1 1
 0.333333 -0.449806 1 2
 0.333333 -0.371175 1 3
 0.333333 -0.279015 1 4
 0.333333 -0.277941 1 5
 0.333333  0.290718 1 6
 0.333333  0.300628 1 7
 0.380952 -0.563770 1 1
 0.380952 -0.449735 1 2
 0.380952 -0.371231 1 3
 0.380952 -0.278428 1 4
 0.380952 -0.277961 1 5
 0.380952  0.288664 1 6
 0.380952  0.301460 1 7
 0.428571 -0.563416 1 1
 0.428571 -0.449670 1 2
 0.428571 -0.371276 1 3
 0.428571 -0.278033 1 4
 0.428571 -0.277688 1 5
 0.428571  0.287817 1 6
 0.428571  0.302440 1 7
 0.476190 -0.562916 1 1
 0.476190 -0.449617 1 2
 0.476190 -0.371308 1 3
 0.476190 -0.278145 1 4
 0.476190 -0.276822 1 5
 0.476190  0.288213 1 6
 0.476190  0.303712 1 7
 0.523810 -0.562346 1 1
 0.523810 -0.449577 1 2
 0.523810 -0.371328 1 3
 0.523810 -0.278283 1 4
 0.523810 -0.275881 1 5
 0.523810  0.289684 1 6
 0.523810  0.305320 1 7
 0.571429 -0.561788 1 1
 0.571429 -0.449552 1 2
 0.571429 -0.371341 1 3
 0.571429 -0.278436 1 4
 0.571429 -0.274936 1 5
 0.571429  0.291894 1 6
 0.571429  0.307162 1 7
 0.619048 -0.561317 1 1
 0.619048 -0.449539 1 2
 0.619048 -0.371355 1 3
 0.619048 -0.278593 1 4
 0.619048 -0.274059 1 5
 0.619048  0.294424 1 6
 0.619048  0.309011 1 7
 0.666667 -0.560987 1 1
 0.666667 -0.449535 1 2
 0.666667 -0.371378 1 3
 0.666667 -0.278752 1 4
 0.666667 -0.273311 1 5
 0.666667  0.296878 1 6
 0.666667  0.310583 1 7
 0.714286 -0.560821 1 1
 0.714286 -0.449534 1 2
 0.714286 -0.371415 1 3
 0.714286 -0.278911 1 4
 0.714286 -0.272734 1 5
 0.714286  0.298967 1 6
 0.714286  0.311636 1 7
 0.761905 -0.560811 1 1
 0.761905 -0.449534 1 2
 0.761905 -0.371465 1 3
 0.761905 -0.279069 1 4
 0.761905 -0.272347 1 5
 0.761905  0.300554 1 6
 0.761905  0.312052 1 7
 0.809524 -0.560925 1 1
 0.809524 -0.449532 1 2
 0.809524 -0.371526 1 3
 0.809524 -0.279222 1 4
 0.809524 -0.272134 1 5
 0.809524  0.301639 1 6
 0.809524  0.311878 1 7
 0.857143 -0.561107 1 1
 0.857143 -0.449528 1 2
 0.857143 -0.371589 1 3
 0.857143 -0.279362 1 4
 0.857143 -0.272059 1 5
 0.857143  0.302309 1 6
 0.857143  0.311304 1 7
 0.904762 -0.561297 1 1
 0.904762 -0.449524 1 2
 0.904762 -0.371646 1 3
 0.904762 -0.279475 1 4
 0.904762 -0.272066 1 5
 0.904762  0.302683 1 6
 0.904762  0.310606 1 7
 0.952381 -0.561440 1 1
 0.952381 -0.449520 1 2
 0.952381 -0.371686 1 3
 0.952381 -0.279551 1 4
 0.952381 -0.272097 1 5
 0.952381  0.302861 1 6
 0.952381  0.310059 1 7
 1.000000 -0.561496 1 1
 1.000000 -0.449517 1 2
 1.000000 -0.371704 1 3
 1.000000 -0.279580 1 4
 1.000000 -0.272109 1 5
 1.000000  0.302904 1 6
 1.000000  0.309863 1 7
 1.000000 -0.561496 1 1
 1.000000 -0.449517 1 2
 1.000000 -0.371704 1 3
 1.000000 -0.279580 1 4
 1.000000 -0.272109 1 5
 1.000000  0.302904 1 6
 1.000000  0.309863 1 7
 1.058926 -0.561386 1 1
 1.058926 -0.449528 1 2
 1.058926 -0.371691 1 3
 1.058926 -0.279516 1 4
 1.058926 -0.272067 1 5
 1.058926  0.302921 1 6
 1.058926  0.310111 1 7
 1.117851 -0.561059 1 1
 1.117851 -0.449563 1 2
 1.117851 -0.371653 1 3
 1.117851 -0.279341 1 4
 1.117851 -0.271941 1 5
 1.117851  0.302978 1 6
 1.117851  0.310734 1 7
 1.176777 -0.560536 1 1
 1.176777 -0.449613 1 2
 1.176777 -0.371595 1 3
 1.176777 -0.279096 1 4
 1.176777 -0.271749 1 5
 1.176777  0.302980 1 6
 1.176777  0.311507 1 7
 1.235702 -0.559858 1 1
 1.235702 -0.449666 1 2
 1.235702 -0.371523 1 3
 1.235702 -0.278831 1 4
 1.235702 -0.271528 1 5
 1.235702  0.302788 1 6
 1.235702  0.312129 1 7
 1.294628 -0.559086 1 1
 1.294628 -0.449713 1 2
 1.294628 -0.371442 1 3
 1.294628 -0.278597 1 4
 1.294628 -0.271320 1 5
 1.294628  0.302251 1 6
 1.294628  0.312319 1 7
 1.353553 -0.558296 1 1
 1.353553 -0.449741 1 2
 1.353553 -0.371357 1 3
 1.353553 -0.278437 1 4
 1.353553 -0.271163 1 5
 1.353553  0.301236 1 6
 1.353553  0.311891 1 7
 1.353553 -0.559025 1 1
 1.353553 -0.449256 1 2
 1.353553 -0.370249 1 3
 1.353553 -0.277292 1 4
 1.353553 -0.273482 1 5
 1.353553  0.305361 1 6
 1.353553  0.305877 1 7
 1.401765 -0.557790 1 1
 1.401765 -0.449323 1 2
 1.401765 -0.370147 1 3
 1.401765 -0.277092 1 4
 1.401765 -0.273522 1 5
 1.401765  0.303411 1 6
 1.401765  0.305708 1 7
 1.449977 -0.556535 1 1
 1.449977 -0.449380 1 2
 1.449977 -0.370015 1 3
 1.449977 -0.276908 1 4
 1.449977 -0.273513 1 5
 1.449977  0.301826 1 6
 1.449977  0.305505 1 7
 1.498189 -0.555379 1 1
 1.498189 -0.449428 1 2
 1.498189 -0.369873 1 3
 1.498189 -0.276752 1 4
 1.498189 -0.273477 1 5
 1.498189  0.300565 1 6
 1.498189  0.305282 1 7
 1.546401 -0.554448 1 1
 1.546401 -0.449466 1 2
 1.546401 -0.369742 1 3
 1.546401 -0.276633 1 4
 1.546401 -0.273450 1 5
 1.546401  0.299553 1 6
 1.546401  0.305064 1 7
 1.594613 -0.553857 1 1
 1.594613 -0.449499 1 2
 1.594613 -0.369645 1 3
 1.594613 -0.276554 1 4
 1.594613 -0.273472 1 5
 1.594613  0.298702 1 6
 1.594613  0.304876 1 7
 1.642824 -0.553690 1 1
 1.642824 -0.449527 1 2
 1.642824 -0.369596 1 3
 1.642824 -0.276513 1 4
 1.642824 -0.273582 1 5
 1.642824  0.297930 1 6
 1.642824  0.304738 1 7
 1.691036 -0.553985 1 1
 1.691036 -0.449555 1 2
 1.691036 -0.369606 1 3
 1.691036 -0.276506 1 4
 1.691036 -0.273811 1 5
 1.691036  0.297163 1 6
 1.691036  0.304659 1 7
 1.739248 -0.554728 1 1
 1.739248 -0.449584 1 2
 1.739248 -0.369676 1 3
 1.739248 -0.276529 1 4
 1.739248 -0.274175 1 5
 1.739248  0.296345 1 6
 1.739248  0.304632 1 7
 1.787460 -0.555847 1 1
 1.787460 -0.449618 1 2
 1.787460 -0.369799 1 3
 1.787460 -0.276580 1 4
 1.787460 -0.274671 1 5
 1.787460  0.295453 1 6
 1.787460  0.304630 1 7
 1.835672 -0.557229 1 1
 1.835672 -0.449657 1 2
 1.835672 -0.369962 1 3
 1.835672 -0.276658 1 4
 1.835672 -0.275280 1 5
 1.835672  0.294513 1 6
 1.835672  0.304609 1 7
 1.883883 -0.558730 1 1
 1.883883 -0.449701 1 2
 1.883883 -0.370149 1 3
 1.883883 -0.276765 1 4
 1.883883 -0.275967 1 5
 1.883883  0.293614 1 6
 1.883883  0.304506 1 7
 1.932095 -0.560197 1 1
 1.932095 -0.449749 1 2
 1.932095 -0.370342 1 3
 1.932095 -0.276905 1 4
 1.932095 -0.276688 1 5
 1.932095  0.292910 1 6
 1.932095  0.304253 1 7
 1.980307 -0.561490 1 1
 1.980307 -0.449800 1 2
 1.980307 -0.370523 1 3
 1.980307 -0.277412 1 4
 1.980307 -0.277065 1 5
 1.980307  0.292603 1 6
 1.980307  0.303785 1 7
 2.028519 -0.562497 1 1
 2.028519 -0.449850 1 2
 2.028519 -0.370681 1 3
 2.028519 -0.278082 1 4
 2.028519 -0.277262 1 5
 2.028519  0.292905 1 6
 2.028519  0.303055 1 7
 2.076731 -0.563155 1 1
 2.076731 -0.449898 1 2
 2.076731 -0.370805 1 3
 2.076731 -0.278678 1 4
 2.076731 -0.277476 1 5
 2.076731  0.293977 1 6
 2.076731  0.302051 1 7
 2.124943 -0.563452 1 1
 2.124943 -0.449941 1 2
 2.124943 -0.370892 1 3
 2.124943 -0.279182 1 4
 2.124943 -0.277698 1 5
 2.124943  0.295871 1 6
 2.124943  0.300801 1 7
 2.173154 -0.563431 1 1
 2.173154 -0.449978 1 2
 2.173154 -0.370945 1 3
 2.173154 -0.279588 1 4
 2.173154 -0.277914 1 5
 2.173154  0.298485 1 6
 2.173154  0.299383 1 7
 2.221366 -0.563176 1 1
 2.221366 -0.450007 1 2
 2.221366 -0.370970 1 3
 2.221366 -0.279899 1 4
 2.221366 -0.278111 1 5
 2.221366  0.297909 1 6
 2.221366  0.301553 1 7
 2.269578 -0.562801 1 1
 2.269578 -0.450029 1 2
 2.269578 -0.370974 1 3
 2.269578 -0.280123 1 4
 2.269578 -0.278277 1 5
 2.269578  0.296537 1 6
 2.269578  0.304666 1 7
 2.317790 -0.562425 1 1
 2.317790 -0.450045 1 2
 2.317790 -0.370969 1 3
 2.317790 -0.280273 1 4
 2.317790 -0.278402 1 5
 2.317790  0.295424 1 6
 2.317790  0.307357 1 7
 2.366002 -0.562151 1 1
 2.366002 -0.450054 1 2
 2.366002 -0.370962 1 3
 2.366002 -0.280358 1 4
 2.366002 -0.278479 1 5
 2.366002  0.294713 1 6
 2.366002  0.309187 1 7
 2.414214 -0.562052 1 1
 2.414214 -0.450058 1 2
 2.414214 -0.370960 1 3
 2.414214 -0.280385 1 4
 2.414214 -0.278504 1 5
 2.414214  0.294500 1 6
 2.414214  0.309846 1 7
 2.414214 -0.562052 1 1
 2.414214 -0.450058 1 2
 2.414214 -0.370960 1 3
 2.414214 -0.280385 1 4
 2.414214 -0.278504 1 5
 2.414214  0.294500 1 6
 2.414214  0.309846 1 7
 2.462326 -0.562123 1 1
 2.462326 -0.450052 1 2
 2.462326 -0.370955 1 3
 2.462326 -0.280303 1 4
 2.462326 -0.278469 1 5
 2.462326  0.294774 1 6
 2.462326  0.309431 1 7
 2.510439 -0.562325 1 1
 2.510439 -0.450038 1 2
 2.510439 -0.370947 1 3
 2.510439 -0.280087 1 4
 2.510439 -0.278362 1 5
 2.510439  0.295611 1 6
 2.510439  0.308252 1 7
 2.558551 -0.562611 1 1
 2.558551 -0.450017 1 2
 2.558551 -0.370933 1 3
 2.558551 -0.279767 1 4
 2.558551 -0.278178 1 5
 2.558551  0.296877 1 6
 2.558551  0.306478 1 7
 2.606664 -0.562910 1 1
 2.606664 -0.449991 1 2
 2.606664 -0.370915 1 3
 2.606664 -0.279385 1 4
 2.606664 -0.277917 1 5
 2.606664  0.298369 1 6
 2.606664  0.304354 1 7
 2.654776 -0.563139 1 1
 2.654776 -0.449958 1 2
 2.654776 -0.370892 1 3
 2.654776 -0.278978 1 4
 2.654776 -0.277603 1 5
 2.654776  0.299687 1 6
 2.654776  0.302321 1 7
 2.702889 -0.563218 1 1
 2.702889 -0.449917 1 2
 2.702889 -0.370867 1 3
 2.702889 -0.278574 1 4
 2.702889 -0.277278 1 5
 2.702889  0.299047 1 6
 2.702889  0.302197 1 7
 2.751001 -0.563078 1 1
 2.751001 -0.449868 1 2
 2.751001 -0.370840 1 3
 2.751001 -0.278201 1 4
 2.751001 -0.276985 1 5
 2.751001  0.297101 1 6
 2.751001  0.303351 1 7
 2.799114 -0.562673 1 1
 2.799114 -0.449809 1 2
 2.799114 -0.370814 1 3
 2.799114 -0.277911 1 4
 2.799114 -0.276732 1 5
 2.799114  0.295249 1 6
 2.799114  0.304382 1 7
 2.847226 -0.561987 1 1
 2.847226 -0.449740 1 2
 2.847226 -0.370788 1 3
 2.847226 -0.277779 1 4
 2.847226 -0.276479 1 5
 2.847226  0.293656 1 6
 2.847226  0.305115 1 7
 2.895339 -0.561038 1 1
 2.895339 -0.449660 1 2
 2.895339 -0.370761 1 3
 2.895339 -0.277847 1 4
 2.895339 -0.276195 1 5
 2.895339  0.292351 1 6
 2.895339  0.305508 1 7
 2.943451 -0.559872 1 1
 2.943451 -0.449572 1 2
 2.943451 -0.370731 1 3
 2.943451 -0.278079 1 4
 2.943451 -0.275896 1 5
 2.943451  0.291325 1 6
 2.943451  0.305560 1 7
 2.991564 -0.558561 1 1
 2.991564 -0.449481 1 2
 2.991564 -0.370697 1 3
 2.991564 -0.278404 1 4
 2.991564 -0.275612 1 5
 2.991564  0.290555 1 6
 2.991564  0.305303 1 7
 3.039676 -0.557198 1 1
 3.039676 -0.449390 1 2
 3.039676 -0.370658 1 3
 3.039676 -0.278757 1 4
 3.039676 -0.275361 1 5
 3.039676  0.290004 1 6
 3.039676  0.304805 1 7
 3.087789 -0.555884 1 1
 3.087789 -0.449305 1 2
 3.087789 -0.370617 1 3
 3.087789 -0.279086 1 4
 3.087789 -0.275149 1 5
 3.087789  0.289624 1 6
 3.087789  0.304174 1 7
 3.135901 -0.554726 1 1
 3.135901 -0.449232 1 2
 3.135901 -0.370576 1 3
 3.135901 -0.279356 1 4
 3.135901 -0.274981 1 5
 3.135901  0.289362 1 6
 3.135901  0.303535 1 7
 3.184014 -0.553819 1 1
 3.184014 -0.449175 1 2
 3.184014 -0.370541 1 3
 3.184014 -0.279552 1 4
 3.184014 -0.274857 1 5
 3.184014  0.289181 1 6
 3.184014  0.303004 1 7
 3.232126 -0.553241 1 1
 3.232126 -0.449139 1 2
 3.232126 -0.370519 1 3
 3.232126 -0.279667 1 4
 3.232126 -0.274780 1 5
 3.232126  0.289073 1 6
 3.232126  0.302665 1 7
 3.280239 -0.553043 1 1
 3.280239 -0.449127 1 2
 3.280239 -0.370512 1 3
 3.280239 -0.279704 1 4
 3.280239 -0.274755 1 5
 3.280239  0.289046 1 6
 3.280239  0.302554 1 7
 3.280239 -0.553043 1 1
 3.280239 -0.449127 1 2
 3.280239 -0.370512 1 3
 3.280239 -0.279704 1 4
 3.280239 -0.274755 1 5
 3.280239  0.289046 1 6
 3.280239  0.302554 1 7
 3.330747 -0.553080 1 1
 3.330747 -0.449137 1 2
 3.330747 -0.370499 1 3
 3.330747 -0.279653 1 4
 3.330747 -0.274695 1 5
 3.330747  0.289331 1 6
 3.330747  0.302810 1 7
 3.381254 -0.553190 1 1
 3.381254 -0.449164 1 2
 3.381254 -0.370474 1 3
 3.381254 -0.279529 1 4
 3.381254 -0.274527 1 5
 3.381254  0.290133 1 6
 3.381254  0.303538 1 7
 3.431762 -0.553377 1 1
 3.431762 -0.449205 1 2
 3.431762 -0.370443 1 3
 3.431762 -0.279337 1 4
 3.431762 -0.274257 1 5
 3.431762  0.291288 1 6
 3.431762  0.304586 1 7
 3.482269 -0.553645 1 1
 3.482269 -0.449254 1 2
 3.482269 -0.370418 1 3
 3.482269 -0.279088 1 4
 3.482269 -0.273896 1 5
 3.482269  0.292590 1 6
 3.482269  0.305752 1 7
 3.532777 -0.553995 1 1
 3.532777 -0.449303 1 2
 3.532777 -0.370409 1 3
 3.532777 -0.278798 1 4
 3.532777 -0.273471 1 5
 3.532777  0.293849 1 6
 3.532777  0.306819 1 7
 3.583285 -0.554422 1 1
 3.583285 -0.449345 1 2
 3.583285 -0.370424 1 3
 3.583285 -0.278488 1 4
 3.583285 -0.273021 1 5
 3.583285  0.294939 1 6
 3.583285  0.307610 1 7
 3.633792 -0.554914 1 1
 3.633792 -0.449377 1 2
 3.633792 -0.370471 1 3
 3.633792 -0.278182 1 4
 3.633792 -0.272591 1 5
 3.633792  0.295812 1 6
 3.633792  0.308018 1 7
 3.684300 -0.555447 1 1
 3.684300 -0.449394 1 2
 3.684300 -0.370548 1 3
 3.684300 -0.277902 1 4
 3.684300 -0.272229 1 5
 3.684300  0.296483 1 6
 3.684300  0.308027 1 7
 3.734808 -0.555992 1 1
 3.734808 -0.449397 1 2
 3.734808 -0.370648 1 3
 3.734808 -0.277666 1 4
 3.734808 -0.271965 1 5
 3.734808  0.297004 1 6
 3.734808  0.307700 1 7
 3.785315 -0.556512 1 1
 3.785315 -0.449388 1 2
 3.785315 -0.370762 1 3
 3.785315 -0.277484 1 4
 3.785315 -0.271810 1 5
 3.785315  0.297427 1 6
 3.785315  0.307155 1 7
 3.835823 -0.556968 1 1
 3.835823 -0.449373 1 2
 3.835823 -0.370874 1 3
 3.835823 -0.277357 1 4
 3.835823 -0.271748 1 5
 3.835823  0.297779 1 6
 3.835823  0.306537 1 7
 3.886330 -0.557323 1 1
 3.886330 -0.449357 1 2
 3.886330 -0.370969 1 3
 3.886330 -0.277278 1 4
 3.886330 -0.271747 1 5
 3.886330  0.298057 1 6
 3.886330  0.305983 1 7
 3.936838 -0.557548 1 1
 3.936838 -0.449345 1 2
 3.936838 -0.371032 1 3
 3.936838 -0.277236 1 4
 3.936838 -0.271765 1 5
 3.936838  0.298229 1 6
 3.936838  0.305605 1 7
 3.987346 -0.557624 1 1
 3.987346 -0.449341 1 2
 3.987346 -0.371054 1 3
 3.987346 -0.277224 1 4
 3.987346 -0.271772 1 5
 3.987346  0.298267 1 6
 3.987346  0.305476 1 7
 3.987346 -0.557624 1 1
 3.987346 -0.449341 1 2
 3.987346 -0.371054 1 3
 3.987346 -0.277224 1 4
 3.987346 -0.271772 1 5
 3.987346  0.298267 1 6
 3.987346  0.305476 1 7
 4.037346 -0.557241 1 1
 4.037346 -0.449392 1 2
 4.037346 -0.371149 1 3
 4.037346 -0.277282 1 4
 4.037346 -0.271265 1 5
 4.037346  0.298147 1 6
 4.037346  0.307013 1 7
 4.087346 -0.557158 1 1
 4.087346 -0.449435 1 2
 4.087346 -0.371241 1 3
 4.087346 -0.277417 1 4
 4.087346 -0.270841 1 5
 4.087346  0.298732 1 6
 4.087346  0.308865 1 7
 4.137346 -0.557388 1 1
 4.137346 -0.449469 1 2
 4.137346 -0.371332 1 3
 4.137346 -0.277631 1 4
 4.137346 -0.270572 1 5
 4.137346  0.299744 1 6
 4.137346  0.310640 1 7
 4.187346 -0.557897 1 1
 4.187346 -0.449493 1 2
 4.187346 -0.371420 1 3
 4.187346 -0.277918 1 4
 4.187346 -0.270500 1 5
 4.187346  0.300866 1 6
 4.187346  0.311953 1 7
 4.237346 -0.558612 1 1
 4.237346 -0.449506 1 2
 4.237346 -0.371503 1 3
 4.237346 -0.278262 1 4
 4.237346 -0.270631 1 5
 4.237346  0.301830 1 6
 4.237346  0.312558 1 7
 4.287346 -0.559429 1 1
 4.287346 -0.449512 1 2
 4.287346 -0.371576 1 3
 4.287346 -0.278637 1 4
 4.287346 -0.270930 1 5
 4.287346  0.302484 1 6
 4.287346  0.312430 1 7
 4.337346 -0.560231 1 1
 4.337346 -0.449512 1 2
 4.337346 -0.371636 1 3
 4.337346 -0.279001 1 4
 4.337346 -0.271323 1 5
 4.337346  0.302811 1 6
 4.337346  0.311762 1 7
 4.387346 -0.560902 1 1
 4.387346 -0.449511 1 2
 4.387346 -0.371679 1 3
 4.387346 -0.279309 1 4
 4.387346 -0.271712 1 5
 4.387346  0.302902 1 6
 4.387346  0.310886 1 7
 4.437346 -0.561345 1 1
 4.437346 -0.449511 1 2
 4.437346 -0.371703 1 3
 4.437346 -0.279513 1 4
 4.437346 -0.271999 1 5
 4.437346  0.302894 1 6
 4.437346  0.310163 1 7
 4.487346 -0.561496 1 1
 4.487346 -0.449517 1 2
 4.487346 -0.371704 1 3
 4.487346 -0.279580 1 4
 4.487346 -0.272109 1 5
 4.487346  0.302904 1 6
 4.487346  0.309863 1 7
