 0.000000 -0.593960 1 1
 0.000000 -0.145097 1 2
 0.000000 -0.145097 1 3
 0.000000 -0.145097 1 4
 0.000000 -0.049708 1 5
 0.000000 -0.049708 1 6
 0.000000  2.624224 1 7
 0.000000  2.624224 1 8
 0.000000  2.624224 1 9
 0.050000 -0.590084 1 1
 0.050000 -0.145169 1 2
 0.050000 -0.145169 1 3
 0.050000 -0.144008 1 4
 0.050000 -0.051380 1 5
 0.050000 -0.049035 1 6
 0.050000  2.602496 1 7
 0.050000  2.602496 1 8
 0.050000  2.605558 1 9
 0.100000 -0.579097 1 1
 0.100000 -0.145312 1 2
 0.100000 -0.145312 1 3
 0.100000 -0.140865 1 4
 0.100000 -0.056339 1 5
 0.100000 -0.047071 1 6
 0.100000  2.537384 1 7
 0.100000  2.537384 1 8
 0.100000  2.561991 1 9
 0.150000 -0.561753 1 1
 0.150000 -0.145306 1 2
 0.150000 -0.145306 1 3
 0.150000 -0.135918 1 4
 0.150000 -0.064431 1 5
 0.150000 -0.043930 1 6
 0.150000  2.432719 1 7
 0.150000  2.432719 1 8
 0.150000  2.512689 1 9
 0.200000 -0.537345 1 1
 0.200000 -0.144805 1 2
 0.200000 -0.144805 1 3
 0.200000 -0.129325 1 4
 0.200000 -0.075461 1 5
 0.200000 -0.039652 1 6
 0.200000  2.301038 1 7
 0.200000  2.301038 1 8
 0.200000  2.459980 1 9
 0.250000 -0.504868 1 1
 0.250000 -0.143425 1 2
 0.250000 -0.143425 1 3
 0.250000 -0.121092 1 4
 0.250000 -0.089198 1 5
 0.250000 -0.034124 1 6
 0.250000  2.161076 1 7
 0.250000  2.161076 1 8
 0.250000  2.397328 1 9
 0.300000 -0.465797 1 1
 0.300000 -0.140846 1 2
 0.300000 -0.140846 1 3
 0.300000 -0.111238 1 4
 0.300000 -0.105350 1 5
 0.300000 -0.027101 1 6
 0.300000  2.028898 1 7
 0.300000  2.028898 1 8
 0.300000  2.328663 1 9
 0.350000 -0.424293 1 1
 0.350000 -0.136844 1 2
 0.350000 -0.136844 1 3
 0.350000 -0.123541 1 4
 0.350000 -0.099968 1 5
 0.350000 -0.018191 1 6
 0.350000  1.911922 1 7
 0.350000  1.911922 1 8
 0.350000  2.262695 1 9
 0.400000 -0.384358 1 1
 0.400000 -0.143324 1 2
 0.400000 -0.131221 1 3
 0.400000 -0.131221 1 4
 0.400000 -0.087665 1 5
 0.400000 -0.006467 1 6
 0.400000  1.810763 1 7
 0.400000  1.810763 1 8
 0.400000  2.194472 1 9
 0.450000 -0.347896 1 1
 0.450000 -0.164193 1 2
 0.450000 -0.123705 1 3
 0.450000 -0.123705 1 4
 0.450000 -0.074716 1 5
 0.450000  0.010505 1 6
 0.450000  1.724119 1 7
 0.450000  1.724119 1 8
 0.450000  2.110393 1 9
 0.500000 -0.316126 1 1
 0.500000 -0.185586 1 2
 0.500000 -0.113977 1 3
 0.500000 -0.113977 1 4
 0.500000 -0.061389 1 5
 0.500000  0.037360 1 6
 0.500000  1.650141 1 7
 0.500000  1.650141 1 8
 0.500000  2.013002 1 9
 0.550000 -0.291632 1 1
 0.550000 -0.206878 1 2
 0.550000 -0.101838 1 3
 0.550000 -0.101838 1 4
 0.550000 -0.047896 1 5
 0.550000  0.079503 1 6
 0.550000  1.584285 1 7
 0.550000  1.584285 1 8
 0.550000  1.925895 1 9
 0.600000 -0.277233 1 1
 0.600000 -0.227427 1 2
 0.600000 -0.087377 1 3
 0.600000 -0.087377 1 4
 0.600000 -0.034535 1 5
 0.600000  0.139085 1 6
 0.600000  1.518553 1 7
 0.600000  1.518553 1 8
 0.600000  1.867204 1 9
 0.650000 -0.273396 1 1
 0.650000 -0.246670 1 2
 0.650000 -0.070967 1 3
 0.650000 -0.070967 1 4
 0.650000 -0.021732 1 5
 0.650000  0.211582 1 6
 0.650000  1.444867 1 7
 0.650000  1.444867 1 8
 0.650000  1.827331 1 9
 0.700000 -0.277793 1 1
 0.700000 -0.264186 1 2
 0.700000 -0.053133 1 3
 0.700000 -0.053133 1 4
 0.700000 -0.009927 1 5
 0.700000  0.287211 1 6
 0.700000  1.359702 1 7
 0.700000  1.359702 1 8
 0.700000  1.781142 1 9
 0.750000 -0.286580 1 1
 0.750000 -0.279674 1 2
 0.750000 -0.034506 1 3
 0.750000 -0.034506 1 4
 0.750000  0.000559 1 5
 0.750000  0.359554 1 6
 0.750000  1.265790 1 7
 0.750000  1.265790 1 8
 0.750000  1.720492 1 9
 0.800000 -0.296087 1 1
 0.800000 -0.292864 1 2
 0.800000 -0.015989 1 3
 0.800000 -0.015989 1 4
 0.800000  0.009536 1 5
 0.800000  0.438541 1 6
 0.800000  1.170561 1 7
 0.800000  1.170561 1 8
 0.800000  1.663875 1 9
 0.850000 -0.304342 1 1
 0.850000 -0.303470 1 2
 0.850000  0.001037 1 3
 0.850000  0.001037 1 4
 0.850000  0.016856 1 5
 0.850000  0.551378 1 6
 0.850000  1.083546 1 7
 0.850000  1.083546 1 8
 0.850000  1.627679 1 9
 0.900000 -0.311220 1 1
 0.900000 -0.311031 1 2
 0.900000  0.014832 1 3
 0.900000  0.014832 1 4
 0.900000  0.022327 1 5
 0.900000  0.711287 1 6
 0.900000  1.014052 1 7
 0.900000  1.014052 1 8
 0.900000  1.603777 1 9
 0.950000 -0.315926 1 1
 0.950000 -0.315750 1 2
 0.950000  0.023791 1 3
 0.950000  0.023791 1 4
 0.950000  0.025731 1 5
 0.950000  0.877275 1 6
 0.950000  0.969411 1 7
 0.950000  0.969411 1 8
 0.950000  1.576439 1 9
 1.000000 -0.317501 1 1
 1.000000 -0.317501 1 2
 1.000000  0.026888 1 3
 1.000000  0.026888 1 4
 1.000000  0.026888 1 5
 1.000000  0.954050 1 6
 1.000000  0.954050 1 7
 1.000000  0.954050 1 8
 1.000000  1.558868 1 9
 1.000000 -0.317501 1 1
 1.000000 -0.317501 1 2
 1.000000  0.026888 1 3
 1.000000  0.026888 1 4
 1.000000  0.026888 1 5
 1.000000  0.954050 1 6
 1.000000  0.954050 1 7
 1.000000  0.954050 1 8
 1.000000  1.558868 1 9
 1.050508 -0.315855 1 1
 1.050508 -0.315739 1 2
 1.050508  0.022327 1 3
 1.050508  0.023699 1 4
 1.050508  0.027118 1 5
 1.050508  0.914696 1 6
 1.050508  0.926936 1 7
 1.050508  0.969893 1 8
 1.050508  1.579215 1 9
 1.101015 -0.311138 1 1
 1.101015 -0.310653 1 2
 1.101015  0.009176 1 3
 1.101015  0.014195 1 4
 1.101015  0.027809 1 5
 1.101015  0.815508 1 6
 1.101015  0.865905 1 7
 1.101015  1.017399 1 8
 1.101015  1.625039 1 9
 1.151523 -0.303942 1 1
 1.151523 -0.302582 1 2
 1.151523 -0.010945 1 3
 1.151523 -0.000964 1 4
 1.151523  0.028941 1 5
 1.151523  0.697685 1 6
 1.151523  0.802318 1 7
 1.151523  1.092801 1 8
 1.151523  1.675769 1 9
 1.202031 -0.295101 1 1
 1.202031 -0.291475 1 2
 1.202031 -0.035712 1 3
 1.202031 -0.019989 1 4
 1.202031  0.030461 1 5
 1.202031  0.594249 1 6
 1.202031  0.748982 1 7
 1.202031  1.184148 1 8
 1.202031  1.727098 1 9
 1.252538 -0.285873 1 1
 1.252538 -0.276899 1 2
 1.252538 -0.062872 1 3
 1.252538 -0.040347 1 4
 1.252538  0.032275 1 5
 1.252538  0.513876 1 6
 1.252538  0.702273 1 7
 1.252538  1.275279 1 8
 1.252538  1.786922 1 9
 1.303046 -0.278375 1 1
 1.303046 -0.258690 1 2
 1.303046 -0.090771 1 3
 1.303046 -0.059282 1 4
 1.303046  0.034277 1 5
 1.303046  0.447667 1 6
 1.303046  0.656179 1 7
 1.303046  1.356577 1 8
 1.303046  1.864713 1 9
 1.353553 -0.275500 1 1
 1.353553 -0.237282 1 2
 1.353553 -0.118111 1 3
 1.353553 -0.073534 1 4
 1.353553  0.036373 1 5
 1.353553  0.385755 1 6
 1.353553  0.613040 1 7
 1.353553  1.430268 1 8
 1.353553  1.960778 1 9
 1.404061 -0.279175 1 1
 1.404061 -0.213075 1 2
 1.404061 -0.143703 1 3
 1.404061 -0.080180 1 4
 1.404061  0.038479 1 5
 1.404061  0.325339 1 6
 1.404061  0.581278 1 7
 1.404061  1.506251 1 8
 1.404061  2.064337 1 9
 1.454569 -0.288265 1 1
 1.454569 -0.185864 1 2
 1.454569 -0.166463 1 3
 1.454569 -0.078918 1 4
 1.454569  0.040505 1 5
 1.454569  0.267747 1 6
 1.454569  0.565854 1 7
 1.454569  1.594704 1 8
 1.454569  2.162925 1 9
 1.505076 -0.299677 1 1
 1.505076 -0.185653 1 2
 1.505076 -0.155213 1 3
 1.505076 -0.072322 1 4
 1.505076  0.042338 1 5
 1.505076  0.213502 1 6
 1.505076  0.562897 1 7
 1.505076  1.702947 1 8
 1.505076  2.253220 1 9
 1.555584 -0.311084 1 1
 1.555584 -0.201003 1 2
 1.555584 -0.121428 1 3
 1.555584 -0.063685 1 4
 1.555584  0.043864 1 5
 1.555584  0.161758 1 6
 1.555584  0.562980 1 7
 1.555584  1.833650 1 8
 1.555584  2.339723 1 9
 1.606092 -0.321101 1 1
 1.606092 -0.212381 1 2
 1.606092 -0.086202 1 3
 1.606092 -0.055706 1 4
 1.606092  0.044994 1 5
 1.606092  0.112918 1 6
 1.606092  0.559558 1 7
 1.606092  1.975708 1 8
 1.606092  2.421074 1 9
 1.656599 -0.328238 1 1
 1.656599 -0.219499 1 2
 1.656599 -0.053289 1 3
 1.656599 -0.050237 1 4
 1.656599  0.045681 1 5
 1.656599  0.070935 1 6
 1.656599  0.553773 1 7
 1.656599  2.094434 1 8
 1.656599  2.482837 1 9
 1.707107 -0.330864 1 1
 1.707107 -0.221938 1 2
 1.707107 -0.048309 1 3
 1.707107 -0.036038 1 4
 1.707107  0.045910 1 5
 1.707107  0.050428 1 6
 1.707107  0.550926 1 7
 1.707107  2.141918 1 8
 1.707107  2.506217 1 9
 1.707107 -0.330864 1 1
 1.707107 -0.221938 1 2
 1.707107 -0.048309 1 3
 1.707107 -0.036038 1 4
 1.707107  0.045910 1 5
 1.707107  0.050428 1 6
 1.707107  0.550926 1 7
 1.707107  2.141918 1 8
 1.707107  2.506217 1 9
 1.757614 -0.331095 1 1
 1.757614 -0.221062 1 2
 1.757614 -0.049252 1 3
 1.757614 -0.036301 1 4
 1.757614  0.036233 1 5
 1.757614  0.042974 1 6
 1.757614  0.589066 1 7
 1.757614  2.143724 1 8
 1.757614  2.500365 1 9
 1.808122 -0.332318 1 1
 1.808122 -0.218446 1 2
 1.808122 -0.052677 1 3
 1.808122 -0.037058 1 4
 1.808122  0.000104 1 5
 1.808122  0.034429 1 6
 1.808122  0.698019 1 7
 1.808122  2.152137 1 8
 1.808122  2.485980 1 9
 1.858630 -0.336313 1 1
 1.858630 -0.214159 1 2
 1.858630 -0.065701 1 3
 1.858630 -0.038224 1 4
 1.858630 -0.037853 1 5
 1.858630  0.021022 1 6
 1.858630  0.862319 1 7
 1.858630  2.171316 1 8
 1.858630  2.471099 1 9
 1.909137 -0.346284 1 1
 1.909137 -0.208374 1 2
 1.909137 -0.101415 1 3
 1.909137 -0.050840 1 4
 1.909137 -0.039689 1 5
 1.909137  0.003806 1 6
 1.909137  1.058566 1 7
 1.909137  2.199522 1 8
 1.909137  2.464437 1 9
 1.959645 -0.365634 1 1
 1.959645 -0.201377 1 2
 1.959645 -0.132217 1 3
 1.959645 -0.056289 1 4
 1.959645 -0.041334 1 5
 1.959645 -0.016012 1 6
 1.959645  1.261481 1 7
 1.959645  2.230737 1 8
 1.959645  2.470550 1 9
 2.010153 -0.394910 1 1
 2.010153 -0.193506 1 2
 2.010153 -0.148817 1 3
 2.010153 -0.060474 1 4
 2.010153 -0.043038 1 5
 2.010153 -0.037228 1 6
 2.010153  1.454759 1 7
 2.010153  2.262997 1 8
 2.010153  2.487502 1 9
 2.060660 -0.430822 1 1
 2.060660 -0.185108 1 2
 2.060660 -0.154220 1 3
 2.060660 -0.063529 1 4
 2.060660 -0.058653 1 5
 2.060660 -0.044673 1 6
 2.060660  1.636240 1 7
 2.060660  2.300549 1 8
 2.060660  2.508780 1 9
 2.111168 -0.468727 1 1
 2.111168 -0.176527 1 2
 2.111168 -0.153548 1 3
 2.111168 -0.079196 1 4
 2.111168 -0.064959 1 5
 2.111168 -0.046126 1 6
 2.111168  1.813511 1 7
 2.111168  2.346311 1 8
 2.111168  2.528239 1 9
 2.161675 -0.504495 1 1
 2.161675 -0.168158 1 2
 2.161675 -0.150739 1 3
 2.161675 -0.097920 1 4
 2.161675 -0.064339 1 5
 2.161675 -0.047318 1 6
 2.161675  1.993171 1 7
 2.161675  2.396348 1 8
 2.161675  2.544342 1 9
 2.212183 -0.535313 1 1
 2.212183 -0.160481 1 2
 2.212183 -0.148068 1 3
 2.212183 -0.114102 1 4
 2.212183 -0.061714 1 5
 2.212183 -0.048229 1 6
 2.212183  2.173797 1 7
 2.212183  2.445909 1 8
 2.212183  2.560134 1 9
 2.262691 -0.560037 1 1
 2.262691 -0.153992 1 2
 2.262691 -0.146358 1 3
 2.262691 -0.127258 1 4
 2.262691 -0.057797 1 5
 2.262691 -0.048891 1 6
 2.262691  2.345492 1 7
 2.262691  2.497281 1 8
 2.262691  2.578983 1 9
 2.313198 -0.578402 1 1
 2.313198 -0.149114 1 2
 2.313198 -0.145519 1 3
 2.313198 -0.137014 1 4
 2.313198 -0.053765 1 5
 2.313198 -0.049345 1 6
 2.313198  2.490888 1 7
 2.313198  2.553370 1 8
 2.313198  2.600002 1 9
 2.363706 -0.589972 1 1
 2.363706 -0.146108 1 2
 2.363706 -0.145183 1 3
 2.363706 -0.143050 1 4
 2.363706 -0.050794 1 5
 2.363706 -0.049617 1 6
 2.363706  2.589355 1 7
 2.363706  2.603373 1 8
 2.363706  2.617403 1 9
 2.414214 -0.593960 1 1
 2.414214 -0.145097 1 2
 2.414214 -0.145097 1 3
 2.414214 -0.145097 1 4
 2.414214 -0.049708 1 5
 2.414214 -0.049708 1 6
 2.414214  2.624224 1 7
 2.414214  2.624224 1 8
 2.414214  2.624224 1 9
 2.414214 -0.593960 1 1
 2.414214 -0.145097 1 2
 2.414214 -0.145097 1 3
 2.414214 -0.145097 1 4
 2.414214 -0.049708 1 5
 2.414214 -0.049708 1 6
 2.414214  2.624224 1 7
 2.414214  2.624224 1 8
 2.414214  2.624224 1 9
 2.465156 -0.589891 1 1
 2.465156 -0.145819 1 2
 2.465156 -0.145819 1 3
 2.465156 -0.142692 1 4
 2.465156 -0.050210 1 5
 2.465156 -0.050210 1 6
 2.465156  2.584992 1 7
 2.465156  2.612174 1 8
 2.465156  2.612174 1 9
 2.516099 -0.577989 1 1
 2.516099 -0.148070 1 2
 2.516099 -0.148070 1 3
 2.516099 -0.135514 1 4
 2.516099 -0.051526 1 5
 2.516099 -0.051526 1 6
 2.516099  2.486684 1 7
 2.516099  2.578705 1 8
 2.516099  2.578705 1 9
 2.567042 -0.558956 1 1
 2.567042 -0.152056 1 2
 2.567042 -0.152056 1 3
 2.567042 -0.123662 1 4
 2.567042 -0.053156 1 5
 2.567042 -0.053156 1 6
 2.567042  2.369070 1 7
 2.567042  2.528535 1 8
 2.567042  2.528535 1 9
 2.617984 -0.533430 1 1
 2.617984 -0.157940 1 2
 2.617984 -0.157940 1 3
 2.617984 -0.107285 1 4
 2.617984 -0.054475 1 5
 2.617984 -0.054475 1 6
 2.617984  2.259657 1 7
 2.617984  2.463140 1 8
 2.617984  2.463140 1 9
 2.668927 -0.501769 1 1
 2.668927 -0.165644 1 2
 2.668927 -0.165644 1 3
 2.668927 -0.086484 1 4
 2.668927 -0.054983 1 5
 2.668927 -0.054983 1 6
 2.668927  2.160980 1 7
 2.668927  2.380684 1 8
 2.668927  2.380684 1 9
 2.719870 -0.464593 1 1
 2.719870 -0.174742 1 2
 2.719870 -0.174742 1 3
 2.719870 -0.061262 1 4
 2.719870 -0.054454 1 5
 2.719870 -0.054454 1 6
 2.719870  2.063552 1 7
 2.719870  2.281492 1 8
 2.719870  2.281492 1 9
 2.770812 -0.423337 1 1
 2.770812 -0.184552 1 2
 2.770812 -0.184552 1 3
 2.770812 -0.052940 1 4
 2.770812 -0.052940 1 5
 2.770812 -0.031503 1 6
 2.770812  1.963223 1 7
 2.770812  2.170769 1 8
 2.770812  2.170769 1 9
 2.821755 -0.380084 1 1
 2.821755 -0.194316 1 2
 2.821755 -0.194316 1 3
 2.821755 -0.050658 1 4
 2.821755 -0.050658 1 5
 2.821755  0.003009 1 6
 2.821755  1.865303 1 7
 2.821755  2.053628 1 8
 2.821755  2.053628 1 9
 2.872698 -0.336896 1 1
 2.872698 -0.203337 1 2
 2.872698 -0.203337 1 3
 2.872698 -0.047899 1 4
 2.872698 -0.047899 1 5
 2.872698  0.042757 1 6
 2.872698  1.775170 1 7
 2.872698  1.927939 1 8
 2.872698  1.927939 1 9
 2.923640 -0.295651 1 1
 2.923640 -0.211027 1 2
 2.923640 -0.211027 1 3
 2.923640 -0.044964 1 4
 2.923640 -0.044964 1 5
 2.923640  0.088894 1 6
 2.923640  1.688869 1 7
 2.923640  1.785180 1 8
 2.923640  1.785180 1 9
 2.974583 -0.258650 1 1
 2.974583 -0.216959 1 2
 2.974583 -0.216959 1 3
 2.974583 -0.042116 1 4
 2.974583 -0.042116 1 5
 2.974583  0.143468 1 6
 2.974583  1.595202 1 7
 2.974583  1.619753 1 8
 2.974583  1.619753 1 9
 3.025526 -0.229033 1 1
 3.025526 -0.220870 1 2
 3.025526 -0.220870 1 3
 3.025526 -0.039552 1 4
 3.025526 -0.039552 1 5
 3.025526  0.208116 1 6
 3.025526  1.437608 1 7
 3.025526  1.437608 1 8
 3.025526  1.487605 1 9
 3.076468 -0.222655 1 1
 3.076468 -0.222655 1 2
 3.076468 -0.209381 1 3
 3.076468 -0.037395 1 4
 3.076468 -0.037395 1 5
 3.076468  0.282244 1 6
 3.076468  1.254579 1 7
 3.076468  1.254579 1 8
 3.076468  1.372237 1 9
 3.127411 -0.222355 1 1
 3.127411 -0.222355 1 2
 3.127411 -0.199988 1 3
 3.127411 -0.035706 1 4
 3.127411 -0.035706 1 5
 3.127411  0.364180 1 6
 3.127411  1.086893 1 7
 3.127411  1.086893 1 8
 3.127411  1.264784 1 9
 3.178354 -0.220170 1 1
 3.178354 -0.220170 1 2
 3.178354 -0.198905 1 3
 3.178354 -0.034514 1 4
 3.178354 -0.034514 1 5
 3.178354  0.457003 1 6
 3.178354  0.943183 1 7
 3.178354  0.943183 1 8
 3.178354  1.180135 1 9
 3.229296 -0.216499 1 1
 3.229296 -0.216499 1 2
 3.229296 -0.203515 1 3
 3.229296 -0.033823 1 4
 3.229296 -0.033823 1 5
 3.229296  0.573672 1 6
 3.229296  0.824303 1 7
 3.229296  0.824303 1 8
 3.229296  1.124431 1 9
 3.280239 -0.211886 1 1
 3.280239 -0.211886 1 2
 3.280239 -0.211886 1 3
 3.280239 -0.033608 1 4
 3.280239 -0.033608 1 5
 3.280239  0.728212 1 6
 3.280239  0.728212 1 7
 3.280239  0.728212 1 8
 3.280239  1.100848 1 9
 3.280239 -0.211886 1 1
 3.280239 -0.211886 1 2
 3.280239 -0.211886 1 3
 3.280239 -0.033608 1 4
 3.280239 -0.033608 1 5
 3.280239  0.728212 1 6
 3.280239  0.728212 1 7
 3.280239  0.728212 1 8
 3.280239  1.100848 1 9
 3.331182 -0.222568 1 1
 3.331182 -0.206893 1 2
 3.331182 -0.206893 1 3
 3.331182 -0.033784 1 4
 3.331182 -0.033784 1 5
 3.331182  0.654334 1 6
 3.331182  0.654334 1 7
 3.331182  0.876141 1 8
 3.331182  1.162875 1 9
 3.382124 -0.233646 1 1
 3.382124 -0.202048 1 2
 3.382124 -0.202048 1 3
 3.382124 -0.034197 1 4
 3.382124 -0.034197 1 5
 3.382124  0.602629 1 6
 3.382124  0.602629 1 7
 3.382124  0.906536 1 8
 3.382124  1.412122 1 9
 3.433067 -0.242700 1 1
 3.433067 -0.198043 1 2
 3.433067 -0.198043 1 3
 3.433067 -0.034607 1 4
 3.433067 -0.034607 1 5
 3.433067  0.569952 1 6
 3.433067  0.569952 1 7
 3.433067  0.884817 1 8
 3.433067  1.745167 1 9
 3.484010 -0.247589 1 1
 3.484010 -0.195935 1 2
 3.484010 -0.195935 1 3
 3.484010 -0.034675 1 4
 3.484010 -0.034675 1 5
 3.484010  0.549034 1 6
 3.484010  0.549034 1 7
 3.484010  0.857742 1 8
 3.484010  2.050764 1 9
 3.534952 -0.247106 1 1
 3.534952 -0.196901 1 2
 3.534952 -0.196901 1 3
 3.534952 -0.033948 1 4
 3.534952 -0.033948 1 5
 3.534952  0.532281 1 6
 3.534952  0.532281 1 7
 3.534952  0.835368 1 8
 3.534952  2.259477 1 9
 3.585895 -0.240829 1 1
 3.585895 -0.201666 1 2
 3.585895 -0.201666 1 3
 3.585895 -0.031931 1 4
 3.585895 -0.031931 1 5
 3.585895  0.517766 1 6
 3.585895  0.517766 1 7
 3.585895  0.819814 1 8
 3.585895  2.352603 1 9
 3.636838 -0.228542 1 1
 3.636838 -0.210122 1 2
 3.636838 -0.210122 1 3
 3.636838 -0.028263 1 4
 3.636838 -0.028263 1 5
 3.636838  0.511581 1 6
 3.636838  0.511581 1 7
 3.636838  0.814518 1 8
 3.636838  2.351183 1 9
 3.687780 -0.221559 1 1
 3.687780 -0.221559 1 2
 3.687780 -0.210053 1 3
 3.687780 -0.022924 1 4
 3.687780 -0.022924 1 5
 3.687780  0.523162 1 6
 3.687780  0.523162 1 7
 3.687780  0.824282 1 8
 3.687780  2.283278 1 9
 3.738723 -0.235180 1 1
 3.738723 -0.235180 1 2
 3.738723 -0.185574 1 3
 3.738723 -0.016306 1 4
 3.738723 -0.016306 1 5
 3.738723  0.556589 1 6
 3.738723  0.556589 1 7
 3.738723  0.847807 1 8
 3.738723  2.175207 1 9
 3.789666 -0.250166 1 1
 3.789666 -0.250166 1 2
 3.789666 -0.156105 1 3
 3.789666 -0.009035 1 4
 3.789666 -0.009035 1 5
 3.789666  0.605640 1 6
 3.789666  0.605640 1 7
 3.789666  0.874926 1 8
 3.789666  2.056152 1 9
 3.840608 -0.265472 1 1
 3.840608 -0.265472 1 2
 3.840608 -0.123191 1 3
 3.840608 -0.001625 1 4
 3.840608 -0.001625 1 5
 3.840608  0.658374 1 6
 3.840608  0.658374 1 7
 3.840608  0.893630 1 8
 3.840608  1.949752 1 9
 3.891551 -0.279904 1 1
 3.891551 -0.279904 1 2
 3.891551 -0.088502 1 3
 3.891551  0.005641 1 4
 3.891551  0.005641 1 5
 3.891551  0.707604 1 6
 3.891551  0.707604 1 7
 3.891551  0.899919 1 8
 3.891551  1.862294 1 9
 3.942494 -0.292526 1 1
 3.942494 -0.292526 1 2
 3.942494 -0.053853 1 3
 3.942494  0.012519 1 4
 3.942494  0.012519 1 5
 3.942494  0.756837 1 6
 3.942494  0.756837 1 7
 3.942494  0.900758 1 8
 3.942494  1.785037 1 9
 3.993436 -0.302883 1 1
 3.993436 -0.302883 1 2
 3.993436 -0.021812 1 3
 3.993436  0.018554 1 4
 3.993436  0.018554 1 5
 3.993436  0.814104 1 6
 3.993436  0.814104 1 7
 3.993436  0.907025 1 8
 3.993436  1.709108 1 9
 4.044379 -0.310750 1 1
 4.044379 -0.310750 1 2
 4.044379  0.004230 1 3
 4.044379  0.023159 1 4
 4.044379  0.023159 1 5
 4.044379  0.878289 1 6
 4.044379  0.878289 1 7
 4.044379  0.923705 1 8
 4.044379  1.636501 1 9
 4.095322 -0.315765 1 1
 4.095322 -0.315765 1 2
 4.095322  0.021086 1 3
 4.095322  0.025960 1 4
 4.095322  0.025960 1 5
 4.095322  0.932488 1 6
 4.095322  0.932488 1 7
 4.095322  0.944319 1 8
 4.095322  1.580521 1 9
 4.146264 -0.317501 1 1
 4.146264 -0.317501 1 2
 4.146264  0.026888 1 3
 4.146264  0.026888 1 4
 4.146264  0.026888 1 5
 4.146264  0.954050 1 6
 4.146264  0.954050 1 7
 4.146264  0.954050 1 8
 4.146264  1.558868 1 9
 4.146264 -0.211886 1 1
 4.146264 -0.211886 1 2
 4.146264 -0.211886 1 3
 4.146264 -0.033608 1 4
 4.146264 -0.033608 1 5
 4.146264  0.728212 1 6
 4.146264  0.728212 1 7
 4.146264  0.728212 1 8
 4.146264  1.100848 1 9
 4.201820 -0.219604 1 1
 4.201820 -0.216031 1 2
 4.201820 -0.200861 1 3
 4.201820 -0.034016 1 4
 4.201820 -0.033671 1 5
 4.201820  0.591102 1 6
 4.201820  0.713521 1 7
 4.201820  0.913372 1 8
 4.201820  1.140821 1 9
 4.257375 -0.227694 1 1
 4.257375 -0.224540 1 2
 4.257375 -0.185533 1 3
 4.257375 -0.035195 1 4
 4.257375 -0.033874 1 5
 4.257375  0.493113 1 6
 4.257375  0.678737 1 7
 4.257375  1.143624 1 8
 4.257375  1.251573 1 9
 4.312931 -0.244949 1 1
 4.312931 -0.227047 1 2
 4.312931 -0.165156 1 3
 4.312931 -0.037040 1 4
 4.312931 -0.034219 1 5
 4.312931  0.416199 1 6
 4.312931  0.636867 1 7
 4.312931  1.405566 1 8
 4.312931  1.412109 1 9
 4.368487 -0.265345 1 1
 4.368487 -0.227645 1 2
 4.368487 -0.140220 1 3
 4.368487 -0.039400 1 4
 4.368487 -0.034637 1 5
 4.368487  0.343832 1 6
 4.368487  0.595473 1 7
 4.368487  1.591155 1 8
 4.368487  1.676669 1 9
 4.424042 -0.286195 1 1
 4.424042 -0.226948 1 2
 4.424042 -0.111783 1 3
 4.424042 -0.042009 1 4
 4.424042 -0.035036 1 5
 4.424042  0.271007 1 6
 4.424042  0.561601 1 7
 4.424042  1.757432 1 8
 4.424042  1.932007 1 9
 4.479598 -0.304792 1 1
 4.479598 -0.225503 1 2
 4.479598 -0.079691 1 3
 4.479598 -0.044506 1 4
 4.479598 -0.035383 1 5
 4.479598  0.203177 1 6
 4.479598  0.542679 1 7
 4.479598  1.898548 1 8
 4.479598  2.154386 1 9
 4.535153 -0.319060 1 1
 4.535153 -0.223820 1 2
 4.535153 -0.046540 1 3
 4.535153 -0.042168 1 4
 4.535153 -0.035693 1 5
 4.535153  0.145400 1 6
 4.535153  0.540297 1 7
 4.535153  2.017728 1 8
 4.535153  2.335190 1 9
 4.590709 -0.327889 1 1
 4.590709 -0.222462 1 2
 4.590709 -0.047855 1 3
 4.590709 -0.035939 1 4
 4.590709  0.001324 1 5
 4.590709  0.095581 1 6
 4.590709  0.546873 1 7
 4.590709  2.107198 1 8
 4.590709  2.460263 1 9
 4.646264 -0.330864 1 1
 4.646264 -0.221938 1 2
 4.646264 -0.048309 1 3
 4.646264 -0.036038 1 4
 4.646264  0.045910 1 5
 4.646264  0.050428 1 6
 4.646264  0.550926 1 7
 4.646264  2.141918 1 8
 4.646264  2.506217 1 9
