        0.00000       -3.90777   1   1
        0.00000       -3.90777   1   2
        0.00000       -3.90777   1   3
        0.00000       -0.59403   1   4
        0.00000       -0.14510   1   5
        0.00000       -0.14510   1   6
        0.00000       -0.14510   1   7
        0.00000       -0.04972   1   8
        0.00000       -0.04972   1   9
        0.00000        1.78575   1  10
        0.00000        1.78575   1  11
        0.00000        1.78575   1  12
        0.05000       -3.90801   1   1
        0.05000       -3.90788   1   2
        0.05000       -3.90788   1   3
        0.05000       -0.59016   1   4
        0.05000       -0.14521   1   5
        0.05000       -0.14521   1   6
        0.05000       -0.14421   1   7
        0.05000       -0.05149   1   8
        0.05000       -0.04886   1   9
        0.05000        1.77913   1  10
        0.05000        1.78133   1  11
        0.05000        1.78133   1  12
        0.10000       -3.90865   1   1
        0.10000       -3.90822   1   2
        0.10000       -3.90822   1   3
        0.10000       -0.57892   1   4
        0.10000       -0.14528   1   5
        0.10000       -0.14528   1   6
        0.10000       -0.14156   1   7
        0.10000       -0.05632   1   8
        0.10000       -0.04662   1   9
        0.10000        1.76693   1  10
        0.10000        1.76693   1  11
        0.10000        1.77478   1  12
        0.15000       -3.90966   1   1
        0.15000       -3.90880   1   2
        0.15000       -3.90880   1   3
        0.15000       -0.56088   1   4
        0.15000       -0.14487   1   5
        0.15000       -0.14487   1   6
        0.15000       -0.13707   1   7
        0.15000       -0.06374   1   8
        0.15000       -0.04352   1   9
        0.15000        1.74012   1  10
        0.15000        1.74012   1  11
        0.15000        1.78697   1  12
        0.20000       -3.91104   1   1
        0.20000       -3.90957   1   2
        0.20000       -3.90957   1   3
        0.20000       -0.53609   1   4
        0.20000       -0.14409   1   5
        0.20000       -0.14409   1   6
        0.20000       -0.13040   1   7
        0.20000       -0.07440   1   8
        0.20000       -0.03950   1   9
        0.20000        1.69944   1  10
        0.20000        1.69944   1  11
        0.20000        1.78710   1  12
        0.25000       -3.91280   1   1
        0.25000       -3.91046   1   2
        0.25000       -3.91046   1   3
        0.25000       -0.50494   1   4
        0.25000       -0.14343   1   5
        0.25000       -0.14343   1   6
        0.25000       -0.12110   1   7
        0.25000       -0.08920   1   8
        0.25000       -0.03413   1   9
        0.25000        1.64623   1  10
        0.25000        1.64623   1  11
        0.25000        1.72822   1  12
        0.30000       -3.91486   1   1
        0.30000       -3.91145   1   2
        0.30000       -3.91145   1   3
        0.30000       -0.46907   1   4
        0.30000       -0.14288   1   5
        0.30000       -0.14288   1   6
        0.30000       -0.10927   1   7
        0.30000       -0.10729   1   8
        0.30000       -0.02748   1   9
        0.30000        1.58400   1  10
        0.30000        1.58400   1  11
        0.30000        1.60765   1  12
        0.35000       -3.91698   1   1
        0.35000       -3.91260   1   2
        0.35000       -3.91260   1   3
        0.35000       -0.43056   1   4
        0.35000       -0.14117   1   5
        0.35000       -0.14117   1   6
        0.35000       -0.12613   1   7
        0.35000       -0.09595   1   8
        0.35000       -0.02000   1   9
        0.35000        1.47990   1  10
        0.35000        1.51556   1  11
        0.35000        1.51556   1  12
        0.40000       -3.91891   1   1
        0.40000       -3.91396   1   2
        0.40000       -3.91396   1   3
        0.40000       -0.39072   1   4
        0.40000       -0.14426   1   5
        0.40000       -0.13632   1   6
        0.40000       -0.13632   1   7
        0.40000       -0.08289   1   8
        0.40000       -0.01036   1   9
        0.40000        1.40067   1  10
        0.40000        1.44104   1  11
        0.40000        1.44104   1  12
        0.45000       -3.92055   1   1
        0.45000       -3.91551   1   2
        0.45000       -3.91551   1   3
        0.45000       -0.35122   1   4
        0.45000       -0.16323   1   5
        0.45000       -0.12709   1   6
        0.45000       -0.12709   1   7
        0.45000       -0.07144   1   8
        0.45000        0.00655   1   9
        0.45000        1.35917   1  10
        0.45000        1.35917   1  11
        0.45000        1.37285   1  12
        0.50000       -3.92188   1   1
        0.50000       -3.91719   1   2
        0.50000       -3.91719   1   3
        0.50000       -0.31617   1   4
        0.50000       -0.18560   1   5
        0.50000       -0.11399   1   6
        0.50000       -0.11399   1   7
        0.50000       -0.06140   1   8
        0.50000        0.03732   1   9
        0.50000        1.27070   1  10
        0.50000        1.27070   1  11
        0.50000        1.35658   1  12
        0.55000       -3.92288   1   1
        0.55000       -3.91897   1   2
        0.55000       -3.91897   1   3
        0.55000       -0.29020   1   4
        0.55000       -0.21094   1   5
        0.55000       -0.09884   1   6
        0.55000       -0.09884   1   7
        0.55000       -0.05117   1   8
        0.55000        0.08377   1   9
        0.55000        1.18008   1  10
        0.55000        1.18008   1  11
        0.55000        1.32170   1  12
        0.60000       -3.92347   1   1
        0.60000       -3.92084   1   2
        0.60000       -3.92084   1   3
        0.60000       -0.27570   1   4
        0.60000       -0.23504   1   5
        0.60000       -0.08330   1   6
        0.60000       -0.08330   1   7
        0.60000       -0.03914   1   8
        0.60000        0.14171   1   9
        0.60000        1.09346   1  10
        0.60000        1.09346   1  11
        0.60000        1.27708   1  12
        0.65000       -3.92371   1   1
        0.65000       -3.92273   1   2
        0.65000       -3.92273   1   3
        0.65000       -0.27259   1   4
        0.65000       -0.25385   1   5
        0.65000       -0.06780   1   6
        0.65000       -0.06780   1   7
        0.65000       -0.02527   1   8
        0.65000        0.20688   1   9
        0.65000        1.01494   1  10
        0.65000        1.01494   1  11
        0.65000        1.25033   1  12
        0.70000       -3.92442   1   1
        0.70000       -3.92442   1   2
        0.70000       -3.92390   1   3
        0.70000       -0.27792   1   4
        0.70000       -0.26754   1   5
        0.70000       -0.05174   1   6
        0.70000       -0.05174   1   7
        0.70000       -0.01133   1   8
        0.70000        0.27891   1   9
        0.70000        0.94497   1  10
        0.70000        0.94497   1  11
        0.70000        1.25096   1  12
        0.75000       -3.92569   1   1
        0.75000       -3.92569   1   2
        0.75000       -3.92442   1   3
        0.75000       -0.28659   1   4
        0.75000       -0.27969   1   5
        0.75000       -0.03453   1   6
        0.75000       -0.03453   1   7
        0.75000        0.00055   1   8
        0.75000        0.35916   1   9
        0.75000        0.88212   1  10
        0.75000        0.88212   1  11
        0.75000        1.26216   1  12
        0.80000       -3.92650   1   1
        0.80000       -3.92650   1   2
        0.80000       -3.92538   1   3
        0.80000       -0.29464   1   4
        0.80000       -0.29268   1   5
        0.80000       -0.01660   1   6
        0.80000       -0.01660   1   7
        0.80000        0.00952   1   8
        0.80000        0.44724   1   9
        0.80000        0.82612   1  10
        0.80000        0.82612   1  11
        0.80000        1.26385   1  12
        0.85000       -3.92701   1   1
        0.85000       -3.92701   1   2
        0.85000       -3.92648   1   3
        0.85000       -0.30492   1   4
        0.85000       -0.30156   1   5
        0.85000        0.00046   1   6
        0.85000        0.00046   1   7
        0.85000        0.01623   1   8
        0.85000        0.53942   1   9
        0.85000        0.77905   1  10
        0.85000        0.77905   1  11
        0.85000        1.25356   1  12
        0.90000       -3.92741   1   1
        0.90000       -3.92741   1   2
        0.90000       -3.92733   1   3
        0.90000       -0.31322   1   4
        0.90000       -0.30854   1   5
        0.90000        0.01451   1   6
        0.90000        0.01451   1   7
        0.90000        0.02156   1   8
        0.90000        0.62628   1   9
        0.90000        0.74389   1  10
        0.90000        0.74389   1  11
        0.90000        1.24262   1  12
        0.95000       -3.92775   1   1
        0.95000       -3.92773   1   2
        0.95000       -3.92773   1   3
        0.95000       -0.31678   1   4
        0.95000       -0.31484   1   5
        0.95000        0.02370   1   6
        0.95000        0.02370   1   7
        0.95000        0.02542   1   8
        0.95000        0.69112   1   9
        0.95000        0.72259   1  10
        0.95000        0.72259   1  11
        0.95000        1.23848   1  12
        1.00000       -3.92786   1   1
        1.00000       -3.92786   1   2
        1.00000       -3.92786   1   3
        1.00000       -0.31751   1   4
        1.00000       -0.31751   1   5
        1.00000        0.02688   1   6
        1.00000        0.02688   1   7
        1.00000        0.02688   1   8
        1.00000        0.71552   1   9
        1.00000        0.71552   1  10
        1.00000        0.71552   1  11
        1.00000        1.23825   1  12
        1.00000       -3.92786   1   1
        1.00000       -3.92786   1   2
        1.00000       -3.92786   1   3
        1.00000       -0.31751   1   4
        1.00000       -0.31751   1   5
        1.00000        0.02688   1   6
        1.00000        0.02688   1   7
        1.00000        0.02688   1   8
        1.00000        0.71552   1   9
        1.00000        0.71552   1  10
        1.00000        0.71552   1  11
        1.00000        1.23825   1  12
        1.05051       -3.92786   1   1
        1.05051       -3.92772   1   2
        1.05051       -3.92762   1   3
        1.05051       -0.31629   1   4
        1.05051       -0.31527   1   5
        1.05051        0.02205   1   6
        1.05051        0.02363   1   7
        1.05051        0.02700   1   8
        1.05051        0.70257   1   9
        1.05051        0.71017   1  10
        1.05051        0.72272   1  11
        1.05051        1.23872   1  12
        1.10102       -3.92793   1   1
        1.10102       -3.92731   1   2
        1.10102       -3.92688   1   3
        1.10102       -0.31218   1   4
        1.10102       -0.30945   1   5
        1.10102        0.00853   1   6
        1.10102        0.01407   1   7
        1.10102        0.02751   1   8
        1.10102        0.66787   1   9
        1.10102        0.69291   1  10
        1.10102        0.74433   1  11
        1.10102        1.24566   1  12
        1.15152       -3.92822   1   1
        1.15152       -3.92665   1   2
        1.15152       -3.92563   1   3
        1.15152       -0.30463   1   4
        1.15152       -0.30177   1   5
        1.15152       -0.01134   1   6
        1.15152       -0.00100   1   7
        1.15152        0.02873   1   8
        1.15152        0.61997   1   9
        1.15152        0.66571   1  10
        1.15152        0.77956   1  11
        1.15152        1.26466   1  12
        1.20203       -3.92884   1   1
        1.20203       -3.92575   1   2
        1.20203       -3.92392   1   3
        1.20203       -0.29428   1   4
        1.20203       -0.29262   1   5
        1.20203       -0.03529   1   6
        1.20203       -0.02005   1   7
        1.20203        0.03075   1   8
        1.20203        0.56512   1   9
        1.20203        0.63666   1  10
        1.20203        0.82587   1  11
        1.20203        1.28922   1  12
        1.25254       -3.92970   1   1
        1.25254       -3.92467   1   2
        1.25254       -3.92192   1   3
        1.25254       -0.28376   1   4
        1.25254       -0.28011   1   5
        1.25254       -0.06183   1   6
        1.25254       -0.04059   1   7
        1.25254        0.03314   1   8
        1.25254        0.50609   1   9
        1.25254        0.61238   1  10
        1.25254        0.87980   1  11
        1.25254        1.30686   1  12
        1.30305       -3.93055   1   1
        1.30305       -3.92351   1   2
        1.30305       -3.91980   1   3
        1.30305       -0.27666   1   4
        1.30305       -0.26176   1   5
        1.30305       -0.08993   1   6
        1.30305       -0.05950   1   7
        1.30305        0.03513   1   8
        1.30305        0.44511   1   9
        1.30305        0.59348   1  10
        1.30305        0.93967   1  11
        1.30305        1.31032   1  12
        1.35355       -3.93123   1   1
        1.35355       -3.92238   1   2
        1.35355       -3.91769   1   3
        1.35355       -0.27553   1   4
        1.35355       -0.23732   1   5
        1.35355       -0.11813   1   6
        1.35355       -0.07356   1   7
        1.35355        0.03637   1   8
        1.35355        0.38504   1   9
        1.35355        0.57806   1  10
        1.35355        1.00677   1  11
        1.35355        1.30125   1  12
        1.40406       -3.93181   1   1
        1.40406       -3.92129   1   2
        1.40406       -3.91558   1   3
        1.40406       -0.28038   1   4
        1.40406       -0.20955   1   5
        1.40406       -0.14452   1   6
        1.40406       -0.08041   1   7
        1.40406        0.03741   1   8
        1.40406        0.32735   1   9
        1.40406        0.56575   1  10
        1.40406        1.08247   1  11
        1.40406        1.28815   1  12
        1.45457       -3.93254   1   1
        1.45457       -3.92016   1   2
        1.45457       -3.91350   1   3
        1.45457       -0.28923   1   4
        1.45457       -0.18163   1   5
        1.45457       -0.16737   1   6
        1.45457       -0.07955   1   7
        1.45457        0.03915   1   8
        1.45457        0.27107   1   9
        1.45457        0.55717   1  10
        1.45457        1.16271   1  11
        1.45457        1.28407   1  12
        1.50508       -3.93348   1   1
        1.50508       -3.91902   1   2
        1.50508       -3.91153   1   3
        1.50508       -0.29994   1   4
        1.50508       -0.18600   1   5
        1.50508       -0.15363   1   6
        1.50508       -0.07269   1   7
        1.50508        0.04177   1   8
        1.50508        0.21491   1   9
        1.50508        0.55161   1  10
        1.50508        1.23587   1  11
        1.50508        1.30111   1  12
        1.55558       -3.93443   1   1
        1.55558       -3.91805   1   2
        1.55558       -3.90986   1   3
        1.55558       -0.31100   1   4
        1.55558       -0.20075   1   5
        1.55558       -0.12265   1   6
        1.55558       -0.06333   1   7
        1.55558        0.04434   1   8
        1.55558        0.15977   1   9
        1.55558        0.54757   1  10
        1.55558        1.28843   1  11
        1.55558        1.34053   1  12
        1.60609       -3.93508   1   1
        1.60609       -3.91743   1   2
        1.60609       -3.90868   1   3
        1.60609       -0.32103   1   4
        1.60609       -0.21198   1   5
        1.60609       -0.08753   1   6
        1.60609       -0.05508   1   7
        1.60609        0.04576   1   8
        1.60609        0.10927   1   9
        1.60609        0.54444   1  10
        1.60609        1.31461   1  11
        1.60609        1.38880   1  12
        1.65660       -3.93534   1   1
        1.65660       -3.91718   1   2
        1.65660       -3.90801   1   3
        1.65660       -0.32824   1   4
        1.65660       -0.21934   1   5
        1.65660       -0.05337   1   6
        1.65660       -0.04997   1   7
        1.65660        0.04600   1   8
        1.65660        0.06876   1   9
        1.65660        0.54250   1  10
        1.65660        1.32126   1  11
        1.65660        1.42659   1  12
        1.70711       -3.93539   1   1
        1.70711       -3.91713   1   2
        1.70711       -3.90780   1   3
        1.70711       -0.33088   1   4
        1.70711       -0.22196   1   5
        1.70711       -0.04831   1   6
        1.70711       -0.03604   1   7
        1.70711        0.04591   1   8
        1.70711        0.05014   1   9
        1.70711        0.54188   1  10
        1.70711        1.32132   1  11
        1.70711        1.44055   1  12
        1.70711       -3.93539   1   1
        1.70711       -3.91713   1   2
        1.70711       -3.90780   1   3
        1.70711       -0.33088   1   4
        1.70711       -0.22196   1   5
        1.70711       -0.04831   1   6
        1.70711       -0.03604   1   7
        1.70711        0.04591   1   8
        1.70711        0.05014   1   9
        1.70711        0.54188   1  10
        1.70711        1.32132   1  11
        1.70711        1.44055   1  12
        1.75761       -3.93509   1   1
        1.75761       -3.91695   1   2
        1.75761       -3.90782   1   3
        1.75761       -0.33012   1   4
        1.75761       -0.22090   1   5
        1.75761       -0.05448   1   6
        1.75761       -0.03849   1   7
        1.75761        0.03352   1   8
        1.75761        0.05243   1   9
        1.75761        0.56420   1  10
        1.75761        1.32756   1  11
        1.75761        1.44817   1  12
        1.80812       -3.93414   1   1
        1.80812       -3.91652   1   2
        1.80812       -3.90784   1   3
        1.80812       -0.33008   1   4
        1.80812       -0.21805   1   5
        1.80812       -0.06816   1   6
        1.80812       -0.04347   1   7
        1.80812        0.00366   1   8
        1.80812        0.05123   1   9
        1.80812        0.62593   1  10
        1.80812        1.34426   1  11
        1.80812        1.47100   1  12
        1.85863       -3.93245   1   1
        1.85863       -3.91598   1   2
        1.85863       -3.90783   1   3
        1.85863       -0.33511   1   4
        1.85863       -0.21393   1   5
        1.85863       -0.07974   1   6
        1.85863       -0.04651   1   7
        1.85863       -0.02743   1   8
        1.85863        0.03184   1   9
        1.85863        0.71395   1  10
        1.85863        1.36741   1  11
        1.85863        1.50878   1  12
        1.90914       -3.93010   1   1
        1.90914       -3.91536   1   2
        1.90914       -3.90781   1   3
        1.90914       -0.34735   1   4
        1.90914       -0.20866   1   5
        1.90914       -0.08299   1   6
        1.90914       -0.04665   1   7
        1.90914       -0.04581   1   8
        1.90914       -0.01179   1   9
        1.90914        0.81608   1  10
        1.90914        1.39554   1  11
        1.90914        1.56134   1  12
        1.95964       -3.92733   1   1
        1.95964       -3.91454   1   2
        1.95964       -3.90782   1   3
        1.95964       -0.36634   1   4
        1.95964       -0.20199   1   5
        1.95964       -0.08506   1   6
        1.95964       -0.06401   1   7
        1.95964       -0.05235   1   8
        1.95964       -0.04358   1   9
        1.95964        0.92816   1  10
        1.95964        1.43193   1  11
        1.95964        1.62844   1  12
        2.01015       -3.92444   1   1
        2.01015       -3.91348   1   2
        2.01015       -3.90784   1   3
        2.01015       -0.39357   1   4
        2.01015       -0.19394   1   5
        2.01015       -0.12778   1   6
        2.01015       -0.06692   1   7
        2.01015       -0.05303   1   8
        2.01015       -0.04296   1   9
        2.01015        1.05087   1  10
        2.01015        1.48173   1  11
        2.01015        1.70662   1  12
        2.06066       -3.92156   1   1
        2.06066       -3.91229   1   2
        2.06066       -3.90781   1   3
        2.06066       -0.43089   1   4
        2.06066       -0.18512   1   5
        2.06066       -0.15424   1   6
        2.06066       -0.06353   1   7
        2.06066       -0.05867   1   8
        2.06066       -0.04468   1   9
        2.06066        1.18109   1  10
        2.06066        1.54548   1  11
        2.06066        1.78323   1  12
        2.11117       -3.91868   1   1
        2.11117       -3.91118   1   2
        2.11117       -3.90771   1   3
        2.11117       -0.47145   1   4
        2.11117       -0.17631   1   5
        2.11117       -0.15772   1   6
        2.11117       -0.07317   1   7
        2.11117       -0.06332   1   8
        2.11117       -0.04702   1   9
        2.11117        1.31179   1  10
        2.11117        1.61517   1  11
        2.11117        1.83694   1  12
        2.16168       -3.91578   1   1
        2.16168       -3.91022   1   2
        2.16168       -3.90766   1   3
        2.16168       -0.50695   1   4
        2.16168       -0.16802   1   5
        2.16168       -0.15256   1   6
        2.16168       -0.09324   1   7
        2.16168       -0.06349   1   8
        2.16168       -0.04833   1   9
        2.16168        1.43884   1  10
        2.16168        1.67764   1  11
        2.16168        1.85083   1  12
        2.21218       -3.91303   1   1
        2.21218       -3.90941   1   2
        2.21218       -3.90773   1   3
        2.21218       -0.53598   1   4
        2.21218       -0.16047   1   5
        2.21218       -0.14826   1   6
        2.21218       -0.11285   1   7
        2.21218       -0.06158   1   8
        2.21218       -0.04859   1   9
        2.21218        1.56025   1  10
        2.21218        1.72332   1  11
        2.21218        1.82912   1  12
        2.26269       -3.91071   1   1
        2.26269       -3.90873   1   2
        2.26269       -3.90784   1   3
        2.26269       -0.55987   1   4
        2.26269       -0.15398   1   5
        2.26269       -0.14639   1   6
        2.26269       -0.12799   1   7
        2.26269       -0.05787   1   8
        2.26269       -0.04866   1   9
        2.26269        1.66637   1  10
        2.26269        1.75212   1  11
        2.26269        1.79734   1  12
        2.31320       -3.90903   1   1
        2.31320       -3.90821   1   2
        2.31320       -3.90788   1   3
        2.31320       -0.57835   1   4
        2.31320       -0.14907   1   5
        2.31320       -0.14565   1   6
        2.31320       -0.13789   1   7
        2.31320       -0.05387   1   8
        2.31320       -0.04903   1   9
        2.31320        1.74048   1  10
        2.31320        1.77009   1  11
        2.31320        1.78064   1  12
        2.36371       -3.90808   1   1
        2.36371       -3.90788   1   2
        2.36371       -3.90782   1   3
        2.36371       -0.59005   1   4
        2.36371       -0.14608   1   5
        2.36371       -0.14524   1   6
        2.36371       -0.14335   1   7
        2.36371       -0.05085   1   8
        2.36371       -0.04951   1   9
        2.36371        1.77660   1  10
        2.36371        1.78151   1  11
        2.36371        1.78199   1  12
        2.41421       -3.90777   1   1
        2.41421       -3.90777   1   2
        2.41421       -3.90777   1   3
        2.41421       -0.59403   1   4
        2.41421       -0.14510   1   5
        2.41421       -0.14510   1   6
        2.41421       -0.14510   1   7
        2.41421       -0.04972   1   8
        2.41421       -0.04972   1   9
        2.41421        1.78575   1  10
        2.41421        1.78575   1  11
        2.41421        1.78575   1  12
        2.41421       -3.90777   1   1
        2.41421       -3.90777   1   2
        2.41421       -3.90777   1   3
        2.41421       -0.59403   1   4
        2.41421       -0.14510   1   5
        2.41421       -0.14510   1   6
        2.41421       -0.14510   1   7
        2.41421       -0.04972   1   8
        2.41421       -0.04972   1   9
        2.41421        1.78575   1  10
        2.41421        1.78575   1  11
        2.41421        1.78575   1  12
        2.46516       -3.90810   1   1
        2.46516       -3.90784   1   2
        2.46516       -3.90784   1   3
        2.46516       -0.58997   1   4
        2.46516       -0.14583   1   5
        2.46516       -0.14583   1   6
        2.46516       -0.14302   1   7
        2.46516       -0.05019   1   8
        2.46516       -0.05019   1   9
        2.46516        1.77675   1  10
        2.46516        1.78126   1  11
        2.46516        1.78126   1  12
        2.51610       -3.90910   1   1
        2.51610       -3.90802   1   2
        2.51610       -3.90802   1   3
        2.51610       -0.57788   1   4
        2.51610       -0.14816   1   5
        2.51610       -0.14816   1   6
        2.51610       -0.13656   1   7
        2.51610       -0.05145   1   8
        2.51610       -0.05145   1   9
        2.51610        1.74270   1  10
        2.51610        1.77010   1  11
        2.51610        1.77010   1  12
        2.56704       -3.91082   1   1
        2.56704       -3.90825   1   2
        2.56704       -3.90825   1   3
        2.56704       -0.55823   1   4
        2.56704       -0.15226   1   5
        2.56704       -0.15226   1   6
        2.56704       -0.12540   1   7
        2.56704       -0.05320   1   8
        2.56704       -0.05320   1   9
        2.56704        1.67530   1  10
        2.56704        1.75433   1  11
        2.56704        1.75433   1  12
        2.61798       -3.91324   1   1
        2.61798       -3.90849   1   2
        2.61798       -3.90849   1   3
        2.61798       -0.53221   1   4
        2.61798       -0.15790   1   5
        2.61798       -0.15790   1   6
        2.61798       -0.10971   1   7
        2.61798       -0.05506   1   8
        2.61798       -0.05506   1   9
        2.61798        1.58385   1  10
        2.61798        1.72765   1  11
        2.61798        1.72765   1  12
        2.66893       -3.91615   1   1
        2.66893       -3.90876   1   2
        2.66893       -3.90876   1   3
        2.66893       -0.50141   1   4
        2.66893       -0.16464   1   5
        2.66893       -0.16464   1   6
        2.66893       -0.08991   1   7
        2.66893       -0.05647   1   8
        2.66893       -0.05647   1   9
        2.66893        1.49107   1  10
        2.66893        1.67518   1  11
        2.66893        1.67518   1  12
        2.71987       -3.91926   1   1
        2.71987       -3.90915   1   2
        2.71987       -3.90915   1   3
        2.71987       -0.46673   1   4
        2.71987       -0.17240   1   5
        2.71987       -0.17240   1   6
        2.71987       -0.06575   1   7
        2.71987       -0.05671   1   8
        2.71987       -0.05671   1   9
        2.71987        1.41163   1  10
        2.71987        1.58498   1  11
        2.71987        1.58498   1  12
        2.77081       -3.92222   1   1
        2.77081       -3.90971   1   2
        2.77081       -3.90971   1   3
        2.77081       -0.42756   1   4
        2.77081       -0.18162   1   5
        2.77081       -0.18162   1   6
        2.77081       -0.05512   1   7
        2.77081       -0.05512   1   8
        2.77081       -0.03592   1   9
        2.77081        1.33946   1  10
        2.77081        1.46162   1  11
        2.77081        1.46162   1  12
        2.82175       -3.92477   1   1
        2.82175       -3.91046   1   2
        2.82175       -3.91046   1   3
        2.82175       -0.38278   1   4
        2.82175       -0.19278   1   5
        2.82175       -0.19278   1   6
        2.82175       -0.05161   1   7
        2.82175       -0.05161   1   8
        2.82175        0.00096   1   9
        2.82175        1.25695   1  10
        2.82175        1.32774   1  11
        2.82175        1.32774   1  12
        2.87270       -3.92677   1   1
        2.87270       -3.91137   1   2
        2.87270       -3.91137   1   3
        2.87270       -0.33335   1   4
        2.87270       -0.20532   1   5
        2.87270       -0.20532   1   6
        2.87270       -0.04688   1   7
        2.87270       -0.04688   1   8
        2.87270        0.04500   1   9
        2.87270        1.15366   1  10
        2.87270        1.21064   1  11
        2.87270        1.21064   1  12
        2.92364       -3.92820   1   1
        2.92364       -3.91235   1   2
        2.92364       -3.91235   1   3
        2.92364       -0.28401   1   4
        2.92364       -0.21732   1   5
        2.92364       -0.21732   1   6
        2.92364       -0.04219   1   7
        2.92364       -0.04219   1   8
        2.92364        0.09470   1   9
        2.92364        1.03621   1  10
        2.92364        1.12503   1  11
        2.92364        1.12503   1  12
        2.97458       -3.92905   1   1
        2.97458       -3.91335   1   2
        2.97458       -3.91335   1   3
        2.97458       -0.24197   1   4
        2.97458       -0.22623   1   5
        2.97458       -0.22623   1   6
        2.97458       -0.03856   1   7
        2.97458       -0.03856   1   8
        2.97458        0.14846   1   9
        2.97458        0.92248   1  10
        2.97458        1.06572   1  11
        2.97458        1.06572   1  12
        3.02553       -3.92925   1   1
        3.02553       -3.91439   1   2
        3.02553       -3.91439   1   3
        3.02553       -0.23035   1   4
        3.02553       -0.23035   1   5
        3.02553       -0.21309   1   6
        3.02553       -0.03636   1   7
        3.02553       -0.03636   1   8
        3.02553        0.20668   1   9
        3.02553        0.82892   1  10
        3.02553        1.01530   1  11
        3.02553        1.01530   1  12
        3.07647       -3.92873   1   1
        3.07647       -3.91549   1   2
        3.07647       -3.91549   1   3
        3.07647       -0.22975   1   4
        3.07647       -0.22975   1   5
        3.07647       -0.19846   1   6
        3.07647       -0.03527   1   7
        3.07647       -0.03527   1   8
        3.07647        0.27278   1   9
        3.07647        0.76156   1  10
        3.07647        0.95806   1  11
        3.07647        0.95806   1  12
        3.12741       -3.92746   1   1
        3.12741       -3.91668   1   2
        3.12741       -3.91668   1   3
        3.12741       -0.22606   1   4
        3.12741       -0.22606   1   5
        3.12741       -0.19479   1   6
        3.12741       -0.03468   1   7
        3.12741       -0.03468   1   8
        3.12741        0.35211   1   9
        3.12741        0.71657   1  10
        3.12741        0.88918   1  11
        3.12741        0.88918   1  12
        3.17835       -3.92554   1   1
        3.17835       -3.91797   1   2
        3.17835       -3.91797   1   3
        3.17835       -0.22127   1   4
        3.17835       -0.22127   1   5
        3.17835       -0.19751   1   6
        3.17835       -0.03420   1   7
        3.17835       -0.03420   1   8
        3.17835        0.44829   1   9
        3.17835        0.68636   1  10
        3.17835        0.81449   1  11
        3.17835        0.81449   1  12
        3.22930       -3.92317   1   1
        3.22930       -3.91930   1   2
        3.22930       -3.91930   1   3
        3.22930       -0.21653   1   4
        3.22930       -0.21653   1   5
        3.22930       -0.20356   1   6
        3.22930       -0.03379   1   7
        3.22930       -0.03379   1   8
        3.22930        0.55905   1   9
        3.22930        0.66536   1  10
        3.22930        0.74389   1  11
        3.22930        0.74389   1  12
        3.28024       -3.92061   1   1
        3.28024       -3.92061   1   2
        3.28024       -3.92061   1   3
        3.28024       -0.21191   1   4
        3.28024       -0.21191   1   5
        3.28024       -0.21191   1   6
        3.28024       -0.03361   1   7
        3.28024       -0.03361   1   8
        3.28024        0.64293   1   9
        3.28024        0.68443   1  10
        3.28024        0.68443   1  11
        3.28024        0.68443   1  12
        3.28024       -3.92061   1   1
        3.28024       -3.92061   1   2
        3.28024       -3.92061   1   3
        3.28024       -0.21191   1   4
        3.28024       -0.21191   1   5
        3.28024       -0.21191   1   6
        3.28024       -0.03361   1   7
        3.28024       -0.03361   1   8
        3.28024        0.64293   1   9
        3.28024        0.68443   1  10
        3.28024        0.68443   1  11
        3.28024        0.68443   1  12
        3.33118       -3.92183   1   1
        3.33118       -3.92183   1   2
        3.33118       -3.91816   1   3
        3.33118       -0.22232   1   4
        3.33118       -0.20697   1   5
        3.33118       -0.20697   1   6
        3.33118       -0.03379   1   7
        3.33118       -0.03379   1   8
        3.33118        0.63422   1   9
        3.33118        0.63762   1  10
        3.33118        0.63762   1  11
        3.33118        0.79931   1  12
        3.38212       -3.92292   1   1
        3.38212       -3.92292   1   2
        3.38212       -3.91607   1   3
        3.38212       -0.23380   1   4
        3.38212       -0.20170   1   5
        3.38212       -0.20170   1   6
        3.38212       -0.03419   1   7
        3.38212       -0.03419   1   8
        3.38212        0.60084   1   9
        3.38212        0.60084   1  10
        3.38212        0.62704   1  11
        3.38212        0.91265   1  12
        3.43307       -3.92387   1   1
        3.43307       -3.92387   1   2
        3.43307       -3.91446   1   3
        3.43307       -0.24427   1   4
        3.43307       -0.19698   1   5
        3.43307       -0.19698   1   6
        3.43307       -0.03447   1   7
        3.43307       -0.03447   1   8
        3.43307        0.57057   1   9
        3.43307        0.57057   1  10
        3.43307        0.62484   1  11
        3.43307        1.02899   1  12
        3.48401       -3.92468   1   1
        3.48401       -3.92468   1   2
        3.48401       -3.91334   1   3
        3.48401       -0.25107   1   4
        3.48401       -0.19426   1   5
        3.48401       -0.19426   1   6
        3.48401       -0.03420   1   7
        3.48401       -0.03420   1   8
        3.48401        0.54514   1   9
        3.48401        0.54514   1  10
        3.48401        0.62847   1  11
        3.48401        1.16355   1  12
        3.53495       -3.92539   1   1
        3.53495       -3.92539   1   2
        3.53495       -3.91262   1   3
        3.53495       -0.25193   1   4
        3.53495       -0.19491   1   5
        3.53495       -0.19491   1   6
        3.53495       -0.03307   1   7
        3.53495       -0.03307   1   8
        3.53495        0.52537   1   9
        3.53495        0.52537   1  10
        3.53495        0.63776   1  11
        3.53495        1.32734   1  12
        3.58589       -3.92604   1   1
        3.58589       -3.92604   1   2
        3.58589       -3.91226   1   3
        3.58589       -0.24556   1   4
        3.58589       -0.19970   1   5
        3.58589       -0.19970   1   6
        3.58589       -0.03089   1   7
        3.58589       -0.03089   1   8
        3.58589        0.51360   1   9
        3.58589        0.51360   1  10
        3.58589        0.65143   1  11
        3.58589        1.50943   1  12
        3.63684       -3.92665   1   1
        3.63684       -3.92665   1   2
        3.63684       -3.91230   1   3
        3.63684       -0.23174   1   4
        3.63684       -0.20861   1   5
        3.63684       -0.20861   1   6
        3.63684       -0.02752   1   7
        3.63684       -0.02752   1   8
        3.63684        0.51176   1   9
        3.63684        0.51176   1  10
        3.63684        0.66735   1  11
        3.63684        1.67144   1  12
        3.68778       -3.92720   1   1
        3.68778       -3.92720   1   2
        3.68778       -3.91284   1   3
        3.68778       -0.22099   1   4
        3.68778       -0.22099   1   5
        3.68778       -0.21109   1   6
        3.68778       -0.02273   1   7
        3.68778       -0.02273   1   8
        3.68778        0.51997   1   9
        3.68778        0.51997   1  10
        3.68778        0.68269   1  11
        3.68778        1.76650   1  12
        3.73872       -3.92760   1   1
        3.73872       -3.92760   1   2
        3.73872       -3.91400   1   3
        3.73872       -0.23580   1   4
        3.73872       -0.23580   1   5
        3.73872       -0.18476   1   6
        3.73872       -0.01641   1   7
        3.73872       -0.01641   1   8
        3.73872        0.53638   1   9
        3.73872        0.53638   1  10
        3.73872        0.69443   1  11
        3.73872        1.77045   1  12
        3.78967       -3.92782   1   1
        3.78967       -3.92782   1   2
        3.78967       -3.91580   1   3
        3.78967       -0.25162   1   4
        3.78967       -0.25162   1   5
        3.78967       -0.15425   1   6
        3.78967       -0.00889   1   7
        3.78967       -0.00889   1   8
        3.78967        0.55823   1   9
        3.78967        0.55823   1  10
        3.78967        0.70086   1  11
        3.78967        1.69587   1  12
        3.84061       -3.92784   1   1
        3.84061       -3.92784   1   2
        3.84061       -3.91812   1   3
        3.84061       -0.26706   1   4
        3.84061       -0.26706   1   5
        3.84061       -0.12109   1   6
        3.84061       -0.00095   1   7
        3.84061       -0.00095   1   8
        3.84061        0.58319   1   9
        3.84061        0.58319   1  10
        3.84061        0.70320   1  11
        3.84061        1.57878   1  12
        3.89155       -3.92775   1   1
        3.89155       -3.92775   1   2
        3.89155       -3.92069   1   3
        3.89155       -0.28104   1   4
        3.89155       -0.28104   1   5
        3.89155       -0.08681   1   6
        3.89155        0.00657   1   7
        3.89155        0.00657   1   8
        3.89155        0.61005   1   9
        3.89155        0.61005   1  10
        3.89155        0.70510   1  11
        3.89155        1.45612   1  12
        3.94249       -3.92765   1   1
        3.94249       -3.92765   1   2
        3.94249       -3.92314   1   3
        3.94249       -0.29307   1   4
        3.94249       -0.29307   1   5
        3.94249       -0.05306   1   6
        3.94249        0.01316   1   7
        3.94249        0.01316   1   8
        3.94249        0.63814   1   9
        3.94249        0.63814   1  10
        3.94249        0.70944   1  11
        3.94249        1.35343   1  12
        3.99344       -3.92763   1   1
        3.99344       -3.92763   1   2
        3.99344       -3.92520   1   3
        3.99344       -0.30302   1   4
        3.99344       -0.30302   1   5
        3.99344       -0.02199   1   6
        3.99344        0.01866   1   7
        3.99344        0.01866   1   8
        3.99344        0.66619   1   9
        3.99344        0.66619   1  10
        3.99344        0.71521   1  11
        3.99344        1.28366   1  12
        4.04438       -3.92771   1   1
        4.04438       -3.92771   1   2
        4.04438       -3.92669   1   3
        4.04438       -0.31073   1   4
        4.04438       -0.31073   1   5
        4.04438        0.00366   1   6
        4.04438        0.02299   1   7
        4.04438        0.02299   1   8
        4.04438        0.69127   1   9
        4.04438        0.69127   1  10
        4.04438        0.71819   1  11
        4.04438        1.24867   1  12
        4.09532       -3.92781   1   1
        4.09532       -3.92781   1   2
        4.09532       -3.92757   1   3
        4.09532       -0.31575   1   4
        4.09532       -0.31575   1   5
        4.09532        0.02082   1   6
        4.09532        0.02586   1   7
        4.09532        0.02586   1   8
        4.09532        0.70904   1   9
        4.09532        0.70904   1  10
        4.09532        0.71693   1  11
        4.09532        1.23885   1  12
        4.14626       -3.92786   1   1
        4.14626       -3.92786   1   2
        4.14626       -3.92786   1   3
        4.14626       -0.31751   1   4
        4.14626       -0.31751   1   5
        4.14626        0.02688   1   6
        4.14626        0.02688   1   7
        4.14626        0.02688   1   8
        4.14626        0.71552   1   9
        4.14626        0.71552   1  10
        4.14626        0.71552   1  11
        4.14626        1.23825   1  12
        4.14626       -3.92061   1   1
        4.14626       -3.92061   1   2
        4.14626       -3.92061   1   3
        4.14626       -0.21191   1   4
        4.14626       -0.21191   1   5
        4.14626       -0.21191   1   6
        4.14626       -0.03361   1   7
        4.14626       -0.03361   1   8
        4.14626        0.64293   1   9
        4.14626        0.68443   1  10
        4.14626        0.68443   1  11
        4.14626        0.68443   1  12
        4.20182       -3.92302   1   1
        4.20182       -3.92057   1   2
        4.20182       -3.91819   1   3
        4.20182       -0.21949   1   4
        4.20182       -0.21534   1   5
        4.20182       -0.20173   1   6
        4.20182       -0.03479   1   7
        4.20182       -0.03283   1   8
        4.20182        0.58809   1   9
        4.20182        0.61816   1  10
        4.20182        0.72208   1  11
        4.20182        0.78480   1  12
        4.25738       -3.92547   1   1
        4.25738       -3.92041   1   2
        4.25738       -3.91578   1   3
        4.25738       -0.22574   1   4
        4.25738       -0.22429   1   5
        4.25738       -0.18873   1   6
        4.25738       -0.03780   1   7
        4.25738       -0.03067   1   8
        4.25738        0.49959   1   9
        4.25738        0.59165   1  10
        4.25738        0.79581   1  11
        4.25738        0.87495   1  12
        4.31293       -3.92785   1   1
        4.31293       -3.92001   1   2
        4.31293       -3.91360   1   3
        4.31293       -0.24276   1   4
        4.31293       -0.22667   1   5
        4.31293       -0.17079   1   6
        4.31293       -0.04082   1   7
        4.31293       -0.02898   1   8
        4.31293        0.41725   1   9
        4.31293        0.57649   1  10
        4.31293        0.89549   1  11
        4.31293        0.94818   1  12
        4.36849       -3.92996   1   1
        4.36849       -3.91932   1   2
        4.36849       -3.91195   1   3
        4.36849       -0.26441   1   4
        4.36849       -0.22744   1   5
        4.36849       -0.14404   1   6
        4.36849       -0.04148   1   7
        4.36849       -0.03150   1   8
        4.36849        0.34190   1   9
        4.36849        0.56582   1  10
        4.36849        0.99821   1  11
        4.36849        1.02680   1  12
        4.42404       -3.93168   1   1
        4.42404       -3.91846   1   2
        4.42404       -3.91086   1   3
        4.42404       -0.28716   1   4
        4.42404       -0.22721   1   5
        4.42404       -0.10619   1   6
        4.42404       -0.03952   1   7
        4.42404       -0.03902   1   8
        4.42404        0.27333   1   9
        4.42404        0.55215   1  10
        4.42404        1.07525   1  11
        4.42404        1.14217   1  12
        4.47960       -3.93308   1   1
        4.47960       -3.91768   1   2
        4.47960       -3.91000   1   3
        4.47960       -0.30691   1   4
        4.47960       -0.22617   1   5
        4.47960       -0.06070   1   6
        4.47960       -0.04602   1   7
        4.47960       -0.03812   1   8
        4.47960        0.20718   1   9
        4.47960        0.53888   1  10
        4.47960        1.13147   1  11
        4.47960        1.28297   1  12
        4.53515       -3.93423   1   1
        4.53515       -3.91724   1   2
        4.53515       -3.90906   1   3
        4.53515       -0.32088   1   4
        4.53515       -0.22444   1   5
        4.53515       -0.04588   1   6
        4.53515       -0.04057   1   7
        4.53515       -0.01628   1   8
        4.53515        0.14186   1   9
        4.53515        0.53448   1  10
        4.53515        1.20032   1  11
        4.53515        1.39197   1  12
        4.59071       -3.93507   1   1
        4.59071       -3.91712   1   2
        4.59071       -3.90818   1   3
        4.59071       -0.32854   1   4
        4.59071       -0.22270   1   5
        4.59071       -0.04566   1   6
        4.59071       -0.03976   1   7
        4.59071        0.01927   1   8
        4.59071        0.08584   1   9
        4.59071        0.53860   1  10
        4.59071        1.28186   1  11
        4.59071        1.43522   1  12
        4.64626       -3.93539   1   1
        4.64626       -3.91713   1   2
        4.64626       -3.90780   1   3
        4.64626       -0.33088   1   4
        4.64626       -0.22196   1   5
        4.64626       -0.04831   1   6
        4.64626       -0.03604   1   7
        4.64626        0.04591   1   8
        4.64626        0.05014   1   9
        4.64626        0.54188   1  10
        4.64626        1.32132   1  11
        4.64626        1.44055   1  12
