 0.000000 -0.566282 2 1
 0.000000 -0.000981 2 2
 0.000000 -0.000981 2 3
 0.000000 -0.000981 2 4
 0.000000  0.128849 2 5
 0.000000  0.128849 2 6
 0.000000  2.673659 2 7
 0.000000  2.673659 2 8
 0.000000  2.673659 2 9
 0.050000 -0.562440 2 1
 0.050000 -0.001153 2 2
 0.050000 -0.001153 2 3
 0.050000  0.000168 2 4
 0.050000  0.126761 2 5
 0.050000  0.129672 2 6
 0.050000  2.649668 2 7
 0.050000  2.649668 2 8
 0.050000  2.657733 2 9
 0.100000 -0.551230 2 1
 0.100000 -0.001586 2 2
 0.100000 -0.001586 2 3
 0.100000  0.003552 2 4
 0.100000  0.120570 2 5
 0.100000  0.132091 2 6
 0.100000  2.578354 2 7
 0.100000  2.578354 2 8
 0.100000  2.610222 2 9
 0.150000 -0.533151 2 1
 0.150000 -0.002055 2 2
 0.150000 -0.002055 2 3
 0.150000  0.009013 2 4
 0.150000  0.110450 2 5
 0.150000  0.135958 2 6
 0.150000  2.465310 2 7
 0.150000  2.465310 2 8
 0.150000  2.538255 2 9
 0.200000 -0.508164 2 1
 0.200000 -0.002228 2 2
 0.200000 -0.002228 2 3
 0.200000  0.016395 2 4
 0.200000  0.096619 2 5
 0.200000  0.141024 2 6
 0.200000  2.326296 2 7
 0.200000  2.326296 2 8
 0.200000  2.459091 2 9
 0.250000 -0.476007 2 1
 0.250000 -0.001703 2 2
 0.250000 -0.001703 2 3
 0.250000  0.025590 2 4
 0.250000  0.079344 2 5
 0.250000  0.146947 2 6
 0.250000  2.183775 2 7
 0.250000  2.183775 2 8
 0.250000  2.384946 2 9
 0.300000 -0.437468 2 1
 0.300000 -0.000031 2 2
 0.300000 -0.000031 2 3
 0.300000  0.036507 2 4
 0.300000  0.059021 2 5
 0.300000  0.153406 2 6
 0.300000  2.052867 2 7
 0.300000  2.052867 2 8
 0.300000  2.310157 2 9
 0.350000 -0.394908 2 1
 0.350000  0.003255 2 2
 0.350000  0.003255 2 3
 0.350000  0.036257 2 4
 0.350000  0.048973 2 5
 0.350000  0.160384 2 6
 0.350000  1.931230 2 7
 0.350000  1.931230 2 8
 0.350000  2.220233 2 9
 0.400000 -0.351042 2 1
 0.400000  0.008565 2 2
 0.400000  0.008565 2 3
 0.400000  0.011838 2 4
 0.400000  0.062669 2 5
 0.400000  0.168472 2 6
 0.400000  1.806564 2 7
 0.400000  1.806564 2 8
 0.400000  2.111856 2 9
 0.450000 -0.307279 2 1
 0.450000 -0.013419 2 2
 0.450000  0.016213 2 3
 0.450000  0.016213 2 4
 0.450000  0.077173 2 5
 0.450000  0.179134 2 6
 0.450000  1.671519 2 7
 0.450000  1.671519 2 8
 0.450000  2.000581 2 9
 0.500000 -0.264424 2 1
 0.500000 -0.038829 2 2
 0.500000  0.026446 2 3
 0.500000  0.026446 2 4
 0.500000  0.092080 2 5
 0.500000  0.195060 2 6
 0.500000  1.529403 2 7
 0.500000  1.529403 2 8
 0.500000  1.906544 2 9
 0.550000 -0.225450 2 1
 0.550000 -0.063873 2 2
 0.550000  0.039465 2 3
 0.550000  0.039465 2 4
 0.550000  0.107078 2 5
 0.550000  0.220259 2 6
 0.550000  1.389185 2 7
 0.550000  1.389185 2 8
 0.550000  1.837775 2 9
 0.600000 -0.195714 2 1
 0.600000 -0.088106 2 2
 0.600000  0.055305 2 3
 0.600000  0.055305 2 4
 0.600000  0.121911 2 5
 0.600000  0.258411 2 6
 0.600000  1.257812 2 7
 0.600000  1.257812 2 8
 0.600000  1.790211 2 9
 0.650000 -0.178713 2 1
 0.650000 -0.111024 2 2
 0.650000  0.073661 2 3
 0.650000  0.073661 2 4
 0.650000  0.136267 2 5
 0.650000  0.309381 2 6
 0.650000  1.137623 2 7
 0.650000  1.137623 2 8
 0.650000  1.758117 2 9
 0.700000 -0.172804 2 1
 0.700000 -0.132037 2 2
 0.700000  0.093901 2 3
 0.700000  0.093901 2 4
 0.700000  0.149734 2 5
 0.700000  0.369311 2 6
 0.700000  1.029788 2 7
 0.700000  1.029788 2 8
 0.700000  1.739880 2 9
 0.750000 -0.173665 2 1
 0.750000 -0.150559 2 2
 0.750000  0.115259 2 3
 0.750000  0.115259 2 4
 0.750000  0.161850 2 5
 0.750000  0.436136 2 6
 0.750000  0.937452 2 7
 0.750000  0.937452 2 8
 0.750000  1.733289 2 9
 0.800000 -0.177941 2 1
 0.800000 -0.166126 2 2
 0.800000  0.136892 2 3
 0.800000  0.136892 2 4
 0.800000  0.172226 2 5
 0.800000  0.510792 2 6
 0.800000  0.864372 2 7
 0.800000  0.864372 2 8
 0.800000  1.728991 2 9
 0.850000 -0.183670 2 1
 0.850000 -0.178455 2 2
 0.850000  0.157568 2 3
 0.850000  0.157568 2 4
 0.850000  0.180591 2 5
 0.850000  0.591511 2 6
 0.850000  0.811711 2 7
 0.850000  0.811711 2 8
 0.850000  1.713271 2 9
 0.900000 -0.189244 2 1
 0.900000 -0.187383 2 2
 0.900000  0.175287 2 3
 0.900000  0.175287 2 4
 0.900000  0.186754 2 5
 0.900000  0.669474 2 6
 0.900000  0.777349 2 7
 0.900000  0.777349 2 8
 0.900000  1.680054 2 9
 0.950000 -0.193202 2 1
 0.950000 -0.192799 2 2
 0.950000  0.187468 2 3
 0.950000  0.187468 2 4
 0.950000  0.190549 2 5
 0.950000  0.729009 2 6
 0.950000  0.758099 2 7
 0.950000  0.758099 2 8
 0.950000  1.641727 2 9
 1.000000 -0.194616 2 1
 1.000000 -0.194616 2 2
 1.000000  0.191833 2 3
 1.000000  0.191833 2 4
 1.000000  0.191833 2 5
 1.000000  0.751882 2 6
 1.000000  0.751882 2 7
 1.000000  0.751882 2 8
 1.000000  1.624154 2 9
 1.000000 -0.194616 2 1
 1.000000 -0.194616 2 2
 1.000000  0.191833 2 3
 1.000000  0.191833 2 4
 1.000000  0.191833 2 5
 1.000000  0.751882 2 6
 1.000000  0.751882 2 7
 1.000000  0.751882 2 8
 1.000000  1.624154 2 9
 1.050508 -0.193053 2 1
 1.050508 -0.192874 2 2
 1.050508  0.185835 2 3
 1.050508  0.187345 2 4
 1.050508  0.192097 2 5
 1.050508  0.743340 2 6
 1.050508  0.743406 2 7
 1.050508  0.758420 2 8
 1.050508  1.642251 2 9
 1.101015 -0.188380 2 1
 1.101015 -0.187848 2 2
 1.101015  0.169138 2 3
 1.101015  0.174495 2 4
 1.101015  0.192879 2 5
 1.101015  0.717781 2 6
 1.101015  0.726615 2 7
 1.101015  0.780376 2 8
 1.101015  1.684062 2 9
 1.151523 -0.180713 2 1
 1.151523 -0.180171 2 2
 1.151523  0.144786 2 3
 1.151523  0.155110 2 4
 1.151523  0.194145 2 5
 1.151523  0.676751 2 6
 1.151523  0.713747 2 7
 1.151523  0.821205 2 8
 1.151523  1.729478 2 9
 1.202031 -0.170986 2 1
 1.202031 -0.170207 2 2
 1.202031  0.115804 2 3
 1.202031  0.131772 2 4
 1.202031  0.195840 2 5
 1.202031  0.625136 2 6
 1.202031  0.705750 2 7
 1.202031  0.878827 2 8
 1.202031  1.772418 2 9
 1.252538 -0.162198 2 1
 1.252538 -0.156756 2 2
 1.252538  0.084462 2 3
 1.252538  0.107543 2 4
 1.252538  0.197879 2 5
 1.252538  0.570154 2 6
 1.252538  0.696177 2 7
 1.252538  0.944411 2 8
 1.252538  1.818341 2 9
 1.303046 -0.156605 2 1
 1.303046 -0.139833 2 2
 1.303046  0.052595 2 3
 1.303046  0.086418 2 4
 1.303046  0.200151 2 5
 1.303046  0.516924 2 6
 1.303046  0.681997 2 7
 1.303046  1.010905 2 8
 1.303046  1.869304 2 9
 1.353553 -0.157182 2 1
 1.353553 -0.119052 2 2
 1.353553  0.021978 2 3
 1.353553  0.073046 2 4
 1.353553  0.202539 2 5
 1.353553  0.465718 2 6
 1.353553  0.667145 2 7
 1.353553  1.082901 2 8
 1.353553  1.919366 2 9
 1.404061 -0.165112 2 1
 1.404061 -0.094804 2 2
 1.404061 -0.006031 2 3
 1.404061  0.070102 2 4
 1.404061  0.204930 2 5
 1.404061  0.413924 2 6
 1.404061  0.657300 2 7
 1.404061  1.176328 2 8
 1.404061  1.964481 2 9
 1.454569 -0.178764 2 1
 1.454569 -0.068140 2 2
 1.454569 -0.030750 2 3
 1.454569  0.076332 2 4
 1.454569  0.207220 2 5
 1.454569  0.360275 2 6
 1.454569  0.654303 2 7
 1.454569  1.304256 2 8
 1.454569  2.009223 2 9
 1.505076 -0.195080 2 1
 1.505076 -0.051838 2 2
 1.505076 -0.039860 2 3
 1.505076  0.087989 2 4
 1.505076  0.209290 2 5
 1.505076  0.306570 2 6
 1.505076  0.655092 2 7
 1.505076  1.461490 2 8
 1.505076  2.060336 2 9
 1.555584 -0.210915 2 1
 1.555584 -0.068861 2 2
 1.555584 -0.009684 2 3
 1.555584  0.101130 2 4
 1.555584  0.211018 2 5
 1.555584  0.255708 2 6
 1.555584  0.655530 2 7
 1.555584  1.626894 2 8
 1.555584  2.115651 2 9
 1.606092 -0.223559 2 1
 1.606092 -0.081271 2 2
 1.606092  0.023076 2 3
 1.606092  0.112620 2 4
 1.606092  0.209344 2 5
 1.606092  0.212297 2 6
 1.606092  0.654387 2 7
 1.606092  1.775727 2 8
 1.606092  2.163938 2 9
 1.656599 -0.231386 2 1
 1.656599 -0.088735 2 2
 1.656599  0.056736 2 3
 1.656599  0.120349 2 4
 1.656599  0.168857 2 5
 1.656599  0.213072 2 6
 1.656599  0.652917 2 7
 1.656599  1.882958 2 8
 1.656599  2.195043 2 9
 1.707107 -0.233976 2 1
 1.707107 -0.091207 2 2
 1.707107  0.076561 2 3
 1.707107  0.123067 2 4
 1.707107  0.147101 2 5
 1.707107  0.213329 2 6
 1.707107  0.652328 2 7
 1.707107  1.922846 2 8
 1.707107  2.205428 2 9
 1.707107 -0.233976 2 1
 1.707107 -0.091207 2 2
 1.707107  0.076561 2 3
 1.707107  0.123067 2 4
 1.707107  0.147101 2 5
 1.707107  0.213329 2 6
 1.707107  0.652328 2 7
 1.707107  1.922846 2 8
 1.707107  2.205428 2 9
 1.757614 -0.236721 2 1
 1.757614 -0.090170 2 2
 1.757614  0.062558 2 3
 1.757614  0.123506 2 4
 1.757614  0.146735 2 5
 1.757614  0.209887 2 6
 1.757614  0.679055 2 7
 1.757614  1.932565 2 8
 1.757614  2.206613 2 9
 1.808122 -0.244802 2 1
 1.808122 -0.087107 2 2
 1.808122  0.034385 2 3
 1.808122  0.122860 2 4
 1.808122  0.145676 2 5
 1.808122  0.199929 2 6
 1.808122  0.740476 2 7
 1.808122  1.960352 2 8
 1.808122  2.216786 2 9
 1.858630 -0.258487 2 1
 1.858630 -0.082157 2 2
 1.858630  0.007984 2 3
 1.858630  0.120561 2 4
 1.858630  0.144039 2 5
 1.858630  0.184437 2 6
 1.858630  0.811932 2 7
 1.858630  2.002609 2 8
 1.858630  2.247782 2 9
 1.909137 -0.279860 2 1
 1.909137 -0.075516 2 2
 1.909137 -0.011692 2 3
 1.909137  0.117186 2 4
 1.909137  0.141981 2 5
 1.909137  0.164698 2 6
 1.909137  0.899226 2 7
 1.909137  2.055261 2 8
 1.909137  2.301711 2 9
 1.959645 -0.311490 2 1
 1.959645 -0.067436 2 2
 1.959645 -0.023311 2 3
 1.959645  0.113394 2 4
 1.959645  0.139697 2 5
 1.959645  0.142145 2 6
 1.959645  1.033398 2 7
 1.959645  2.115959 2 8
 1.959645  2.365354 2 9
 2.010153 -0.352384 2 1
 2.010153 -0.058231 2 2
 2.010153 -0.026904 2 3
 2.010153  0.109947 2 4
 2.010153  0.118206 2 5
 2.010153  0.137389 2 6
 2.010153  1.230458 2 7
 2.010153  2.184917 2 8
 2.010153  2.420689 2 9
 2.060660 -0.397026 2 1
 2.060660 -0.048308 2 2
 2.060660 -0.024256 2 3
 2.060660  0.094257 2 4
 2.060660  0.107625 2 5
 2.060660  0.135240 2 6
 2.060660  1.467962 2 7
 2.060660  2.261728 2 8
 2.060660  2.460633 2 9
 2.111168 -0.439416 2 1
 2.111168 -0.038147 2 2
 2.111168 -0.018246 2 3
 2.111168  0.071478 2 4
 2.111168  0.107136 2 5
 2.111168  0.133374 2 6
 2.111168  1.713675 2 7
 2.111168  2.341027 2 8
 2.111168  2.493220 2 9
 2.161675 -0.476322 2 1
 2.161675 -0.028281 2 2
 2.161675 -0.011775 2 3
 2.161675  0.050814 2 4
 2.161675  0.108978 2 5
 2.161675  0.131846 2 6
 2.161675  1.951111 2 7
 2.161675  2.413605 2 8
 2.161675  2.530402 2 9
 2.212183 -0.507129 2 1
 2.212183 -0.019266 2 2
 2.212183 -0.006726 2 3
 2.212183  0.032987 2 4
 2.212183  0.113051 2 5
 2.212183  0.130669 2 6
 2.212183  2.174398 2 7
 2.212183  2.475581 2 8
 2.212183  2.574938 2 9
 2.262691 -0.532052 2 1
 2.262691 -0.011628 2 2
 2.262691 -0.003568 2 3
 2.262691  0.018516 2 4
 2.262691  0.118435 2 5
 2.262691  0.129821 2 6
 2.262691  2.374670 2 7
 2.262691  2.534021 2 8
 2.262691  2.618568 2 9
 2.313198 -0.550725 2 1
 2.313198 -0.005828 2 2
 2.313198 -0.001904 2 3
 2.313198  0.007823 2 4
 2.313198  0.123704 2 5
 2.313198  0.129262 2 6
 2.313198  2.535006 2 7
 2.313198  2.595730 2 8
 2.313198  2.650979 2 9
 2.363706 -0.562345 2 1
 2.363706 -0.002209 2 2
 2.363706 -0.001176 2 3
 2.363706  0.001242 2 4
 2.363706  0.127484 2 5
 2.363706  0.128949 2 6
 2.363706  2.638202 2 7
 2.363706  2.650637 2 8
 2.363706  2.668512 2 9
 2.414214 -0.566282 2 1
 2.414214 -0.000981 2 2
 2.414214 -0.000981 2 3
 2.414214 -0.000981 2 4
 2.414214  0.128849 2 5
 2.414214  0.128849 2 6
 2.414214  2.673659 2 7
 2.414214  2.673659 2 8
 2.414214  2.673659 2 9
 2.414214 -0.566282 2 1
 2.414214 -0.000981 2 2
 2.414214 -0.000981 2 3
 2.414214 -0.000981 2 4
 2.414214  0.128849 2 5
 2.414214  0.128849 2 6
 2.414214  2.673659 2 7
 2.414214  2.673659 2 8
 2.414214  2.673659 2 9
 2.465156 -0.562268 2 1
 2.465156 -0.001889 2 2
 2.465156 -0.001889 2 3
 2.465156  0.001640 2 4
 2.465156  0.128210 2 5
 2.465156  0.128210 2 6
 2.465156  2.632531 2 7
 2.465156  2.662150 2 8
 2.465156  2.662150 2 9
 2.516099 -0.550284 2 1
 2.516099 -0.004705 2 2
 2.516099 -0.004705 2 3
 2.516099  0.009442 2 4
 2.516099  0.126506 2 5
 2.516099  0.126506 2 6
 2.516099  2.528250 2 7
 2.516099  2.628680 2 8
 2.516099  2.628680 2 9
 2.567042 -0.530387 2 1
 2.567042 -0.009645 2 2
 2.567042 -0.009645 2 3
 2.567042  0.022281 2 4
 2.567042  0.124317 2 5
 2.567042  0.124317 2 6
 2.567042  2.400002 2 7
 2.567042  2.573592 2 8
 2.567042  2.573592 2 9
 2.617984 -0.502771 2 1
 2.617984 -0.016848 2 2
 2.617984 -0.016848 2 3
 2.617984  0.039961 2 4
 2.617984  0.122407 2 5
 2.617984  0.122407 2 6
 2.617984  2.273134 2 7
 2.617984  2.492415 2 8
 2.617984  2.492415 2 9
 2.668927 -0.468419 2 1
 2.668927 -0.026214 2 2
 2.668927 -0.026214 2 3
 2.668927  0.062247 2 4
 2.668927  0.121450 2 5
 2.668927  0.121450 2 6
 2.668927  2.146651 2 7
 2.668927  2.377049 2 8
 2.668927  2.377049 2 9
 2.719870 -0.429428 2 1
 2.719870 -0.037311 2 2
 2.719870 -0.037311 2 3
 2.719870  0.088785 2 4
 2.719870  0.121817 2 5
 2.719870  0.121817 2 6
 2.719870  2.010160 2 7
 2.719870  2.222621 2 8
 2.719870  2.222621 2 9
 2.770812 -0.387837 2 1
 2.770812 -0.049429 2 2
 2.770812 -0.049429 2 3
 2.770812  0.119151 2 4
 2.770812  0.123521 2 5
 2.770812  0.123521 2 6
 2.770812  1.861692 2 7
 2.770812  2.032258 2 8
 2.770812  2.032258 2 9
 2.821755 -0.344132 2 1
 2.821755 -0.061735 2 2
 2.821755 -0.061735 2 3
 2.821755  0.126308 2 4
 2.821755  0.126308 2 5
 2.821755  0.153185 2 6
 2.821755  1.707668 2 7
 2.821755  1.815446 2 8
 2.821755  1.815446 2 9
 2.872698 -0.297823 2 1
 2.872698 -0.073469 2 2
 2.872698 -0.073469 2 3
 2.872698  0.129789 2 4
 2.872698  0.129789 2 5
 2.872698  0.191245 2 6
 2.872698  1.553331 2 7
 2.872698  1.584973 2 8
 2.872698  1.584973 2 9
 2.923640 -0.250030 2 1
 2.923640 -0.084080 2 2
 2.923640 -0.084080 2 3
 2.923640  0.133567 2 4
 2.923640  0.133567 2 5
 2.923640  0.233798 2 6
 2.923640  1.358058 2 7
 2.923640  1.358058 2 8
 2.923640  1.400224 2 9
 2.974583 -0.204448 2 1
 2.974583 -0.093209 2 2
 2.974583 -0.093209 2 3
 2.974583  0.137318 2 4
 2.974583  0.137318 2 5
 2.974583  0.280907 2 6
 2.974583  1.156547 2 7
 2.974583  1.156547 2 8
 2.974583  1.251792 2 9
 3.025526 -0.165242 2 1
 3.025526 -0.100500 2 2
 3.025526 -0.100500 2 3
 3.025526  0.140815 2 4
 3.025526  0.140815 2 5
 3.025526  0.332664 2 6
 3.025526  1.000237 2 7
 3.025526  1.000237 2 8
 3.025526  1.117647 2 9
 3.076468 -0.134222 2 1
 3.076468 -0.105515 2 2
 3.076468 -0.105515 2 3
 3.076468  0.143913 2 4
 3.076468  0.143913 2 5
 3.076468  0.391724 2 6
 3.076468  0.895123 2 7
 3.076468  0.895123 2 8
 3.076468  1.008635 2 9
 3.127411 -0.111520 2 1
 3.127411 -0.107943 2 2
 3.127411 -0.107943 2 3
 3.127411  0.146505 2 4
 3.127411  0.146505 2 5
 3.127411  0.464544 2 6
 3.127411  0.830604 2 7
 3.127411  0.830604 2 8
 3.127411  0.928584 2 9
 3.178354 -0.107835 2 1
 3.178354 -0.107835 2 2
 3.178354 -0.098283 2 3
 3.178354  0.148487 2 4
 3.178354  0.148487 2 5
 3.178354  0.554374 2 6
 3.178354  0.789089 2 7
 3.178354  0.789089 2 8
 3.178354  0.873453 2 9
 3.229296 -0.105562 2 1
 3.229296 -0.105562 2 2
 3.229296 -0.095630 2 3
 3.229296  0.149745 2 4
 3.229296  0.149745 2 5
 3.229296  0.650066 2 6
 3.229296  0.756784 2 7
 3.229296  0.756784 2 8
 3.229296  0.837524 2 9
 3.280239 -0.101675 2 1
 3.280239 -0.101675 2 2
 3.280239 -0.101675 2 3
 3.280239  0.150181 2 4
 3.280239  0.150181 2 5
 3.280239  0.727200 2 6
 3.280239  0.727200 2 7
 3.280239  0.727200 2 8
 3.280239  0.821586 2 9
 3.280239 -0.101675 2 1
 3.280239 -0.101675 2 2
 3.280239 -0.101675 2 3
 3.280239  0.150181 2 4
 3.280239  0.150181 2 5
 3.280239  0.727200 2 6
 3.280239  0.727200 2 7
 3.280239  0.727200 2 8
 3.280239  0.821586 2 9
 3.331182 -0.111718 2 1
 3.331182 -0.096869 2 2
 3.331182 -0.096869 2 3
 3.331182  0.149726 2 4
 3.331182  0.149726 2 5
 3.331182  0.698977 2 6
 3.331182  0.698977 2 7
 3.331182  0.758254 2 8
 3.331182  0.851616 2 9
 3.382124 -0.120913 2 1
 3.382124 -0.091989 2 2
 3.382124 -0.091989 2 3
 3.382124  0.148336 2 4
 3.382124  0.148336 2 5
 3.382124  0.672466 2 6
 3.382124  0.672466 2 7
 3.382124  0.760583 2 8
 3.382124  0.955465 2 9
 3.433067 -0.127203 2 1
 3.433067 -0.087992 2 2
 3.433067 -0.087992 2 3
 3.433067  0.146023 2 4
 3.433067  0.146023 2 5
 3.433067  0.648159 2 6
 3.433067  0.648159 2 7
 3.433067  0.755886 2 8
 3.433067  1.178498 2 9
 3.484010 -0.130552 2 1
 3.484010 -0.085795 2 2
 3.484010 -0.085795 2 3
 3.484010  0.143005 2 4
 3.484010  0.143005 2 5
 3.484010  0.627013 2 6
 3.484010  0.627013 2 7
 3.484010  0.748366 2 8
 3.484010  1.524215 2 9
 3.534952 -0.129674 2 1
 3.534952 -0.086071 2 2
 3.534952 -0.086071 2 3
 3.534952  0.139868 2 4
 3.534952  0.139868 2 5
 3.534952  0.610895 2 6
 3.534952  0.610895 2 7
 3.534952  0.746098 2 8
 3.534952  1.891057 2 9
 3.585895 -0.122496 2 1
 3.585895 -0.089166 2 2
 3.585895 -0.089166 2 3
 3.585895  0.137539 2 4
 3.585895  0.137539 2 5
 3.585895  0.602079 2 6
 3.585895  0.602079 2 7
 3.585895  0.753440 2 8
 3.585895  2.151316 2 9
 3.636838 -0.108157 2 1
 3.636838 -0.095157 2 2
 3.636838 -0.095157 2 3
 3.636838  0.136968 2 4
 3.636838  0.136968 2 5
 3.636838  0.601927 2 6
 3.636838  0.601927 2 7
 3.636838  0.764275 2 8
 3.636838  2.254656 2 9
 3.687780 -0.103972 2 1
 3.687780 -0.103972 2 2
 3.687780 -0.087295 2 3
 3.687780  0.138735 2 4
 3.687780  0.138735 2 5
 3.687780  0.610036 2 6
 3.687780  0.610036 2 7
 3.687780  0.766081 2 8
 3.687780  2.244387 2 9
 3.738723 -0.115336 2 1
 3.738723 -0.115336 2 2
 3.738723 -0.060597 2 3
 3.738723  0.142902 2 4
 3.738723  0.142902 2 5
 3.738723  0.624497 2 6
 3.738723  0.624497 2 7
 3.738723  0.757285 2 8
 3.738723  2.189748 2 9
 3.789666 -0.128599 2 1
 3.789666 -0.128599 2 2
 3.789666 -0.027813 2 3
 3.789666  0.149101 2 4
 3.789666  0.149101 2 5
 3.789666  0.642872 2 6
 3.789666  0.642872 2 7
 3.789666  0.753337 2 8
 3.789666  2.118008 2 9
 3.840608 -0.142761 2 1
 3.840608 -0.142761 2 2
 3.840608  0.010757 2 3
 3.840608  0.156717 2 4
 3.840608  0.156717 2 5
 3.840608  0.663127 2 6
 3.840608  0.663127 2 7
 3.840608  0.763854 2 8
 3.840608  2.023555 2 9
 3.891551 -0.156684 2 1
 3.891551 -0.156684 2 2
 3.891551  0.052484 2 3
 3.891551  0.165022 2 4
 3.891551  0.165022 2 5
 3.891551  0.683899 2 6
 3.891551  0.683899 2 7
 3.891551  0.777777 2 8
 3.891551  1.913949 2 9
 3.942494 -0.169348 2 1
 3.942494 -0.169348 2 2
 3.942494  0.093632 2 3
 3.942494  0.173253 2 4
 3.942494  0.173253 2 5
 3.942494  0.704173 2 6
 3.942494  0.704173 2 7
 3.942494  0.777139 2 8
 3.942494  1.815601 2 9
 3.993436 -0.179968 2 1
 3.993436 -0.179968 2 2
 3.993436  0.131211 2 3
 3.993436  0.180679 2 4
 3.993436  0.180679 2 5
 3.993436  0.722767 2 6
 3.993436  0.722767 2 7
 3.993436  0.761236 2 8
 3.993436  1.742719 2 9
 4.044379 -0.187968 2 1
 4.044379 -0.187968 2 2
 4.044379  0.162614 2 3
 4.044379  0.186624 2 4
 4.044379  0.186624 2 5
 4.044379  0.738081 2 6
 4.044379  0.738081 2 7
 4.044379  0.748192 2 8
 4.044379  1.686725 2 9
 4.095322 -0.192933 2 1
 4.095322 -0.192933 2 2
 4.095322  0.184122 2 3
 4.095322  0.190489 2 4
 4.095322  0.190489 2 5
 4.095322  0.748285 2 6
 4.095322  0.748285 2 7
 4.095322  0.748477 2 8
 4.095322  1.642627 2 9
 4.146264 -0.194616 2 1
 4.146264 -0.194616 2 2
 4.146264  0.191833 2 3
 4.146264  0.191833 2 4
 4.146264  0.191833 2 5
 4.146264  0.751882 2 6
 4.146264  0.751882 2 7
 4.146264  0.751882 2 8
 4.146264  1.624154 2 9
 4.146264 -0.101675 2 1
 4.146264 -0.101675 2 2
 4.146264 -0.101675 2 3
 4.146264  0.150181 2 4
 4.146264  0.150181 2 5
 4.146264  0.727200 2 6
 4.146264  0.727200 2 7
 4.146264  0.727200 2 8
 4.146264  0.821586 2 9
 4.201820 -0.108032 2 1
 4.201820 -0.106850 2 2
 4.201820 -0.091308 2 3
 4.201820  0.149227 2 4
 4.201820  0.150089 2 5
 4.201820  0.666927 2 6
 4.201820  0.712220 2 7
 4.201820  0.778850 2 8
 4.201820  0.845662 2 9
 4.257375 -0.120631 2 1
 4.257375 -0.110232 2 2
 4.257375 -0.077743 2 3
 4.257375  0.146556 2 4
 4.257375  0.149809 2 5
 4.257375  0.594839 2 6
 4.257375  0.688248 2 7
 4.257375  0.836014 2 8
 4.257375  0.905575 2 9
 4.312931 -0.139798 2 1
 4.312931 -0.108936 2 2
 4.312931 -0.061719 2 3
 4.312931  0.142637 2 4
 4.312931  0.149367 2 5
 4.312931  0.516176 2 6
 4.312931  0.670212 2 7
 4.312931  0.926335 2 8
 4.312931  1.002548 2 9
 4.368487 -0.161888 2 1
 4.368487 -0.105502 2 2
 4.368487 -0.042855 2 3
 4.368487  0.138042 2 4
 4.368487  0.148865 2 5
 4.368487  0.440668 2 6
 4.368487  0.660299 2 7
 4.368487  1.083607 2 8
 4.368487  1.138575 2 9
 4.424042 -0.184385 2 1
 4.424042 -0.101455 2 2
 4.424042 -0.019715 2 3
 4.424042  0.133347 2 4
 4.424042  0.148405 2 5
 4.424042  0.375027 2 6
 4.424042  0.658830 2 7
 4.424042  1.300546 2 8
 4.424042  1.321584 2 9
 4.479598 -0.204404 2 1
 4.479598 -0.097668 2 2
 4.479598  0.008036 2 3
 4.479598  0.129117 2 4
 4.479598  0.147994 2 5
 4.479598  0.319016 2 6
 4.479598  0.662160 2 7
 4.479598  1.479263 2 8
 4.479598  1.612736 2 9
 4.535153 -0.220060 2 1
 4.535153 -0.094430 2 2
 4.535153  0.037924 2 3
 4.535153  0.125822 2 4
 4.535153  0.147590 2 5
 4.535153  0.269912 2 6
 4.535153  0.662144 2 7
 4.535153  1.673500 2 8
 4.535153  1.901442 2 9
 4.590709 -0.230316 2 1
 4.590709 -0.092089 2 2
 4.590709  0.064453 2 3
 4.590709  0.123763 2 4
 4.590709  0.147244 2 5
 4.590709  0.230377 2 6
 4.590709  0.656238 2 7
 4.590709  1.848414 2 8
 4.590709  2.121363 2 9
 4.646264 -0.233976 2 1
 4.646264 -0.091207 2 2
 4.646264  0.076561 2 3
 4.646264  0.123067 2 4
 4.646264  0.147101 2 5
 4.646264  0.213329 2 6
 4.646264  0.652328 2 7
 4.646264  1.922846 2 8
 4.646264  2.205428 2 9
