        0.00000       -3.72306   2   1
        0.00000       -3.72306   2   2
        0.00000       -3.72306   2   3
        0.00000       -0.56635   2   4
        0.00000       -0.00098   2   5
        0.00000       -0.00098   2   6
        0.00000       -0.00098   2   7
        0.00000        0.12883   2   8
        0.00000        0.12883   2   9
        0.00000        1.79564   2  10
        0.00000        1.79564   2  11
        0.00000        1.79564   2  12
        0.05000       -3.72332   2   1
        0.05000       -3.72317   2   2
        0.05000       -3.72317   2   3
        0.05000       -0.56276   2   4
        0.05000       -0.00097   2   5
        0.05000       -0.00097   2   6
        0.05000       -0.00037   2   7
        0.05000        0.12696   2   8
        0.05000        0.12973   2   9
        0.05000        1.78982   2  10
        0.05000        1.79200   2  11
        0.05000        1.79200   2  12
        0.10000       -3.72408   2   1
        0.10000       -3.72352   2   2
        0.10000       -3.72352   2   3
        0.10000       -0.55183   2   4
        0.10000       -0.00109   2   5
        0.10000       -0.00109   2   6
        0.10000        0.00182   2   7
        0.10000        0.12118   2   8
        0.10000        0.13190   2   9
        0.10000        1.78272   2  10
        0.10000        1.78272   2  11
        0.10000        1.78956   2  12
        0.15000       -3.72525   2   1
        0.15000       -3.72413   2   2
        0.15000       -3.72413   2   3
        0.15000       -0.53328   2   4
        0.15000       -0.00148   2   5
        0.15000       -0.00148   2   6
        0.15000        0.00646   2   7
        0.15000        0.11116   2   8
        0.15000        0.13482   2   9
        0.15000        1.76774   2  10
        0.15000        1.76774   2  11
        0.15000        1.81142   2  12
        0.20000       -3.72679   2   1
        0.20000       -3.72498   2   2
        0.20000       -3.72498   2   3
        0.20000       -0.50749   2   4
        0.20000       -0.00190   2   5
        0.20000       -0.00190   2   6
        0.20000        0.01434   2   7
        0.20000        0.09690   2   8
        0.20000        0.13937   2   9
        0.20000        1.73981   2  10
        0.20000        1.73981   2  11
        0.20000        1.82540   2  12
        0.25000       -3.72868   2   1
        0.25000       -3.72602   2   2
        0.25000       -3.72602   2   3
        0.25000       -0.47608   2   4
        0.25000       -0.00171   2   5
        0.25000       -0.00171   2   6
        0.25000        0.02557   2   7
        0.25000        0.07933   2   8
        0.25000        0.14694   2   9
        0.25000        1.69083   2  10
        0.25000        1.69083   2  11
        0.25000        1.77912   2  12
        0.30000       -3.73084   2   1
        0.30000       -3.72721   2   2
        0.30000       -3.72721   2   3
        0.30000       -0.44115   2   4
        0.30000       -0.00037   2   5
        0.30000       -0.00037   2   6
        0.30000        0.03928   2   7
        0.30000        0.06008   2   8
        0.30000        0.15688   2   9
        0.30000        1.62319   2  10
        0.30000        1.62319   2  11
        0.30000        1.66548   2  12
        0.35000       -3.73309   2   1
        0.35000       -3.72854   2   2
        0.35000       -3.72854   2   3
        0.35000       -0.40327   2   4
        0.35000        0.00245   2   5
        0.35000        0.00245   2   6
        0.35000        0.04001   2   7
        0.35000        0.05387   2   8
        0.35000        0.16624   2   9
        0.35000        1.54016   2  10
        0.35000        1.54978   2  11
        0.35000        1.54978   2  12
        0.40000       -3.73526   2   1
        0.40000       -3.73002   2   2
        0.40000       -3.73002   2   3
        0.40000       -0.36095   2   4
        0.40000        0.00724   2   5
        0.40000        0.00724   2   6
        0.40000        0.01795   2   7
        0.40000        0.06781   2   8
        0.40000        0.17318   2   9
        0.40000        1.46372   2  10
        0.40000        1.48082   2  11
        0.40000        1.48082   2  12
        0.45000       -3.73717   2   1
        0.45000       -3.73165   2   2
        0.45000       -3.73165   2   3
        0.45000       -0.31339   2   4
        0.45000       -0.00828   2   5
        0.45000        0.01493   2   6
        0.45000        0.01493   2   7
        0.45000        0.08041   2   8
        0.45000        0.18060   2   9
        0.45000        1.41405   2  10
        0.45000        1.41405   2  11
        0.45000        1.44148   2  12
        0.50000       -3.73874   2   1
        0.50000       -3.73342   2   2
        0.50000       -3.73342   2   3
        0.50000       -0.26448   2   4
        0.50000       -0.03886   2   5
        0.50000        0.02641   2   6
        0.50000        0.02641   2   7
        0.50000        0.09206   2   8
        0.50000        0.19503   2   9
        0.50000        1.33998   2  10
        0.50000        1.33998   2  11
        0.50000        1.43107   2  12
        0.55000       -3.73987   2   1
        0.55000       -3.73534   2   2
        0.55000       -3.73534   2   3
        0.55000       -0.22203   2   4
        0.55000       -0.07020   2   5
        0.55000        0.04161   2   6
        0.55000        0.04161   2   7
        0.55000        0.10394   2   8
        0.55000        0.22138   2   9
        0.55000        1.25463   2  10
        0.55000        1.25463   2  11
        0.55000        1.39886   2  12
        0.60000       -3.74050   2   1
        0.60000       -3.73740   2   2
        0.60000       -3.73740   2   3
        0.60000       -0.19270   2   4
        0.60000       -0.09717   2   5
        0.60000        0.05923   2   6
        0.60000        0.05923   2   7
        0.60000        0.11709   2   8
        0.60000        0.25990   2   9
        0.60000        1.16438   2  10
        0.60000        1.16438   2  11
        0.60000        1.35476   2  12
        0.65000       -3.74073   2   1
        0.65000       -3.73947   2   2
        0.65000       -3.73947   2   3
        0.65000       -0.17787   2   4
        0.65000       -0.11759   2   5
        0.65000        0.07766   2   6
        0.65000        0.07766   2   7
        0.65000        0.13179   2   8
        0.65000        0.30861   2   9
        0.65000        1.07905   2  10
        0.65000        1.07905   2  11
        0.65000        1.33136   2  12
        0.70000       -3.74133   2   1
        0.70000       -3.74133   2   2
        0.70000       -3.74088   2   3
        0.70000       -0.17353   2   4
        0.70000       -0.13405   2   5
        0.70000        0.09619   2   6
        0.70000        0.09619   2   7
        0.70000        0.14722   2   8
        0.70000        0.36709   2   9
        0.70000        1.00325   2  10
        0.70000        1.00325   2  11
        0.70000        1.34066   2  12
        0.75000       -3.74276   2   1
        0.75000       -3.74276   2   2
        0.75000       -3.74135   2   3
        0.75000       -0.17369   2   4
        0.75000       -0.15060   2   5
        0.75000        0.11522   2   6
        0.75000        0.11522   2   7
        0.75000        0.16184   2   8
        0.75000        0.43600   2   9
        0.75000        0.93555   2  10
        0.75000        0.93555   2  11
        0.75000        1.36224   2  12
        0.80000       -3.74369   2   1
        0.80000       -3.74369   2   2
        0.80000       -3.74225   2   3
        0.80000       -0.17488   2   4
        0.80000       -0.16801   2   5
        0.80000        0.13529   2   6
        0.80000        0.13529   2   7
        0.80000        0.17408   2   8
        0.80000        0.51416   2   9
        0.80000        0.87426   2  10
        0.80000        0.87426   2  11
        0.80000        1.37021   2  12
        0.85000       -3.74427   2   1
        0.85000       -3.74427   2   2
        0.85000       -3.74337   2   3
        0.85000       -0.18286   2   4
        0.85000       -0.17784   2   5
        0.85000        0.15572   2   6
        0.85000        0.15572   2   7
        0.85000        0.18294   2   8
        0.85000        0.59716   2   9
        0.85000        0.82163   2  10
        0.85000        0.82163   2  11
        0.85000        1.36059   2  12
        0.90000       -3.74467   2   1
        0.90000       -3.74467   2   2
        0.90000       -3.74432   2   3
        0.90000       -0.19156   2   4
        0.90000       -0.18402   2   5
        0.90000        0.17412   2   6
        0.90000        0.17412   2   7
        0.90000        0.18837   2   8
        0.90000        0.67467   2   9
        0.90000        0.78215   2  10
        0.90000        0.78215   2  11
        0.90000        1.34883   2  12
        0.95000       -3.74495   2   1
        0.95000       -3.74495   2   2
        0.95000       -3.74488   2   3
        0.95000       -0.19437   2   4
        0.95000       -0.19131   2   5
        0.95000        0.18712   2   6
        0.95000        0.18712   2   7
        0.95000        0.19106   2   8
        0.95000        0.73060   2   9
        0.95000        0.75860   2  10
        0.95000        0.75860   2  11
        0.95000        1.34616   2  12
        1.00000       -3.74506   2   1
        1.00000       -3.74506   2   2
        1.00000       -3.74506   2   3
        1.00000       -0.19464   2   4
        1.00000       -0.19464   2   5
        1.00000        0.19183   2   6
        1.00000        0.19183   2   7
        1.00000        0.19183   2   8
        1.00000        0.75093   2   9
        1.00000        0.75093   2  10
        1.00000        0.75093   2  11
        1.00000        1.34740   2  12
        1.00000       -3.74506   2   1
        1.00000       -3.74506   2   2
        1.00000       -3.74506   2   3
        1.00000       -0.19464   2   4
        1.00000       -0.19464   2   5
        1.00000        0.19183   2   6
        1.00000        0.19183   2   7
        1.00000        0.19183   2   8
        1.00000        0.75093   2   9
        1.00000        0.75093   2  10
        1.00000        0.75093   2  11
        1.00000        1.34740   2  12
        1.05051       -3.74507   2   1
        1.05051       -3.74494   2   2
        1.05051       -3.74477   2   3
        1.05051       -0.19358   2   4
        1.05051       -0.19203   2   5
        1.05051        0.18564   2   6
        1.05051        0.18704   2   7
        1.05051        0.19246   2   8
        1.05051        0.74086   2   9
        1.05051        0.74762   2  10
        1.05051        0.75875   2  11
        1.05051        1.34609   2  12
        1.10102       -3.74518   2   1
        1.10102       -3.74454   2   2
        1.10102       -3.74393   2   3
        1.10102       -0.18957   2   4
        1.10102       -0.18582   2   5
        1.10102        0.16862   2   6
        1.10102        0.17383   2   7
        1.10102        0.19383   2   8
        1.10102        0.71324   2   9
        1.10102        0.73632   2  10
        1.10102        0.78270   2  11
        1.10102        1.34868   2  12
        1.15152       -3.74555   2   1
        1.15152       -3.74379   2   2
        1.15152       -3.74260   2   3
        1.15152       -0.18138   2   4
        1.15152       -0.17900   2   5
        1.15152        0.14440   2   6
        1.15152        0.15473   2   7
        1.15152        0.19482   2   8
        1.15152        0.67381   2   9
        1.15152        0.71832   2  10
        1.15152        0.82251   2  11
        1.15152        1.36257   2  12
        1.20203       -3.74627   2   1
        1.20203       -3.74269   2   2
        1.20203       -3.74085   2   3
        1.20203       -0.17214   2   4
        1.20203       -0.16981   2   5
        1.20203        0.11630   2   6
        1.20203        0.13212   2   7
        1.20203        0.19486   2   8
        1.20203        0.62772   2   9
        1.20203        0.70045   2  10
        1.20203        0.87456   2  11
        1.20203        1.38189   2  12
        1.25254       -3.74723   2   1
        1.25254       -3.74141   2   2
        1.25254       -3.73876   2   3
        1.25254       -0.16198   2   4
        1.25254       -0.15876   2   5
        1.25254        0.08599   2   6
        1.25254        0.10827   2   7
        1.25254        0.19482   2   8
        1.25254        0.57772   2   9
        1.25254        0.68718   2  10
        1.25254        0.93308   2  11
        1.25254        1.39335   2  12
        1.30305       -3.74817   2   1
        1.30305       -3.74018   2   2
        1.30305       -3.73643   2   3
        1.30305       -0.15347   2   4
        1.30305       -0.14441   2   5
        1.30305        0.05411   2   6
        1.30305        0.08674   2   7
        1.30305        0.19680   2   8
        1.30305        0.52400   2   9
        1.30305        0.67688   2  10
        1.30305        0.99506   2  11
        1.30305        1.38909   2  12
        1.35355       -3.74895   2   1
        1.35355       -3.73907   2   2
        1.35355       -3.73398   2   3
        1.35355       -0.15722   2   4
        1.35355       -0.11908   2   5
        1.35355        0.02194   2   6
        1.35355        0.07302   2   7
        1.35355        0.20254   2   8
        1.35355        0.46559   2   9
        1.35355        0.66688   2  10
        1.35355        1.06293   2  11
        1.35355        1.37110   2  12
        1.40406       -3.74966   2   1
        1.40406       -3.73798   2   2
        1.40406       -3.73153   2   3
        1.40406       -0.16867   2   4
        1.40406       -0.09069   2   5
        1.40406       -0.00803   2   6
        1.40406        0.07124   2   7
        1.40406        0.21110   2   8
        1.40406        0.40348   2   9
        1.40406        0.65836   2  10
        1.40406        1.14019   2  11
        1.40406        1.34845   2  12
        1.45457       -3.75050   2   1
        1.45457       -3.73675   2   2
        1.45457       -3.72922   2   3
        1.45457       -0.18304   2   4
        1.45457       -0.06440   2   5
        1.45457       -0.03325   2   6
        1.45457        0.07975   2   7
        1.45457        0.21775   2   8
        1.45457        0.34403   2   9
        1.45457        0.65431   2  10
        1.45457        1.22261   2  11
        1.45457        1.33446   2  12
        1.50508       -3.75152   2   1
        1.50508       -3.73543   2   2
        1.50508       -3.72716   2   3
        1.50508       -0.19681   2   4
        1.50508       -0.05288   2   5
        1.50508       -0.03941   2   6
        1.50508        0.09093   2   7
        1.50508        0.21583   2   8
        1.50508        0.29720   2   9
        1.50508        0.65460   2  10
        1.50508        1.29508   2  11
        1.50508        1.34273   2  12
        1.55558       -3.75252   2   1
        1.55558       -3.73429   2   2
        1.55558       -3.72546   2   3
        1.55558       -0.20956   2   4
        1.55558       -0.06802   2   5
        1.55558       -0.00798   2   6
        1.55558        0.09582   2   7
        1.55558        0.20150   2   8
        1.55558        0.26816   2   9
        1.55558        0.65577   2  10
        1.55558        1.34040   2  11
        1.55558        1.37782   2  12
        1.60609       -3.75321   2   1
        1.60609       -3.73359   2   2
        1.60609       -3.72419   2   3
        1.60609       -0.22136   2   4
        1.60609       -0.07990   2   5
        1.60609        0.03714   2   6
        1.60609        0.09086   2   7
        1.60609        0.17813   2   8
        1.60609        0.25020   2   9
        1.60609        0.65511   2  10
        1.60609        1.35349   2  11
        1.60609        1.42825   2  12
        1.65660       -3.75352   2   1
        1.65660       -3.73332   2   2
        1.65660       -3.72339   2   3
        1.65660       -0.23048   2   4
        1.65660       -0.08817   2   5
        1.65660        0.08124   2   6
        1.65660        0.09117   2   7
        1.65660        0.15612   2   8
        1.65660        0.23001   2   9
        1.65660        0.65315   2  10
        1.65660        1.34717   2  11
        1.65660        1.47183   2  12
        1.70711       -3.75359   2   1
        1.70711       -3.73327   2   2
        1.70711       -3.72313   2   3
        1.70711       -0.23400   2   4
        1.70711       -0.09123   2   5
        1.70711        0.07647   2   6
        1.70711        0.12306   2   7
        1.70711        0.14709   2   8
        1.70711        0.21333   2   9
        1.70711        0.65212   2  10
        1.70711        1.34181   2  11
        1.70711        1.48885   2  12
        1.70711       -3.75359   2   1
        1.70711       -3.73327   2   2
        1.70711       -3.72313   2   3
        1.70711       -0.23400   2   4
        1.70711       -0.09123   2   5
        1.70711        0.07647   2   6
        1.70711        0.12306   2   7
        1.70711        0.14709   2   8
        1.70711        0.21333   2   9
        1.70711        0.65212   2  10
        1.70711        1.34181   2  11
        1.70711        1.48885   2  12
        1.75761       -3.75325   2   1
        1.75761       -3.73311   2   2
        1.75761       -3.72314   2   3
        1.75761       -0.23627   2   4
        1.75761       -0.08985   2   5
        1.75761        0.07860   2   6
        1.75761        0.12556   2   7
        1.75761        0.15368   2   8
        1.75761        0.17819   2   9
        1.75761        0.68442   2  10
        1.75761        1.34766   2  11
        1.75761        1.49589   2  12
        1.80812       -3.75217   2   1
        1.80812       -3.73268   2   2
        1.80812       -3.72317   2   3
        1.80812       -0.24355   2   4
        1.80812       -0.08630   2   5
        1.80812        0.06776   2   6
        1.80812        0.12419   2   7
        1.80812        0.13209   2   8
        1.80812        0.16754   2   9
        1.80812        0.74961   2  10
        1.80812        1.36418   2  11
        1.80812        1.51894   2  12
        1.85863       -3.75033   2   1
        1.85863       -3.73207   2   2
        1.85863       -3.72316   2   3
        1.85863       -0.25759   2   4
        1.85863       -0.08166   2   5
        1.85863        0.01814   2   6
        1.85863        0.11773   2   7
        1.85863        0.13987   2   8
        1.85863        0.17601   2   9
        1.85863        0.81671   2  10
        1.85863        1.38889   2  11
        1.85863        1.56069   2  12
        1.90914       -3.74781   2   1
        1.90914       -3.73132   2   2
        1.90914       -3.72312   2   3
        1.90914       -0.28119   2   4
        1.90914       -0.07616   2   5
        1.90914       -0.01719   2   6
        1.90914        0.11924   2   7
        1.90914        0.14516   2   8
        1.90914        0.16991   2   9
        1.90914        0.88962   2  10
        1.90914        1.41996   2  11
        1.90914        1.62038   2  12
        1.95964       -3.74483   2   1
        1.95964       -3.73037   2   2
        1.95964       -3.72311   2   3
        1.95964       -0.31471   2   4
        1.95964       -0.06903   2   5
        1.95964       -0.02888   2   6
        1.95964        0.11611   2   7
        1.95964        0.14538   2   8
        1.95964        0.14942   2   9
        1.95964        0.98584   2  10
        1.95964        1.45867   2  11
        1.95964        1.69413   2  12
        2.01015       -3.74164   2   1
        2.01015       -3.72924   2   2
        2.01015       -3.72312   2   3
        2.01015       -0.35477   2   4
        2.01015       -0.05956   2   5
        2.01015       -0.02840   2   6
        2.01015        0.11108   2   7
        2.01015        0.12169   2   8
        2.01015        0.14101   2   9
        2.01015        1.11110   2  10
        2.01015        1.50900   2  11
        2.01015        1.77577   2  12
        2.06066       -3.73835   2   1
        2.06066       -3.72803   2   2
        2.06066       -3.72311   2   3
        2.06066       -0.39709   2   4
        2.06066       -0.04832   2   5
        2.06066       -0.02429   2   6
        2.06066        0.09424   2   7
        2.06066        0.10762   2   8
        2.06066        0.13523   2   9
        2.06066        1.24979   2  10
        2.06066        1.57217   2  11
        2.06066        1.85190   2  12
        2.11117       -3.73505   2   1
        2.11117       -3.72687   2   2
        2.11117       -3.72305   2   3
        2.11117       -0.43797   2   4
        2.11117       -0.03696   2   5
        2.11117       -0.01880   2   6
        2.11117        0.07051   2   7
        2.11117        0.10669   2   8
        2.11117        0.13126   2   9
        2.11117        1.38097   2  10
        2.11117        1.64117   2  11
        2.11117        1.89972   2  12
        2.16168       -3.73182   2   1
        2.16168       -3.72582   2   2
        2.16168       -3.72301   2   3
        2.16168       -0.47488   2   4
        2.16168       -0.02697   2   5
        2.16168       -0.01266   2   6
        2.16168        0.05038   2   7
        2.16168        0.10846   2   8
        2.16168        0.12997   2   9
        2.16168        1.49811   2  10
        2.16168        1.70230   2  11
        2.16168        1.90001   2  12
        2.21218       -3.72886   2   1
        2.21218       -3.72489   2   2
        2.21218       -3.72304   2   3
        2.21218       -0.50666   2   4
        2.21218       -0.01878   2   5
        2.21218       -0.00710   2   6
        2.21218        0.03297   2   7
        2.21218        0.11280   2   8
        2.21218        0.13010   2   9
        2.21218        1.60585   2  10
        2.21218        1.74478   2  11
        2.21218        1.85878   2  12
        2.26269       -3.72636   2   1
        2.26269       -3.72411   2   2
        2.26269       -3.72310   2   3
        2.26269       -0.53254   2   4
        2.26269       -0.01200   2   5
        2.26269       -0.00328   2   6
        2.26269        0.01842   2   7
        2.26269        0.11865   2   8
        2.26269        0.13015   2   9
        2.26269        1.69974   2  10
        2.26269        1.76887   2  11
        2.26269        1.80975   2  12
        2.31320       -3.72451   2   1
        2.31320       -3.72352   2   2
        2.31320       -3.72312   2   3
        2.31320       -0.55143   2   4
        2.31320       -0.00640   2   5
        2.31320       -0.00146   2   6
        2.31320        0.00762   2   7
        2.31320        0.12409   2   8
        2.31320        0.12967   2   9
        2.31320        1.76316   2  10
        2.31320        1.78269   2  11
        2.31320        1.78602   2  12
        2.36371       -3.72342   2   1
        2.36371       -3.72317   2   2
        2.36371       -3.72308   2   3
        2.36371       -0.56268   2   4
        2.36371       -0.00244   2   5
        2.36371       -0.00100   2   6
        2.36371        0.00114   2   7
        2.36371        0.12764   2   8
        2.36371        0.12908   2   9
        2.36371        1.78945   2  10
        2.36371        1.79029   2  11
        2.36371        1.79193   2  12
        2.41421       -3.72306   2   1
        2.41421       -3.72306   2   2
        2.41421       -3.72306   2   3
        2.41421       -0.56635   2   4
        2.41421       -0.00098   2   5
        2.41421       -0.00098   2   6
        2.41421       -0.00098   2   7
        2.41421        0.12883   2   8
        2.41421        0.12883   2   9
        2.41421        1.79564   2  10
        2.41421        1.79564   2  11
        2.41421        1.79564   2  12
        2.41421       -3.72306   2   1
        2.41421       -3.72306   2   2
        2.41421       -3.72306   2   3
        2.41421       -0.56635   2   4
        2.41421       -0.00098   2   5
        2.41421       -0.00098   2   6
        2.41421       -0.00098   2   7
        2.41421        0.12883   2   8
        2.41421        0.12883   2   9
        2.41421        1.79564   2  10
        2.41421        1.79564   2  11
        2.41421        1.79564   2  12
        2.46516       -3.72345   2   1
        2.46516       -3.72312   2   2
        2.46516       -3.72312   2   3
        2.46516       -0.56261   2   4
        2.46516       -0.00198   2   5
        2.46516       -0.00198   2   6
        2.46516        0.00169   2   7
        2.46516        0.12836   2   8
        2.46516        0.12836   2   9
        2.46516        1.78957   2  10
        2.46516        1.78957   2  11
        2.46516        1.79159   2  12
        2.51610       -3.72463   2   1
        2.51610       -3.72328   2   2
        2.51610       -3.72328   2   3
        2.51610       -0.55111   2   4
        2.51610       -0.00492   2   5
        2.51610       -0.00492   2   6
        2.51610        0.00974   2   7
        2.51610        0.12701   2   8
        2.51610        0.12701   2   9
        2.51610        1.76871   2  10
        2.51610        1.77628   2  11
        2.51610        1.77628   2  12
        2.56704       -3.72659   2   1
        2.56704       -3.72353   2   2
        2.56704       -3.72353   2   3
        2.56704       -0.53171   2   4
        2.56704       -0.00966   2   5
        2.56704       -0.00966   2   6
        2.56704        0.02309   2   7
        2.56704        0.12508   2   8
        2.56704        0.12508   2   9
        2.56704        1.71163   2  10
        2.56704        1.76296   2  11
        2.56704        1.76296   2  12
        2.61798       -3.72923   2   1
        2.61798       -3.72383   2   2
        2.61798       -3.72383   2   3
        2.61798       -0.50535   2   4
        2.61798       -0.01610   2   5
        2.61798       -0.01610   2   6
        2.61798        0.04121   2   7
        2.61798        0.12330   2   8
        2.61798        0.12330   2   9
        2.61798        1.62567   2  10
        2.61798        1.74546   2  11
        2.61798        1.74546   2  12
        2.66893       -3.73237   2   1
        2.66893       -3.72419   2   2
        2.66893       -3.72419   2   3
        2.66893       -0.47387   2   4
        2.66893       -0.02413   2   5
        2.66893       -0.02413   2   6
        2.66893        0.06337   2   7
        2.66893        0.12247   2   8
        2.66893        0.12247   2   9
        2.66893        1.53499   2  10
        2.66893        1.70599   2  11
        2.66893        1.70599   2  12
        2.71987       -3.73573   2   1
        2.71987       -3.72466   2   2
        2.71987       -3.72466   2   3
        2.71987       -0.43834   2   4
        2.71987       -0.03381   2   5
        2.71987       -0.03381   2   6
        2.71987        0.08920   2   7
        2.71987        0.12292   2   8
        2.71987        0.12292   2   9
        2.71987        1.45780   2  10
        2.71987        1.62783   2  11
        2.71987        1.62783   2  12
        2.77081       -3.73897   2   1
        2.77081       -3.72528   2   2
        2.77081       -3.72528   2   3
        2.77081       -0.39745   2   4
        2.77081       -0.04555   2   5
        2.77081       -0.04555   2   6
        2.77081        0.11890   2   7
        2.77081        0.12442   2   8
        2.77081        0.12442   2   9
        2.77081        1.39015   2  10
        2.77081        1.51327   2  11
        2.77081        1.51327   2  12
        2.82175       -3.74182   2   1
        2.82175       -3.72609   2   2
        2.82175       -3.72609   2   3
        2.82175       -0.34877   2   4
        2.82175       -0.05978   2   5
        2.82175       -0.05978   2   6
        2.82175        0.12666   2   7
        2.82175        0.12666   2   8
        2.82175        0.15293   2   9
        2.82175        1.31463   2  10
        2.82175        1.38613   2  11
        2.82175        1.38613   2  12
        2.87270       -3.74408   2   1
        2.87270       -3.72705   2   2
        2.87270       -3.72705   2   3
        2.87270       -0.29246   2   4
        2.87270       -0.07601   2   5
        2.87270       -0.07601   2   6
        2.87270        0.12944   2   7
        2.87270        0.12944   2   8
        2.87270        0.19150   2   9
        2.87270        1.22039   2  10
        2.87270        1.27531   2  11
        2.87270        1.27531   2  12
        2.92364       -3.74571   2   1
        2.92364       -3.72812   2   2
        2.92364       -3.72812   2   3
        2.92364       -0.23370   2   4
        2.92364       -0.09218   2   5
        2.92364       -0.09218   2   6
        2.92364        0.13276   2   7
        2.92364        0.13276   2   8
        2.92364        0.23437   2   9
        2.92364        1.11327   2  10
        2.92364        1.19477   2  11
        2.92364        1.19477   2  12
        2.97458       -3.74668   2   1
        2.97458       -3.72924   2   2
        2.97458       -3.72924   2   3
        2.97458       -0.18086   2   4
        2.97458       -0.10523   2   5
        2.97458       -0.10523   2   6
        2.97458        0.13656   2   7
        2.97458        0.13656   2   8
        2.97458        0.28116   2   9
        2.97458        1.00928   2  10
        2.97458        1.13713   2  11
        2.97458        1.13713   2  12
        3.02553       -3.74693   2   1
        3.02553       -3.73040   2   2
        3.02553       -3.73040   2   3
        3.02553       -0.14067   2   4
        3.02553       -0.11285   2   5
        3.02553       -0.11285   2   6
        3.02553        0.14055   2   7
        3.02553        0.14055   2   8
        3.02553        0.33204   2   9
        3.02553        0.92207   2  10
        3.02553        1.08445   2  11
        3.02553        1.08445   2  12
        3.07647       -3.74636   2   1
        3.07647       -3.73164   2   2
        3.07647       -3.73164   2   3
        3.07647       -0.11483   2   4
        3.07647       -0.11483   2   5
        3.07647       -0.11472   2   6
        3.07647        0.14424   2   7
        3.07647        0.14424   2   8
        3.07647        0.38920   2   9
        3.07647        0.85578   2  10
        3.07647        1.02352   2  11
        3.07647        1.02352   2  12
        3.12741       -3.74495   2   1
        3.12741       -3.73299   2   2
        3.12741       -3.73299   2   3
        3.12741       -0.11286   2   4
        3.12741       -0.11286   2   5
        3.12741       -0.10059   2   6
        3.12741        0.14714   2   7
        3.12741        0.14714   2   8
        3.12741        0.45761   2   9
        3.12741        0.80720   2  10
        3.12741        0.95307   2  11
        3.12741        0.95307   2  12
        3.17835       -3.74281   2   1
        3.17835       -3.73445   2   2
        3.17835       -3.73445   2   3
        3.17835       -0.10919   2   4
        3.17835       -0.10919   2   5
        3.17835       -0.09513   2   6
        3.17835        0.14899   2   7
        3.17835        0.14899   2   8
        3.17835        0.54231   2   9
        3.17835        0.77189   2  10
        3.17835        0.88042   2  11
        3.17835        0.88042   2  12
        3.22930       -3.74018   2   1
        3.22930       -3.73594   2   2
        3.22930       -3.73594   2   3
        3.22930       -0.10534   2   4
        3.22930       -0.10534   2   5
        3.22930       -0.09609   2   6
        3.22930        0.14990   2   7
        3.22930        0.14990   2   8
        3.22930        0.64314   2   9
        3.22930        0.74741   2  10
        3.22930        0.81401   2  11
        3.22930        0.81401   2  12
        3.28024       -3.73738   2   1
        3.28024       -3.73738   2   2
        3.28024       -3.73738   2   3
        3.28024       -0.10168   2   4
        3.28024       -0.10168   2   5
        3.28024       -0.10168   2   6
        3.28024        0.15018   2   7
        3.28024        0.15018   2   8
        3.28024        0.72679   2   9
        3.28024        0.75840   2  10
        3.28024        0.75840   2  11
        3.28024        0.75840   2  12
        3.28024       -3.73738   2   1
        3.28024       -3.73738   2   2
        3.28024       -3.73738   2   3
        3.28024       -0.10168   2   4
        3.28024       -0.10168   2   5
        3.28024       -0.10168   2   6
        3.28024        0.15018   2   7
        3.28024        0.15018   2   8
        3.28024        0.72679   2   9
        3.28024        0.75840   2  10
        3.28024        0.75840   2  11
        3.28024        0.75840   2  12
        3.33118       -3.73872   2   1
        3.33118       -3.73872   2   2
        3.33118       -3.73468   2   3
        3.33118       -0.11001   2   4
        3.33118       -0.09785   2   5
        3.33118       -0.09785   2   6
        3.33118        0.14978   2   7
        3.33118        0.14978   2   8
        3.33118        0.71411   2   9
        3.33118        0.71411   2  10
        3.33118        0.71882   2  11
        3.33118        0.86713   2  12
        3.38212       -3.73995   2   1
        3.38212       -3.73995   2   2
        3.38212       -3.73227   2   3
        3.38212       -0.11910   2   4
        3.38212       -0.09328   2   5
        3.38212       -0.09328   2   6
        3.38212        0.14801   2   7
        3.38212        0.14801   2   8
        3.38212        0.67972   2   9
        3.38212        0.67972   2  10
        3.38212        0.71167   2  11
        3.38212        0.97456   2  12
        3.43307       -3.74107   2   1
        3.43307       -3.74107   2   2
        3.43307       -3.73029   2   3
        3.43307       -0.12714   2   4
        3.43307       -0.08788   2   5
        3.43307       -0.08788   2   6
        3.43307        0.14414   2   7
        3.43307        0.14414   2   8
        3.43307        0.65348   2   9
        3.43307        0.65348   2  10
        3.43307        0.70697   2  11
        3.43307        1.08537   2  12
        3.48401       -3.74207   2   1
        3.48401       -3.74207   2   2
        3.48401       -3.72878   2   3
        3.48401       -0.13239   2   4
        3.48401       -0.08272   2   5
        3.48401       -0.08272   2   6
        3.48401        0.13861   2   7
        3.48401        0.13861   2   8
        3.48401        0.63386   2   9
        3.48401        0.63386   2  10
        3.48401        0.70662   2  11
        3.48401        1.21430   2  12
        3.53495       -3.74292   2   1
        3.53495       -3.74292   2   2
        3.53495       -3.72779   2   3
        3.53495       -0.13289   2   4
        3.53495       -0.08010   2   5
        3.53495       -0.08010   2   6
        3.53495        0.13355   2   7
        3.53495        0.13355   2   8
        3.53495        0.61975   2   9
        3.53495        0.61975   2  10
        3.53495        0.71237   2  11
        3.53495        1.37218   2  12
        3.58589       -3.74362   2   1
        3.58589       -3.74362   2   2
        3.58589       -3.72738   2   3
        3.58589       -0.12663   2   4
        3.58589       -0.08241   2   5
        3.58589       -0.08241   2   6
        3.58589        0.13145   2   7
        3.58589        0.13145   2   8
        3.58589        0.61089   2   9
        3.58589        0.61089   2  10
        3.58589        0.72406   2  11
        3.58589        1.54948   2  12
        3.63684       -3.74418   2   1
        3.63684       -3.74418   2   2
        3.63684       -3.72761   2   3
        3.63684       -0.11210   2   4
        3.63684       -0.09029   2   5
        3.63684       -0.09029   2   6
        3.63684        0.13316   2   7
        3.63684        0.13316   2   8
        3.63684        0.60797   2   9
        3.63684        0.60797   2  10
        3.63684        0.73956   2  11
        3.63684        1.71082   2  12
        3.68778       -3.74461   2   1
        3.68778       -3.74461   2   2
        3.68778       -3.72848   2   3
        3.68778       -0.10239   2   4
        3.68778       -0.10239   2   5
        3.68778       -0.08907   2   6
        3.68778        0.13764   2   7
        3.68778        0.13764   2   8
        3.68778        0.61190   2   9
        3.68778        0.61190   2  10
        3.68778        0.75529   2  11
        3.68778        1.81148   2  12
        3.73872       -3.74492   2   1
        3.73872       -3.74492   2   2
        3.73872       -3.72997   2   3
        3.73872       -0.11671   2   4
        3.73872       -0.11671   2   5
        3.73872       -0.05879   2   6
        3.73872        0.14373   2   7
        3.73872        0.14373   2   8
        3.73872        0.62268   2   9
        3.73872        0.62268   2  10
        3.73872        0.76726   2  11
        3.73872        1.82559   2  12
        3.78967       -3.74509   2   1
        3.78967       -3.74509   2   2
        3.78967       -3.73203   2   3
        3.78967       -0.13169   2   4
        3.78967       -0.13169   2   5
        3.78967       -0.02352   2   6
        3.78967        0.15101   2   7
        3.78967        0.15101   2   8
        3.78967        0.63891   2   9
        3.78967        0.63891   2  10
        3.78967        0.77280   2  11
        3.78967        1.76125   2  12
        3.84061       -3.74513   2   1
        3.84061       -3.74513   2   2
        3.84061       -3.73451   2   3
        3.84061       -0.14616   2   4
        3.84061       -0.14616   2   5
        3.84061        0.01446   2   6
        3.84061        0.15922   2   7
        3.84061        0.15922   2   8
        3.84061        0.65834   2   9
        3.84061        0.65834   2  10
        3.84061        0.77223   2  11
        3.84061        1.65163   2  12
        3.89155       -3.74506   2   1
        3.89155       -3.74506   2   2
        3.89155       -3.73720   2   3
        3.89155       -0.15925   2   4
        3.89155       -0.15925   2   5
        3.89155        0.05347   2   6
        3.89155        0.16766   2   7
        3.89155        0.16766   2   8
        3.89155        0.67888   2   9
        3.89155        0.67888   2  10
        3.89155        0.76867   2  11
        3.89155        1.53469   2  12
        3.94249       -3.74496   2   1
        3.94249       -3.74496   2   2
        3.94249       -3.73981   2   3
        3.94249       -0.17051   2   4
        3.94249       -0.17051   2   5
        3.94249        0.09229   2   6
        3.94249        0.17550   2   7
        3.94249        0.17550   2   8
        3.94249        0.69919   2   9
        3.94249        0.69919   2  10
        3.94249        0.76542   2  11
        3.94249        1.43853   2  12
        3.99344       -3.74492   2   1
        3.99344       -3.74492   2   2
        3.99344       -3.74205   2   3
        3.99344       -0.17998   2   4
        3.99344       -0.17998   2   5
        3.99344        0.12925   2   6
        3.99344        0.18214   2   7
        3.99344        0.18214   2   8
        3.99344        0.71835   2   9
        3.99344        0.71835   2  10
        3.99344        0.76294   2  11
        3.99344        1.37702   2  12
        4.04438       -3.74495   2   1
        4.04438       -3.74495   2   2
        4.04438       -3.74372   2   3
        4.04438       -0.18759   2   4
        4.04438       -0.18759   2   5
        4.04438        0.16126   2   6
        4.04438        0.18729   2   7
        4.04438        0.18729   2   8
        4.04438        0.73497   2   9
        4.04438        0.73497   2  10
        4.04438        0.75900   2  11
        4.04438        1.35027   2  12
        4.09532       -3.74502   2   1
        4.09532       -3.74502   2   2
        4.09532       -3.74472   2   3
        4.09532       -0.19277   2   4
        4.09532       -0.19277   2   5
        4.09532        0.18368   2   6
        4.09532        0.19065   2   7
        4.09532        0.19065   2   8
        4.09532        0.74666   2   9
        4.09532        0.74666   2  10
        4.09532        0.75362   2  11
        4.09532        1.34609   2  12
        4.14626       -3.74506   2   1
        4.14626       -3.74506   2   2
        4.14626       -3.74506   2   3
        4.14626       -0.19464   2   4
        4.14626       -0.19464   2   5
        4.14626        0.19183   2   6
        4.14626        0.19183   2   7
        4.14626        0.19183   2   8
        4.14626        0.75093   2   9
        4.14626        0.75093   2  10
        4.14626        0.75093   2  11
        4.14626        1.34740   2  12
        4.14626       -3.73738   2   1
        4.14626       -3.73738   2   2
        4.14626       -3.73738   2   3
        4.14626       -0.10168   2   4
        4.14626       -0.10168   2   5
        4.14626       -0.10168   2   6
        4.14626        0.15018   2   7
        4.14626        0.15018   2   8
        4.14626        0.72679   2   9
        4.14626        0.75840   2  10
        4.14626        0.75840   2  11
        4.14626        0.75840   2  12
        4.20182       -3.74001   2   1
        4.20182       -3.73734   2   2
        4.20182       -3.73473   2   3
        4.20182       -0.10828   2   4
        4.20182       -0.10417   2   5
        4.20182       -0.09398   2   6
        4.20182        0.14811   2   7
        4.20182        0.15156   2   8
        4.20182        0.66855   2   9
        4.20182        0.70252   2  10
        4.20182        0.79426   2  11
        4.20182        0.85342   2  12
        4.25738       -3.74264   2   1
        4.25738       -3.73713   2   2
        4.25738       -3.73213   2   3
        4.25738       -0.11438   2   4
        4.25738       -0.11302   2   5
        4.25738       -0.08243   2   6
        4.25738        0.14329   2   7
        4.25738        0.15463   2   8
        4.25738        0.58673   2   9
        4.25738        0.67904   2  10
        4.25738        0.86160   2  11
        4.25738        0.93916   2  12
        4.31293       -3.74521   2   1
        4.31293       -3.73663   2   2
        4.31293       -3.72977   2   3
        4.31293       -0.13478   2   4
        4.31293       -0.11273   2   5
        4.31293       -0.06532   2   6
        4.31293        0.13869   2   7
        4.31293        0.15626   2   8
        4.31293        0.50942   2   9
        4.31293        0.66698   2  10
        4.31293        0.95600   2  11
        4.31293        1.00878   2  12
        4.36849       -3.74759   2   1
        4.36849       -3.73583   2   2
        4.36849       -3.72786   2   3
        4.36849       -0.16073   2   4
        4.36849       -0.10712   2   5
        4.36849       -0.04396   2   6
        4.36849        0.13637   2   7
        4.36849        0.15273   2   8
        4.36849        0.43813   2   9
        4.36849        0.66102   2  10
        4.36849        1.05799   2  11
        4.36849        1.08351   2  12
        4.42404       -3.74961   2   1
        4.42404       -3.73489   2   2
        4.42404       -3.72644   2   3
        4.42404       -0.18465   2   4
        4.42404       -0.10012   2   5
        4.42404       -0.01851   2   6
        4.42404        0.13436   2   7
        4.42404        0.14339   2   8
        4.42404        0.37790   2   9
        4.42404        0.65568   2  10
        4.42404        1.13573   2  11
        4.42404        1.19284   2  12
        4.47960       -3.75123   2   1
        4.47960       -3.73406   2   2
        4.47960       -3.72530   2   3
        4.47960       -0.20340   2   4
        4.47960       -0.09536   2   5
        4.47960        0.01489   2   6
        4.47960        0.12619   2   7
        4.47960        0.13238   2   8
        4.47960        0.32924   2   9
        4.47960        0.65112   2  10
        4.47960        1.18706   2  11
        4.47960        1.32671   2  12
        4.53515       -3.75247   2   1
        4.53515       -3.73354   2   2
        4.53515       -3.72427   2   3
        4.53515       -0.21831   2   4
        4.53515       -0.09301   2   5
        4.53515        0.05971   2   6
        4.53515        0.10782   2   7
        4.53515        0.12516   2   8
        4.53515        0.28642   2   9
        4.53515        0.64983   2  10
        4.53515        1.24269   2  11
        4.53515        1.43333   2  12
        4.59071       -3.75330   2   1
        4.59071       -3.73332   2   2
        4.59071       -3.72345   2   3
        4.59071       -0.22955   2   4
        4.59071       -0.09174   2   5
        4.59071        0.08628   2   6
        4.59071        0.11213   2   7
        4.59071        0.12305   2   8
        4.59071        0.24339   2   9
        4.59071        0.65117   2  10
        4.59071        1.30905   2  11
        4.59071        1.48043   2  12
        4.64626       -3.75359   2   1
        4.64626       -3.73327   2   2
        4.64626       -3.72313   2   3
        4.64626       -0.23400   2   4
        4.64626       -0.09123   2   5
        4.64626        0.07647   2   6
        4.64626        0.12306   2   7
        4.64626        0.14709   2   8
        4.64626        0.21333   2   9
        4.64626        0.65212   2  10
        4.64626        1.34181   2  11
        4.64626        1.48885   2  12
