   1   0   0.1000   0.0000   0.0000    0.09895  0.00000E+00  -0.74783E+02  0.00000E+00   0.13629-307  0.12275-318
   1   1   0.1000   0.0000   0.0000    0.09895  0.10411E-02  -0.74686E+02 -0.32008E+01  -0.32008E+01 -0.00000E+00
   1   2   0.1000   0.0000   0.0000    0.09895  0.32100E-02  -0.74040E+02 -0.96526E+01  -0.96526E+01 -0.00000E+00
   1   3   0.1000   0.0000   0.0000    0.09895  0.55595E-02  -0.73871E+02 -0.15666E+02  -0.15666E+02 -0.00000E+00
   1   4   0.1000   0.0000   0.0000    0.09895  0.81047E-02  -0.73816E+02 -0.24630E+02  -0.24630E+02 -0.00000E+00
   1   5   0.1000   0.0000   0.0000    0.09895  0.10862E-01  -0.71428E+02 -0.36158E+02  -0.36158E+02 -0.00000E+00
   1   6   0.1000   0.0000   0.0000    0.09895  0.13849E-01  -0.63117E+02 -0.49968E+02  -0.49968E+02 -0.00000E+00
   1   7   0.1000   0.0000   0.0000    0.09895  0.17084E-01  -0.52262E+02 -0.55723E+02  -0.55723E+02 -0.00000E+00
   1   8   0.1000   0.0000   0.0000    0.09895  0.20589E-01  -0.42534E+02 -0.62961E+02  -0.62961E+02 -0.00000E+00
   1   9   0.1000   0.0000   0.0000    0.09895  0.24386E-01  -0.27400E+02 -0.72027E+02  -0.72027E+02 -0.00000E+00
   1  10   0.1000   0.0000   0.0000    0.09895  0.28500E-01  -0.79530E+01 -0.71251E+02  -0.71251E+02 -0.00000E+00
   1  11   0.1000   0.0000   0.0000    0.09895  0.32956E-01   0.59257E+00 -0.59679E+02  -0.59679E+02 -0.00000E+00
   1  12   0.1000   0.0000   0.0000    0.09895  0.37782E-01   0.25266E+02 -0.79719E+02  -0.79719E+02 -0.00000E+00
   1  13   0.1000   0.0000   0.0000    0.09895  0.43011E-01   0.50426E+02 -0.34579E+02  -0.34579E+02 -0.00000E+00
   1  14   0.1000   0.0000   0.0000    0.09895  0.48676E-01   0.39443E+02 -0.67349E+01  -0.67349E+01 -0.00000E+00
   1  15   0.1000   0.0000   0.0000    0.09895  0.54812E-01   0.24188E+02 -0.34289E-01  -0.34289E-01 -0.00000E+00
   1  16   0.1000   0.0000   0.0000    0.09895  0.61459E-01   0.15571E+02  0.00000E+00   0.00000E+00 -0.00000E+00
   1  17   0.1000   0.0000   0.0000    0.09895  0.68660E-01   0.11230E+02  0.00000E+00   0.00000E+00 -0.00000E+00
   1  18   0.1000   0.0000   0.0000    0.09895  0.76461E-01   0.84529E+01  0.00000E+00   0.00000E+00 -0.00000E+00
   1  19   0.1000   0.0000   0.0000    0.09895  0.84912E-01   0.65289E+01  0.00000E+00   0.00000E+00 -0.00000E+00
   1  20   0.1000   0.0000   0.0000    0.09895  0.94066E-01   0.51328E+01  0.00000E+00   0.00000E+00 -0.00000E+00
   1  21   0.1000   0.0000   0.0000    0.09895  0.10398E+00   0.40881E+01  0.00000E+00   0.00000E+00 -0.00000E+00
   1  22   0.1000   0.0000   0.0000    0.09895  0.11472E+00   0.32888E+01  0.00000E+00   0.00000E+00 -0.00000E+00
   1  23   0.1000   0.0000   0.0000    0.09895  0.12636E+00   0.26668E+01  0.00000E+00   0.00000E+00 -0.00000E+00
   1  24   0.1000   0.0000   0.0000    0.09895  0.13897E+00   0.21764E+01  0.00000E+00   0.00000E+00 -0.00000E+00
   1  25   0.1000   0.0000   0.0000    0.09895  0.15263E+00   0.17856E+01  0.00000E+00   0.00000E+00 -0.00000E+00
   1  26   0.1000   0.0000   0.0000    0.09895  0.16742E+00   0.14716E+01  0.00000E+00   0.00000E+00 -0.00000E+00
   1  27   0.1000   0.0000   0.0000    0.09895  0.18345E+00   0.12174E+01  0.00000E+00   0.00000E+00 -0.00000E+00
   1  28   0.1000   0.0000   0.0000    0.09895  0.20081E+00   0.10103E+01  0.00000E+00   0.00000E+00 -0.00000E+00
   1  29   0.1000   0.0000   0.0000    0.09895  0.21961E+00   0.84083E+00  0.00000E+00   0.00000E+00 -0.00000E+00
   1  30   0.1000   0.0000   0.0000    0.09895  0.23999E+00   0.70148E+00  0.00000E+00   0.00000E+00 -0.00000E+00
   1  31   0.1000   0.0000   0.0000    0.09895  0.26206E+00   0.58648E+00  0.00000E+00   0.00000E+00 -0.00000E+00
   1  32   0.1000   0.0000   0.0000    0.09895  0.28596E+00   0.49124E+00  0.00000E+00   0.00000E+00 -0.00000E+00
   1  33   0.1000   0.0000   0.0000    0.09895  0.31186E+00   0.41215E+00  0.00000E+00   0.00000E+00 -0.00000E+00
   1  34   0.1000   0.0000   0.0000    0.09895  0.33992E+00   0.34630E+00  0.00000E+00   0.00000E+00 -0.00000E+00
   1  35   0.1000   0.0000   0.0000    0.09895  0.37031E+00   0.29136E+00  0.00000E+00   0.00000E+00 -0.00000E+00
   1  36   0.1000   0.0000   0.0000    0.09895  0.40324E+00   0.24541E+00  0.00000E+00   0.00000E+00 -0.00000E+00
   1  37   0.1000   0.0000   0.0000    0.09895  0.43890E+00   0.20693E+00  0.00000E+00   0.00000E+00 -0.00000E+00
   1  38   0.1000   0.0000   0.0000    0.09895  0.47754E+00   0.17465E+00  0.00000E+00   0.00000E+00 -0.00000E+00
   1  39   0.1000   0.0000   0.0000    0.09895  0.51940E+00   0.14753E+00  0.00000E+00   0.00000E+00 -0.00000E+00
   1  40   0.1000   0.0000   0.0000    0.09895  0.56474E+00   0.12471E+00  0.00000E+00   0.00000E+00 -0.00000E+00
   1  41   0.1000   0.0000   0.0000    0.09895  0.61385E+00   0.10550E+00  0.00000E+00   0.00000E+00 -0.00000E+00
   1  42   0.1000   0.0000   0.0000    0.09895  0.66706E+00   0.89298E-01  0.00000E+00   0.00000E+00 -0.00000E+00
   1  43   0.1000   0.0000   0.0000    0.09895  0.72470E+00   0.75630E-01  0.00000E+00   0.00000E+00 -0.00000E+00
   1  44   0.1000   0.0000   0.0000    0.09895  0.78714E+00   0.64087E-01  0.00000E+00   0.00000E+00 -0.00000E+00
   1  45   0.1000   0.0000   0.0000    0.09895  0.85478E+00   0.54331E-01  0.00000E+00   0.00000E+00 -0.00000E+00
   1  46   0.1000   0.0000   0.0000    0.09895  0.92806E+00   0.46080E-01  0.00000E+00   0.00000E+00 -0.00000E+00
   1  47   0.1000   0.0000   0.0000    0.09895  0.10074E+01   0.39097E-01  0.00000E+00   0.00000E+00 -0.00000E+00
   1  48   0.1000   0.0000   0.0000    0.09895  0.10934E+01   0.33184E-01  0.00000E+00   0.00000E+00 -0.00000E+00
   1  49   0.1000   0.0000   0.0000    0.09895  0.11866E+01   0.28175E-01  0.00000E+00   0.00000E+00 -0.00000E+00
   1  50   0.1000   0.0000   0.0000    0.09895  0.12875E+01   0.23929E-01  0.00000E+00   0.00000E+00 -0.00000E+00
   1  51   0.1000   0.0000   0.0000    0.09895  0.13968E+01   0.20328E-01  0.00000E+00   0.00000E+00 -0.00000E+00
   1  52   0.1000   0.0000   0.0000    0.09895  0.15152E+01   0.17273E-01  0.00000E+00   0.00000E+00 -0.00000E+00
   1  53   0.1000   0.0000   0.0000    0.09895  0.16435E+01   0.14681E-01  0.00000E+00   0.00000E+00 -0.00000E+00
   1  54   0.1000   0.0000   0.0000    0.09895  0.17825E+01   0.12480E-01  0.00000E+00   0.00000E+00 -0.00000E+00


   2   0   0.2000   0.0000   0.0000    0.19790  0.00000E+00  -0.76762E+02  0.00000E+00   0.13629-307  0.12275-318
   2   1   0.2000   0.0000   0.0000    0.19790  0.10411E-02  -0.76719E+02 -0.17228E+01  -0.17228E+01 -0.00000E+00
   2   2   0.2000   0.0000   0.0000    0.19790  0.32100E-02  -0.76443E+02 -0.52272E+01  -0.52272E+01 -0.00000E+00
   2   3   0.2000   0.0000   0.0000    0.19790  0.55595E-02  -0.75931E+02 -0.88803E+01  -0.88803E+01 -0.00000E+00
   2   4   0.2000   0.0000   0.0000    0.19790  0.81047E-02  -0.75229E+02 -0.12670E+02  -0.12670E+02 -0.00000E+00
   2   5   0.2000   0.0000   0.0000    0.19790  0.10862E-01  -0.74397E+02 -0.16640E+02  -0.16640E+02 -0.00000E+00
   2   6   0.2000   0.0000   0.0000    0.19790  0.13849E-01  -0.73374E+02 -0.20989E+02  -0.20989E+02 -0.00000E+00
   2   7   0.2000   0.0000   0.0000    0.19790  0.17084E-01  -0.71707E+02 -0.25796E+02  -0.25796E+02 -0.00000E+00
   2   8   0.2000   0.0000   0.0000    0.19790  0.20589E-01  -0.70557E+02 -0.29453E+02  -0.29453E+02 -0.00000E+00
   2   9   0.2000   0.0000   0.0000    0.19790  0.24386E-01  -0.69917E+02 -0.35773E+02  -0.35773E+02 -0.00000E+00
   2  10   0.2000   0.0000   0.0000    0.19790  0.28500E-01  -0.67212E+02 -0.44145E+02  -0.44145E+02 -0.00000E+00
   2  11   0.2000   0.0000   0.0000    0.19790  0.32956E-01  -0.61404E+02 -0.52585E+02  -0.52585E+02 -0.00000E+00
   2  12   0.2000   0.0000   0.0000    0.19790  0.37782E-01  -0.53428E+02 -0.58840E+02  -0.58840E+02 -0.00000E+00
   2  13   0.2000   0.0000   0.0000    0.19790  0.43011E-01  -0.45702E+02 -0.62679E+02  -0.62679E+02 -0.00000E+00
   2  14   0.2000   0.0000   0.0000    0.19790  0.48676E-01  -0.38943E+02 -0.67330E+02  -0.67330E+02 -0.00000E+00
   2  15   0.2000   0.0000   0.0000    0.19790  0.54812E-01  -0.32630E+02 -0.74255E+02  -0.74255E+02 -0.00000E+00
   2  16   0.2000   0.0000   0.0000    0.19790  0.61459E-01  -0.12418E+02 -0.93779E+02  -0.93779E+02 -0.00000E+00
   2  17   0.2000   0.0000   0.0000    0.19790  0.68660E-01   0.19931E+02 -0.86342E+02  -0.86342E+02 -0.00000E+00
   2  18   0.2000   0.0000   0.0000    0.19790  0.76461E-01   0.37134E+02 -0.59613E+02  -0.59613E+02 -0.00000E+00
   2  19   0.2000   0.0000   0.0000    0.19790  0.84912E-01   0.43330E+02 -0.44475E+02  -0.44475E+02 -0.00000E+00
   2  20   0.2000   0.0000   0.0000    0.19790  0.94066E-01   0.44263E+02 -0.21359E+02  -0.21359E+02 -0.00000E+00
   2  21   0.2000   0.0000   0.0000    0.19790  0.10398E+00   0.34878E+02 -0.58182E+01  -0.58182E+01 -0.00000E+00
   2  22   0.2000   0.0000   0.0000    0.19790  0.11472E+00   0.23865E+02 -0.32803E+00  -0.32803E+00 -0.00000E+00
   2  23   0.2000   0.0000   0.0000    0.19790  0.12636E+00   0.16469E+02  0.00000E+00   0.00000E+00 -0.00000E+00
   2  24   0.2000   0.0000   0.0000    0.19790  0.13897E+00   0.12313E+02  0.00000E+00   0.00000E+00 -0.00000E+00
   2  25   0.2000   0.0000   0.0000    0.19790  0.15263E+00   0.95512E+01  0.00000E+00   0.00000E+00 -0.00000E+00
   2  26   0.2000   0.0000   0.0000    0.19790  0.16742E+00   0.75623E+01  0.00000E+00   0.00000E+00 -0.00000E+00
   2  27   0.2000   0.0000   0.0000    0.19790  0.18345E+00   0.60714E+01  0.00000E+00   0.00000E+00 -0.00000E+00
   2  28   0.2000   0.0000   0.0000    0.19790  0.20081E+00   0.49243E+01  0.00000E+00   0.00000E+00 -0.00000E+00
   2  29   0.2000   0.0000   0.0000    0.19790  0.21961E+00   0.40251E+01  0.00000E+00   0.00000E+00 -0.00000E+00
   2  30   0.2000   0.0000   0.0000    0.19790  0.23999E+00   0.33103E+01  0.00000E+00   0.00000E+00 -0.00000E+00
   2  31   0.2000   0.0000   0.0000    0.19790  0.26206E+00   0.27360E+01  0.00000E+00   0.00000E+00 -0.00000E+00
   2  32   0.2000   0.0000   0.0000    0.19790  0.28596E+00   0.22704E+01  0.00000E+00   0.00000E+00 -0.00000E+00
   2  33   0.2000   0.0000   0.0000    0.19790  0.31186E+00   0.18905E+01  0.00000E+00   0.00000E+00 -0.00000E+00
   2  34   0.2000   0.0000   0.0000    0.19790  0.33992E+00   0.15785E+01  0.00000E+00   0.00000E+00 -0.00000E+00
   2  35   0.2000   0.0000   0.0000    0.19790  0.37031E+00   0.13213E+01  0.00000E+00   0.00000E+00 -0.00000E+00
   2  36   0.2000   0.0000   0.0000    0.19790  0.40324E+00   0.11082E+01  0.00000E+00   0.00000E+00 -0.00000E+00
   2  37   0.2000   0.0000   0.0000    0.19790  0.43890E+00   0.93110E+00  0.00000E+00   0.00000E+00 -0.00000E+00
   2  38   0.2000   0.0000   0.0000    0.19790  0.47754E+00   0.78352E+00  0.00000E+00   0.00000E+00 -0.00000E+00
   2  39   0.2000   0.0000   0.0000    0.19790  0.51940E+00   0.66021E+00  0.00000E+00   0.00000E+00 -0.00000E+00
   2  40   0.2000   0.0000   0.0000    0.19790  0.56474E+00   0.55695E+00  0.00000E+00   0.00000E+00 -0.00000E+00
   2  41   0.2000   0.0000   0.0000    0.19790  0.61385E+00   0.47032E+00  0.00000E+00   0.00000E+00 -0.00000E+00
   2  42   0.2000   0.0000   0.0000    0.19790  0.66706E+00   0.39753E+00  0.00000E+00   0.00000E+00 -0.00000E+00
   2  43   0.2000   0.0000   0.0000    0.19790  0.72470E+00   0.33627E+00  0.00000E+00   0.00000E+00 -0.00000E+00
   2  44   0.2000   0.0000   0.0000    0.19790  0.78714E+00   0.28465E+00  0.00000E+00   0.00000E+00 -0.00000E+00
   2  45   0.2000   0.0000   0.0000    0.19790  0.85478E+00   0.24111E+00  0.00000E+00   0.00000E+00 -0.00000E+00
   2  46   0.2000   0.0000   0.0000    0.19790  0.92806E+00   0.20434E+00  0.00000E+00   0.00000E+00 -0.00000E+00
   2  47   0.2000   0.0000   0.0000    0.19790  0.10074E+01   0.17327E+00  0.00000E+00   0.00000E+00 -0.00000E+00
   2  48   0.2000   0.0000   0.0000    0.19790  0.10934E+01   0.14699E+00  0.00000E+00   0.00000E+00 -0.00000E+00
   2  49   0.2000   0.0000   0.0000    0.19790  0.11866E+01   0.12474E+00  0.00000E+00   0.00000E+00 -0.00000E+00
   2  50   0.2000   0.0000   0.0000    0.19790  0.12875E+01   0.10590E+00  0.00000E+00   0.00000E+00 -0.00000E+00
   2  51   0.2000   0.0000   0.0000    0.19790  0.13968E+01   0.89939E-01  0.00000E+00   0.00000E+00 -0.00000E+00
   2  52   0.2000   0.0000   0.0000    0.19790  0.15152E+01   0.76403E-01  0.00000E+00   0.00000E+00 -0.00000E+00
   2  53   0.2000   0.0000   0.0000    0.19790  0.16435E+01   0.64922E-01  0.00000E+00   0.00000E+00 -0.00000E+00
   2  54   0.2000   0.0000   0.0000    0.19790  0.17825E+01   0.55180E-01  0.00000E+00   0.00000E+00 -0.00000E+00


   3   0   0.3000   0.0000   0.0000    0.29684  0.00000E+00  -0.81349E+02  0.00000E+00   0.13629-307  0.12275-318
   3   1   0.3000   0.0000   0.0000    0.29684  0.10411E-02  -0.81354E+02 -0.10365E+01  -0.10365E+01 -0.00000E+00
   3   2   0.3000   0.0000   0.0000    0.29684  0.32100E-02  -0.81403E+02 -0.31935E+01  -0.31935E+01 -0.00000E+00
   3   3   0.3000   0.0000   0.0000    0.29684  0.55595E-02  -0.81558E+02 -0.55264E+01  -0.55264E+01 -0.00000E+00
   3   4   0.3000   0.0000   0.0000    0.29684  0.81047E-02  -0.82270E+02 -0.80491E+01  -0.80491E+01 -0.00000E+00
   3   5   0.3000   0.0000   0.0000    0.29684  0.10862E-01  -0.82180E+02 -0.12868E+02  -0.12868E+02 -0.00000E+00
   3   6   0.3000   0.0000   0.0000    0.29684  0.13849E-01  -0.80958E+02 -0.16257E+02  -0.16257E+02 -0.00000E+00
   3   7   0.3000   0.0000   0.0000    0.29684  0.17084E-01  -0.79995E+02 -0.19695E+02  -0.19695E+02 -0.00000E+00
   3   8   0.3000   0.0000   0.0000    0.29684  0.20589E-01  -0.78990E+02 -0.23338E+02  -0.23338E+02 -0.00000E+00
   3   9   0.3000   0.0000   0.0000    0.29684  0.24386E-01  -0.78145E+02 -0.26897E+02  -0.26897E+02 -0.00000E+00
   3  10   0.3000   0.0000   0.0000    0.29684  0.28500E-01  -0.77741E+02 -0.30988E+02  -0.30988E+02 -0.00000E+00
   3  11   0.3000   0.0000   0.0000    0.29684  0.32956E-01  -0.77663E+02 -0.36011E+02  -0.36011E+02 -0.00000E+00
   3  12   0.3000   0.0000   0.0000    0.29684  0.37782E-01  -0.79971E+02 -0.41595E+02  -0.41595E+02 -0.00000E+00
   3  13   0.3000   0.0000   0.0000    0.29684  0.43011E-01  -0.80980E+02 -0.57872E+02  -0.57872E+02 -0.00000E+00
   3  14   0.3000   0.0000   0.0000    0.29684  0.48676E-01  -0.60553E+02 -0.84860E+02  -0.84860E+02 -0.00000E+00
   3  15   0.3000   0.0000   0.0000    0.29684  0.54812E-01  -0.39862E+02 -0.67826E+02  -0.67826E+02 -0.00000E+00
   3  16   0.3000   0.0000   0.0000    0.29684  0.61459E-01  -0.38202E+02 -0.65929E+02  -0.65929E+02 -0.00000E+00
   3  17   0.3000   0.0000   0.0000    0.29684  0.68660E-01  -0.33182E+02 -0.71934E+02  -0.71934E+02 -0.00000E+00
   3  18   0.3000   0.0000   0.0000    0.29684  0.76461E-01  -0.23147E+02 -0.76376E+02  -0.76376E+02 -0.00000E+00
   3  19   0.3000   0.0000   0.0000    0.29684  0.84912E-01  -0.94981E+01 -0.79834E+02  -0.79834E+02 -0.00000E+00
   3  20   0.3000   0.0000   0.0000    0.29684  0.94066E-01   0.86912E+01 -0.78611E+02  -0.78611E+02 -0.00000E+00
   3  21   0.3000   0.0000   0.0000    0.29684  0.10398E+00   0.23125E+02 -0.64453E+02  -0.64453E+02 -0.00000E+00
   3  22   0.3000   0.0000   0.0000    0.29684  0.11472E+00   0.30722E+02 -0.53736E+02  -0.53736E+02 -0.00000E+00
   3  23   0.3000   0.0000   0.0000    0.29684  0.12636E+00   0.41131E+02 -0.44345E+02  -0.44345E+02 -0.00000E+00
   3  24   0.3000   0.0000   0.0000    0.29684  0.13897E+00   0.41720E+02 -0.16902E+02  -0.16902E+02 -0.00000E+00
   3  25   0.3000   0.0000   0.0000    0.29684  0.15263E+00   0.31509E+02 -0.89742E+01  -0.89742E+01 -0.00000E+00
   3  26   0.3000   0.0000   0.0000    0.29684  0.16742E+00   0.24580E+02 -0.32313E+01  -0.32313E+01 -0.00000E+00
   3  27   0.3000   0.0000   0.0000    0.29684  0.18345E+00   0.18137E+02 -0.34519E+00  -0.34519E+00 -0.00000E+00
   3  28   0.3000   0.0000   0.0000    0.29684  0.20081E+00   0.13292E+02  0.00000E+00   0.00000E+00 -0.00000E+00
   3  29   0.3000   0.0000   0.0000    0.29684  0.21961E+00   0.10239E+02  0.00000E+00   0.00000E+00 -0.00000E+00
   3  30   0.3000   0.0000   0.0000    0.29684  0.23999E+00   0.81200E+01  0.00000E+00   0.00000E+00 -0.00000E+00
   3  31   0.3000   0.0000   0.0000    0.29684  0.26206E+00   0.65405E+01  0.00000E+00   0.00000E+00 -0.00000E+00
   3  32   0.3000   0.0000   0.0000    0.29684  0.28596E+00   0.53245E+01  0.00000E+00   0.00000E+00 -0.00000E+00
   3  33   0.3000   0.0000   0.0000    0.29684  0.31186E+00   0.43685E+01  0.00000E+00   0.00000E+00 -0.00000E+00
   3  34   0.3000   0.0000   0.0000    0.29684  0.33992E+00   0.36058E+01  0.00000E+00   0.00000E+00 -0.00000E+00
   3  35   0.3000   0.0000   0.0000    0.29684  0.37031E+00   0.29904E+01  0.00000E+00   0.00000E+00 -0.00000E+00
   3  36   0.3000   0.0000   0.0000    0.29684  0.40324E+00   0.24896E+01  0.00000E+00   0.00000E+00 -0.00000E+00
   3  37   0.3000   0.0000   0.0000    0.29684  0.43890E+00   0.20793E+01  0.00000E+00   0.00000E+00 -0.00000E+00
   3  38   0.3000   0.0000   0.0000    0.29684  0.47754E+00   0.17411E+01  0.00000E+00   0.00000E+00 -0.00000E+00
   3  39   0.3000   0.0000   0.0000    0.29684  0.51940E+00   0.14611E+01  0.00000E+00   0.00000E+00 -0.00000E+00
   3  40   0.3000   0.0000   0.0000    0.29684  0.56474E+00   0.12285E+01  0.00000E+00   0.00000E+00 -0.00000E+00
   3  41   0.3000   0.0000   0.0000    0.29684  0.61385E+00   0.10345E+01  0.00000E+00   0.00000E+00 -0.00000E+00
   3  42   0.3000   0.0000   0.0000    0.29684  0.66706E+00   0.87236E+00  0.00000E+00   0.00000E+00 -0.00000E+00
   3  43   0.3000   0.0000   0.0000    0.29684  0.72470E+00   0.73650E+00  0.00000E+00   0.00000E+00 -0.00000E+00
   3  44   0.3000   0.0000   0.0000    0.29684  0.78714E+00   0.62243E+00  0.00000E+00   0.00000E+00 -0.00000E+00
   3  45   0.3000   0.0000   0.0000    0.29684  0.85478E+00   0.52650E+00  0.00000E+00   0.00000E+00 -0.00000E+00
   3  46   0.3000   0.0000   0.0000    0.29684  0.92806E+00   0.44570E+00  0.00000E+00   0.00000E+00 -0.00000E+00
   3  47   0.3000   0.0000   0.0000    0.29684  0.10074E+01   0.37756E+00  0.00000E+00   0.00000E+00 -0.00000E+00
   3  48   0.3000   0.0000   0.0000    0.29684  0.10934E+01   0.32003E+00  0.00000E+00   0.00000E+00 -0.00000E+00
   3  49   0.3000   0.0000   0.0000    0.29684  0.11866E+01   0.27141E+00  0.00000E+00   0.00000E+00 -0.00000E+00
   3  50   0.3000   0.0000   0.0000    0.29684  0.12875E+01   0.23028E+00  0.00000E+00   0.00000E+00 -0.00000E+00
   3  51   0.3000   0.0000   0.0000    0.29684  0.13968E+01   0.19547E+00  0.00000E+00   0.00000E+00 -0.00000E+00
   3  52   0.3000   0.0000   0.0000    0.29684  0.15152E+01   0.16599E+00  0.00000E+00   0.00000E+00 -0.00000E+00
   3  53   0.3000   0.0000   0.0000    0.29684  0.16435E+01   0.14099E+00  0.00000E+00   0.00000E+00 -0.00000E+00
   3  54   0.3000   0.0000   0.0000    0.29684  0.17825E+01   0.11980E+00  0.00000E+00   0.00000E+00 -0.00000E+00


   4   0   0.4000   0.0000   0.0000    0.39579  0.00000E+00  -0.78392E+02  0.00000E+00   0.13629-307  0.12275-318
   4   1   0.4000   0.0000   0.0000    0.39579  0.10411E-02  -0.78386E+02 -0.75831E+00  -0.75831E+00 -0.00000E+00
   4   2   0.4000   0.0000   0.0000    0.39579  0.32100E-02  -0.78352E+02 -0.23235E+01  -0.23235E+01 -0.00000E+00
   4   3   0.4000   0.0000   0.0000    0.39579  0.55595E-02  -0.78293E+02 -0.39942E+01  -0.39942E+01 -0.00000E+00
   4   4   0.4000   0.0000   0.0000    0.39579  0.81047E-02  -0.78219E+02 -0.57752E+01  -0.57752E+01 -0.00000E+00
   4   5   0.4000   0.0000   0.0000    0.39579  0.10862E-01  -0.78145E+02 -0.76732E+01  -0.76732E+01 -0.00000E+00
   4   6   0.4000   0.0000   0.0000    0.39579  0.13849E-01  -0.78082E+02 -0.97031E+01  -0.97031E+01 -0.00000E+00
   4   7   0.4000   0.0000   0.0000    0.39579  0.17084E-01  -0.78053E+02 -0.11874E+02  -0.11874E+02 -0.00000E+00
   4   8   0.4000   0.0000   0.0000    0.39579  0.20589E-01  -0.78103E+02 -0.14192E+02  -0.14192E+02 -0.00000E+00
   4   9   0.4000   0.0000   0.0000    0.39579  0.24386E-01  -0.78337E+02 -0.16673E+02  -0.16673E+02 -0.00000E+00
   4  10   0.4000   0.0000   0.0000    0.39579  0.28500E-01  -0.79144E+02 -0.19368E+02  -0.19368E+02 -0.00000E+00
   4  11   0.4000   0.0000   0.0000    0.39579  0.32956E-01  -0.80117E+02 -0.23594E+02  -0.23594E+02 -0.00000E+00
   4  12   0.4000   0.0000   0.0000    0.39579  0.37782E-01  -0.80454E+02 -0.28573E+02  -0.28573E+02 -0.00000E+00
   4  13   0.4000   0.0000   0.0000    0.39579  0.43011E-01  -0.81047E+02 -0.33325E+02  -0.33325E+02 -0.00000E+00
   4  14   0.4000   0.0000   0.0000    0.39579  0.48676E-01  -0.83651E+02 -0.39355E+02  -0.39355E+02 -0.00000E+00
   4  15   0.4000   0.0000   0.0000    0.39579  0.54812E-01  -0.87027E+02 -0.51890E+02  -0.51890E+02 -0.00000E+00
   4  16   0.4000   0.0000   0.0000    0.39579  0.61459E-01  -0.81468E+02 -0.75497E+02  -0.75497E+02 -0.00000E+00
   4  17   0.4000   0.0000   0.0000    0.39579  0.68660E-01  -0.59344E+02 -0.95610E+02  -0.95610E+02 -0.00000E+00
   4  18   0.4000   0.0000   0.0000    0.39579  0.76461E-01  -0.25722E+02 -0.97945E+02  -0.97945E+02 -0.00000E+00
   4  19   0.4000   0.0000   0.0000    0.39579  0.84912E-01  -0.13388E+02 -0.64839E+02  -0.64839E+02 -0.00000E+00
   4  20   0.4000   0.0000   0.0000    0.39579  0.94066E-01  -0.17511E+02 -0.68716E+02  -0.68716E+02 -0.00000E+00
   4  21   0.4000   0.0000   0.0000    0.39579  0.10398E+00  -0.88390E+01 -0.71702E+02  -0.71702E+02 -0.00000E+00
   4  22   0.4000   0.0000   0.0000    0.39579  0.11472E+00   0.28647E+01 -0.68552E+02  -0.68552E+02 -0.00000E+00
   4  23   0.4000   0.0000   0.0000    0.39579  0.12636E+00   0.12501E+02 -0.61318E+02  -0.61318E+02 -0.00000E+00
   4  24   0.4000   0.0000   0.0000    0.39579  0.13897E+00   0.18252E+02 -0.52908E+02  -0.52908E+02 -0.00000E+00
   4  25   0.4000   0.0000   0.0000    0.39579  0.15263E+00   0.23238E+02 -0.48600E+02  -0.48600E+02 -0.00000E+00
   4  26   0.4000   0.0000   0.0000    0.39579  0.16742E+00   0.35620E+02 -0.45106E+02  -0.45106E+02 -0.00000E+00
   4  27   0.4000   0.0000   0.0000    0.39579  0.18345E+00   0.38707E+02 -0.17263E+02  -0.17263E+02 -0.00000E+00
   4  28   0.4000   0.0000   0.0000    0.39579  0.20081E+00   0.29077E+02 -0.10288E+02  -0.10288E+02 -0.00000E+00
   4  29   0.4000   0.0000   0.0000    0.39579  0.21961E+00   0.23540E+02 -0.56076E+01  -0.56076E+01 -0.00000E+00
   4  30   0.4000   0.0000   0.0000    0.39579  0.23999E+00   0.18720E+02 -0.21467E+01  -0.21467E+01 -0.00000E+00
   4  31   0.4000   0.0000   0.0000    0.39579  0.26206E+00   0.14222E+02 -0.28543E+00  -0.28543E+00 -0.00000E+00
   4  32   0.4000   0.0000   0.0000    0.39579  0.28596E+00   0.10714E+02  0.00000E+00   0.00000E+00 -0.00000E+00
   4  33   0.4000   0.0000   0.0000    0.39579  0.31186E+00   0.83867E+01  0.00000E+00   0.00000E+00 -0.00000E+00
   4  34   0.4000   0.0000   0.0000    0.39579  0.33992E+00   0.67320E+01  0.00000E+00   0.00000E+00 -0.00000E+00
   4  35   0.4000   0.0000   0.0000    0.39579  0.37031E+00   0.54746E+01  0.00000E+00   0.00000E+00 -0.00000E+00
   4  36   0.4000   0.0000   0.0000    0.39579  0.40324E+00   0.44917E+01  0.00000E+00   0.00000E+00 -0.00000E+00
   4  37   0.4000   0.0000   0.0000    0.39579  0.43890E+00   0.37095E+01  0.00000E+00   0.00000E+00 -0.00000E+00
   4  38   0.4000   0.0000   0.0000    0.39579  0.47754E+00   0.30789E+01  0.00000E+00   0.00000E+00 -0.00000E+00
   4  39   0.4000   0.0000   0.0000    0.39579  0.51940E+00   0.25658E+01  0.00000E+00   0.00000E+00 -0.00000E+00
   4  40   0.4000   0.0000   0.0000    0.39579  0.56474E+00   0.21450E+01  0.00000E+00   0.00000E+00 -0.00000E+00
   4  41   0.4000   0.0000   0.0000    0.39579  0.61385E+00   0.17981E+01  0.00000E+00   0.00000E+00 -0.00000E+00
   4  42   0.4000   0.0000   0.0000    0.39579  0.66706E+00   0.15105E+01  0.00000E+00   0.00000E+00 -0.00000E+00
   4  43   0.4000   0.0000   0.0000    0.39579  0.72470E+00   0.12713E+01  0.00000E+00   0.00000E+00 -0.00000E+00
   4  44   0.4000   0.0000   0.0000    0.39579  0.78714E+00   0.10716E+01  0.00000E+00   0.00000E+00 -0.00000E+00
   4  45   0.4000   0.0000   0.0000    0.39579  0.85478E+00   0.90451E+00  0.00000E+00   0.00000E+00 -0.00000E+00
   4  46   0.4000   0.0000   0.0000    0.39579  0.92806E+00   0.76433E+00  0.00000E+00   0.00000E+00 -0.00000E+00
   4  47   0.4000   0.0000   0.0000    0.39579  0.10074E+01   0.64650E+00  0.00000E+00   0.00000E+00 -0.00000E+00
   4  48   0.4000   0.0000   0.0000    0.39579  0.10934E+01   0.54730E+00  0.00000E+00   0.00000E+00 -0.00000E+00
   4  49   0.4000   0.0000   0.0000    0.39579  0.11866E+01   0.46366E+00  0.00000E+00   0.00000E+00 -0.00000E+00
   4  50   0.4000   0.0000   0.0000    0.39579  0.12875E+01   0.39306E+00  0.00000E+00   0.00000E+00 -0.00000E+00
   4  51   0.4000   0.0000   0.0000    0.39579  0.13968E+01   0.33339E+00  0.00000E+00   0.00000E+00 -0.00000E+00
   4  52   0.4000   0.0000   0.0000    0.39579  0.15152E+01   0.28292E+00  0.00000E+00   0.00000E+00 -0.00000E+00
   4  53   0.4000   0.0000   0.0000    0.39579  0.16435E+01   0.24019E+00  0.00000E+00   0.00000E+00 -0.00000E+00
   4  54   0.4000   0.0000   0.0000    0.39579  0.17825E+01   0.20399E+00  0.00000E+00   0.00000E+00 -0.00000E+00


   5   0   0.5000   0.0000   0.0000    0.49474  0.00000E+00  -0.72842E+02  0.00000E+00   0.13629-307  0.12275-318
   5   1   0.5000   0.0000   0.0000    0.49474  0.10411E-02  -0.72834E+02 -0.62067E+00  -0.62067E+00 -0.00000E+00
   5   2   0.5000   0.0000   0.0000    0.49474  0.32100E-02  -0.72782E+02 -0.18977E+01  -0.18977E+01 -0.00000E+00
   5   3   0.5000   0.0000   0.0000    0.49474  0.55595E-02  -0.72686E+02 -0.32539E+01  -0.32539E+01 -0.00000E+00
   5   4   0.5000   0.0000   0.0000    0.49474  0.81047E-02  -0.72548E+02 -0.46914E+01  -0.46914E+01 -0.00000E+00
   5   5   0.5000   0.0000   0.0000    0.49474  0.10862E-01  -0.72369E+02 -0.62112E+01  -0.62112E+01 -0.00000E+00
   5   6   0.5000   0.0000   0.0000    0.49474  0.13849E-01  -0.72152E+02 -0.78139E+01  -0.78139E+01 -0.00000E+00
   5   7   0.5000   0.0000   0.0000    0.49474  0.17084E-01  -0.71902E+02 -0.94986E+01  -0.94986E+01 -0.00000E+00
   5   8   0.5000   0.0000   0.0000    0.49474  0.20589E-01  -0.71629E+02 -0.11263E+02  -0.11263E+02 -0.00000E+00
   5   9   0.5000   0.0000   0.0000    0.49474  0.24386E-01  -0.71354E+02 -0.13104E+02  -0.13104E+02 -0.00000E+00
   5  10   0.5000   0.0000   0.0000    0.49474  0.28500E-01  -0.71122E+02 -0.15017E+02  -0.15017E+02 -0.00000E+00
   5  11   0.5000   0.0000   0.0000    0.49474  0.32956E-01  -0.71003E+02 -0.17029E+02  -0.17029E+02 -0.00000E+00
   5  12   0.5000   0.0000   0.0000    0.49474  0.37782E-01  -0.71100E+02 -0.19188E+02  -0.19188E+02 -0.00000E+00
   5  13   0.5000   0.0000   0.0000    0.49474  0.43011E-01  -0.71568E+02 -0.21621E+02  -0.21621E+02 -0.00000E+00
   5  14   0.5000   0.0000   0.0000    0.49474  0.48676E-01  -0.72643E+02 -0.24582E+02  -0.24582E+02 -0.00000E+00
   5  15   0.5000   0.0000   0.0000    0.49474  0.54812E-01  -0.74915E+02 -0.28635E+02  -0.28635E+02 -0.00000E+00
   5  16   0.5000   0.0000   0.0000    0.49474  0.61459E-01  -0.76806E+02 -0.37050E+02  -0.37050E+02 -0.00000E+00
   5  17   0.5000   0.0000   0.0000    0.49474  0.68660E-01  -0.74326E+02 -0.48711E+02  -0.48711E+02 -0.00000E+00
   5  18   0.5000   0.0000   0.0000    0.49474  0.76461E-01  -0.68256E+02 -0.57413E+02  -0.57413E+02 -0.00000E+00
   5  19   0.5000   0.0000   0.0000    0.49474  0.84912E-01  -0.60798E+02 -0.65901E+02  -0.65901E+02 -0.00000E+00
   5  20   0.5000   0.0000   0.0000    0.49474  0.94066E-01  -0.50968E+02 -0.73991E+02  -0.73991E+02 -0.00000E+00
   5  21   0.5000   0.0000   0.0000    0.49474  0.10398E+00  -0.37745E+02 -0.81313E+02  -0.81313E+02 -0.00000E+00
   5  22   0.5000   0.0000   0.0000    0.49474  0.11472E+00  -0.15322E+02 -0.87415E+02  -0.87415E+02 -0.00000E+00
   5  23   0.5000   0.0000   0.0000    0.49474  0.12636E+00  -0.10089E+01 -0.65295E+02  -0.65295E+02 -0.00000E+00
   5  24   0.5000   0.0000   0.0000    0.49474  0.13897E+00   0.11334E+01 -0.62118E+02  -0.62118E+02 -0.00000E+00
   5  25   0.5000   0.0000   0.0000    0.49474  0.15263E+00   0.72920E+01 -0.57291E+02  -0.57291E+02 -0.00000E+00
   5  26   0.5000   0.0000   0.0000    0.49474  0.16742E+00   0.12646E+02 -0.51557E+02  -0.51557E+02 -0.00000E+00
   5  27   0.5000   0.0000   0.0000    0.49474  0.18345E+00   0.17124E+02 -0.46273E+02  -0.46273E+02 -0.00000E+00
   5  28   0.5000   0.0000   0.0000    0.49474  0.20081E+00   0.22543E+02 -0.41700E+02  -0.41700E+02 -0.00000E+00
   5  29   0.5000   0.0000   0.0000    0.49474  0.21961E+00   0.28185E+02 -0.33505E+02  -0.33505E+02 -0.00000E+00
   5  30   0.5000   0.0000   0.0000    0.49474  0.23999E+00   0.31258E+02 -0.22829E+02  -0.22829E+02 -0.00000E+00
   5  31   0.5000   0.0000   0.0000    0.49474  0.26206E+00   0.27964E+02 -0.96507E+01  -0.96507E+01 -0.00000E+00
   5  32   0.5000   0.0000   0.0000    0.49474  0.28596E+00   0.21641E+02 -0.57081E+01  -0.57081E+01 -0.00000E+00
   5  33   0.5000   0.0000   0.0000    0.49474  0.31186E+00   0.17448E+02 -0.26095E+01  -0.26095E+01 -0.00000E+00
   5  34   0.5000   0.0000   0.0000    0.49474  0.33992E+00   0.13555E+02 -0.62861E+00  -0.62861E+00 -0.00000E+00
   5  35   0.5000   0.0000   0.0000    0.49474  0.37031E+00   0.10271E+02 -0.87739E-02  -0.87739E-02 -0.00000E+00
   5  36   0.5000   0.0000   0.0000    0.49474  0.40324E+00   0.79660E+01  0.00000E+00   0.00000E+00 -0.00000E+00
   5  37   0.5000   0.0000   0.0000    0.49474  0.43890E+00   0.63830E+01  0.00000E+00   0.00000E+00 -0.00000E+00
   5  38   0.5000   0.0000   0.0000    0.49474  0.47754E+00   0.51902E+01  0.00000E+00   0.00000E+00 -0.00000E+00
   5  39   0.5000   0.0000   0.0000    0.49474  0.51940E+00   0.42605E+01  0.00000E+00   0.00000E+00 -0.00000E+00
   5  40   0.5000   0.0000   0.0000    0.49474  0.56474E+00   0.35212E+01  0.00000E+00   0.00000E+00 -0.00000E+00
   5  41   0.5000   0.0000   0.0000    0.49474  0.61385E+00   0.29252E+01  0.00000E+00   0.00000E+00 -0.00000E+00
   5  42   0.5000   0.0000   0.0000    0.49474  0.66706E+00   0.24399E+01  0.00000E+00   0.00000E+00 -0.00000E+00
   5  43   0.5000   0.0000   0.0000    0.49474  0.72470E+00   0.20417E+01  0.00000E+00   0.00000E+00 -0.00000E+00
   5  44   0.5000   0.0000   0.0000    0.49474  0.78714E+00   0.17130E+01  0.00000E+00   0.00000E+00 -0.00000E+00
   5  45   0.5000   0.0000   0.0000    0.49474  0.85478E+00   0.14404E+01  0.00000E+00   0.00000E+00 -0.00000E+00
   5  46   0.5000   0.0000   0.0000    0.49474  0.92806E+00   0.12133E+01  0.00000E+00   0.00000E+00 -0.00000E+00
   5  47   0.5000   0.0000   0.0000    0.49474  0.10074E+01   0.10236E+01  0.00000E+00   0.00000E+00 -0.00000E+00
   5  48   0.5000   0.0000   0.0000    0.49474  0.10934E+01   0.86463E+00  0.00000E+00   0.00000E+00 -0.00000E+00
   5  49   0.5000   0.0000   0.0000    0.49474  0.11866E+01   0.73116E+00  0.00000E+00   0.00000E+00 -0.00000E+00
   5  50   0.5000   0.0000   0.0000    0.49474  0.12875E+01   0.61887E+00  0.00000E+00   0.00000E+00 -0.00000E+00
   5  51   0.5000   0.0000   0.0000    0.49474  0.13968E+01   0.52425E+00  0.00000E+00   0.00000E+00 -0.00000E+00
   5  52   0.5000   0.0000   0.0000    0.49474  0.15152E+01   0.44441E+00  0.00000E+00   0.00000E+00 -0.00000E+00
   5  53   0.5000   0.0000   0.0000    0.49474  0.16435E+01   0.37695E+00  0.00000E+00   0.00000E+00 -0.00000E+00
   5  54   0.5000   0.0000   0.0000    0.49474  0.17825E+01   0.31989E+00  0.00000E+00   0.00000E+00 -0.00000E+00


   6   0   0.6000   0.0000   0.0000    0.59369  0.00000E+00  -0.77225E+02  0.00000E+00   0.13629-307  0.12275-318
   6   1   0.6000   0.0000   0.0000    0.59369  0.10411E-02  -0.77231E+02 -0.47248E+00  -0.47248E+00 -0.00000E+00
   6   2   0.6000   0.0000   0.0000    0.59369  0.32100E-02  -0.77268E+02 -0.14686E+01  -0.14686E+01 -0.00000E+00
   6   3   0.6000   0.0000   0.0000    0.59369  0.55595E-02  -0.77336E+02 -0.25676E+01  -0.25676E+01 -0.00000E+00
   6   4   0.6000   0.0000   0.0000    0.59369  0.81047E-02  -0.77433E+02 -0.37783E+01  -0.37783E+01 -0.00000E+00
   6   5   0.6000   0.0000   0.0000    0.59369  0.10862E-01  -0.77568E+02 -0.51048E+01  -0.51048E+01 -0.00000E+00
   6   6   0.6000   0.0000   0.0000    0.59369  0.13849E-01  -0.77762E+02 -0.65613E+01  -0.65613E+01 -0.00000E+00
   6   7   0.6000   0.0000   0.0000    0.59369  0.17084E-01  -0.78052E+02 -0.81647E+01  -0.81647E+01 -0.00000E+00
   6   8   0.6000   0.0000   0.0000    0.59369  0.20589E-01  -0.78537E+02 -0.99318E+01  -0.99318E+01 -0.00000E+00
   6   9   0.6000   0.0000   0.0000    0.59369  0.24386E-01  -0.79793E+02 -0.11881E+02  -0.11881E+02 -0.00000E+00
   6  10   0.6000   0.0000   0.0000    0.59369  0.28500E-01  -0.81267E+02 -0.16220E+02  -0.16220E+02 -0.00000E+00
   6  11   0.6000   0.0000   0.0000    0.59369  0.32956E-01  -0.79208E+02 -0.23481E+02  -0.23481E+02 -0.00000E+00
   6  12   0.6000   0.0000   0.0000    0.59369  0.37782E-01  -0.75199E+02 -0.25235E+02  -0.25235E+02 -0.00000E+00
   6  13   0.6000   0.0000   0.0000    0.59369  0.43011E-01  -0.72971E+02 -0.26448E+02  -0.26448E+02 -0.00000E+00
   6  14   0.6000   0.0000   0.0000    0.59369  0.48676E-01  -0.72186E+02 -0.27113E+02  -0.27113E+02 -0.00000E+00
   6  15   0.6000   0.0000   0.0000    0.59369  0.54812E-01  -0.73485E+02 -0.28702E+02  -0.28702E+02 -0.00000E+00
   6  16   0.6000   0.0000   0.0000    0.59369  0.61459E-01  -0.73600E+02 -0.34812E+02  -0.34812E+02 -0.00000E+00
   6  17   0.6000   0.0000   0.0000    0.59369  0.68660E-01  -0.72716E+02 -0.37721E+02  -0.37721E+02 -0.00000E+00
   6  18   0.6000   0.0000   0.0000    0.59369  0.76461E-01  -0.74249E+02 -0.42344E+02  -0.42344E+02 -0.00000E+00
   6  19   0.6000   0.0000   0.0000    0.59369  0.84912E-01  -0.75629E+02 -0.51967E+02  -0.51967E+02 -0.00000E+00
   6  20   0.6000   0.0000   0.0000    0.59369  0.94066E-01  -0.72125E+02 -0.66533E+02  -0.66533E+02 -0.00000E+00
   6  21   0.6000   0.0000   0.0000    0.59369  0.10398E+00  -0.61168E+02 -0.80638E+02  -0.80638E+02 -0.00000E+00
   6  22   0.6000   0.0000   0.0000    0.59369  0.11472E+00  -0.43694E+02 -0.90110E+02  -0.90110E+02 -0.00000E+00
   6  23   0.6000   0.0000   0.0000    0.59369  0.12636E+00  -0.25045E+02 -0.89794E+02  -0.89794E+02 -0.00000E+00
   6  24   0.6000   0.0000   0.0000    0.59369  0.13897E+00  -0.96314E+01 -0.85370E+02  -0.85370E+02 -0.00000E+00
   6  25   0.6000   0.0000   0.0000    0.59369  0.15263E+00   0.22453E+01 -0.78028E+02  -0.78028E+02 -0.00000E+00
   6  26   0.6000   0.0000   0.0000    0.59369  0.16742E+00   0.73252E+01 -0.69538E+02  -0.69538E+02 -0.00000E+00
   6  27   0.6000   0.0000   0.0000    0.59369  0.18345E+00   0.19663E+02 -0.77758E+02  -0.77758E+02 -0.00000E+00
   6  28   0.6000   0.0000   0.0000    0.59369  0.20081E+00   0.39889E+02 -0.63982E+02  -0.63982E+02 -0.00000E+00
   6  29   0.6000   0.0000   0.0000    0.59369  0.21961E+00   0.53078E+02 -0.44518E+02  -0.44518E+02 -0.00000E+00
   6  30   0.6000   0.0000   0.0000    0.59369  0.23999E+00   0.50069E+02 -0.12236E+02  -0.12236E+02 -0.00000E+00
   6  31   0.6000   0.0000   0.0000    0.59369  0.26206E+00   0.34376E+02 -0.18436E+01  -0.18436E+01 -0.00000E+00
   6  32   0.6000   0.0000   0.0000    0.59369  0.28596E+00   0.23513E+02  0.00000E+00   0.00000E+00 -0.00000E+00
   6  33   0.6000   0.0000   0.0000    0.59369  0.31186E+00   0.17236E+02  0.00000E+00   0.00000E+00 -0.00000E+00
   6  34   0.6000   0.0000   0.0000    0.59369  0.33992E+00   0.13334E+02  0.00000E+00   0.00000E+00 -0.00000E+00
   6  35   0.6000   0.0000   0.0000    0.59369  0.37031E+00   0.10572E+02  0.00000E+00   0.00000E+00 -0.00000E+00
   6  36   0.6000   0.0000   0.0000    0.59369  0.40324E+00   0.85142E+01  0.00000E+00   0.00000E+00 -0.00000E+00
   6  37   0.6000   0.0000   0.0000    0.59369  0.43890E+00   0.69328E+01  0.00000E+00   0.00000E+00 -0.00000E+00
   6  38   0.6000   0.0000   0.0000    0.59369  0.47754E+00   0.56914E+01  0.00000E+00   0.00000E+00 -0.00000E+00
   6  39   0.6000   0.0000   0.0000    0.59369  0.51940E+00   0.47016E+01  0.00000E+00   0.00000E+00 -0.00000E+00
   6  40   0.6000   0.0000   0.0000    0.59369  0.56474E+00   0.39033E+01  0.00000E+00   0.00000E+00 -0.00000E+00
   6  41   0.6000   0.0000   0.0000    0.59369  0.61385E+00   0.32533E+01  0.00000E+00   0.00000E+00 -0.00000E+00
   6  42   0.6000   0.0000   0.0000    0.59369  0.66706E+00   0.27204E+01  0.00000E+00   0.00000E+00 -0.00000E+00
   6  43   0.6000   0.0000   0.0000    0.59369  0.72470E+00   0.22808E+01  0.00000E+00   0.00000E+00 -0.00000E+00
   6  44   0.6000   0.0000   0.0000    0.59369  0.78714E+00   0.19166E+01  0.00000E+00   0.00000E+00 -0.00000E+00
   6  45   0.6000   0.0000   0.0000    0.59369  0.85478E+00   0.16134E+01  0.00000E+00   0.00000E+00 -0.00000E+00
   6  46   0.6000   0.0000   0.0000    0.59369  0.92806E+00   0.13604E+01  0.00000E+00   0.00000E+00 -0.00000E+00
   6  47   0.6000   0.0000   0.0000    0.59369  0.10074E+01   0.11486E+01  0.00000E+00   0.00000E+00 -0.00000E+00
   6  48   0.6000   0.0000   0.0000    0.59369  0.10934E+01   0.97086E+00  0.00000E+00   0.00000E+00 -0.00000E+00
   6  49   0.6000   0.0000   0.0000    0.59369  0.11866E+01   0.82143E+00  0.00000E+00   0.00000E+00 -0.00000E+00
   6  50   0.6000   0.0000   0.0000    0.59369  0.12875E+01   0.69559E+00  0.00000E+00   0.00000E+00 -0.00000E+00
   6  51   0.6000   0.0000   0.0000    0.59369  0.13968E+01   0.58945E+00  0.00000E+00   0.00000E+00 -0.00000E+00
   6  52   0.6000   0.0000   0.0000    0.59369  0.15152E+01   0.49983E+00  0.00000E+00   0.00000E+00 -0.00000E+00
   6  53   0.6000   0.0000   0.0000    0.59369  0.16435E+01   0.42407E+00  0.00000E+00   0.00000E+00 -0.00000E+00
   6  54   0.6000   0.0000   0.0000    0.59369  0.17825E+01   0.35996E+00  0.00000E+00   0.00000E+00 -0.00000E+00


   7   0   0.7000   0.0000   0.0000    0.69263  0.00000E+00  -0.76566E+02  0.00000E+00   0.13629-307  0.12275-318
   7   1   0.7000   0.0000   0.0000    0.69263  0.10411E-02  -0.76568E+02 -0.35570E+00  -0.35570E+00 -0.00000E+00
   7   2   0.7000   0.0000   0.0000    0.69263  0.32100E-02  -0.76593E+02 -0.10915E+01  -0.10915E+01 -0.00000E+00
   7   3   0.7000   0.0000   0.0000    0.69263  0.55595E-02  -0.76659E+02 -0.18805E+01  -0.18805E+01 -0.00000E+00
   7   4   0.7000   0.0000   0.0000    0.69263  0.81047E-02  -0.76784E+02 -0.27361E+01  -0.27361E+01 -0.00000E+00
   7   5   0.7000   0.0000   0.0000    0.69263  0.10862E-01  -0.76984E+02 -0.36725E+01  -0.36725E+01 -0.00000E+00
   7   6   0.7000   0.0000   0.0000    0.69263  0.13849E-01  -0.77284E+02 -0.46981E+01  -0.46981E+01 -0.00000E+00
   7   7   0.7000   0.0000   0.0000    0.69263  0.17084E-01  -0.77729E+02 -0.58327E+01  -0.58327E+01 -0.00000E+00
   7   8   0.7000   0.0000   0.0000    0.69263  0.20589E-01  -0.78387E+02 -0.71155E+01  -0.71155E+01 -0.00000E+00
   7   9   0.7000   0.0000   0.0000    0.69263  0.24386E-01  -0.79501E+02 -0.85700E+01  -0.85700E+01 -0.00000E+00
   7  10   0.7000   0.0000   0.0000    0.69263  0.28500E-01  -0.81287E+02 -0.10880E+02  -0.10880E+02 -0.00000E+00
   7  11   0.7000   0.0000   0.0000    0.69263  0.32956E-01  -0.81674E+02 -0.15796E+02  -0.15796E+02 -0.00000E+00
   7  12   0.7000   0.0000   0.0000    0.69263  0.37782E-01  -0.81187E+02 -0.17924E+02  -0.17924E+02 -0.00000E+00
   7  13   0.7000   0.0000   0.0000    0.69263  0.43011E-01  -0.82572E+02 -0.20302E+02  -0.20302E+02 -0.00000E+00
   7  14   0.7000   0.0000   0.0000    0.69263  0.48676E-01  -0.86413E+02 -0.24392E+02  -0.24392E+02 -0.00000E+00
   7  15   0.7000   0.0000   0.0000    0.69263  0.54812E-01  -0.88665E+02 -0.36753E+02  -0.36753E+02 -0.00000E+00
   7  16   0.7000   0.0000   0.0000    0.69263  0.61459E-01  -0.79142E+02 -0.53992E+02  -0.53992E+02 -0.00000E+00
   7  17   0.7000   0.0000   0.0000    0.69263  0.68660E-01  -0.61852E+02 -0.54890E+02  -0.54890E+02 -0.00000E+00
   7  18   0.7000   0.0000   0.0000    0.69263  0.76461E-01  -0.57852E+02 -0.40274E+02  -0.40274E+02 -0.00000E+00
   7  19   0.7000   0.0000   0.0000    0.69263  0.84912E-01  -0.62920E+02 -0.44069E+02  -0.44069E+02 -0.00000E+00
   7  20   0.7000   0.0000   0.0000    0.69263  0.94066E-01  -0.64010E+02 -0.49107E+02  -0.49107E+02 -0.00000E+00
   7  21   0.7000   0.0000   0.0000    0.69263  0.10398E+00  -0.63249E+02 -0.57886E+02  -0.57886E+02 -0.00000E+00
   7  22   0.7000   0.0000   0.0000    0.69263  0.11472E+00  -0.56705E+02 -0.69644E+02  -0.69644E+02 -0.00000E+00
   7  23   0.7000   0.0000   0.0000    0.69263  0.12636E+00  -0.45967E+02 -0.75627E+02  -0.75627E+02 -0.00000E+00
   7  24   0.7000   0.0000   0.0000    0.69263  0.13897E+00  -0.35297E+02 -0.79436E+02  -0.79436E+02 -0.00000E+00
   7  25   0.7000   0.0000   0.0000    0.69263  0.15263E+00  -0.24053E+02 -0.82394E+02  -0.82394E+02 -0.00000E+00
   7  26   0.7000   0.0000   0.0000    0.69263  0.16742E+00  -0.12926E+02 -0.83263E+02  -0.83263E+02 -0.00000E+00
   7  27   0.7000   0.0000   0.0000    0.69263  0.18345E+00   0.95652E+00 -0.87150E+02  -0.87150E+02 -0.00000E+00
   7  28   0.7000   0.0000   0.0000    0.69263  0.20081E+00   0.17738E+02 -0.85169E+02  -0.85169E+02 -0.00000E+00
   7  29   0.7000   0.0000   0.0000    0.69263  0.21961E+00   0.50692E+02 -0.89770E+02  -0.89770E+02 -0.00000E+00
   7  30   0.7000   0.0000   0.0000    0.69263  0.23999E+00   0.72393E+02 -0.35587E+02  -0.35587E+02 -0.00000E+00
   7  31   0.7000   0.0000   0.0000    0.69263  0.26206E+00   0.52597E+02  0.00000E+00   0.00000E+00 -0.00000E+00
   7  32   0.7000   0.0000   0.0000    0.69263  0.28596E+00   0.31087E+02  0.00000E+00   0.00000E+00 -0.00000E+00
   7  33   0.7000   0.0000   0.0000    0.69263  0.31186E+00   0.22365E+02  0.00000E+00   0.00000E+00 -0.00000E+00
   7  34   0.7000   0.0000   0.0000    0.69263  0.33992E+00   0.16995E+02  0.00000E+00   0.00000E+00 -0.00000E+00
   7  35   0.7000   0.0000   0.0000    0.69263  0.37031E+00   0.13305E+02  0.00000E+00   0.00000E+00 -0.00000E+00
   7  36   0.7000   0.0000   0.0000    0.69263  0.40324E+00   0.10617E+02  0.00000E+00   0.00000E+00 -0.00000E+00
   7  37   0.7000   0.0000   0.0000    0.69263  0.43890E+00   0.85848E+01  0.00000E+00   0.00000E+00 -0.00000E+00
   7  38   0.7000   0.0000   0.0000    0.69263  0.47754E+00   0.70098E+01  0.00000E+00   0.00000E+00 -0.00000E+00
   7  39   0.7000   0.0000   0.0000    0.69263  0.51940E+00   0.57664E+01  0.00000E+00   0.00000E+00 -0.00000E+00
   7  40   0.7000   0.0000   0.0000    0.69263  0.56474E+00   0.47711E+01  0.00000E+00   0.00000E+00 -0.00000E+00
   7  41   0.7000   0.0000   0.0000    0.69263  0.61385E+00   0.39659E+01  0.00000E+00   0.00000E+00 -0.00000E+00
   7  42   0.7000   0.0000   0.0000    0.69263  0.66706E+00   0.33089E+01  0.00000E+00   0.00000E+00 -0.00000E+00
   7  43   0.7000   0.0000   0.0000    0.69263  0.72470E+00   0.27692E+01  0.00000E+00   0.00000E+00 -0.00000E+00
   7  44   0.7000   0.0000   0.0000    0.69263  0.78714E+00   0.23235E+01  0.00000E+00   0.00000E+00 -0.00000E+00
   7  45   0.7000   0.0000   0.0000    0.69263  0.85478E+00   0.19536E+01  0.00000E+00   0.00000E+00 -0.00000E+00
   7  46   0.7000   0.0000   0.0000    0.69263  0.92806E+00   0.16455E+01  0.00000E+00   0.00000E+00 -0.00000E+00
   7  47   0.7000   0.0000   0.0000    0.69263  0.10074E+01   0.13881E+01  0.00000E+00   0.00000E+00 -0.00000E+00
   7  48   0.7000   0.0000   0.0000    0.69263  0.10934E+01   0.11725E+01  0.00000E+00   0.00000E+00 -0.00000E+00
   7  49   0.7000   0.0000   0.0000    0.69263  0.11866E+01   0.99141E+00  0.00000E+00   0.00000E+00 -0.00000E+00
   7  50   0.7000   0.0000   0.0000    0.69263  0.12875E+01   0.83910E+00  0.00000E+00   0.00000E+00 -0.00000E+00
   7  51   0.7000   0.0000   0.0000    0.69263  0.13968E+01   0.71077E+00  0.00000E+00   0.00000E+00 -0.00000E+00
   7  52   0.7000   0.0000   0.0000    0.69263  0.15152E+01   0.60248E+00  0.00000E+00   0.00000E+00 -0.00000E+00
   7  53   0.7000   0.0000   0.0000    0.69263  0.16435E+01   0.51100E+00  0.00000E+00   0.00000E+00 -0.00000E+00
   7  54   0.7000   0.0000   0.0000    0.69263  0.17825E+01   0.43364E+00  0.00000E+00   0.00000E+00 -0.00000E+00


   8   0   0.8000   0.0000   0.0000    0.79158  0.00000E+00  -0.72210E+02  0.00000E+00   0.13629-307  0.12275-318
   8   1   0.8000   0.0000   0.0000    0.79158  0.10411E-02  -0.72213E+02 -0.25785E+00  -0.25785E+00 -0.00000E+00
   8   2   0.8000   0.0000   0.0000    0.79158  0.32100E-02  -0.72242E+02 -0.79359E+00  -0.79359E+00 -0.00000E+00
   8   3   0.8000   0.0000   0.0000    0.79158  0.55595E-02  -0.72310E+02 -0.13716E+01  -0.13716E+01 -0.00000E+00
   8   4   0.8000   0.0000   0.0000    0.79158  0.81047E-02  -0.72429E+02 -0.19949E+01  -0.19949E+01 -0.00000E+00
   8   5   0.8000   0.0000   0.0000    0.79158  0.10862E-01  -0.72621E+02 -0.26668E+01  -0.26668E+01 -0.00000E+00
   8   6   0.8000   0.0000   0.0000    0.79158  0.13849E-01  -0.72919E+02 -0.33908E+01  -0.33908E+01 -0.00000E+00
   8   7   0.8000   0.0000   0.0000    0.79158  0.17084E-01  -0.73390E+02 -0.41705E+01  -0.41705E+01 -0.00000E+00
   8   8   0.8000   0.0000   0.0000    0.79158  0.20589E-01  -0.74263E+02 -0.50099E+01  -0.50099E+01 -0.00000E+00
   8   9   0.8000   0.0000   0.0000    0.79158  0.24386E-01  -0.75716E+02 -0.64890E+01  -0.64890E+01 -0.00000E+00
   8  10   0.8000   0.0000   0.0000    0.79158  0.28500E-01  -0.76438E+02 -0.98191E+01  -0.98191E+01 -0.00000E+00
   8  11   0.8000   0.0000   0.0000    0.79158  0.32956E-01  -0.76111E+02 -0.12167E+02  -0.12167E+02 -0.00000E+00
   8  12   0.8000   0.0000   0.0000    0.79158  0.37782E-01  -0.76180E+02 -0.14001E+02  -0.14001E+02 -0.00000E+00
   8  13   0.8000   0.0000   0.0000    0.79158  0.43011E-01  -0.76737E+02 -0.16383E+02  -0.16383E+02 -0.00000E+00
   8  14   0.8000   0.0000   0.0000    0.79158  0.48676E-01  -0.77403E+02 -0.19347E+02  -0.19347E+02 -0.00000E+00
   8  15   0.8000   0.0000   0.0000    0.79158  0.54812E-01  -0.78053E+02 -0.22986E+02  -0.22986E+02 -0.00000E+00
   8  16   0.8000   0.0000   0.0000    0.79158  0.61459E-01  -0.78490E+02 -0.27472E+02  -0.27472E+02 -0.00000E+00
   8  17   0.8000   0.0000   0.0000    0.79158  0.68660E-01  -0.78479E+02 -0.32827E+02  -0.32827E+02 -0.00000E+00
   8  18   0.8000   0.0000   0.0000    0.79158  0.76461E-01  -0.77783E+02 -0.39159E+02  -0.39159E+02 -0.00000E+00
   8  19   0.8000   0.0000   0.0000    0.79158  0.84912E-01  -0.75845E+02 -0.46753E+02  -0.46753E+02 -0.00000E+00
   8  20   0.8000   0.0000   0.0000    0.79158  0.94066E-01  -0.70380E+02 -0.55835E+02  -0.55835E+02 -0.00000E+00
   8  21   0.8000   0.0000   0.0000    0.79158  0.10398E+00  -0.64059E+02 -0.59259E+02  -0.59259E+02 -0.00000E+00
   8  22   0.8000   0.0000   0.0000    0.79158  0.11472E+00  -0.60326E+02 -0.64228E+02  -0.64228E+02 -0.00000E+00
   8  23   0.8000   0.0000   0.0000    0.79158  0.12636E+00  -0.53916E+02 -0.74018E+02  -0.74018E+02 -0.00000E+00
   8  24   0.8000   0.0000   0.0000    0.79158  0.13897E+00  -0.43121E+02 -0.80934E+02  -0.80934E+02 -0.00000E+00
   8  25   0.8000   0.0000   0.0000    0.79158  0.15263E+00  -0.30962E+02 -0.85670E+02  -0.85670E+02 -0.00000E+00
   8  26   0.8000   0.0000   0.0000    0.79158  0.16742E+00  -0.15037E+02 -0.90873E+02  -0.90873E+02 -0.00000E+00
   8  27   0.8000   0.0000   0.0000    0.79158  0.18345E+00   0.44003E+01 -0.87903E+02  -0.87903E+02 -0.00000E+00
   8  28   0.8000   0.0000   0.0000    0.79158  0.20081E+00   0.18731E+02 -0.75728E+02  -0.75728E+02 -0.00000E+00
   8  29   0.8000   0.0000   0.0000    0.79158  0.21961E+00   0.29578E+02 -0.68357E+02  -0.68357E+02 -0.00000E+00
   8  30   0.8000   0.0000   0.0000    0.79158  0.23999E+00   0.41933E+02 -0.56282E+02  -0.56282E+02 -0.00000E+00
   8  31   0.8000   0.0000   0.0000    0.79158  0.26206E+00   0.50508E+02 -0.37033E+02  -0.37033E+02 -0.00000E+00
   8  32   0.8000   0.0000   0.0000    0.79158  0.28596E+00   0.46605E+02 -0.11949E+02  -0.11949E+02 -0.00000E+00
   8  33   0.8000   0.0000   0.0000    0.79158  0.31186E+00   0.32820E+02 -0.61304E+00  -0.61304E+00 -0.00000E+00
   8  34   0.8000   0.0000   0.0000    0.79158  0.33992E+00   0.22107E+02  0.00000E+00   0.00000E+00 -0.00000E+00
   8  35   0.8000   0.0000   0.0000    0.79158  0.37031E+00   0.16494E+02  0.00000E+00   0.00000E+00 -0.00000E+00
   8  36   0.8000   0.0000   0.0000    0.79158  0.40324E+00   0.12846E+02  0.00000E+00   0.00000E+00 -0.00000E+00
   8  37   0.8000   0.0000   0.0000    0.79158  0.43890E+00   0.10229E+02  0.00000E+00   0.00000E+00 -0.00000E+00
   8  38   0.8000   0.0000   0.0000    0.79158  0.47754E+00   0.82655E+01  0.00000E+00   0.00000E+00 -0.00000E+00
   8  39   0.8000   0.0000   0.0000    0.79158  0.51940E+00   0.67478E+01  0.00000E+00   0.00000E+00 -0.00000E+00
   8  40   0.8000   0.0000   0.0000    0.79158  0.56474E+00   0.55514E+01  0.00000E+00   0.00000E+00 -0.00000E+00
   8  41   0.8000   0.0000   0.0000    0.79158  0.61385E+00   0.45943E+01  0.00000E+00   0.00000E+00 -0.00000E+00
   8  42   0.8000   0.0000   0.0000    0.79158  0.66706E+00   0.38200E+01  0.00000E+00   0.00000E+00 -0.00000E+00
   8  43   0.8000   0.0000   0.0000    0.79158  0.72470E+00   0.31882E+01  0.00000E+00   0.00000E+00 -0.00000E+00
   8  44   0.8000   0.0000   0.0000    0.79158  0.78714E+00   0.26691E+01  0.00000E+00   0.00000E+00 -0.00000E+00
   8  45   0.8000   0.0000   0.0000    0.79158  0.85478E+00   0.22402E+01  0.00000E+00   0.00000E+00 -0.00000E+00
   8  46   0.8000   0.0000   0.0000    0.79158  0.92806E+00   0.18841E+01  0.00000E+00   0.00000E+00 -0.00000E+00
   8  47   0.8000   0.0000   0.0000    0.79158  0.10074E+01   0.15875E+01  0.00000E+00   0.00000E+00 -0.00000E+00
   8  48   0.8000   0.0000   0.0000    0.79158  0.10934E+01   0.13395E+01  0.00000E+00   0.00000E+00 -0.00000E+00
   8  49   0.8000   0.0000   0.0000    0.79158  0.11866E+01   0.11317E+01  0.00000E+00   0.00000E+00 -0.00000E+00
   8  50   0.8000   0.0000   0.0000    0.79158  0.12875E+01   0.95720E+00  0.00000E+00   0.00000E+00 -0.00000E+00
   8  51   0.8000   0.0000   0.0000    0.79158  0.13968E+01   0.81033E+00  0.00000E+00   0.00000E+00 -0.00000E+00
   8  52   0.8000   0.0000   0.0000    0.79158  0.15152E+01   0.68654E+00  0.00000E+00   0.00000E+00 -0.00000E+00
   8  53   0.8000   0.0000   0.0000    0.79158  0.16435E+01   0.58206E+00  0.00000E+00   0.00000E+00 -0.00000E+00
   8  54   0.8000   0.0000   0.0000    0.79158  0.17825E+01   0.49377E+00  0.00000E+00   0.00000E+00 -0.00000E+00


   9   0   0.9000   0.0000   0.0000    0.89053  0.00000E+00  -0.63343E+02  0.00000E+00   0.13629-307  0.12275-318
   9   1   0.9000   0.0000   0.0000    0.89053  0.10411E-02  -0.63346E+02 -0.10942E+00  -0.10942E+00 -0.00000E+00
   9   2   0.9000   0.0000   0.0000    0.89053  0.32100E-02  -0.63369E+02 -0.33369E+00  -0.33369E+00 -0.00000E+00
   9   3   0.9000   0.0000   0.0000    0.89053  0.55595E-02  -0.63428E+02 -0.57043E+00  -0.57043E+00 -0.00000E+00
   9   4   0.9000   0.0000   0.0000    0.89053  0.81047E-02  -0.63544E+02 -0.81960E+00  -0.81960E+00 -0.00000E+00
   9   5   0.9000   0.0000   0.0000    0.89053  0.10862E-01  -0.63731E+02 -0.11123E+01  -0.11123E+01 -0.00000E+00
   9   6   0.9000   0.0000   0.0000    0.89053  0.13849E-01  -0.63935E+02 -0.14862E+01  -0.14862E+01 -0.00000E+00
   9   7   0.9000   0.0000   0.0000    0.89053  0.17084E-01  -0.64262E+02 -0.17300E+01  -0.17300E+01 -0.00000E+00
   9   8   0.9000   0.0000   0.0000    0.89053  0.20589E-01  -0.64804E+02 -0.21293E+01  -0.21293E+01 -0.00000E+00
   9   9   0.9000   0.0000   0.0000    0.89053  0.24386E-01  -0.65497E+02 -0.26577E+01  -0.26577E+01 -0.00000E+00
   9  10   0.9000   0.0000   0.0000    0.89053  0.28500E-01  -0.66356E+02 -0.33592E+01  -0.33592E+01 -0.00000E+00
   9  11   0.9000   0.0000   0.0000    0.89053  0.32956E-01  -0.67386E+02 -0.42729E+01  -0.42729E+01 -0.00000E+00
   9  12   0.9000   0.0000   0.0000    0.89053  0.37782E-01  -0.68594E+02 -0.54431E+01  -0.54431E+01 -0.00000E+00
   9  13   0.9000   0.0000   0.0000    0.89053  0.43011E-01  -0.69993E+02 -0.69224E+01  -0.69224E+01 -0.00000E+00
   9  14   0.9000   0.0000   0.0000    0.89053  0.48676E-01  -0.71603E+02 -0.87733E+01  -0.87733E+01 -0.00000E+00
   9  15   0.9000   0.0000   0.0000    0.89053  0.54812E-01  -0.73465E+02 -0.11070E+02  -0.11070E+02 -0.00000E+00
   9  16   0.9000   0.0000   0.0000    0.89053  0.61459E-01  -0.75708E+02 -0.13902E+02  -0.13902E+02 -0.00000E+00
   9  17   0.9000   0.0000   0.0000    0.89053  0.68660E-01  -0.78945E+02 -0.17489E+02  -0.17489E+02 -0.00000E+00
   9  18   0.9000   0.0000   0.0000    0.89053  0.76461E-01  -0.81542E+02 -0.24720E+02  -0.24720E+02 -0.00000E+00
   9  19   0.9000   0.0000   0.0000    0.89053  0.84912E-01  -0.82776E+02 -0.31710E+02  -0.31710E+02 -0.00000E+00
   9  20   0.9000   0.0000   0.0000    0.89053  0.94066E-01  -0.83892E+02 -0.40411E+02  -0.40411E+02 -0.00000E+00
   9  21   0.9000   0.0000   0.0000    0.89053  0.10398E+00  -0.84211E+02 -0.51799E+02  -0.51799E+02 -0.00000E+00
   9  22   0.9000   0.0000   0.0000    0.89053  0.11472E+00  -0.79542E+02 -0.68869E+02  -0.68869E+02 -0.00000E+00
   9  23   0.9000   0.0000   0.0000    0.89053  0.12636E+00  -0.66421E+02 -0.84340E+02  -0.84340E+02 -0.00000E+00
   9  24   0.9000   0.0000   0.0000    0.89053  0.13897E+00  -0.48436E+02 -0.92894E+02  -0.92894E+02 -0.00000E+00
   9  25   0.9000   0.0000   0.0000    0.89053  0.15263E+00  -0.27721E+02 -0.96769E+02  -0.96769E+02 -0.00000E+00
   9  26   0.9000   0.0000   0.0000    0.89053  0.16742E+00  -0.99302E+01 -0.89255E+02  -0.89255E+02 -0.00000E+00
   9  27   0.9000   0.0000   0.0000    0.89053  0.18345E+00   0.40713E+01 -0.84554E+02  -0.84554E+02 -0.00000E+00
   9  28   0.9000   0.0000   0.0000    0.89053  0.20081E+00   0.15565E+02 -0.73496E+02  -0.73496E+02 -0.00000E+00
   9  29   0.9000   0.0000   0.0000    0.89053  0.21961E+00   0.23639E+02 -0.66320E+02  -0.66320E+02 -0.00000E+00
   9  30   0.9000   0.0000   0.0000    0.89053  0.23999E+00   0.37392E+02 -0.60609E+02  -0.60609E+02 -0.00000E+00
   9  31   0.9000   0.0000   0.0000    0.89053  0.26206E+00   0.43388E+02 -0.33675E+02  -0.33675E+02 -0.00000E+00
   9  32   0.9000   0.0000   0.0000    0.89053  0.28596E+00   0.37684E+02 -0.22805E+02  -0.22805E+02 -0.00000E+00
   9  33   0.9000   0.0000   0.0000    0.89053  0.31186E+00   0.33386E+02 -0.13428E+02  -0.13428E+02 -0.00000E+00
   9  34   0.9000   0.0000   0.0000    0.89053  0.33992E+00   0.27876E+02 -0.60844E+01  -0.60844E+01 -0.00000E+00
   9  35   0.9000   0.0000   0.0000    0.89053  0.37031E+00   0.21533E+02 -0.14310E+01  -0.14310E+01 -0.00000E+00
   9  36   0.9000   0.0000   0.0000    0.89053  0.40324E+00   0.15861E+02 -0.20380E-01  -0.20380E-01 -0.00000E+00
   9  37   0.9000   0.0000   0.0000    0.89053  0.43890E+00   0.12015E+02  0.00000E+00   0.00000E+00 -0.00000E+00
   9  38   0.9000   0.0000   0.0000    0.89053  0.47754E+00   0.95092E+01  0.00000E+00   0.00000E+00 -0.00000E+00
   9  39   0.9000   0.0000   0.0000    0.89053  0.51940E+00   0.76679E+01  0.00000E+00   0.00000E+00 -0.00000E+00
   9  40   0.9000   0.0000   0.0000    0.89053  0.56474E+00   0.62562E+01  0.00000E+00   0.00000E+00 -0.00000E+00
   9  41   0.9000   0.0000   0.0000    0.89053  0.61385E+00   0.51469E+01  0.00000E+00   0.00000E+00 -0.00000E+00
   9  42   0.9000   0.0000   0.0000    0.89053  0.66706E+00   0.42605E+01  0.00000E+00   0.00000E+00 -0.00000E+00
   9  43   0.9000   0.0000   0.0000    0.89053  0.72470E+00   0.35438E+01  0.00000E+00   0.00000E+00 -0.00000E+00
   9  44   0.9000   0.0000   0.0000    0.89053  0.78714E+00   0.29589E+01  0.00000E+00   0.00000E+00 -0.00000E+00
   9  45   0.9000   0.0000   0.0000    0.89053  0.85478E+00   0.24781E+01  0.00000E+00   0.00000E+00 -0.00000E+00
   9  46   0.9000   0.0000   0.0000    0.89053  0.92806E+00   0.20807E+01  0.00000E+00   0.00000E+00 -0.00000E+00
   9  47   0.9000   0.0000   0.0000    0.89053  0.10074E+01   0.17507E+01  0.00000E+00   0.00000E+00 -0.00000E+00
   9  48   0.9000   0.0000   0.0000    0.89053  0.10934E+01   0.14755E+01  0.00000E+00   0.00000E+00 -0.00000E+00
   9  49   0.9000   0.0000   0.0000    0.89053  0.11866E+01   0.12455E+01  0.00000E+00   0.00000E+00 -0.00000E+00
   9  50   0.9000   0.0000   0.0000    0.89053  0.12875E+01   0.10526E+01  0.00000E+00   0.00000E+00 -0.00000E+00
   9  51   0.9000   0.0000   0.0000    0.89053  0.13968E+01   0.89051E+00  0.00000E+00   0.00000E+00 -0.00000E+00
   9  52   0.9000   0.0000   0.0000    0.89053  0.15152E+01   0.75406E+00  0.00000E+00   0.00000E+00 -0.00000E+00
   9  53   0.9000   0.0000   0.0000    0.89053  0.16435E+01   0.63901E+00  0.00000E+00   0.00000E+00 -0.00000E+00
   9  54   0.9000   0.0000   0.0000    0.89053  0.17825E+01   0.54188E+00  0.00000E+00   0.00000E+00 -0.00000E+00


  10   0   1.0000   0.0000   0.0000    0.98948  0.00000E+00  -0.54127E+02  0.00000E+00   0.13629-307  0.12275-318
  10   1   1.0000   0.0000   0.0000    0.98948  0.10411E-02  -0.54131E+02 -0.00000E+00   0.00000E+00 -0.00000E+00
  10   2   1.0000   0.0000   0.0000    0.98948  0.32100E-02  -0.54166E+02  0.00000E+00   0.00000E+00 -0.00000E+00
  10   3   1.0000   0.0000   0.0000    0.98948  0.55595E-02  -0.54246E+02  0.00000E+00   0.00000E+00 -0.00000E+00
  10   4   1.0000   0.0000   0.0000    0.98948  0.81047E-02  -0.54384E+02  0.00000E+00   0.00000E+00 -0.00000E+00
  10   5   1.0000   0.0000   0.0000    0.98948  0.10862E-01  -0.54607E+02  0.00000E+00   0.00000E+00 -0.00000E+00
  10   6   1.0000   0.0000   0.0000    0.98948  0.13849E-01  -0.54966E+02 -0.16919E-01  -0.16919E-01 -0.00000E+00
  10   7   1.0000   0.0000   0.0000    0.98948  0.17084E-01  -0.55430E+02 -0.17880E+00  -0.17880E+00 -0.00000E+00
  10   8   1.0000   0.0000   0.0000    0.98948  0.20589E-01  -0.55972E+02 -0.39209E+00  -0.39209E+00 -0.00000E+00
  10   9   1.0000   0.0000   0.0000    0.98948  0.24386E-01  -0.56635E+02 -0.71160E+00  -0.71160E+00 -0.00000E+00
  10  10   1.0000   0.0000   0.0000    0.98948  0.28500E-01  -0.57418E+02 -0.11615E+01  -0.11615E+01 -0.00000E+00
  10  11   1.0000   0.0000   0.0000    0.98948  0.32956E-01  -0.58329E+02 -0.17707E+01  -0.17707E+01 -0.00000E+00
  10  12   1.0000   0.0000   0.0000    0.98948  0.37782E-01  -0.59374E+02 -0.25735E+01  -0.25735E+01 -0.00000E+00
  10  13   1.0000   0.0000   0.0000    0.98948  0.43011E-01  -0.60557E+02 -0.36109E+01  -0.36109E+01 -0.00000E+00
  10  14   1.0000   0.0000   0.0000    0.98948  0.48676E-01  -0.61880E+02 -0.49316E+01  -0.49316E+01 -0.00000E+00
  10  15   1.0000   0.0000   0.0000    0.98948  0.54812E-01  -0.63344E+02 -0.65932E+01  -0.65932E+01 -0.00000E+00
  10  16   1.0000   0.0000   0.0000    0.98948  0.61459E-01  -0.64943E+02 -0.86643E+01  -0.86643E+01 -0.00000E+00
  10  17   1.0000   0.0000   0.0000    0.98948  0.68660E-01  -0.66668E+02 -0.11226E+02  -0.11226E+02 -0.00000E+00
  10  18   1.0000   0.0000   0.0000    0.98948  0.76461E-01  -0.68510E+02 -0.14374E+02  -0.14374E+02 -0.00000E+00
  10  19   1.0000   0.0000   0.0000    0.98948  0.84912E-01  -0.70467E+02 -0.18223E+02  -0.18223E+02 -0.00000E+00
  10  20   1.0000   0.0000   0.0000    0.98948  0.94066E-01  -0.72580E+02 -0.22906E+02  -0.22906E+02 -0.00000E+00
  10  21   1.0000   0.0000   0.0000    0.98948  0.10398E+00  -0.75086E+02 -0.28582E+02  -0.28582E+02 -0.00000E+00
  10  22   1.0000   0.0000   0.0000    0.98948  0.11472E+00  -0.79939E+02 -0.35440E+02  -0.35440E+02 -0.00000E+00
  10  23   1.0000   0.0000   0.0000    0.98948  0.12636E+00  -0.86335E+02 -0.51455E+02  -0.51455E+02 -0.00000E+00
  10  24   1.0000   0.0000   0.0000    0.98948  0.13897E+00  -0.73065E+02 -0.87210E+02  -0.87210E+02 -0.00000E+00
  10  25   1.0000   0.0000   0.0000    0.98948  0.15263E+00  -0.45530E+02 -0.91079E+02  -0.91079E+02 -0.00000E+00
  10  26   1.0000   0.0000   0.0000    0.98948  0.16742E+00  -0.24863E+02 -0.89891E+02  -0.89891E+02 -0.00000E+00
  10  27   1.0000   0.0000   0.0000    0.98948  0.18345E+00  -0.85294E+01 -0.82146E+02  -0.82146E+02 -0.00000E+00
  10  28   1.0000   0.0000   0.0000    0.98948  0.20081E+00   0.17149E+01 -0.72868E+02  -0.72868E+02 -0.00000E+00
  10  29   1.0000   0.0000   0.0000    0.98948  0.21961E+00   0.62920E+00 -0.63317E+02  -0.63317E+02 -0.00000E+00
  10  30   1.0000   0.0000   0.0000    0.98948  0.23999E+00   0.26543E+02 -0.93047E+02  -0.93047E+02 -0.00000E+00
  10  31   1.0000   0.0000   0.0000    0.98948  0.26206E+00   0.47244E+02 -0.35381E+02  -0.35381E+02 -0.00000E+00
  10  32   1.0000   0.0000   0.0000    0.98948  0.28596E+00   0.33226E+02 -0.28346E+02  -0.28346E+02 -0.00000E+00
  10  33   1.0000   0.0000   0.0000    0.98948  0.31186E+00   0.29879E+02 -0.21607E+02  -0.21607E+02 -0.00000E+00
  10  34   1.0000   0.0000   0.0000    0.98948  0.33992E+00   0.27262E+02 -0.15341E+02  -0.15341E+02 -0.00000E+00
  10  35   1.0000   0.0000   0.0000    0.98948  0.37031E+00   0.24312E+02 -0.97672E+01  -0.97672E+01 -0.00000E+00
  10  36   1.0000   0.0000   0.0000    0.98948  0.40324E+00   0.20786E+02 -0.51544E+01  -0.51544E+01 -0.00000E+00
  10  37   1.0000   0.0000   0.0000    0.98948  0.43890E+00   0.16772E+02 -0.18296E+01  -0.18296E+01 -0.00000E+00
  10  38   1.0000   0.0000   0.0000    0.98948  0.47754E+00   0.12789E+02 -0.18717E+00  -0.18717E+00 -0.00000E+00
  10  39   1.0000   0.0000   0.0000    0.98948  0.51940E+00   0.97059E+01  0.00000E+00   0.00000E+00 -0.00000E+00
  10  40   1.0000   0.0000   0.0000    0.98948  0.56474E+00   0.76712E+01  0.00000E+00   0.00000E+00 -0.00000E+00
  10  41   1.0000   0.0000   0.0000    0.98948  0.61385E+00   0.62007E+01  0.00000E+00   0.00000E+00 -0.00000E+00
  10  42   1.0000   0.0000   0.0000    0.98948  0.66706E+00   0.50721E+01  0.00000E+00   0.00000E+00 -0.00000E+00
  10  43   1.0000   0.0000   0.0000    0.98948  0.72470E+00   0.41825E+01  0.00000E+00   0.00000E+00 -0.00000E+00
  10  44   1.0000   0.0000   0.0000    0.98948  0.78714E+00   0.34694E+01  0.00000E+00   0.00000E+00 -0.00000E+00
  10  45   1.0000   0.0000   0.0000    0.98948  0.85478E+00   0.28910E+01  0.00000E+00   0.00000E+00 -0.00000E+00
  10  46   1.0000   0.0000   0.0000    0.98948  0.92806E+00   0.24176E+01  0.00000E+00   0.00000E+00 -0.00000E+00
  10  47   1.0000   0.0000   0.0000    0.98948  0.10074E+01   0.20276E+01  0.00000E+00   0.00000E+00 -0.00000E+00
  10  48   1.0000   0.0000   0.0000    0.98948  0.10934E+01   0.17045E+01  0.00000E+00   0.00000E+00 -0.00000E+00
  10  49   1.0000   0.0000   0.0000    0.98948  0.11866E+01   0.14357E+01  0.00000E+00   0.00000E+00 -0.00000E+00
  10  50   1.0000   0.0000   0.0000    0.98948  0.12875E+01   0.12112E+01  0.00000E+00   0.00000E+00 -0.00000E+00
  10  51   1.0000   0.0000   0.0000    0.98948  0.13968E+01   0.10232E+01  0.00000E+00   0.00000E+00 -0.00000E+00
  10  52   1.0000   0.0000   0.0000    0.98948  0.15152E+01   0.86538E+00  0.00000E+00   0.00000E+00 -0.00000E+00
  10  53   1.0000   0.0000   0.0000    0.98948  0.16435E+01   0.73261E+00  0.00000E+00   0.00000E+00 -0.00000E+00
  10  54   1.0000   0.0000   0.0000    0.98948  0.17825E+01   0.62073E+00  0.00000E+00   0.00000E+00 -0.00000E+00


