        0.00000       -0.90036   1   1
        0.00000        0.66617   1   2
        0.00000        0.66617   1   3
        0.00000        0.66619   1   4
        0.00000        1.07557   1   5
        0.00000        1.07557   1   6
        0.00000        1.07557   1   7
        0.00000        1.66696   1   8
        0.00000        2.19045   1   9
        0.00000        3.42373   1  10
        0.00000        3.42373   1  11
        0.00000        4.21133   1  12
        0.00000        4.21188   1  13
        0.00000        4.21244   1  14
        0.00000        4.59760   1  15
        0.00000        4.80681   1  16
        0.00000        4.80698   1  17
        0.00000        4.84442   1  18
        0.00000        6.91327   1  19
        0.00000        6.91329   1  20
        0.00000        7.08466   1  21
        0.00000        7.08774   1  22
        0.00000        7.08776   1  23
        0.00000        8.81612   1  24
        0.00000        8.90938   1  25
        0.00000        8.92901   1  26
        0.04762       -0.89882   1   1
        0.04762        0.65957   1   2
        0.04762        0.65958   1   3
        0.04762        0.66262   1   4
        0.04762        1.07442   1   5
        0.04762        1.08363   1   6
        0.04762        1.08364   1   7
        0.04762        1.66803   1   8
        0.04762        2.19094   1   9
        0.04762        3.42920   1  10
        0.04762        3.43762   1  11
        0.04762        4.20870   1  12
        0.04762        4.20953   1  13
        0.04762        4.21100   1  14
        0.04762        4.63668   1  15
        0.04762        4.78973   1  16
        0.04762        4.79507   1  17
        0.04762        4.83528   1  18
        0.04762        6.90622   1  19
        0.04762        6.91808   1  20
        0.04762        7.06551   1  21
        0.04762        7.07636   1  22
        0.04762        7.07685   1  23
        0.04762        8.82877   1  24
        0.04762        8.89091   1  25
        0.04762        8.93366   1  26
        0.09524       -0.89420   1   1
        0.09524        0.64127   1   2
        0.09524        0.64128   1   3
        0.09524        0.65195   1   4
        0.09524        1.07103   1   5
        0.09524        1.10632   1   6
        0.09524        1.10633   1   7
        0.09524        1.67074   1   8
        0.09524        2.19365   1   9
        0.09524        3.41745   1  10
        0.09524        3.46682   1  11
        0.09524        4.20362   1  12
        0.09524        4.20382   1  13
        0.09524        4.20848   1  14
        0.09524        4.73274   1  15
        0.09524        4.74298   1  16
        0.09524        4.75930   1  17
        0.09524        4.82203   1  18
        0.09524        6.88324   1  19
        0.09524        6.93062   1  20
        0.09524        7.01844   1  21
        0.09524        7.04769   1  22
        0.09524        7.04925   1  23
        0.09524        8.84805   1  24
        0.09524        8.86626   1  25
        0.09524        8.94957   1  26
        0.14286       -0.88651   1   1
        0.14286        0.61460   1   2
        0.14286        0.61461   1   3
        0.14286        0.63441   1   4
        0.14286        1.06553   1   5
        0.14286        1.14023   1   6
        0.14286        1.14024   1   7
        0.14286        1.67365   1   8
        0.14286        2.20051   1   9
        0.14286        3.32564   1  10
        0.14286        3.48800   1  11
        0.14286        4.20075   1  12
        0.14286        4.20142   1  13
        0.14286        4.20465   1  14
        0.14286        4.68033   1  15
        0.14286        4.69783   1  16
        0.14286        4.70338   1  17
        0.14286        4.96453   1  18
        0.14286        6.84171   1  19
        0.14286        6.94660   1  20
        0.14286        6.96938   1  21
        0.14286        7.01190   1  22
        0.14286        7.01426   1  23
        0.14286        8.80824   1  24
        0.14286        8.92797   1  25
        0.14286        8.98236   1  26
        0.19048       -0.87577   1   1
        0.19048        0.58287   1   2
        0.19048        0.58288   1   3
        0.19048        0.61042   1   4
        0.19048        1.05820   1   5
        0.19048        1.18186   1   6
        0.19048        1.18187   1   7
        0.19048        1.67441   1   8
        0.19048        2.21130   1   9
        0.19048        3.11811   1  10
        0.19048        3.49330   1  11
        0.19048        4.19980   1  12
        0.19048        4.20215   1  13
        0.19048        4.20295   1  14
        0.19048        4.55037   1  15
        0.19048        4.61788   1  16
        0.19048        4.63633   1  17
        0.19048        5.19339   1  18
        0.19048        6.78321   1  19
        0.19048        6.93422   1  20
        0.19048        6.96215   1  21
        0.19048        6.97333   1  22
        0.19048        6.97547   1  23
        0.19048        8.79063   1  24
        0.19048        9.01185   1  25
        0.19048        9.03761   1  26
        0.23810       -0.86199   1   1
        0.23810        0.54850   1   2
        0.23810        0.54850   1   3
        0.23810        0.58066   1   4
        0.23810        1.04946   1   5
        0.23810        1.22854   1   6
        0.23810        1.22854   1   7
        0.23810        1.66972   1   8
        0.23810        2.22388   1   9
        0.23810        2.84292   1  10
        0.23810        3.50091   1  11
        0.23810        4.19388   1  12
        0.23810        4.20211   1  13
        0.23810        4.20229   1  14
        0.23810        4.33510   1  15
        0.23810        4.56743   1  16
        0.23810        4.57160   1  17
        0.23810        5.41185   1  18
        0.23810        6.71438   1  19
        0.23810        6.90112   1  20
        0.23810        6.92868   1  21
        0.23810        6.92927   1  22
        0.23810        6.97567   1  23
        0.23810        8.79094   1  24
        0.23810        9.11006   1  25
        0.23810        9.11400   1  26
        0.28571       -0.84520   1   1
        0.28571        0.51311   1   2
        0.28571        0.51312   1   3
        0.28571        0.54591   1   4
        0.28571        1.03990   1   5
        0.28571        1.27847   1   6
        0.28571        1.27848   1   7
        0.28571        1.65514   1   8
        0.28571        2.23699   1   9
        0.28571        2.60060   1  10
        0.28571        3.53731   1  11
        0.28571        4.11131   1  12
        0.28571        4.18728   1  13
        0.28571        4.18853   1  14
        0.28571        4.18881   1  15
        0.28571        4.52328   1  16
        0.28571        4.53491   1  17
        0.28571        5.55399   1  18
        0.28571        6.64136   1  19
        0.28571        6.85907   1  20
        0.28571        6.87168   1  21
        0.28571        6.87376   1  22
        0.28571        6.98798   1  23
        0.28571        8.78603   1  24
        0.28571        9.19865   1  25
        0.28571        9.20671   1  26
        0.33333       -0.82540   1   1
        0.33333        0.47777   1   2
        0.33333        0.47779   1   3
        0.33333        0.50686   1   4
        0.33333        1.03004   1   5
        0.33333        1.33052   1   6
        0.33333        1.33055   1   7
        0.33333        1.62715   1   8
        0.33333        2.25180   1   9
        0.33333        2.46241   1  10
        0.33333        3.60811   1  11
        0.33333        3.96871   1  12
        0.33333        4.14838   1  13
        0.33333        4.14916   1  14
        0.33333        4.18197   1  15
        0.33333        4.50282   1  16
        0.33333        4.52352   1  17
        0.33333        5.60345   1  18
        0.33333        6.56271   1  19
        0.33333        6.80310   1  20
        0.33333        6.80802   1  21
        0.33333        6.81397   1  22
        0.33333        7.00112   1  23
        0.33333        8.75397   1  24
        0.33333        9.27172   1  25
        0.33333        9.28291   1  26
        0.38095       -0.80259   1   1
        0.38095        0.44325   1   2
        0.38095        0.44327   1   3
        0.38095        0.46403   1   4
        0.38095        1.02007   1   5
        0.38095        1.38381   1   6
        0.38095        1.38386   1   7
        0.38095        1.58754   1   8
        0.38095        2.27042   1   9
        0.38095        2.42351   1  10
        0.38095        3.68777   1  11
        0.38095        3.98541   1  12
        0.38095        4.07318   1  13
        0.38095        4.07480   1  14
        0.38095        4.18110   1  15
        0.38095        4.51467   1  16
        0.38095        4.53429   1  17
        0.38095        5.60485   1  18
        0.38095        6.46906   1  19
        0.38095        6.72495   1  20
        0.38095        6.73132   1  21
        0.38095        6.76432   1  22
        0.38095        7.01667   1  23
        0.38095        8.69117   1  24
        0.38095        9.31966   1  25
        0.38095        9.32845   1  26
        0.42857       -0.77683   1   1
        0.42857        0.41013   1   2
        0.42857        0.41015   1   3
        0.42857        0.41775   1   4
        0.42857        1.00994   1   5
        0.42857        1.43750   1   6
        0.42857        1.43754   1   7
        0.42857        1.54030   1   8
        0.42857        2.29334   1   9
        0.42857        2.43153   1  10
        0.42857        3.74082   1  11
        0.42857        3.96779   1  12
        0.42857        3.96935   1  13
        0.42857        4.16903   1  14
        0.42857        4.18625   1  15
        0.42857        4.55076   1  16
        0.42857        4.56236   1  17
        0.42857        5.61792   1  18
        0.42857        6.35140   1  19
        0.42857        6.63383   1  20
        0.42857        6.63907   1  21
        0.42857        6.69646   1  22
        0.42857        7.03502   1  23
        0.42857        8.61125   1  24
        0.42857        9.34673   1  25
        0.42857        9.35127   1  26
        0.47619       -0.74816   1   1
        0.47619        0.36836   1   2
        0.47619        0.37881   1   3
        0.47619        0.37882   1   4
        0.47619        0.99978   1   5
        0.47619        1.48679   1   6
        0.47619        1.49090   1   7
        0.47619        1.49092   1   8
        0.47619        2.31886   1   9
        0.47619        2.44068   1  10
        0.47619        3.75562   1  11
        0.47619        3.84798   1  12
        0.47619        3.84861   1  13
        0.47619        4.19555   1  14
        0.47619        4.44427   1  15
        0.47619        4.59575   1  16
        0.47619        4.59873   1  17
        0.47619        5.66673   1  18
        0.47619        6.21123   1  19
        0.47619        6.52424   1  20
        0.47619        6.52618   1  21
        0.47619        6.60697   1  22
        0.47619        7.05496   1  23
        0.47619        8.53037   1  24
        0.47619        9.37173   1  25
        0.47619        9.37288   1  26
        0.52381       -0.71662   1   1
        0.52381        0.31626   1   2
        0.52381        0.34960   1   3
        0.52381        0.34960   1   4
        0.52381        0.99029   1   5
        0.52381        1.42787   1   6
        0.52381        1.54372   1   7
        0.52381        1.54373   1   8
        0.52381        2.34458   1   9
        0.52381        2.42995   1  10
        0.52381        3.73146   1  11
        0.52381        3.73211   1  12
        0.52381        3.75796   1  13
        0.52381        4.20666   1  14
        0.52381        4.63605   1  15
        0.52381        4.63783   1  16
        0.52381        4.71327   1  17
        0.52381        5.72883   1  18
        0.52381        6.06229   1  19
        0.52381        6.39714   1  20
        0.52381        6.39897   1  21
        0.52381        6.52007   1  22
        0.52381        7.07266   1  23
        0.52381        8.45488   1  24
        0.52381        9.40989   1  25
        0.52381        9.41087   1  26
        0.57143       -0.68227   1   1
        0.57143        0.26193   1   2
        0.57143        0.32272   1   3
        0.57143        0.32273   1   4
        0.57143        0.98256   1   5
        0.57143        1.36624   1   6
        0.57143        1.59600   1   7
        0.57143        1.59603   1   8
        0.57143        2.36881   1   9
        0.57143        2.40230   1  10
        0.57143        3.62957   1  11
        0.57143        3.63128   1  12
        0.57143        3.79011   1  13
        0.57143        4.22151   1  14
        0.57143        4.67187   1  15
        0.57143        4.67413   1  16
        0.57143        4.91462   1  17
        0.57143        5.75940   1  18
        0.57143        5.92072   1  19
        0.57143        6.26928   1  20
        0.57143        6.27353   1  21
        0.57143        6.48058   1  22
        0.57143        7.08163   1  23
        0.57143        8.37913   1  24
        0.57143        9.45912   1  25
        0.57143        9.46215   1  26
        0.61905       -0.64514   1   1
        0.61905        0.20588   1   2
        0.61905        0.29838   1   3
        0.61905        0.29839   1   4
        0.61905        0.97739   1   5
        0.61905        1.30622   1   6
        0.61905        1.64759   1   7
        0.61905        1.64761   1   8
        0.61905        2.37293   1   9
        0.61905        2.39025   1  10
        0.61905        3.54236   1  11
        0.61905        3.54437   1  12
        0.61905        3.87393   1  13
        0.61905        4.24680   1  14
        0.61905        4.70606   1  15
        0.61905        4.70740   1  16
        0.61905        5.04293   1  17
        0.61905        5.74155   1  18
        0.61905        5.79211   1  19
        0.61905        6.16178   1  20
        0.61905        6.16617   1  21
        0.61905        6.50278   1  22
        0.61905        7.07258   1  23
        0.61905        8.29034   1  24
        0.61905        9.50197   1  25
        0.61905        9.50657   1  26
        0.66667       -0.60531   1   1
        0.66667        0.14855   1   2
        0.66667        0.27670   1   3
        0.66667        0.27670   1   4
        0.66667        0.97471   1   5
        0.66667        1.25168   1   6
        0.66667        1.69754   1   7
        0.66667        1.69754   1   8
        0.66667        2.35390   1   9
        0.66667        2.40692   1  10
        0.66667        3.46184   1  11
        0.66667        3.46327   1  12
        0.66667        3.99228   1  13
        0.66667        4.28794   1  14
        0.66667        4.73676   1  15
        0.66667        4.73817   1  16
        0.66667        5.13190   1  17
        0.66667        5.66790   1  18
        0.66667        5.70007   1  19
        0.66667        6.07934   1  20
        0.66667        6.08215   1  21
        0.66667        6.55002   1  22
        0.66667        7.03228   1  23
        0.66667        8.17365   1  24
        0.66667        9.52255   1  25
        0.66667        9.52689   1  26
        0.71429       -0.56287   1   1
        0.71429        0.09027   1   2
        0.71429        0.25772   1   3
        0.71429        0.25772   1   4
        0.71429        0.97370   1   5
        0.71429        1.20432   1   6
        0.71429        1.74427   1   7
        0.71429        1.74428   1   8
        0.71429        2.34797   1   9
        0.71429        2.41666   1  10
        0.71429        3.38304   1  11
        0.71429        3.38356   1  12
        0.71429        4.10569   1  13
        0.71429        4.34233   1  14
        0.71429        4.76093   1  15
        0.71429        4.76172   1  16
        0.71429        5.20398   1  17
        0.71429        5.53542   1  18
        0.71429        5.66505   1  19
        0.71429        6.00902   1  20
        0.71429        6.00994   1  21
        0.71429        6.59901   1  22
        0.71429        6.94783   1  23
        0.71429        8.01595   1  24
        0.71429        9.52235   1  25
        0.71429        9.52444   1  26
        0.76190       -0.51795   1   1
        0.76190        0.03138   1   2
        0.76190        0.24149   1   3
        0.76190        0.24149   1   4
        0.76190        0.97366   1   5
        0.76190        1.16388   1   6
        0.76190        1.78639   1   7
        0.76190        1.78640   1   8
        0.76190        2.35175   1   9
        0.76190        2.41919   1  10
        0.76190        3.30982   1  11
        0.76190        3.30994   1  12
        0.76190        4.18822   1  13
        0.76190        4.40015   1  14
        0.76190        4.77667   1  15
        0.76190        4.77690   1  16
        0.76190        5.23457   1  17
        0.76190        5.39198   1  18
        0.76190        5.67164   1  19
        0.76190        5.93571   1  20
        0.76190        5.93588   1  21
        0.76190        6.67092   1  22
        0.76190        6.81814   1  23
        0.76190        7.81502   1  24
        0.76190        9.51663   1  25
        0.76190        9.51721   1  26
        0.80952       -0.47067   1   1
        0.80952       -0.02783   1   2
        0.80952        0.22809   1   3
        0.80952        0.22809   1   4
        0.80952        0.97491   1   5
        0.80952        1.12916   1   6
        0.80952        1.82322   1   7
        0.80952        1.82324   1   8
        0.80952        2.36119   1   9
        0.80952        2.41724   1  10
        0.80952        3.25210   1  11
        0.80952        3.25240   1  12
        0.80952        4.24943   1  13
        0.80952        4.45534   1  14
        0.80952        4.78978   1  15
        0.80952        4.79057   1  16
        0.80952        5.19590   1  17
        0.80952        5.24859   1  18
        0.80952        5.74759   1  19
        0.80952        5.85989   1  20
        0.80952        5.86029   1  21
        0.80952        6.66130   1  22
        0.80952        6.79133   1  23
        0.80952        7.59237   1  24
        0.80952        9.51839   1  25
        0.80952        9.52019   1  26
        0.85714       -0.42117   1   1
        0.85714       -0.08700   1   2
        0.85714        0.21762   1   3
        0.85714        0.21762   1   4
        0.85714        0.97895   1   5
        0.85714        1.09866   1   6
        0.85714        1.85442   1   7
        0.85714        1.85445   1   8
        0.85714        2.37410   1   9
        0.85714        2.41492   1  10
        0.85714        3.21833   1  11
        0.85714        3.21854   1  12
        0.85714        4.32320   1  13
        0.85714        4.51457   1  14
        0.85714        4.81152   1  15
        0.85714        4.81227   1  16
        0.85714        5.11184   1  17
        0.85714        5.11847   1  18
        0.85714        5.79735   1  19
        0.85714        5.79772   1  20
        0.85714        5.87800   1  21
        0.85714        6.51017   1  22
        0.85714        6.94485   1  23
        0.85714        7.39240   1  24
        0.85714        9.52833   1  25
        0.85714        9.52972   1  26
        0.90476       -0.36954   1   1
        0.90476       -0.14577   1   2
        0.90476        0.21017   1   3
        0.90476        0.21017   1   4
        0.90476        0.98763   1   5
        0.90476        1.07091   1   6
        0.90476        1.87907   1   7
        0.90476        1.87909   1   8
        0.90476        2.38885   1   9
        0.90476        2.41446   1  10
        0.90476        3.20774   1  11
        0.90476        3.20783   1  12
        0.90476        4.43598   1  13
        0.90476        4.59011   1  14
        0.90476        4.84462   1  15
        0.90476        4.84510   1  16
        0.90476        5.00137   1  17
        0.90476        5.00806   1  18
        0.90476        5.76117   1  19
        0.90476        5.76160   1  20
        0.90476        6.03065   1  21
        0.90476        6.39472   1  22
        0.90476        7.08465   1  23
        0.90476        7.25866   1  24
        0.90476        9.53493   1  25
        0.90476        9.53624   1  26
        0.95238       -0.31595   1   1
        0.95238       -0.20376   1   2
        0.95238        0.20574   1   3
        0.95238        0.20574   1   4
        0.95238        1.00201   1   5
        0.95238        1.04511   1   6
        0.95238        1.89527   1   7
        0.95238        1.89528   1   8
        0.95238        2.40241   1   9
        0.95238        2.41446   1  10
        0.95238        3.21022   1  11
        0.95238        3.21023   1  12
        0.95238        4.58436   1  13
        0.95238        4.68392   1  14
        0.95238        4.87756   1  15
        0.95238        4.87778   1  16
        0.95238        4.88107   1  17
        0.95238        4.89746   1  18
        0.95238        5.74903   1  19
        0.95238        5.74933   1  20
        0.95238        6.16466   1  21
        0.95238        6.31931   1  22
        0.95238        7.16974   1  23
        0.95238        7.20426   1  24
        0.95238        9.53425   1  25
        0.95238        9.53547   1  26
        1.00000       -0.26059   1   1
        1.00000       -0.26059   1   2
        1.00000        0.20427   1   3
        1.00000        0.20427   1   4
        1.00000        1.02166   1   5
        1.00000        1.02166   1   6
        1.00000        1.90098   1   7
        1.00000        1.90098   1   8
        1.00000        2.41128   1   9
        1.00000        2.41128   1  10
        1.00000        3.21298   1  11
        1.00000        3.21298   1  12
        1.00000        4.74109   1  13
        1.00000        4.74109   1  14
        1.00000        4.78816   1  15
        1.00000        4.78817   1  16
        1.00000        4.89169   1  17
        1.00000        4.89169   1  18
        1.00000        5.74757   1  19
        1.00000        5.74757   1  20
        1.00000        6.25574   1  21
        1.00000        6.25574   1  22
        1.00000        7.19535   1  23
        1.00000        7.19540   1  24
        1.00000        9.53299   1  25
        1.00000        9.53299   1  26
        1.00000       -0.26059   1   1
        1.00000       -0.26059   1   2
        1.00000        0.20427   1   3
        1.00000        0.20427   1   4
        1.00000        1.02166   1   5
        1.00000        1.02166   1   6
        1.00000        1.90098   1   7
        1.00000        1.90098   1   8
        1.00000        2.41128   1   9
        1.00000        2.41128   1  10
        1.00000        3.21298   1  11
        1.00000        3.21298   1  12
        1.00000        4.74109   1  13
        1.00000        4.74109   1  14
        1.00000        4.78816   1  15
        1.00000        4.78817   1  16
        1.00000        4.89169   1  17
        1.00000        4.89169   1  18
        1.00000        5.74757   1  19
        1.00000        5.74757   1  20
        1.00000        6.25574   1  21
        1.00000        6.25574   1  22
        1.00000        7.19535   1  23
        1.00000        7.19540   1  24
        1.00000        9.53299   1  25
        1.00000        9.53299   1  26
        1.05893       -0.25958   1   1
        1.05893       -0.25850   1   2
        1.05893        0.19169   1   3
        1.05893        0.20628   1   4
        1.05893        1.02447   1   5
        1.05893        1.03831   1   6
        1.05893        1.89526   1   7
        1.05893        1.89747   1   8
        1.05893        2.39609   1   9
        1.05893        2.40967   1  10
        1.05893        3.20408   1  11
        1.05893        3.22539   1  12
        1.05893        4.73030   1  13
        1.05893        4.75779   1  14
        1.05893        4.76215   1  15
        1.05893        4.79113   1  16
        1.05893        4.89890   1  17
        1.05893        4.90851   1  18
        1.05893        5.72164   1  19
        1.05893        5.77039   1  20
        1.05893        6.25899   1  21
        1.05893        6.26651   1  22
        1.05893        7.19962   1  23
        1.05893        7.22842   1  24
        1.05893        9.50337   1  25
        1.05893        9.52070   1  26
        1.11785       -0.25685   1   1
        1.11785       -0.25223   1   2
        1.11785        0.15757   1   3
        1.11785        0.21225   1   4
        1.11785        1.03216   1   5
        1.11785        1.08497   1   6
        1.11785        1.87877   1   7
        1.11785        1.88808   1   8
        1.11785        2.35445   1   9
        1.11785        2.40780   1  10
        1.11785        3.17576   1  11
        1.11785        3.25803   1  12
        1.11785        4.68768   1  13
        1.11785        4.70958   1  14
        1.11785        4.79036   1  15
        1.11785        4.79659   1  16
        1.11785        4.90829   1  17
        1.11785        4.95046   1  18
        1.11785        5.64601   1  19
        1.11785        5.84475   1  20
        1.11785        6.23553   1  21
        1.11785        6.30225   1  22
        1.11785        7.21879   1  23
        1.11785        7.33695   1  24
        1.11785        9.43726   1  25
        1.11785        9.49203   1  26
        1.17678       -0.25340   1   1
        1.17678       -0.24176   1   2
        1.17678        0.11007   1   3
        1.17678        0.22207   1   4
        1.17678        1.04301   1   5
        1.17678        1.15502   1   6
        1.17678        1.85296   1   7
        1.17678        1.87511   1   8
        1.17678        2.29472   1   9
        1.17678        2.41228   1  10
        1.17678        3.12521   1  11
        1.17678        3.30159   1  12
        1.17678        4.60716   1  13
        1.17678        4.67209   1  14
        1.17678        4.77131   1  15
        1.17678        4.83220   1  16
        1.17678        4.90240   1  17
        1.17678        5.00455   1  18
        1.17678        5.52012   1  19
        1.17678        5.96457   1  20
        1.17678        6.16221   1  21
        1.17678        6.36902   1  22
        1.17678        7.27513   1  23
        1.17678        7.49885   1  24
        1.17678        9.36086   1  25
        1.17678        9.45689   1  26
        1.23570       -0.25149   1   1
        1.23570       -0.22713   1   2
        1.23570        0.05824   1   3
        1.23570        0.23559   1   4
        1.23570        1.05569   1   5
        1.23570        1.24327   1   6
        1.23570        1.81930   1   7
        1.23570        1.85998   1   8
        1.23570        2.22442   1   9
        1.23570        2.42794   1  10
        1.23570        3.05434   1  11
        1.23570        3.35159   1  12
        1.23570        4.50764   1  13
        1.23570        4.65335   1  14
        1.23570        4.72998   1  15
        1.23570        4.85570   1  16
        1.23570        4.88861   1  17
        1.23570        5.06338   1  18
        1.23570        5.34997   1  19
        1.23570        6.06377   1  20
        1.23570        6.09684   1  21
        1.23570        6.44761   1  22
        1.23570        7.40993   1  23
        1.23570        7.65523   1  24
        1.23570        9.25046   1  25
        1.23570        9.40901   1  26
        1.29463       -0.25550   1   1
        1.29463       -0.20836   1   2
        1.29463        0.01130   1   3
        1.29463        0.25261   1   4
        1.29463        1.07016   1   5
        1.29463        1.34660   1   6
        1.29463        1.77889   1   7
        1.29463        1.84223   1   8
        1.29463        2.14991   1   9
        1.29463        2.45361   1  10
        1.29463        2.97545   1  11
        1.29463        3.40921   1  12
        1.29463        4.41417   1  13
        1.29463        4.63042   1  14
        1.29463        4.66304   1  15
        1.29463        4.87883   1  16
        1.29463        4.89118   1  17
        1.29463        5.13119   1  18
        1.29463        5.16714   1  19
        1.29463        5.97191   1  20
        1.29463        6.20827   1  21
        1.29463        6.48572   1  22
        1.29463        7.65676   1  23
        1.29463        7.76312   1  24
        1.29463        9.05977   1  25
        1.29463        9.33533   1  26
        1.35355       -0.27201   1   1
        1.35355       -0.18549   1   2
        1.35355       -0.02097   1   3
        1.35355        0.27295   1   4
        1.35355        1.08754   1   5
        1.35355        1.46072   1   6
        1.35355        1.73259   1   7
        1.35355        1.82054   1   8
        1.35355        2.07801   1   9
        1.35355        2.48294   1  10
        1.35355        2.90723   1  11
        1.35355        3.46822   1  12
        1.35355        4.34015   1  13
        1.35355        4.56511   1  14
        1.35355        4.62279   1  15
        1.35355        4.89762   1  16
        1.35355        4.91477   1  17
        1.35355        5.01631   1  18
        1.35355        5.22024   1  19
        1.35355        5.90684   1  20
        1.35355        6.29756   1  21
        1.35355        6.46435   1  22
        1.35355        7.80785   1  23
        1.35355        7.97487   1  24
        1.35355        8.78571   1  25
        1.35355        9.24028   1  26
        1.35355       -0.27201   1   1
        1.35355       -0.18549   1   2
        1.35355       -0.02097   1   3
        1.35355        0.27295   1   4
        1.35355        1.08754   1   5
        1.35355        1.46072   1   6
        1.35355        1.73259   1   7
        1.35355        1.82054   1   8
        1.35355        2.07801   1   9
        1.35355        2.48294   1  10
        1.35355        2.90723   1  11
        1.35355        3.46822   1  12
        1.35355        4.34015   1  13
        1.35355        4.56511   1  14
        1.35355        4.62279   1  15
        1.35355        4.89762   1  16
        1.35355        4.91478   1  17
        1.35355        5.01631   1  18
        1.35355        5.22024   1  19
        1.35355        5.90684   1  20
        1.35355        6.29756   1  21
        1.35355        6.46434   1  22
        1.35355        7.80785   1  23
        1.35355        7.97487   1  24
        1.35355        8.78571   1  25
        1.35355        9.24028   1  26
        1.40177       -0.29806   1   1
        1.40177       -0.16375   1   2
        1.40177       -0.03170   1   3
        1.40177        0.29190   1   4
        1.40177        1.10489   1   5
        1.40177        1.55550   1   6
        1.40177        1.69107   1   7
        1.40177        1.79989   1   8
        1.40177        2.02745   1   9
        1.40177        2.50534   1  10
        1.40177        2.87120   1  11
        1.40177        3.50790   1  12
        1.40177        4.29558   1  13
        1.40177        4.47413   1  14
        1.40177        4.65401   1  15
        1.40177        4.89297   1  16
        1.40177        4.92404   1  17
        1.40177        4.96029   1  18
        1.40177        5.31208   1  19
        1.40177        5.88272   1  20
        1.40177        6.36917   1  21
        1.40177        6.42765   1  22
        1.40177        7.81491   1  23
        1.40177        8.22300   1  24
        1.40177        8.54878   1  25
        1.40177        9.16811   1  26
        1.44998       -0.33403   1   1
        1.44998       -0.13931   1   2
        1.44998       -0.02882   1   3
        1.44998        0.31274   1   4
        1.44998        1.12531   1   5
        1.44998        1.64083   1   6
        1.44998        1.64719   1   7
        1.44998        1.77794   1   8
        1.44998        1.98796   1   9
        1.44998        2.52380   1  10
        1.44998        2.84581   1  11
        1.44998        3.52553   1  12
        1.44998        4.26291   1  13
        1.44998        4.39034   1  14
        1.44998        4.70956   1  15
        1.44998        4.84108   1  16
        1.44998        4.89268   1  17
        1.44998        5.01073   1  18
        1.44998        5.40607   1  19
        1.44998        5.86645   1  20
        1.44998        6.39285   1  21
        1.44998        6.45168   1  22
        1.44998        7.83012   1  23
        1.44998        8.31626   1  24
        1.44998        8.42659   1  25
        1.44998        9.11455   1  26
        1.49819       -0.37629   1   1
        1.49819       -0.11220   1   2
        1.49819       -0.01548   1   3
        1.49819        0.33526   1   4
        1.49819        1.14850   1   5
        1.49819        1.60189   1   6
        1.49819        1.69979   1   7
        1.49819        1.75687   1   8
        1.49819        1.97017   1   9
        1.49819        2.53888   1  10
        1.49819        2.82419   1  11
        1.49819        3.52397   1  12
        1.49819        4.24065   1  13
        1.49819        4.31982   1  14
        1.49819        4.75420   1  15
        1.49819        4.77214   1  16
        1.49819        4.91185   1  17
        1.49819        5.05526   1  18
        1.49819        5.48980   1  19
        1.49819        5.83818   1  20
        1.49819        6.37718   1  21
        1.49819        6.54524   1  22
        1.49819        7.85001   1  23
        1.49819        8.14637   1  24
        1.49819        8.57957   1  25
        1.49819        9.08550   1  26
        1.54640       -0.42154   1   1
        1.54640       -0.08245   1   2
        1.54640        0.00535   1   3
        1.54640        0.35922   1   4
        1.54640        1.17357   1   5
        1.54640        1.55615   1   6
        1.54640        1.71403   1   7
        1.54640        1.73869   1   8
        1.54640        1.98807   1   9
        1.54640        2.55183   1  10
        1.54640        2.79923   1  11
        1.54640        3.51831   1  12
        1.54640        4.22756   1  13
        1.54640        4.25671   1  14
        1.54640        4.66256   1  15
        1.54640        4.84571   1  16
        1.54640        4.93557   1  17
        1.54640        5.08481   1  18
        1.54640        5.56333   1  19
        1.54640        5.79579   1  20
        1.54640        6.38778   1  21
        1.54640        6.63800   1  22
        1.54640        7.76367   1  23
        1.54640        8.16377   1  24
        1.54640        8.69504   1  25
        1.54640        9.07349   1  26
        1.59461       -0.46759   1   1
        1.59461       -0.05010   1   2
        1.59461        0.03167   1   3
        1.59461        0.38436   1   4
        1.59461        1.19925   1   5
        1.59461        1.51081   1   6
        1.59461        1.68901   1   7
        1.59461        1.72429   1   8
        1.59461        2.03529   1   9
        1.59461        2.56283   1  10
        1.59461        2.76704   1  11
        1.59461        3.52644   1  12
        1.59461        4.19006   1  13
        1.59461        4.22036   1  14
        1.59461        4.57645   1  15
        1.59461        4.89589   1  16
        1.59461        4.98176   1  17
        1.59461        5.09767   1  18
        1.59461        5.64088   1  19
        1.59461        5.76283   1  20
        1.59461        6.42252   1  21
        1.59461        6.71349   1  22
        1.59461        7.61578   1  23
        1.59461        8.29737   1  24
        1.59461        8.78585   1  25
        1.59461        9.06314   1  26
        1.64282       -0.51313   1   1
        1.64282       -0.01522   1   2
        1.64282        0.06226   1   3
        1.64282        0.41039   1   4
        1.64282        1.22426   1   5
        1.64282        1.46644   1   6
        1.64282        1.64495   1   7
        1.64282        1.71320   1   8
        1.64282        2.09332   1   9
        1.64282        2.57135   1  10
        1.64282        2.72883   1  11
        1.64282        3.55585   1  12
        1.64282        4.11422   1  13
        1.64282        4.21340   1  14
        1.64282        4.50991   1  15
        1.64282        4.85539   1  16
        1.64282        5.09904   1  17
        1.64282        5.10481   1  18
        1.64282        5.74065   1  19
        1.64282        5.76356   1  20
        1.64282        6.47309   1  21
        1.64282        6.76072   1  22
        1.64282        7.45830   1  23
        1.64282        8.45806   1  24
        1.64282        8.85609   1  25
        1.64282        9.04131   1  26
        1.69104       -0.55734   1   1
        1.69104        0.02209   1   2
        1.69104        0.09633   1   3
        1.69104        0.43691   1   4
        1.69104        1.24745   1   5
        1.69104        1.42340   1   6
        1.69104        1.59459   1   7
        1.69104        1.70421   1   8
        1.69104        2.15125   1   9
        1.69104        2.57869   1  10
        1.69104        2.68908   1  11
        1.69104        3.60074   1  12
        1.69104        4.03356   1  13
        1.69104        4.20108   1  14
        1.69104        4.47000   1  15
        1.69104        4.77837   1  16
        1.69104        5.09448   1  17
        1.69104        5.24825   1  18
        1.69104        5.79752   1  19
        1.69104        5.87090   1  20
        1.69104        6.52906   1  21
        1.69104        6.77990   1  22
        1.69104        7.28270   1  23
        1.69104        8.63607   1  24
        1.69104        8.90139   1  25
        1.69104        9.00533   1  26
        1.73925       -0.59969   1   1
        1.73925        0.06176   1   2
        1.73925        0.13337   1   3
        1.73925        0.46349   1   4
        1.73925        1.26791   1   5
        1.73925        1.38182   1   6
        1.73925        1.54414   1   7
        1.73925        1.69623   1   8
        1.73925        2.20265   1   9
        1.73925        2.58868   1  10
        1.73925        2.65066   1  11
        1.73925        3.65077   1  12
        1.73925        3.95561   1  13
        1.73925        4.18040   1  14
        1.73925        4.45122   1  15
        1.73925        4.69416   1  16
        1.73925        5.08458   1  17
        1.73925        5.39115   1  18
        1.73925        5.84080   1  19
        1.73925        6.02149   1  20
        1.73925        6.58149   1  21
        1.73925        6.78180   1  22
        1.73925        7.09852   1  23
        1.73925        8.82749   1  24
        1.73925        8.91785   1  25
        1.73925        8.96405   1  26
        1.78746       -0.63984   1   1
        1.78746        0.10372   1   2
        1.78746        0.17298   1   3
        1.78746        0.48961   1   4
        1.78746        1.28475   1   5
        1.78746        1.34182   1   6
        1.78746        1.49629   1   7
        1.78746        1.68913   1   8
        1.78746        2.24255   1   9
        1.78746        2.60408   1  10
        1.78746        2.61260   1  11
        1.78746        3.70081   1  12
        1.78746        3.88448   1  13
        1.78746        4.15266   1  14
        1.78746        4.44259   1  15
        1.78746        4.62492   1  16
        1.78746        5.06456   1  17
        1.78746        5.52383   1  18
        1.78746        5.86265   1  19
        1.78746        6.16867   1  20
        1.78746        6.62541   1  21
        1.78746        6.78132   1  22
        1.78746        6.94139   1  23
        1.78746        8.91126   1  24
        1.78746        8.93167   1  25
        1.78746        9.01119   1  26
        1.83567       -0.67750   1   1
        1.83567        0.14787   1   2
        1.83567        0.21481   1   3
        1.83567        0.51479   1   4
        1.83567        1.29691   1   5
        1.83567        1.30364   1   6
        1.83567        1.45133   1   7
        1.83567        1.68377   1   8
        1.83567        2.26816   1   9
        1.83567        2.57280   1  10
        1.83567        2.62164   1  11
        1.83567        3.75299   1  12
        1.83567        3.82371   1  13
        1.83567        4.12362   1  14
        1.83567        4.43986   1  15
        1.83567        4.58206   1  16
        1.83567        5.02870   1  17
        1.83567        5.64657   1  18
        1.83567        5.84322   1  19
        1.83567        6.29078   1  20
        1.83567        6.66061   1  21
        1.83567        6.78909   1  22
        1.83567        6.84265   1  23
        1.83567        8.89911   1  24
        1.83567        8.91841   1  25
        1.83567        9.15821   1  26
        1.88388       -0.71249   1   1
        1.88388        0.19409   1   2
        1.88388        0.25851   1   3
        1.88388        0.53862   1   4
        1.88388        1.26761   1   5
        1.88388        1.30327   1   6
        1.88388        1.40835   1   7
        1.88388        1.68153   1   8
        1.88388        2.27979   1   9
        1.88388        2.53349   1  10
        1.88388        2.63283   1  11
        1.88388        3.78525   1  12
        1.88388        3.80995   1  13
        1.88388        4.10124   1  14
        1.88388        4.43924   1  15
        1.88388        4.56764   1  16
        1.88388        4.97725   1  17
        1.88388        5.76928   1  18
        1.88388        5.79176   1  19
        1.88388        6.38456   1  20
        1.88388        6.69046   1  21
        1.88388        6.80320   1  22
        1.88388        6.80680   1  23
        1.88388        8.89763   1  24
        1.88388        8.92403   1  25
        1.88388        9.25073   1  26
        1.93210       -0.74467   1   1
        1.93210        0.24220   1   2
        1.93210        0.30368   1   3
        1.93210        0.56083   1   4
        1.93210        1.23420   1   5
        1.93210        1.30307   1   6
        1.93210        1.36637   1   7
        1.93210        1.68334   1   8
        1.93210        2.28019   1   9
        1.93210        2.50663   1  10
        1.93210        2.63829   1  11
        1.93210        3.78278   1  12
        1.93210        3.86872   1  13
        1.93210        4.09139   1  14
        1.93210        4.42158   1  15
        1.93210        4.57917   1  16
        1.93210        4.92076   1  17
        1.93210        5.74618   1  18
        1.93210        5.90662   1  19
        1.93210        6.46676   1  20
        1.93210        6.71955   1  21
        1.93210        6.80066   1  22
        1.93210        6.82938   1  23
        1.93210        8.91239   1  24
        1.93210        8.93730   1  25
        1.93210        9.28595   1  26
        1.98031       -0.77394   1   1
        1.98031        0.29197   1   2
        1.98031        0.34992   1   3
        1.98031        0.58124   1   4
        1.98031        1.20381   1   5
        1.98031        1.29595   1   6
        1.98031        1.32504   1   7
        1.98031        1.68840   1   8
        1.98031        2.27290   1   9
        1.98031        2.51582   1  10
        1.98031        2.66251   1  11
        1.98031        3.81312   1  12
        1.98031        3.92407   1  13
        1.98031        4.09477   1  14
        1.98031        4.37167   1  15
        1.98031        4.60882   1  16
        1.98031        4.87668   1  17
        1.98031        5.73032   1  18
        1.98031        6.06605   1  19
        1.98031        6.55798   1  20
        1.98031        6.75164   1  21
        1.98031        6.81505   1  22
        1.98031        6.85099   1  23
        1.98031        8.93688   1  24
        1.98031        8.94183   1  25
        1.98031        9.27305   1  26
        2.02852       -0.80025   1   1
        2.02852        0.34302   1   2
        2.02852        0.39671   1   3
        2.02852        0.59973   1   4
        2.02852        1.17674   1   5
        2.02852        1.28193   1   6
        2.02852        1.28475   1   7
        2.02852        1.69361   1   8
        2.02852        2.26088   1   9
        2.02852        2.58804   1  10
        2.02852        2.73896   1  11
        2.02852        3.86333   1  12
        2.02852        3.97550   1  13
        2.02852        4.10743   1  14
        2.02852        4.31276   1  15
        2.02852        4.64205   1  16
        2.02852        4.85948   1  17
        2.02852        5.70680   1  18
        2.02852        6.24311   1  19
        2.02852        6.66322   1  20
        2.02852        6.78870   1  21
        2.02852        6.83968   1  22
        2.02852        6.86903   1  23
        2.02852        8.92525   1  24
        2.02852        8.95928   1  25
        2.02852        9.22787   1  26
        2.07673       -0.82356   1   1
        2.07673        0.39490   1   2
        2.07673        0.44345   1   3
        2.07673        0.61612   1   4
        2.07673        1.15305   1   5
        2.07673        1.24626   1   6
        2.07673        1.26138   1   7
        2.07673        1.69565   1   8
        2.07673        2.24633   1   9
        2.07673        2.73499   1  10
        2.07673        2.88126   1  11
        2.07673        3.92839   1  12
        2.07673        4.02699   1  13
        2.07673        4.12387   1  14
        2.07673        4.28480   1  15
        2.07673        4.66468   1  16
        2.07673        4.87182   1  17
        2.07673        5.61734   1  18
        2.07673        6.42143   1  19
        2.07673        6.76768   1  20
        2.07673        6.83066   1  21
        2.07673        6.87090   1  22
        2.07673        6.88421   1  23
        2.07673        8.88696   1  24
        2.07673        8.96966   1  25
        2.07673        9.16669   1  26
        2.12494       -0.84383   1   1
        2.12494        0.44695   1   2
        2.12494        0.48938   1   3
        2.12494        0.63023   1   4
        2.12494        1.13269   1   5
        2.12494        1.21016   1   6
        2.12494        1.23504   1   7
        2.12494        1.69361   1   8
        2.12494        2.23115   1   9
        2.12494        2.93819   1  10
        2.12494        3.07055   1  11
        2.12494        4.00723   1  12
        2.12494        4.08079   1  13
        2.12494        4.14008   1  14
        2.12494        4.30806   1  15
        2.12494        4.67279   1  16
        2.12494        4.90097   1  17
        2.12494        5.44799   1  18
        2.12494        6.58138   1  19
        2.12494        6.85057   1  20
        2.12494        6.87551   1  21
        2.12494        6.89798   1  22
        2.12494        6.89968   1  23
        2.12494        8.83954   1  24
        2.12494        8.96509   1  25
        2.12494        9.10078   1  26
        2.17315       -0.86105   1   1
        2.17315        0.49828   1   2
        2.17315        0.53354   1   3
        2.17315        0.64193   1   4
        2.17315        1.11549   1   5
        2.17315        1.17672   1   6
        2.17315        1.20410   1   7
        2.17315        1.68866   1   8
        2.17315        2.21707   1   9
        2.17315        3.15194   1  10
        2.17315        3.26141   1  11
        2.17315        4.08477   1  12
        2.17315        4.13326   1  13
        2.17315        4.15487   1  14
        2.17315        4.38712   1  15
        2.17315        4.67540   1  16
        2.17315        4.92262   1  17
        2.17315        5.23277   1  18
        2.17315        6.70940   1  19
        2.17315        6.90398   1  20
        2.17315        6.91015   1  21
        2.17315        6.92001   1  22
        2.17315        6.92362   1  23
        2.17315        8.80283   1  24
        2.17315        8.95052   1  25
        2.17315        9.03565   1  26
        2.22137       -0.87517   1   1
        2.22137        0.54753   1   2
        2.22137        0.57462   1   3
        2.22137        0.65116   1   4
        2.22137        1.10135   1   5
        2.22137        1.14607   1   6
        2.22137        1.17034   1   7
        2.22137        1.68244   1   8
        2.22137        2.20551   1   9
        2.22137        3.32345   1  10
        2.22137        3.40099   1  11
        2.22137        4.14211   1  12
        2.22137        4.16902   1  13
        2.22137        4.17576   1  14
        2.22137        4.51042   1  15
        2.22137        4.68800   1  16
        2.22137        4.91207   1  17
        2.22137        5.02488   1  18
        2.22137        6.80163   1  19
        2.22137        6.91868   1  20
        2.22137        6.94025   1  21
        2.22137        6.95080   1  22
        2.22137        6.96317   1  23
        2.22137        8.79312   1  24
        2.22137        8.93414   1  25
        2.22137        8.97515   1  26
        2.26958       -0.88617   1   1
        2.26958        0.59267   1   2
        2.26958        0.61090   1   3
        2.26958        0.65801   1   4
        2.26958        1.09022   1   5
        2.26958        1.11877   1   6
        2.26958        1.13631   1   7
        2.26958        1.67633   1   8
        2.26958        2.19735   1   9
        2.26958        3.41975   1  10
        2.26958        3.46214   1  11
        2.26958        4.17828   1  12
        2.26958        4.18348   1  13
        2.26958        4.20105   1  14
        2.26958        4.63387   1  15
        2.26958        4.72111   1  16
        2.26958        4.84084   1  17
        2.26958        4.89369   1  18
        2.26958        6.86104   1  19
        2.26958        6.92158   1  20
        2.26958        6.97941   1  21
        2.26958        6.98957   1  22
        2.26958        7.00481   1  23
        2.26958        8.81295   1  24
        2.26958        8.91133   1  25
        2.26958        8.93364   1  26
        2.31779       -0.89405   1   1
        2.31779        0.63056   1   2
        2.31779        0.64008   1   3
        2.31779        0.66265   1   4
        2.31779        1.08214   1   5
        2.31779        1.09628   1   6
        2.31779        1.10576   1   7
        2.31779        1.67132   1   8
        2.31779        2.19274   1   9
        2.31779        3.44468   1  10
        2.31779        3.46090   1  11
        2.31779        4.19730   1  12
        2.31779        4.19921   1  13
        2.31779        4.21064   1  14
        2.31779        4.66819   1  15
        2.31779        4.76288   1  16
        2.31779        4.79981   1  17
        2.31779        4.83713   1  18
        2.31779        6.89399   1  19
        2.31779        6.91933   1  20
        2.31779        7.02686   1  21
        2.31779        7.03497   1  22
        2.31779        7.04483   1  23
        2.31779        8.84008   1  24
        2.31779        8.88205   1  25
        2.31779        8.92522   1  26
        2.36600       -0.89878   1   1
        2.36600        0.65670   1   2
        2.36600        0.65937   1   3
        2.36600        0.66532   1   4
        2.36600        1.07722   1   5
        2.36600        1.08103   1   6
        2.36600        1.08374   1   7
        2.36600        1.66808   1   8
        2.36600        2.19086   1   9
        2.36600        3.43305   1  10
        2.36600        3.43646   1  11
        2.36600        4.20771   1  12
        2.36600        4.20947   1  13
        2.36600        4.21200   1  14
        2.36600        4.61988   1  15
        2.36600        4.79369   1  16
        2.36600        4.81044   1  17
        2.36600        4.83476   1  18
        2.36600        6.90907   1  19
        2.36600        6.91524   1  20
        2.36600        7.06843   1  21
        2.36600        7.07264   1  22
        2.36600        7.07585   1  23
        2.36600        8.82624   1  24
        2.36600        8.89981   1  25
        2.36600        8.92541   1  26
        2.41421       -0.90036   1   1
        2.41421        0.66617   1   2
        2.41421        0.66617   1   3
        2.41421        0.66619   1   4
        2.41421        1.07557   1   5
        2.41421        1.07557   1   6
        2.41421        1.07557   1   7
        2.41421        1.66696   1   8
        2.41421        2.19045   1   9
        2.41421        3.42373   1  10
        2.41421        3.42373   1  11
        2.41421        4.21133   1  12
        2.41421        4.21188   1  13
        2.41421        4.21244   1  14
        2.41421        4.59760   1  15
        2.41421        4.80681   1  16
        2.41421        4.80698   1  17
        2.41421        4.84442   1  18
        2.41421        6.91327   1  19
        2.41421        6.91329   1  20
        2.41421        7.08466   1  21
        2.41421        7.08774   1  22
        2.41421        7.08776   1  23
        2.41421        8.81612   1  24
        2.41421        8.90938   1  25
        2.41421        8.92901   1  26
        2.41421       -0.90036   1   1
        2.41421        0.66617   1   2
        2.41421        0.66617   1   3
        2.41421        0.66619   1   4
        2.41421        1.07557   1   5
        2.41421        1.07557   1   6
        2.41421        1.07557   1   7
        2.41421        1.66696   1   8
        2.41421        2.19045   1   9
        2.41421        3.42373   1  10
        2.41421        3.42373   1  11
        2.41421        4.21133   1  12
        2.41421        4.21188   1  13
        2.41421        4.21244   1  14
        2.41421        4.59760   1  15
        2.41421        4.80681   1  16
        2.41421        4.80698   1  17
        2.41421        4.84442   1  18
        2.41421        6.91327   1  19
        2.41421        6.91329   1  20
        2.41421        7.08466   1  21
        2.41421        7.08774   1  22
        2.41421        7.08776   1  23
        2.41421        8.81612   1  24
        2.41421        8.90938   1  25
        2.41421        8.92901   1  26
        2.46233       -0.89879   1   1
        2.46233        0.65476   1   2
        2.46233        0.66334   1   3
        2.46233        0.66335   1   4
        2.46233        1.07941   1   5
        2.46233        1.07942   1   6
        2.46233        1.08309   1   7
        2.46233        1.66809   1   8
        2.46233        2.19085   1   9
        2.46233        3.43492   1  10
        2.46233        3.43616   1  11
        2.46233        4.20781   1  12
        2.46233        4.20844   1  13
        2.46233        4.21255   1  14
        2.46233        4.60897   1  15
        2.46233        4.79396   1  16
        2.46233        4.80425   1  17
        2.46233        4.83428   1  18
        2.46233        6.91215   1  19
        2.46233        6.91227   1  20
        2.46233        7.06999   1  21
        2.46233        7.07265   1  22
        2.46233        7.07409   1  23
        2.46233        8.82405   1  24
        2.46233        8.90591   1  25
        2.46233        8.91960   1  26
        2.51044       -0.89407   1   1
        2.51044        0.62318   1   2
        2.51044        0.65522   1   3
        2.51044        0.65523   1   4
        2.51044        1.09038   1   5
        2.51044        1.09038   1   6
        2.51044        1.10295   1   7
        2.51044        1.67147   1   8
        2.51044        2.19239   1   9
        2.51044        3.45644   1  10
        2.51044        3.45999   1  11
        2.51044        4.19693   1  12
        2.51044        4.19762   1  13
        2.51044        4.20895   1  14
        2.51044        4.63722   1  15
        2.51044        4.76399   1  16
        2.51044        4.80060   1  17
        2.51044        4.80488   1  18
        2.51044        6.90599   1  19
        2.51044        6.90625   1  20
        2.51044        7.03301   1  21
        2.51044        7.03543   1  22
        2.51044        7.03711   1  23
        2.51044        8.83549   1  24
        2.51044        8.88723   1  25
        2.51044        8.91395   1  26
        2.55855       -0.88624   1   1
        2.55855        0.57699   1   2
        2.55855        0.64276   1   3
        2.55855        0.64277   1   4
        2.55855        1.10700   1   5
        2.55855        1.10701   1   6
        2.55855        1.12961   1   7
        2.55855        1.67713   1   8
        2.55855        2.19586   1   9
        2.55855        3.45918   1  10
        2.55855        3.46319   1  11
        2.55855        4.17936   1  12
        2.55855        4.18028   1  13
        2.55855        4.19000   1  14
        2.55855        4.59163   1  15
        2.55855        4.75266   1  16
        2.55855        4.80687   1  17
        2.55855        4.82370   1  18
        2.55855        6.88312   1  19
        2.55855        6.88346   1  20
        2.55855        6.98106   1  21
        2.55855        6.99757   1  22
        2.55855        6.99919   1  23
        2.55855        8.83624   1  24
        2.55855        8.85908   1  25
        2.55855        8.93167   1  26
        2.60666       -0.87528   1   1
        2.60666        0.52112   1   2
        2.60666        0.62717   1   3
        2.60666        0.62717   1   4
        2.60666        1.12752   1   5
        2.60666        1.12752   1   6
        2.60666        1.15834   1   7
        2.60666        1.68505   1   8
        2.60666        2.20206   1   9
        2.60666        3.41387   1  10
        2.60666        3.41547   1  11
        2.60666        4.14337   1  12
        2.60666        4.15771   1  13
        2.60666        4.15825   1  14
        2.60666        4.41993   1  15
        2.60666        4.81527   1  16
        2.60666        4.82941   1  17
        2.60666        4.90571   1  18
        2.60666        6.83113   1  19
        2.60666        6.83138   1  20
        2.60666        6.90885   1  21
        2.60666        6.98476   1  22
        2.60666        6.98525   1  23
        2.60666        8.84007   1  24
        2.60666        8.84535   1  25
        2.60666        8.95606   1  26
        2.65478       -0.86123   1   1
        2.65478        0.45904   1   2
        2.65478        0.60963   1   3
        2.65478        0.60963   1   4
        2.65478        1.15026   1   5
        2.65478        1.15026   1   6
        2.65478        1.18627   1   7
        2.65478        1.69519   1   8
        2.65478        2.21157   1   9
        2.65478        3.30617   1  10
        2.65478        3.30753   1  11
        2.65478        4.04535   1  12
        2.65478        4.13689   1  13
        2.65478        4.13752   1  14
        2.65478        4.24800   1  15
        2.65478        4.86255   1  16
        2.65478        4.87223   1  17
        2.65478        5.04226   1  18
        2.65478        6.75879   1  19
        2.65478        6.75921   1  20
        2.65478        6.82271   1  21
        2.65478        6.98646   1  22
        2.65478        6.98686   1  23
        2.65478        8.85678   1  24
        2.65478        8.85998   1  25
        2.65478        8.98241   1  26
        2.70289       -0.84410   1   1
        2.70289        0.39307   1   2
        2.70289        0.59123   1   3
        2.70289        0.59123   1   4
        2.70289        1.17389   1   5
        2.70289        1.17391   1   6
        2.70289        1.21199   1   7
        2.70289        1.70742   1   8
        2.70289        2.22442   1   9
        2.70289        3.14767   1  10
        2.70289        3.15027   1  11
        2.70289        3.88057   1  12
        2.70289        4.12175   1  13
        2.70289        4.12336   1  14
        2.70289        4.15993   1  15
        2.70289        4.89455   1  16
        2.70289        4.91302   1  17
        2.70289        5.19976   1  18
        2.70289        6.67728   1  19
        2.70289        6.67875   1  20
        2.70289        6.73017   1  21
        2.70289        6.98786   1  22
        2.70289        6.98876   1  23
        2.70289        8.89147   1  24
        2.70289        8.89611   1  25
        2.70289        9.01414   1  26
        2.75100       -0.82391   1   1
        2.75100        0.32489   1   2
        2.75100        0.57285   1   3
        2.75100        0.57286   1   4
        2.75100        1.19737   1   5
        2.75100        1.19740   1   6
        2.75100        1.23494   1   7
        2.75100        1.72146   1   8
        2.75100        2.23985   1   9
        2.75100        2.96989   1  10
        2.75100        2.97200   1  11
        2.75100        3.71785   1  12
        2.75100        4.11143   1  13
        2.75100        4.11311   1  14
        2.75100        4.13880   1  15
        2.75100        4.91522   1  16
        2.75100        4.93150   1  17
        2.75100        5.35550   1  18
        2.75100        6.59665   1  19
        2.75100        6.59890   1  20
        2.75100        6.64778   1  21
        2.75100        6.97965   1  22
        2.75100        6.98062   1  23
        2.75100        8.93796   1  24
        2.75100        8.94054   1  25
        2.75100        9.04907   1  26
        2.79911       -0.80066   1   1
        2.79911        0.25563   1   2
        2.79911        0.55515   1   3
        2.79911        0.55515   1   4
        2.79911        1.21971   1   5
        2.79911        1.21972   1   6
        2.79911        1.25509   1   7
        2.79911        1.73681   1   8
        2.79911        2.25674   1   9
        2.79911        2.81031   1  10
        2.79911        2.81128   1  11
        2.79911        3.59007   1  12
        2.79911        4.09632   1  13
        2.79911        4.09739   1  14
        2.79911        4.16484   1  15
        2.79911        4.91764   1  16
        2.79911        4.92585   1  17
        2.79911        5.49303   1  18
        2.79911        6.52620   1  19
        2.79911        6.52807   1  20
        2.79911        6.60091   1  21
        2.79911        6.95967   1  22
        2.79911        6.96030   1  23
        2.79911        8.98327   1  24
        2.79911        8.98373   1  25
        2.79911        9.07372   1  26
        2.84723       -0.77441   1   1
        2.84723        0.18619   1   2
        2.84723        0.53853   1   3
        2.84723        0.53853   1   4
        2.84723        1.23974   1   5
        2.84723        1.23974   1   6
        2.84723        1.27256   1   7
        2.84723        1.75275   1   8
        2.84723        2.27382   1   9
        2.84723        2.70141   1  10
        2.84723        2.70142   1  11
        2.84723        3.48479   1  12
        2.84723        4.06448   1  13
        2.84723        4.06448   1  14
        2.84723        4.22093   1  15
        2.84723        4.90171   1  16
        2.84723        4.90171   1  17
        2.84723        5.59283   1  18
        2.84723        6.46783   1  19
        2.84723        6.46784   1  20
        2.84723        6.61173   1  21
        2.84723        6.93406   1  22
        2.84723        6.93407   1  23
        2.84723        9.01840   1  24
        2.84723        9.01840   1  25
        2.84723        9.06934   1  26
        2.89534       -0.74523   1   1
        2.89534        0.11722   1   2
        2.89534        0.52321   1   3
        2.89534        0.52321   1   4
        2.89534        1.25631   1   5
        2.89534        1.25633   1   6
        2.89534        1.28746   1   7
        2.89534        1.76844   1   8
        2.89534        2.28936   1   9
        2.89534        2.65855   1  10
        2.89534        2.65920   1  11
        2.89534        3.37986   1  12
        2.89534        4.00646   1  13
        2.89534        4.00786   1  14
        2.89534        4.28008   1  15
        2.89534        4.87568   1  16
        2.89534        4.88048   1  17
        2.89534        5.64045   1  18
        2.89534        6.40779   1  19
        2.89534        6.41014   1  20
        2.89534        6.67174   1  21
        2.89534        6.91230   1  22
        2.89534        6.91302   1  23
        2.89534        9.02366   1  24
        2.89534        9.03833   1  25
        2.89534        9.04054   1  26
        2.94345       -0.71324   1   1
        2.94345        0.04923   1   2
        2.94345        0.50928   1   3
        2.94345        0.50928   1   4
        2.94345        1.26872   1   5
        2.94345        1.26875   1   6
        2.94345        1.29977   1   7
        2.94345        1.78322   1   8
        2.94345        2.30145   1   9
        2.94345        2.67676   1  10
        2.94345        2.67789   1  11
        2.94345        3.26449   1  12
        2.94345        3.92513   1  13
        2.94345        3.92760   1  14
        2.94345        4.31979   1  15
        2.94345        4.87166   1  16
        2.94345        4.87736   1  17
        2.94345        5.63335   1  18
        2.94345        6.33101   1  19
        2.94345        6.33466   1  20
        2.94345        6.74066   1  21
        2.94345        6.90242   1  22
        2.94345        6.90358   1  23
        2.94345        8.94618   1  24
        2.94345        9.03867   1  25
        2.94345        9.04167   1  26
        2.99156       -0.67861   1   1
        2.99156       -0.01724   1   2
        2.99156        0.49685   1   3
        2.99156        0.49685   1   4
        2.99156        1.27697   1   5
        2.99156        1.27699   1   6
        2.99156        1.30945   1   7
        2.99156        1.79671   1   8
        2.99156        2.30925   1   9
        2.99156        2.73174   1  10
        2.99156        2.73300   1  11
        2.99156        3.14397   1  12
        2.99156        3.83620   1  13
        2.99156        3.83861   1  14
        2.99156        4.34004   1  15
        2.99156        4.90644   1  16
        2.99156        4.91041   1  17
        2.99156        5.57021   1  18
        2.99156        6.22591   1  19
        2.99156        6.22902   1  20
        2.99156        6.78979   1  21
        2.99156        6.90521   1  22
        2.99156        6.90626   1  23
        2.99156        8.84949   1  24
        2.99156        9.01943   1  25
        2.99156        9.02241   1  26
        3.03968       -0.64156   1   1
        3.03968       -0.08174   1   2
        3.03968        0.48606   1   3
        3.03968        0.48606   1   4
        3.03968        1.28183   1   5
        3.03968        1.28183   1   6
        3.03968        1.31674   1   7
        3.03968        1.80883   1   8
        3.03968        2.31397   1   9
        3.03968        2.79429   1  10
        3.03968        2.79488   1  11
        3.03968        3.03277   1  12
        3.03968        3.76083   1  13
        3.03968        3.76184   1  14
        3.03968        4.36392   1  15
        3.03968        4.97878   1  16
        3.03968        4.98005   1  17
        3.03968        5.45500   1  18
        3.03968        6.09405   1  19
        3.03968        6.09520   1  20
        3.03968        6.82873   1  21
        3.03968        6.91675   1  22
        3.03968        6.91717   1  23
        3.03968        8.74958   1  24
        3.03968        8.98703   1  25
        3.03968        8.98824   1  26
        3.08779       -0.60242   1   1
        3.08779       -0.14361   1   2
        3.08779        0.47711   1   3
        3.08779        0.47711   1   4
        3.08779        1.28452   1   5
        3.08779        1.28453   1   6
        3.08779        1.32219   1   7
        3.08779        1.81975   1   8
        3.08779        2.31769   1   9
        3.08779        2.84744   1  10
        3.08779        2.84807   1  11
        3.08779        2.94621   1  12
        3.08779        3.70578   1  13
        3.08779        3.70675   1  14
        3.08779        4.41747   1  15
        3.08779        5.07024   1  16
        3.08779        5.07126   1  17
        3.08779        5.31012   1  18
        3.08779        5.95165   1  19
        3.08779        5.95268   1  20
        3.08779        6.88999   1  21
        3.08779        6.92972   1  22
        3.08779        6.93012   1  23
        3.08779        8.65585   1  24
        3.08779        8.95353   1  25
        3.08779        8.95469   1  26
        3.13590       -0.56193   1   1
        3.13590       -0.20192   1   2
        3.13590        0.47016   1   3
        3.13590        0.47017   1   4
        3.13590        1.28624   1   5
        3.13590        1.28625   1   6
        3.13590        1.32647   1   7
        3.13590        1.82985   1   8
        3.13590        2.32099   1   9
        3.13590        2.89269   1  10
        3.13590        2.89405   1  11
        3.13590        2.89515   1  12
        3.13590        3.66133   1  13
        3.13590        3.66346   1  14
        3.13590        4.50629   1  15
        3.13590        5.15781   1  16
        3.13590        5.16008   1  17
        3.13590        5.17269   1  18
        3.13590        5.82603   1  19
        3.13590        5.82811   1  20
        3.13590        6.93665   1  21
        3.13590        6.93762   1  22
        3.13590        6.99814   1  23
        3.13590        8.57015   1  24
        3.13590        8.93218   1  25
        3.13590        8.93476   1  26
        3.18401       -0.52184   1   1
        3.18401       -0.25476   1   2
        3.18401        0.46527   1   3
        3.18401        0.46527   1   4
        3.18401        1.28766   1   5
        3.18401        1.28767   1   6
        3.18401        1.32991   1   7
        3.18401        1.83903   1   8
        3.18401        2.32337   1   9
        3.18401        2.87226   1  10
        3.18401        2.93869   1  11
        3.18401        2.94002   1  12
        3.18401        3.61866   1  13
        3.18401        3.62048   1  14
        3.18401        4.60651   1  15
        3.18401        5.07563   1  16
        3.18401        5.22535   1  17
        3.18401        5.22698   1  18
        3.18401        5.73944   1  19
        3.18401        5.74108   1  20
        3.18401        6.93477   1  21
        3.18401        6.93584   1  22
        3.18401        7.14490   1  23
        3.18401        8.49035   1  24
        3.18401        8.92797   1  25
        3.18401        8.93020   1  26
        3.23213       -0.48718   1   1
        3.23213       -0.29707   1   2
        3.23213        0.46239   1   3
        3.23213        0.46239   1   4
        3.23213        1.28877   1   5
        3.23213        1.28877   1   6
        3.23213        1.33231   1   7
        3.23213        1.84592   1   8
        3.23213        2.32493   1   9
        3.23213        2.86895   1  10
        3.23213        2.97748   1  11
        3.23213        2.97799   1  12
        3.23213        3.58210   1  13
        3.23213        3.58276   1  14
        3.23213        4.67786   1  15
        3.23213        5.03472   1  16
        3.23213        5.26424   1  17
        3.23213        5.26484   1  18
        3.23213        5.69496   1  19
        3.23213        5.69552   1  20
        3.23213        6.92808   1  21
        3.23213        6.92876   1  22
        3.23213        7.28208   1  23
        3.23213        8.42318   1  24
        3.23213        8.93324   1  25
        3.23213        8.93412   1  26
        3.28024       -0.47146   1   1
        3.28024       -0.31534   1   2
        3.28024        0.46144   1   3
        3.28024        0.46144   1   4
        3.28024        1.28920   1   5
        3.28024        1.28921   1   6
        3.28024        1.33320   1   7
        3.28024        1.84852   1   8
        3.28024        2.32554   1   9
        3.28024        2.86967   1  10
        3.28024        2.99376   1  11
        3.28024        2.99376   1  12
        3.28024        3.56696   1  13
        3.28024        3.56696   1  14
        3.28024        4.70055   1  15
        3.28024        5.02872   1  16
        3.28024        5.27637   1  17
        3.28024        5.27638   1  18
        3.28024        5.68242   1  19
        3.28024        5.68243   1  20
        3.28024        6.92467   1  21
        3.28024        6.92468   1  22
        3.28024        7.34012   1  23
        3.28024        8.39438   1  24
        3.28024        8.93677   1  25
        3.28024        8.93677   1  26
        3.28024       -0.47146   1   1
        3.28024       -0.31534   1   2
        3.28024        0.46144   1   3
        3.28024        0.46144   1   4
        3.28024        1.28920   1   5
        3.28024        1.28921   1   6
        3.28024        1.33320   1   7
        3.28024        1.84852   1   8
        3.28024        2.32554   1   9
        3.28024        2.86967   1  10
        3.28024        2.99376   1  11
        3.28024        2.99376   1  12
        3.28024        3.56696   1  13
        3.28024        3.56696   1  14
        3.28024        4.70055   1  15
        3.28024        5.02872   1  16
        3.28024        5.27637   1  17
        3.28024        5.27638   1  18
        3.28024        5.68242   1  19
        3.28024        5.68243   1  20
        3.28024        6.92467   1  21
        3.28024        6.92468   1  22
        3.28024        7.34012   1  23
        3.28024        8.39438   1  24
        3.28024        8.93677   1  25
        3.28024        8.93677   1  26
        3.33075       -0.46992   1   1
        3.33075       -0.31373   1   2
        3.33075        0.45376   1   3
        3.33075        0.45841   1   4
        3.33075        1.28768   1   5
        3.33075        1.29444   1   6
        3.33075        1.33799   1   7
        3.33075        1.84804   1   8
        3.33075        2.31675   1   9
        3.33075        2.84104   1  10
        3.33075        2.98514   1  11
        3.33075        3.01132   1  12
        3.33075        3.56113   1  13
        3.33075        3.58220   1  14
        3.33075        4.67396   1  15
        3.33075        5.02963   1  16
        3.33075        5.27012   1  17
        3.33075        5.27605   1  18
        3.33075        5.67420   1  19
        3.33075        5.67506   1  20
        3.33075        6.91036   1  21
        3.33075        6.91712   1  22
        3.33075        7.35912   1  23
        3.33075        8.37901   1  24
        3.33075        8.92585   1  25
        3.33075        8.94226   1  26
        3.38125       -0.46531   1   1
        3.38125       -0.30890   1   2
        3.38125        0.43167   1   3
        3.38125        0.44935   1   4
        3.38125        1.28362   1   5
        3.38125        1.30501   1   6
        3.38125        1.35758   1   7
        3.38125        1.84528   1   8
        3.38125        2.29145   1   9
        3.38125        2.77458   1  10
        3.38125        2.96315   1  11
        3.38125        3.04888   1  12
        3.38125        3.55677   1  13
        3.38125        3.62797   1  14
        3.38125        4.61734   1  15
        3.38125        5.03268   1  16
        3.38125        5.25424   1  17
        3.38125        5.27334   1  18
        3.38125        5.65337   1  19
        3.38125        5.65454   1  20
        3.38125        6.87754   1  21
        3.38125        6.89039   1  22
        3.38125        7.40919   1  23
        3.38125        8.35042   1  24
        3.38125        8.89487   1  25
        3.38125        8.96242   1  26
        3.43176       -0.45768   1   1
        3.43176       -0.30089   1   2
        3.43176        0.39780   1   3
        3.43176        0.43436   1   4
        3.43176        1.27824   1   5
        3.43176        1.31454   1   6
        3.43176        1.39779   1   7
        3.43176        1.83790   1   8
        3.43176        2.25296   1   9
        3.43176        2.69272   1  10
        3.43176        2.93744   1  11
        3.43176        3.09467   1  12
        3.43176        3.58314   1  13
        3.43176        3.70146   1  14
        3.43176        4.57601   1  15
        3.43176        5.03713   1  16
        3.43176        5.23508   1  17
        3.43176        5.26481   1  18
        3.43176        5.62128   1  19
        3.43176        5.63487   1  20
        3.43176        6.84095   1  21
        3.43176        6.84625   1  22
        3.43176        7.47299   1  23
        3.43176        8.34297   1  24
        3.43176        8.85091   1  25
        3.43176        9.00406   1  26
        3.48227       -0.44706   1   1
        3.48227       -0.28977   1   2
        3.48227        0.35544   1   3
        3.48227        0.41368   1   4
        3.48227        1.27307   1   5
        3.48227        1.32466   1   6
        3.48227        1.45419   1   7
        3.48227        1.82512   1   8
        3.48227        2.20638   1   9
        3.48227        2.61380   1  10
        3.48227        2.91769   1  11
        3.48227        3.14551   1  12
        3.48227        3.66027   1  13
        3.48227        3.79294   1  14
        3.48227        4.57576   1  15
        3.48227        5.03860   1  16
        3.48227        5.21891   1  17
        3.48227        5.24906   1  18
        3.48227        5.58048   1  19
        3.48227        5.62758   1  20
        3.48227        6.78552   1  21
        3.48227        6.81660   1  22
        3.48227        7.53498   1  23
        3.48227        8.36991   1  24
        3.48227        8.80532   1  25
        3.48227        9.06617   1  26
        3.53278       -0.43350   1   1
        3.53278       -0.27567   1   2
        3.53278        0.30782   1   3
        3.53278        0.38769   1   4
        3.53278        1.26989   1   5
        3.53278        1.33720   1   6
        3.53278        1.51859   1   7
        3.53278        1.80847   1   8
        3.53278        2.15723   1   9
        3.53278        2.55158   1  10
        3.53278        2.90798   1  11
        3.53278        3.20213   1  12
        3.53278        3.78089   1  13
        3.53278        3.88751   1  14
        3.53278        4.60405   1  15
        3.53278        5.02999   1  16
        3.53278        5.20974   1  17
        3.53278        5.22924   1  18
        3.53278        5.53266   1  19
        3.53278        5.63111   1  20
        3.53278        6.71243   1  21
        3.53278        6.80547   1  22
        3.53278        7.59419   1  23
        3.53278        8.40524   1  24
        3.53278        8.76478   1  25
        3.53278        9.12917   1  26
        3.58328       -0.41701   1   1
        3.58328       -0.25882   1   2
        3.58328        0.25753   1   3
        3.58328        0.35694   1   4
        3.58328        1.27098   1   5
        3.58328        1.35186   1   6
        3.58328        1.58189   1   7
        3.58328        1.78968   1   8
        3.58328        2.11042   1   9
        3.58328        2.50902   1  10
        3.58328        2.90590   1  11
        3.58328        3.26101   1  12
        3.58328        3.91821   1  13
        3.58328        3.97057   1  14
        3.58328        4.62205   1  15
        3.58328        5.00665   1  16
        3.58328        5.20747   1  17
        3.58328        5.20860   1  18
        3.58328        5.48276   1  19
        3.58328        5.62998   1  20
        3.58328        6.62861   1  21
        3.58328        6.79655   1  22
        3.58328        7.66462   1  23
        3.58328        8.40261   1  24
        3.58328        8.72620   1  25
        3.58328        9.16275   1  26
        3.63379       -0.39764   1   1
        3.63379       -0.23956   1   2
        3.63379        0.20660   1   3
        3.63379        0.32217   1   4
        3.63379        1.27842   1   5
        3.63379        1.36745   1   6
        3.63379        1.63463   1   7
        3.63379        1.76879   1   8
        3.63379        2.07068   1   9
        3.63379        2.47985   1  10
        3.63379        2.90723   1  11
        3.63379        3.30928   1  12
        3.63379        4.03239   1  13
        3.63379        4.03599   1  14
        3.63379        4.60411   1  15
        3.63379        4.97087   1  16
        3.63379        5.17738   1  17
        3.63379        5.20812   1  18
        3.63379        5.44460   1  19
        3.63379        5.60871   1  20
        3.63379        6.53809   1  21
        3.63379        6.77184   1  22
        3.63379        7.76134   1  23
        3.63379        8.32634   1  24
        3.63379        8.68269   1  25
        3.63379        9.15790   1  26
        3.68430       -0.37546   1   1
        3.68430       -0.21848   1   2
        3.68430        0.15671   1   3
        3.68430        0.28425   1   4
        3.68430        1.29308   1   5
        3.68430        1.38313   1   6
        3.68430        1.66822   1   7
        3.68430        1.74493   1   8
        3.68430        2.04387   1   9
        3.68430        2.45522   1  10
        3.68430        2.91189   1  11
        3.68430        3.32930   1  12
        3.68430        4.07237   1  13
        3.68430        4.09861   1  14
        3.68430        4.56848   1  15
        3.68430        4.92947   1  16
        3.68430        5.12832   1  17
        3.68430        5.19281   1  18
        3.68430        5.43315   1  19
        3.68430        5.57662   1  20
        3.68430        6.44278   1  21
        3.68430        6.72214   1  22
        3.68430        7.88460   1  23
        3.68430        8.18681   1  24
        3.68430        8.63078   1  25
        3.68430        9.13307   1  26
        3.73481       -0.35059   1   1
        3.73481       -0.19665   1   2
        3.73481        0.10967   1   3
        3.73481        0.24418   1   4
        3.73481        1.31432   1   5
        3.73481        1.39905   1   6
        3.73481        1.67675   1   7
        3.73481        1.71777   1   8
        3.73481        2.03721   1   9
        3.73481        2.42925   1  10
        3.73481        2.92607   1  11
        3.73481        3.31132   1  12
        3.73481        4.10043   1  13
        3.73481        4.10246   1  14
        3.73481        4.54428   1  15
        3.73481        4.88820   1  16
        3.73481        5.06681   1  17
        3.73481        5.14988   1  18
        3.73481        5.44622   1  19
        3.73481        5.57444   1  20
        3.73481        6.34190   1  21
        3.73481        6.65393   1  22
        3.73481        8.01176   1  23
        3.73481        8.05334   1  24
        3.73481        8.57812   1  25
        3.73481        9.10065   1  26
        3.78532       -0.32322   1   1
        3.78532       -0.17619   1   2
        3.78532        0.06818   1   3
        3.78532        0.20304   1   4
        3.78532        1.34045   1   5
        3.78532        1.41597   1   6
        3.78532        1.66107   1   7
        3.78532        1.68794   1   8
        3.78532        2.05505   1   9
        3.78532        2.40048   1  10
        3.78532        2.95874   1  11
        3.78532        3.26918   1  12
        3.78532        4.08886   1  13
        3.78532        4.13462   1  14
        3.78532        4.52732   1  15
        3.78532        4.84692   1  16
        3.78532        5.00825   1  17
        3.78532        5.09079   1  18
        3.78532        5.47280   1  19
        3.78532        5.63385   1  20
        3.78532        6.23584   1  21
        3.78532        6.58274   1  22
        3.78532        7.99663   1  23
        3.78532        8.10297   1  24
        3.78532        8.55433   1  25
        3.78532        9.05869   1  26
        3.83582       -0.29364   1   1
        3.83582       -0.16144   1   2
        3.83582        0.03686   1   3
        3.83582        0.16193   1   4
        3.83582        1.36936   1   5
        3.83582        1.43411   1   6
        3.83582        1.63046   1   7
        3.83582        1.65671   1   8
        3.83582        2.09451   1   9
        3.83582        2.36987   1  10
        3.83582        3.01496   1  11
        3.83582        3.23366   1  12
        3.83582        4.09658   1  13
        3.83582        4.18431   1  14
        3.83582        4.51254   1  15
        3.83582        4.79894   1  16
        3.83582        4.96059   1  17
        3.83582        5.03709   1  18
        3.83582        5.50872   1  19
        3.83582        5.75094   1  20
        3.83582        6.12662   1  21
        3.83582        6.51928   1  22
        3.83582        8.03092   1  23
        3.83582        8.13813   1  24
        3.83582        8.58501   1  25
        3.83582        9.00395   1  26
        3.88633       -0.26236   1   1
        3.88633       -0.15927   1   2
        3.88633        0.02277   1   3
        3.88633        0.12204   1   4
        3.88633        1.39892   1   5
        3.88633        1.45108   1   6
        3.88633        1.59780   1   7
        3.88633        1.62589   1   8
        3.88633        2.14756   1   9
        3.88633        2.33766   1  10
        3.88633        3.08876   1  11
        3.88633        3.22227   1  12
        3.88633        4.13661   1  13
        3.88633        4.23964   1  14
        3.88633        4.50932   1  15
        3.88633        4.73660   1  16
        3.88633        4.92664   1  17
        3.88633        4.99432   1  18
        3.88633        5.55783   1  19
        3.88633        5.88082   1  20
        3.88633        6.03742   1  21
        3.88633        6.45934   1  22
        3.88633        8.11024   1  23
        3.88633        8.15613   1  24
        3.88633        8.64765   1  25
        3.88633        8.93851   1  26
        3.93684       -0.23030   1   1
        3.93684       -0.17350   1   2
        3.93684        0.02967   1   3
        3.93684        0.08484   1   4
        3.93684        1.42705   1   5
        3.93684        1.45935   1   6
        3.93684        1.57690   1   7
        3.93684        1.59818   1   8
        3.93684        2.20465   1   9
        3.93684        2.30137   1  10
        3.93684        3.16110   1  11
        3.93684        3.22337   1  12
        3.93684        4.19944   1  13
        3.93684        4.27084   1  14
        3.93684        4.52914   1  15
        3.93684        4.65927   1  16
        3.93684        4.91425   1  17
        3.93684        4.95826   1  18
        3.93684        5.62914   1  19
        3.93684        5.84036   1  20
        3.93684        6.12485   1  21
        3.93684        6.38330   1  22
        3.93684        8.17530   1  23
        3.93684        8.18244   1  24
        3.93684        8.71866   1  25
        3.93684        8.86711   1  26
        3.98735       -0.19939   1   1
        3.98735       -0.19939   1   2
        3.98735        0.05265   1   3
        3.98735        0.05265   1   4
        3.98735        1.44998   1   5
        3.98735        1.44998   1   6
        3.98735        1.57861   1   7
        3.98735        1.57862   1   8
        3.98735        2.25744   1   9
        3.98735        2.25744   1  10
        3.98735        3.20892   1  11
        3.98735        3.20892   1  12
        3.98735        4.25523   1  13
        3.98735        4.25524   1  14
        3.98735        4.58174   1  15
        3.98735        4.58175   1  16
        3.98735        4.92825   1  17
        3.98735        4.92826   1  18
        3.98735        5.72742   1  19
        3.98735        5.72742   1  20
        3.98735        6.27074   1  21
        3.98735        6.27075   1  22
        3.98735        8.19765   1  23
        3.98735        8.19771   1  24
        3.98735        8.79344   1  25
        3.98735        8.79345   1  26
        3.98735       -0.19939   1   1
        3.98735       -0.19939   1   2
        3.98735        0.05265   1   3
        3.98735        0.05265   1   4
        3.98735        1.44998   1   5
        3.98735        1.44998   1   6
        3.98735        1.57861   1   7
        3.98735        1.57862   1   8
        3.98735        2.25744   1   9
        3.98735        2.25744   1  10
        3.98735        3.20892   1  11
        3.98735        3.20892   1  12
        3.98735        4.25523   1  13
        3.98735        4.25524   1  14
        3.98735        4.58174   1  15
        3.98735        4.58175   1  16
        3.98735        4.92825   1  17
        3.98735        4.92826   1  18
        3.98735        5.72742   1  19
        3.98735        5.72742   1  20
        3.98735        6.27074   1  21
        3.98735        6.27075   1  22
        3.98735        8.19765   1  23
        3.98735        8.19771   1  24
        3.98735        8.79344   1  25
        3.98735        8.79345   1  26
        4.03735       -0.20152   1   1
        4.03735       -0.20152   1   2
        4.03735        0.05670   1   3
        4.03735        0.05670   1   4
        4.03735        1.41470   1   5
        4.03735        1.41471   1   6
        4.03735        1.61334   1   7
        4.03735        1.61338   1   8
        4.03735        2.25881   1   9
        4.03735        2.25899   1  10
        4.03735        3.19989   1  11
        4.03735        3.20050   1  12
        4.03735        4.26413   1  13
        4.03735        4.26465   1  14
        4.03735        4.58441   1  15
        4.03735        4.58442   1  16
        4.03735        4.93127   1  17
        4.03735        4.93160   1  18
        4.03735        5.73313   1  19
        4.03735        5.73414   1  20
        4.03735        6.27376   1  21
        4.03735        6.27554   1  22
        4.03735        8.16449   1  23
        4.03735        8.16571   1  24
        4.03735        8.83808   1  25
        4.03735        8.84296   1  26
        4.08735       -0.20740   1   1
        4.08735       -0.20740   1   2
        4.08735        0.06813   1   3
        4.08735        0.06813   1   4
        4.08735        1.35240   1   5
        4.08735        1.35241   1   6
        4.08735        1.67321   1   7
        4.08735        1.67327   1   8
        4.08735        2.26426   1   9
        4.08735        2.26455   1  10
        4.08735        3.17817   1  11
        4.08735        3.17889   1  12
        4.08735        4.30305   1  13
        4.08735        4.30456   1  14
        4.08735        4.59353   1  15
        4.08735        4.59356   1  16
        4.08735        4.93971   1  17
        4.08735        4.94014   1  18
        4.08735        5.74425   1  19
        4.08735        5.74679   1  20
        4.08735        6.27659   1  21
        4.08735        6.27875   1  22
        4.08735        8.08583   1  23
        4.08735        8.08624   1  24
        4.08735        8.95519   1  25
        4.08735        8.96262   1  26
        4.13735       -0.21576   1   1
        4.13735       -0.21576   1   2
        4.13735        0.08526   1   3
        4.13735        0.08526   1   4
        4.13735        1.28935   1   5
        4.13735        1.28935   1   6
        4.13735        1.73021   1   7
        4.13735        1.73026   1   8
        4.13735        2.27629   1   9
        4.13735        2.27658   1  10
        4.13735        3.16219   1  11
        4.13735        3.16262   1  12
        4.13735        4.38312   1  13
        4.13735        4.38491   1  14
        4.13735        4.62030   1  15
        4.13735        4.62042   1  16
        4.13735        4.94862   1  17
        4.13735        4.94883   1  18
        4.13735        5.75160   1  19
        4.13735        5.75419   1  20
        4.13735        6.28542   1  21
        4.13735        6.28673   1  22
        4.13735        7.97534   1  23
        4.13735        7.97586   1  24
        4.13735        9.08953   1  25
        4.13735        9.09764   1  26
        4.18735       -0.22527   1   1
        4.18735       -0.22527   1   2
        4.18735        0.10610   1   3
        4.18735        0.10610   1   4
        4.18735        1.23023   1   5
        4.18735        1.23023   1   6
        4.18735        1.77828   1   7
        4.18735        1.77831   1   8
        4.18735        2.29560   1   9
        4.18735        2.29576   1  10
        4.18735        3.16388   1  11
        4.18735        3.16400   1  12
        4.18735        4.49445   1  13
        4.18735        4.49540   1  14
        4.18735        4.66877   1  15
        4.18735        4.66885   1  16
        4.18735        4.94968   1  17
        4.18735        4.94980   1  18
        4.18735        5.75111   1  19
        4.18735        5.75232   1  20
        4.18735        6.29998   1  21
        4.18735        6.30036   1  22
        4.18735        7.83690   1  23
        4.18735        7.83715   1  24
        4.18735        9.20212   1  25
        4.18735        9.20760   1  26
        4.23735       -0.23478   1   1
        4.23735       -0.23478   1   2
        4.23735        0.12877   1   3
        4.23735        0.12877   1   4
        4.23735        1.17558   1   5
        4.23735        1.17558   1   6
        4.23735        1.81702   1   7
        4.23735        1.81702   1   8
        4.23735        2.31954   1   9
        4.23735        2.31954   1  10
        4.23735        3.18105   1  11
        4.23735        3.18105   1  12
        4.23735        4.60877   1  13
        4.23735        4.60877   1  14
        4.23735        4.72504   1  15
        4.23735        4.72507   1  16
        4.23735        4.93926   1  17
        4.23735        4.93926   1  18
        4.23735        5.74563   1  19
        4.23735        5.74563   1  20
        4.23735        6.31478   1  21
        4.23735        6.31486   1  22
        4.23735        7.67087   1  23
        4.23735        7.67092   1  24
        4.23735        9.28452   1  25
        4.23735        9.28463   1  26
        4.28735       -0.24346   1   1
        4.28735       -0.24346   1   2
        4.28735        0.15148   1   3
        4.28735        0.15148   1   4
        4.28735        1.12586   1   5
        4.28735        1.12586   1   6
        4.28735        1.84762   1   7
        4.28735        1.84764   1   8
        4.28735        2.34428   1   9
        4.28735        2.34439   1  10
        4.28735        3.20188   1  11
        4.28735        3.20189   1  12
        4.28735        4.69744   1  13
        4.28735        4.69773   1  14
        4.28735        4.76163   1  15
        4.28735        4.76164   1  16
        4.28735        4.92554   1  17
        4.28735        4.92608   1  18
        4.28735        5.74046   1  19
        4.28735        5.74067   1  20
        4.28735        6.32182   1  21
        4.28735        6.32199   1  22
        4.28735        7.49552   1  23
        4.28735        7.49683   1  24
        4.28735        9.34509   1  25
        4.28735        9.35025   1  26
        4.33735       -0.25072   1   1
        4.33735       -0.25072   1   2
        4.33735        0.17232   1   3
        4.33735        0.17232   1   4
        4.33735        1.08295   1   5
        4.33735        1.08295   1   6
        4.33735        1.87105   1   7
        4.33735        1.87108   1   8
        4.33735        2.36800   1   9
        4.33735        2.36812   1  10
        4.33735        3.21513   1  11
        4.33735        3.21515   1  12
        4.33735        4.74363   1  13
        4.33735        4.74378   1  14
        4.33735        4.76999   1  15
        4.33735        4.77012   1  16
        4.33735        4.91815   1  17
        4.33735        4.91900   1  18
        4.33735        5.74018   1  19
        4.33735        5.74027   1  20
        4.33735        6.31259   1  21
        4.33735        6.31294   1  22
        4.33735        7.34824   1  23
        4.33735        7.35060   1  24
        4.33735        9.40672   1  25
        4.33735        9.41372   1  26
        4.38735       -0.25614   1   1
        4.38735       -0.25614   1   2
        4.38735        0.18927   1   3
        4.38735        0.18927   1   4
        4.38735        1.04972   1   5
        4.38735        1.04972   1   6
        4.38735        1.88769   1   7
        4.38735        1.88771   1   8
        4.38735        2.38938   1   9
        4.38735        2.38946   1  10
        4.38735        3.21779   1  11
        4.38735        3.21781   1  12
        4.38735        4.74931   1  13
        4.38735        4.74946   1  14
        4.38735        4.77377   1  15
        4.38735        4.77389   1  16
        4.38735        4.91161   1  17
        4.38735        4.91228   1  18
        4.38735        5.74353   1  19
        4.38735        5.74372   1  20
        4.38735        6.28886   1  21
        4.38735        6.28914   1  22
        4.38735        7.25343   1  23
        4.38735        7.25538   1  24
        4.38735        9.46913   1  25
        4.38735        9.47417   1  26
        4.43735       -0.25947   1   1
        4.43735       -0.25947   1   2
        4.43735        0.20039   1   3
        4.43735        0.20039   1   4
        4.43735        1.02878   1   5
        4.43735        1.02878   1   6
        4.43735        1.89765   1   7
        4.43735        1.89766   1   8
        4.43735        2.40528   1   9
        4.43735        2.40530   1  10
        4.43735        3.21489   1  11
        4.43735        3.21490   1  12
        4.43735        4.74382   1  13
        4.43735        4.74388   1  14
        4.43735        4.78189   1  15
        4.43735        4.78193   1  16
        4.43735        4.89956   1  17
        4.43735        4.89979   1  18
        4.43735        5.74663   1  19
        4.43735        5.74670   1  20
        4.43735        6.26526   1  21
        4.43735        6.26537   1  22
        4.43735        7.20778   1  23
        4.43735        7.20845   1  24
        4.43735        9.51598   1  25
        4.43735        9.51762   1  26
        4.48735       -0.26059   1   1
        4.48735       -0.26059   1   2
        4.48735        0.20427   1   3
        4.48735        0.20427   1   4
        4.48735        1.02166   1   5
        4.48735        1.02166   1   6
        4.48735        1.90098   1   7
        4.48735        1.90098   1   8
        4.48735        2.41128   1   9
        4.48735        2.41128   1  10
        4.48735        3.21298   1  11
        4.48735        3.21298   1  12
        4.48735        4.74109   1  13
        4.48735        4.74109   1  14
        4.48735        4.78816   1  15
        4.48735        4.78817   1  16
        4.48735        4.89169   1  17
        4.48735        4.89169   1  18
        4.48735        5.74757   1  19
        4.48735        5.74757   1  20
        4.48735        6.25574   1  21
        4.48735        6.25574   1  22
        4.48735        7.19535   1  23
        4.48735        7.19540   1  24
        4.48735        9.53299   1  25
        4.48735        9.53299   1  26
