 0.000000 -0.899822 1 1
 0.000000  0.666682 1 2
 0.000000  0.666682 1 3
 0.000000  0.666682 1 4
 0.000000  1.076185 1 5
 0.000000  1.076185 1 6
 0.000000  1.076185 1 7
 0.000000  1.667976 1 8
 0.000000  3.424256 1 9
 0.000000  3.424256 1 10
 0.000000  4.914555 1 11
 0.000000  4.914555 1 12
 0.000000  4.914555 1 13
 0.000000  6.072468 1 14
 0.000000  6.072468 1 15
 0.000000  6.072468 1 16
 0.000000  6.913765 1 17
 0.000000  6.913765 1 18
 0.047619 -0.898292 1 1
 0.047619  0.659868 1 2
 0.047619  0.659868 1 3
 0.047619  0.663085 1 4
 0.047619  1.074977 1 5
 0.047619  1.084275 1 6
 0.047619  1.084275 1 7
 0.047619  1.669334 1 8
 0.047619  3.430709 1 9
 0.047619  3.438295 1 10
 0.047619  4.899577 1 11
 0.047619  4.899577 1 12
 0.047619  4.932014 1 13
 0.047619  6.048083 1 14
 0.047619  6.076142 1 15
 0.047619  6.076142 1 16
 0.047619  6.907040 1 17
 0.047619  6.927306 1 18
 0.095238 -0.893696 1 1
 0.095238  0.641194 1 2
 0.095238  0.641194 1 3
 0.095238  0.652418 1 4
 0.095238  1.071465 1 5
 0.095238  1.106904 1 6
 0.095238  1.106904 1 7
 0.095238  1.672632 1 8
 0.095238  3.417971 1 9
 0.095238  3.467979 1 10
 0.095238  4.860080 1 11
 0.095238  4.860080 1 12
 0.095238  4.974167 1 13
 0.095238  5.980936 1 14
 0.095238  6.090190 1 15
 0.095238  6.090190 1 16
 0.095238  6.884844 1 17
 0.095238  6.962236 1 18
 0.142857 -0.886026 1 1
 0.142857  0.614434 1 2
 0.142857  0.614434 1 3
 0.142857  0.634935 1 4
 0.142857  1.065914 1 5
 0.142857  1.140546 1 6
 0.142857  1.140546 1 7
 0.142857  1.675862 1 8
 0.142857  3.327071 1 9
 0.142857  3.489659 1 10
 0.142857  4.808321 1 11
 0.142857  4.808321 1 12
 0.142857  5.009132 1 13
 0.142857  5.883518 1 14
 0.142857  6.119927 1 15
 0.142857  6.119927 1 16
 0.142857  6.843979 1 17
 0.142857  7.006828 1 18
 0.190476 -0.875279 1 1
 0.190476  0.582977 1 2
 0.190476  0.582977 1 3
 0.190476  0.610995 1 4
 0.190476  1.058641 1 5
 0.190476  1.181959 1 6
 0.190476  1.181959 1 7
 0.190476  1.676335 1 8
 0.190476  3.137525 1 9
 0.190476  3.494971 1 10
 0.190476  4.755414 1 11
 0.190476  4.755414 1 12
 0.190476  4.997965 1 13
 0.190476  5.766732 1 14
 0.190476  6.165173 1 15
 0.190476  6.165173 1 16
 0.190476  6.785362 1 17
 0.190476  7.051392 1 18
 0.238095 -0.861468 1 1
 0.238095  0.548981 1 2
 0.238095  0.548981 1 3
 0.238095  0.581186 1 4
 0.238095  1.050045 1 5
 0.238095  1.228933 1 6
 0.238095  1.228933 1 7
 0.238095  1.670911 1 8
 0.238095  2.893766 1 9
 0.238095  3.501766 1 10
 0.238095  4.706921 1 11
 0.238095  4.706921 1 12
 0.238095  4.929337 1 13
 0.238095  5.637311 1 14
 0.238095  6.216002 1 15
 0.238095  6.216002 1 16
 0.238095  6.715321 1 17
 0.238095  7.091504 1 18
 0.285714 -0.844625 1 1
 0.285714  0.513761 1 2
 0.285714  0.513761 1 3
 0.285714  0.546299 1 4
 0.285714  1.040678 1 5
 0.285714  1.279910 1 6
 0.285714  1.279910 1 7
 0.285714  1.655467 1 8
 0.285714  2.682833 1 9
 0.285714  3.536670 1 10
 0.285714  4.664624 1 11
 0.285714  4.664624 1 12
 0.285714  4.836514 1 13
 0.285714  5.498446 1 14
 0.285714  6.256866 1 15
 0.285714  6.256866 1 16
 0.285714  6.640370 1 17
 0.285714  7.127350 1 18
 0.333333 -0.824781 1 1
 0.333333  0.478325 1 2
 0.333333  0.478325 1 3
 0.333333  0.507115 1 4
 0.333333  1.031062 1 5
 0.333333  1.333404 1 6
 0.333333  1.333404 1 7
 0.333333  1.626096 1 8
 0.333333  2.578855 1 9
 0.333333  3.606033 1 10
 0.333333  4.630379 1 11
 0.333333  4.630379 1 12
 0.333333  4.781959 1 13
 0.333333  5.350424 1 14
 0.333333  6.276416 1 15
 0.333333  6.276416 1 16
 0.333333  6.560032 1 17
 0.333333  7.160964 1 18
 0.380952 -0.801974 1 1
 0.380952  0.443640 1 2
 0.380952  0.443640 1 3
 0.380952  0.464267 1 4
 0.380952  1.021364 1 5
 0.380952  1.387662 1 6
 0.380952  1.387662 1 7
 0.380952  1.584707 1 8
 0.380952  2.591503 1 9
 0.380952  3.685192 1 10
 0.380952  4.606856 1 11
 0.380952  4.606856 1 12
 0.380952  4.822022 1 13
 0.380952  5.191871 1 14
 0.380952  6.275112 1 15
 0.380952  6.275112 1 16
 0.380952  6.465851 1 17
 0.380952  7.192725 1 18
 0.428571 -0.776236 1 1
 0.428571  0.410476 1 2
 0.428571  0.410476 1 3
 0.428571  0.418106 1 4
 0.428571  1.011320 1 5
 0.428571  1.441037 1 6
 0.428571  1.441037 1 7
 0.428571  1.537053 1 8
 0.428571  2.671809 1 9
 0.428571  3.739024 1 10
 0.428571  4.594042 1 11
 0.428571  4.594042 1 12
 0.428571  4.966818 1 13
 0.428571  5.022298 1 14
 0.428571  6.265085 1 15
 0.428571  6.265085 1 16
 0.428571  6.349052 1 17
 0.428571  7.219907 1 18
 0.476190 -0.747601 1 1
 0.476190  0.368834 1 2
 0.476190  0.379284 1 3
 0.476190  0.379284 1 4
 0.476190  1.000797 1 5
 0.476190  1.485682 1 6
 0.476190  1.492699 1 7
 0.476190  1.492699 1 8
 0.476190  2.762938 1 9
 0.476190  3.755375 1 10
 0.476190  4.585818 1 11
 0.476190  4.585818 1 12
 0.476190  4.845486 1 13
 0.476190  5.167656 1 14
 0.476190  6.210694 1 15
 0.476190  6.262665 1 16
 0.476190  6.262665 1 17
 0.476190  7.238870 1 18
 0.523810 -0.716101 1 1
 0.523810  0.316762 1 2
 0.523810  0.350253 1 3
 0.523810  0.350253 1 4
 0.523810  0.990528 1 5
 0.523810  1.430931 1 6
 0.523810  1.543079 1 7
 0.523810  1.543079 1 8
 0.523810  2.832584 1 9
 0.523810  3.759065 1 10
 0.523810  4.570989 1 11
 0.523810  4.570989 1 12
 0.523810  4.670290 1 13
 0.523810  5.354164 1 14
 0.523810  6.063831 1 15
 0.523810  6.278988 1 16
 0.523810  6.278988 1 17
 0.523810  7.248517 1 18
 0.571429 -0.681769 1 1
 0.571429  0.262405 1 2
 0.571429  0.323494 1 3
 0.571429  0.323494 1 4
 0.571429  0.982112 1 5
 0.571429  1.373847 1 6
 0.571429  1.593412 1 7
 0.571429  1.593412 1 8
 0.571429  2.877411 1 9
 0.571429  3.791729 1 10
 0.571429  4.506881 1 11
 0.571429  4.537925 1 12
 0.571429  4.537925 1 13
 0.571429  5.485398 1 14
 0.571429  5.924048 1 15
 0.571429  6.315192 1 16
 0.571429  6.315192 1 17
 0.571429  7.249985 1 18
 0.619048 -0.644640 1 1
 0.619048  0.206355 1 2
 0.619048  0.299157 1 3
 0.619048  0.299157 1 4
 0.619048  0.976919 1 5
 0.619048  1.316778 1 6
 0.619048  1.644462 1 7
 0.619048  1.644462 1 8
 0.619048  2.913459 1 9
 0.619048  3.875318 1 10
 0.619048  4.360814 1 11
 0.619048  4.478637 1 12
 0.619048  4.478637 1 13
 0.619048  5.569831 1 14
 0.619048  5.796459 1 15
 0.619048  6.365082 1 16
 0.619048  6.365082 1 17
 0.619048  7.240994 1 18
 0.666667 -0.604781 1 1
 0.666667  0.149076 1 2
 0.666667  0.277402 1 3
 0.666667  0.277402 1 4
 0.666667  0.974838 1 5
 0.666667  1.261918 1 6
 0.666667  1.695458 1 7
 0.666667  1.695458 1 8
 0.666667  2.959270 1 9
 0.666667  3.993197 1 10
 0.666667  4.229843 1 11
 0.666667  4.391608 1 12
 0.666667  4.391608 1 13
 0.666667  5.650150 1 14
 0.666667  5.672042 1 15
 0.666667  6.421175 1 16
 0.666667  6.421175 1 17
 0.666667  7.210920 1 18
 0.714286 -0.562319 1 1
 0.714286  0.090834 1 2
 0.714286  0.258343 1 3
 0.714286  0.258343 1 4
 0.714286  0.974367 1 5
 0.714286  1.210279 1 6
 0.714286  1.744234 1 7
 0.714286  1.744234 1 8
 0.714286  3.023240 1 9
 0.714286  4.106289 1 10
 0.714286  4.106380 1 11
 0.714286  4.284955 1 12
 0.714286  4.284955 1 13
 0.714286  5.537877 1 14
 0.714286  5.770021 1 15
 0.714286  6.478182 1 16
 0.714286  6.478182 1 17
 0.714286  7.144926 1 18
 0.761905 -0.517430 1 1
 0.761905  0.031875 1 2
 0.761905  0.242053 1 3
 0.761905  0.242053 1 4
 0.761905  0.974264 1 5
 0.761905  1.162841 1 6
 0.761905  1.788410 1 7
 0.761905  1.788410 1 8
 0.761905  3.102761 1 9
 0.761905  3.984138 1 10
 0.761905  4.177627 1 11
 0.761905  4.177627 1 12
 0.761905  4.188717 1 13
 0.761905  5.391795 1 14
 0.761905  5.944364 1 15
 0.761905  6.532860 1 16
 0.761905  6.532860 1 17
 0.761905  7.037148 1 18
 0.809524 -0.470235 1 1
 0.809524 -0.027444 1 2
 0.809524  0.228612 1 3
 0.809524  0.228612 1 4
 0.809524  0.975189 1 5
 0.809524  1.121599 1 6
 0.809524  1.826486 1 7
 0.809524  1.826486 1 8
 0.809524  3.190079 1 9
 0.809524  3.863658 1 10
 0.809524  4.093719 1 11
 0.809524  4.093719 1 12
 0.809524  4.249941 1 13
 0.809524  5.245999 1 14
 0.809524  6.151623 1 15
 0.809524  6.582853 1 16
 0.809524  6.582853 1 17
 0.809524  6.901738 1 18
 0.857143 -0.420814 1 1
 0.857143 -0.086638 1 2
 0.857143  0.218138 1 3
 0.857143  0.218138 1 4
 0.857143  0.979521 1 5
 0.857143  1.088373 1 6
 0.857143  1.857782 1 7
 0.857143  1.857782 1 8
 0.857143  3.277274 1 9
 0.857143  3.751851 1 10
 0.857143  4.050227 1 11
 0.857143  4.050227 1 12
 0.857143  4.323859 1 13
 0.857143  5.114935 1 14
 0.857143  6.348796 1 15
 0.857143  6.625889 1 16
 0.857143  6.625889 1 17
 0.857143  6.770504 1 18
 0.904762 -0.369203 1 1
 0.904762 -0.145315 1 2
 0.904762  0.210707 1 3
 0.904762  0.210707 1 4
 0.904762  0.989322 1 5
 0.904762  1.062707 1 6
 0.904762  1.881667 1 7
 0.904762  1.881667 1 8
 0.904762  3.358971 1 9
 0.904762  3.655315 1 10
 0.904762  4.045659 1 11
 0.904762  4.045659 1 12
 0.904762  4.436937 1 13
 0.904762  4.998637 1 14
 0.904762  6.496236 1 15
 0.904762  6.659506 1 16
 0.904762  6.659506 1 17
 0.904762  6.675567 1 18
 0.952381 -0.315527 1 1
 0.952381 -0.203212 1 2
 0.952381  0.206302 1 3
 0.952381  0.206302 1 4
 0.952381  1.004398 1 5
 0.952381  1.041745 1 6
 0.952381  1.896957 1 7
 0.952381  1.896957 1 8
 0.952381  3.433457 1 9
 0.952381  3.574407 1 10
 0.952381  4.059995 1 11
 0.952381  4.059995 1 12
 0.952381  4.585442 1 13
 0.952381  4.880083 1 14
 0.952381  6.577907 1 15
 0.952381  6.628219 1 16
 0.952381  6.681098 1 17
 0.952381  6.681098 1 18
 1.000000 -0.260067 1 1
 1.000000 -0.260067 1 2
 1.000000  0.204847 1 3
 1.000000  0.204847 1 4
 1.000000  1.022513 1 5
 1.000000  1.022513 1 6
 1.000000  1.902264 1 7
 1.000000  1.902264 1 8
 1.000000  3.503170 1 9
 1.000000  3.503170 1 10
 1.000000  4.068471 1 11
 1.000000  4.068471 1 12
 1.000000  4.741597 1 13
 1.000000  4.741597 1 14
 1.000000  6.609103 1 15
 1.000000  6.609103 1 16
 1.000000  6.688564 1 17
 1.000000  6.688564 1 18
 1.000000 -0.260067 1 1
 1.000000 -0.260067 1 2
 1.000000  0.204847 1 3
 1.000000  0.204847 1 4
 1.000000  1.022513 1 5
 1.000000  1.022513 1 6
 1.000000  1.902264 1 7
 1.000000  1.902264 1 8
 1.000000  3.503170 1 9
 1.000000  3.503170 1 10
 1.000000  4.068471 1 11
 1.000000  4.068471 1 12
 1.000000  4.741597 1 13
 1.000000  4.741597 1 14
 1.000000  6.609103 1 15
 1.000000  6.609103 1 16
 1.000000  6.688564 1 17
 1.000000  6.688564 1 18
 1.058926 -0.258962 1 1
 1.058926 -0.257979 1 2
 1.058926  0.191885 1 3
 1.058926  0.206882 1 4
 1.058926  1.026117 1 5
 1.058926  1.040785 1 6
 1.058926  1.896303 1 7
 1.058926  1.897514 1 8
 1.058926  3.466032 1 9
 1.058926  3.505275 1 10
 1.058926  4.046909 1 11
 1.058926  4.097929 1 12
 1.058926  4.755388 1 13
 1.058926  4.760822 1 14
 1.058926  6.545627 1 15
 1.058926  6.618485 1 16
 1.058926  6.702111 1 17
 1.058926  6.725412 1 18
 1.117851 -0.256096 1 1
 1.117851 -0.251675 1 2
 1.117851  0.157501 1 3
 1.117851  0.212940 1 4
 1.117851  1.035361 1 5
 1.117851  1.089468 1 6
 1.117851  1.879354 1 7
 1.117851  1.885329 1 8
 1.117851  3.372323 1 9
 1.117851  3.511833 1 10
 1.117851  3.986023 1 11
 1.117851  4.173784 1 12
 1.117851  4.786908 1 13
 1.117851  4.800306 1 14
 1.117851  6.417859 1 15
 1.117851  6.637000 1 16
 1.117851  6.737634 1 17
 1.117851  6.768420 1 18
 1.176777 -0.252740 1 1
 1.176777 -0.241115 1 2
 1.176777  0.110714 1 3
 1.176777  0.222876 1 4
 1.176777  1.046956 1 5
 1.176777  1.157582 1 6
 1.176777  1.853410 1 7
 1.176777  1.870259 1 8
 1.176777  3.249804 1 9
 1.176777  3.523637 1 10
 1.176777  3.889793 1 11
 1.176777  4.280993 1 12
 1.176777  4.816426 1 13
 1.176777  4.831960 1 14
 1.176777  6.248491 1 15
 1.176777  6.641492 1 16
 1.176777  6.781765 1 17
 1.176777  6.789815 1 18
 1.235702 -0.251120 1 1
 1.235702 -0.226380 1 2
 1.235702  0.059809 1 3
 1.235702  0.236438 1 4
 1.235702  1.058811 1 5
 1.235702  1.240227 1 6
 1.235702  1.820069 1 7
 1.235702  1.855846 1 8
 1.235702  3.116216 1 9
 1.235702  3.541882 1 10
 1.235702  3.763210 1 11
 1.235702  4.416209 1 12
 1.235702  4.833619 1 13
 1.235702  4.851994 1 14
 1.235702  6.052033 1 15
 1.235702  6.609591 1 16
 1.235702  6.785072 1 17
 1.235702  6.819286 1 18
 1.294628 -0.255238 1 1
 1.294628 -0.207637 1 2
 1.294628  0.012832 1 3
 1.294628  0.253368 1 4
 1.294628  1.071741 1 5
 1.294628  1.340637 1 6
 1.294628  1.779976 1 7
 1.294628  1.842181 1 8
 1.294628  2.982624 1 9
 1.294628  3.567365 1 10
 1.294628  3.623382 1 11
 1.294628  4.580253 1 12
 1.294628  4.847081 1 13
 1.294628  4.879375 1 14
 1.294628  5.849230 1 15
 1.294628  6.534894 1 16
 1.294628  6.756400 1 17
 1.294628  6.843085 1 18
 1.353553 -0.271490 1 1
 1.353553 -0.184957 1 2
 1.353553 -0.020389 1 3
 1.353553  0.273517 1 4
 1.353553  1.088267 1 5
 1.353553  1.461535 1 6
 1.353553  1.733538 1 7
 1.353553  1.826465 1 8
 1.353553  2.861448 1 9
 1.353553  3.494760 1 10
 1.353553  3.599359 1 11
 1.353553  4.771199 1 12
 1.353553  4.875501 1 13
 1.353553  4.931132 1 14
 1.353553  5.656432 1 15
 1.353553  6.433064 1 16
 1.353553  6.703563 1 17
 1.353553  6.860728 1 18
 1.353553 -0.271490 1 1
 1.353553 -0.184957 1 2
 1.353553 -0.020389 1 3
 1.353553  0.273517 1 4
 1.353553  1.088267 1 5
 1.353553  1.461535 1 6
 1.353553  1.733538 1 7
 1.353553  1.826465 1 8
 1.353553  2.861448 1 9
 1.353553  3.494760 1 10
 1.353553  3.599359 1 11
 1.353553  4.771199 1 12
 1.353553  4.875501 1 13
 1.353553  4.931132 1 14
 1.353553  5.656432 1 15
 1.353553  6.433064 1 16
 1.353553  6.703563 1 17
 1.353553  6.860728 1 18
 1.401765 -0.297342 1 1
 1.401765 -0.163409 1 2
 1.401765 -0.031721 1 3
 1.401765  0.292310 1 4
 1.401765  1.105568 1 5
 1.401765  1.567017 1 6
 1.401765  1.691640 1 7
 1.401765  1.810119 1 8
 1.401765  2.786674 1 9
 1.401765  3.407095 1 10
 1.401765  3.628303 1 11
 1.401765  4.918289 1 12
 1.401765  4.942400 1 13
 1.401765  4.989946 1 14
 1.401765  5.504215 1 15
 1.401765  6.350485 1 16
 1.401765  6.642821 1 17
 1.401765  6.882932 1 18
 1.449977 -0.333250 1 1
 1.449977 -0.139068 1 2
 1.449977 -0.028995 1 3
 1.449977  0.313042 1 4
 1.449977  1.125967 1 5
 1.449977  1.647383 1 6
 1.449977  1.657805 1 7
 1.449977  1.790502 1 8
 1.449977  2.753336 1 9
 1.449977  3.331407 1 10
 1.449977  3.656684 1 11
 1.449977  4.976475 1 12
 1.449977  5.051283 1 13
 1.449977  5.120154 1 14
 1.449977  5.346619 1 15
 1.449977  6.285217 1 16
 1.449977  6.571011 1 17
 1.449977  6.921063 1 18
 1.498189 -0.375461 1 1
 1.498189 -0.111913 1 2
 1.498189 -0.015623 1 3
 1.498189  0.335492 1 4
 1.498189  1.148544 1 5
 1.498189  1.601972 1 6
 1.498189  1.710773 1 7
 1.498189  1.769247 1 8
 1.498189  2.778900 1 9
 1.498189  3.258119 1 10
 1.498189  3.680868 1 11
 1.498189  5.041272 1 12
 1.498189  5.101707 1 13
 1.498189  5.178670 1 14
 1.498189  5.296486 1 15
 1.498189  6.243947 1 16
 1.498189  6.496090 1 17
 1.498189  6.975654 1 18
 1.546401 -0.420671 1 1
 1.546401 -0.082030 1 2
 1.546401  0.005211 1 3
 1.546401  0.359406 1 4
 1.546401  1.172529 1 5
 1.546401  1.556421 1 6
 1.546401  1.717628 1 7
 1.546401  1.748890 1 8
 1.546401  2.865699 1 9
 1.546401  3.179586 1 10
 1.546401  3.696813 1 11
 1.546401  5.009768 1 12
 1.546401  5.102689 1 13
 1.546401  5.134685 1 14
 1.546401  5.463493 1 15
 1.546401  6.221582 1 16
 1.546401  6.426751 1 17
 1.546401  7.038175 1 18
 1.594613 -0.466753 1 1
 1.594613 -0.049568 1 2
 1.594613  0.031554 1 3
 1.594613  0.384547 1 4
 1.594613  1.197519 1 5
 1.594613  1.511399 1 6
 1.594613  1.690039 1 7
 1.594613  1.731567 1 8
 1.594613  2.998732 1 9
 1.594613  3.095577 1 10
 1.594613  3.699229 1 11
 1.594613  4.864322 1 12
 1.594613  5.153463 1 13
 1.594613  5.154337 1 14
 1.594613  5.614764 1 15
 1.594613  6.204555 1 16
 1.594613  6.368564 1 17
 1.594613  7.095147 1 18
 1.642824 -0.512408 1 1
 1.642824 -0.014647 1 2
 1.642824  0.062324 1 3
 1.642824  0.410671 1 4
 1.642824  1.222986 1 5
 1.642824  1.467234 1 6
 1.642824  1.645175 1 7
 1.642824  1.718002 1 8
 1.642824  3.012874 1 9
 1.642824  3.159676 1 10
 1.642824  3.680530 1 11
 1.642824  4.771914 1 12
 1.642824  5.166509 1 13
 1.642824  5.195655 1 14
 1.642824  5.744463 1 15
 1.642824  6.180871 1 16
 1.642824  6.320546 1 17
 1.642824  7.135213 1 18
 1.691036 -0.556756 1 1
 1.691036  0.022644 1 2
 1.691036  0.096757 1 3
 1.691036  0.437378 1 4
 1.691036  1.247616 1 5
 1.691036  1.424111 1 6
 1.691036  1.595090 1 7
 1.691036  1.707410 1 8
 1.691036  2.938866 1 9
 1.691036  3.334666 1 10
 1.691036  3.633051 1 11
 1.691036  4.748707 1 12
 1.691036  5.179951 1 13
 1.691036  5.231119 1 14
 1.691036  5.840237 1 15
 1.691036  6.155515 1 16
 1.691036  6.276308 1 17
 1.691036  7.154481 1 18
 1.739248 -0.599237 1 1
 1.739248  0.062272 1 2
 1.739248  0.134185 1 3
 1.739248  0.464090 1 4
 1.739248  1.269434 1 5
 1.739248  1.382164 1 6
 1.739248  1.545531 1 7
 1.739248  1.698344 1 8
 1.739248  2.874554 1 9
 1.739248  3.513754 1 10
 1.739248  3.551917 1 11
 1.739248  4.783311 1 12
 1.739248  5.192343 1 13
 1.739248  5.267352 1 14
 1.739248  5.873953 1 15
 1.739248  6.162972 1 16
 1.739248  6.229702 1 17
 1.739248  7.157400 1 18
 1.787460 -0.639470 1 1
 1.787460  0.104172 1 2
 1.787460  0.173990 1 3
 1.787460  0.490119 1 4
 1.787460  1.286625 1 5
 1.787460  1.341664 1 6
 1.787460  1.498080 1 7
 1.787460  1.690000 1 8
 1.787460  2.814013 1 9
 1.787460  3.434715 1 10
 1.787460  3.689233 1 11
 1.787460  4.842519 1 12
 1.787460  5.194987 1 13
 1.787460  5.309753 1 14
 1.787460  5.844602 1 15
 1.787460  6.180063 1 16
 1.787460  6.220491 1 17
 1.787460  7.152872 1 18
 1.835672 -0.677188 1 1
 1.835672  0.148231 1 2
 1.835672  0.215718 1 3
 1.835672  0.514905 1 4
 1.835672  1.298207 1 5
 1.835672  1.303037 1 6
 1.835672  1.452473 1 7
 1.835672  1.683069 1 8
 1.835672  2.750266 1 9
 1.835672  3.286100 1 10
 1.835672  3.855759 1 11
 1.835672  4.887591 1 12
 1.835672  5.178805 1 13
 1.835672  5.360896 1 14
 1.835672  5.799631 1 15
 1.835672  6.133329 1 16
 1.835672  6.298872 1 17
 1.835672  7.148219 1 18
 1.883883 -0.712192 1 1
 1.883883  0.194323 1 2
 1.883883  0.259125 1 3
 1.883883  0.538197 1 4
 1.883883  1.266821 1 5
 1.883883  1.303908 1 6
 1.883883  1.408252 1 7
 1.883883  1.679598 1 8
 1.883883  2.683577 1 9
 1.883883  3.125874 1 10
 1.883883  4.010623 1 11
 1.883883  4.889410 1 12
 1.883883  5.143321 1 13
 1.883883  5.420887 1 14
 1.883883  5.769368 1 15
 1.883883  6.099787 1 16
 1.883883  6.380481 1 17
 1.883883  7.144910 1 18
 1.932095 -0.744337 1 1
 1.932095  0.242333 1 2
 1.932095  0.304063 1 3
 1.932095  0.560041 1 4
 1.932095  1.233545 1 5
 1.932095  1.303565 1 6
 1.932095  1.365379 1 7
 1.932095  1.681538 1 8
 1.932095  2.628041 1 9
 1.932095  2.988294 1 10
 1.932095  4.153120 1 11
 1.932095  4.841702 1 12
 1.932095  5.098942 1 13
 1.932095  5.488274 1 14
 1.932095  5.761388 1 15
 1.932095  6.088070 1 16
 1.932095  6.461459 1 17
 1.932095  7.139092 1 18
 1.980307 -0.773538 1 1
 1.980307  0.292120 1 2
 1.980307  0.350266 1 3
 1.980307  0.580560 1 4
 1.980307  1.203575 1 5
 1.980307  1.296716 1 6
 1.980307  1.324106 1 7
 1.980307  1.688124 1 8
 1.980307  2.611113 1 9
 1.980307  2.911091 1 10
 1.980307  4.283233 1 11
 1.980307  4.766408 1 12
 1.980307  5.059789 1 13
 1.980307  5.560616 1 14
 1.980307  5.771667 1 15
 1.980307  6.097541 1 16
 1.980307  6.542058 1 17
 1.980307  7.125928 1 18
 2.028519 -0.799761 1 1
 2.028519  0.343380 1 2
 2.028519  0.397187 1 3
 2.028519  0.599656 1 4
 2.028519  1.177030 1 5
 2.028519  1.282784 1 6
 2.028519  1.284664 1 7
 2.028519  1.694741 1 8
 2.028519  2.661071 1 9
 2.028519  2.920007 1 10
 2.028519  4.400400 1 11
 2.028519  4.701173 1 12
 2.028519  5.034715 1 13
 2.028519  5.635007 1 14
 2.028519  5.793385 1 15
 2.028519  6.117948 1 16
 2.028519  6.622264 1 17
 2.028519  7.103831 1 18
 2.076731 -0.823003 1 1
 2.076731  0.395515 1 2
 2.076731  0.444007 1 3
 2.076731  0.616911 1 4
 2.076731  1.153801 1 5
 2.076731  1.247149 1 6
 2.076731  1.261752 1 7
 2.076731  1.696919 1 8
 2.076731  2.787417 1 9
 2.076731  3.013826 1 10
 2.076731  4.503242 1 11
 2.076731  4.676439 1 12
 2.076731  5.023897 1 13
 2.076731  5.708601 1 14
 2.076731  5.822996 1 15
 2.076731  6.136257 1 16
 2.076731  6.699733 1 17
 2.076731  7.075641 1 18
 2.124943 -0.843254 1 1
 2.124943  0.447626 1 2
 2.124943  0.489767 1 3
 2.124943  0.631776 1 4
 2.124943  1.133677 1 5
 2.124943  1.211588 1 6
 2.124943  1.234608 1 7
 2.124943  1.694553 1 8
 2.124943  2.969497 1 9
 2.124943  3.160338 1 10
 2.124943  4.591070 1 11
 2.124943  4.699758 1 12
 2.124943  5.020304 1 13
 2.124943  5.779039 1 14
 2.124943  5.861039 1 15
 2.124943  6.143296 1 16
 2.124943  6.769696 1 17
 2.124943  7.046504 1 18
 2.173154 -0.860488 1 1
 2.173154  0.498654 1 2
 2.173154  0.533520 1 3
 2.173154  0.643840 1 4
 2.173154  1.116490 1 5
 2.173154  1.178097 1 6
 2.173154  1.203144 1 7
 2.173154  1.689862 1 8
 2.173154  3.163627 1 9
 2.173154  3.310401 1 10
 2.173154  4.666360 1 11
 2.173154  4.755717 1 12
 2.173154  5.013238 1 13
 2.173154  5.845191 1 14
 2.173154  5.907796 1 15
 2.173154  6.136933 1 16
 2.173154  6.826836 1 17
 2.173154  7.020012 1 18
 2.221366 -0.874642 1 1
 2.221366  0.547357 1 2
 2.221366  0.574197 1 3
 2.221366  0.652981 1 4
 2.221366  1.102214 1 5
 2.221366  1.147102 1 6
 2.221366  1.169527 1 7
 2.221366  1.684332 1 8
 2.221366  3.322899 1 9
 2.221366  3.419709 1 10
 2.221366  4.734476 1 11
 2.221366  4.818867 1 12
 2.221366  4.994458 1 13
 2.221366  5.907524 1 14
 2.221366  5.958928 1 15
 2.221366  6.121163 1 16
 2.221366  6.867874 1 17
 2.221366  6.995668 1 18
 2.269578 -0.885669 1 1
 2.269578  0.592111 1 2
 2.269578  0.610384 1 3
 2.269578  0.659415 1 4
 2.269578  1.090930 1 5
 2.269578  1.119495 1 6
 2.269578  1.136145 1 7
 2.269578  1.678577 1 8
 2.269578  3.417053 1 9
 2.269578  3.467217 1 10
 2.269578  4.799091 1 11
 2.269578  4.869174 1 12
 2.269578  4.965543 1 13
 2.269578  5.966563 1 14
 2.269578  6.006435 1 15
 2.269578  6.102415 1 16
 2.269578  6.893270 1 17
 2.269578  6.970551 1 18
 2.317790 -0.893540 1 1
 2.317790  0.630143 1 2
 2.317790  0.639877 1 3
 2.317790  0.663585 1 4
 2.317790  1.082768 1 5
 2.317790  1.096887 1 6
 2.317790  1.106190 1 7
 2.317790  1.673263 1 8
 2.317790  3.444541 1 9
 2.317790  3.462489 1 10
 2.317790  4.857144 1 11
 2.317790  4.899029 1 12
 2.317790  4.937584 1 13
 2.317790  6.019400 1 14
 2.317790  6.043040 1 15
 2.317790  6.086257 1 16
 2.317790  6.906564 1 17
 2.317790  6.944329 1 18
 2.366002 -0.898253 1 1
 2.366002  0.656854 1 2
 2.366002  0.659648 1 3
 2.366002  0.665924 1 4
 2.366002  1.077834 1 5
 2.366002  1.081636 1 6
 2.366002  1.084368 1 7
 2.366002  1.669401 1 8
 2.366002  3.433875 1 9
 2.366002  3.437226 1 10
 2.366002  4.899091 1 11
 2.366002  4.911632 1 12
 2.366002  4.920074 1 13
 2.366002  6.058020 1 14
 2.366002  6.065186 1 15
 2.366002  6.075932 1 16
 2.366002  6.912266 1 17
 2.366002  6.922503 1 18
 2.414214 -0.899822 1 1
 2.414214  0.666682 1 2
 2.414214  0.666682 1 3
 2.414214  0.666682 1 4
 2.414214  1.076185 1 5
 2.414214  1.076185 1 6
 2.414214  1.076185 1 7
 2.414214  1.667976 1 8
 2.414214  3.424256 1 9
 2.414214  3.424256 1 10
 2.414214  4.914555 1 11
 2.414214  4.914555 1 12
 2.414214  4.914555 1 13
 2.414214  6.072468 1 14
 2.414214  6.072468 1 15
 2.414214  6.072468 1 16
 2.414214  6.913765 1 17
 2.414214  6.913765 1 18
 2.414214 -0.899822 1 1
 2.414214  0.666682 1 2
 2.414214  0.666682 1 3
 2.414214  0.666682 1 4
 2.414214  1.076185 1 5
 2.414214  1.076185 1 6
 2.414214  1.076185 1 7
 2.414214  1.667976 1 8
 2.414214  3.424256 1 9
 2.414214  3.424256 1 10
 2.414214  4.914555 1 11
 2.414214  4.914555 1 12
 2.414214  4.914555 1 13
 2.414214  6.072468 1 14
 2.414214  6.072468 1 15
 2.414214  6.072468 1 16
 2.414214  6.913765 1 17
 2.414214  6.913765 1 18
 2.462326 -0.898259 1 1
 2.462326  0.654818 1 2
 2.462326  0.663842 1 3
 2.462326  0.663842 1 4
 2.462326  1.080036 1 5
 2.462326  1.080036 1 6
 2.462326  1.083690 1 7
 2.462326  1.669407 1 8
 2.462326  3.435803 1 9
 2.462326  3.435803 1 10
 2.462326  4.904301 1 11
 2.462326  4.913260 1 12
 2.462326  4.913260 1 13
 2.462326  6.063940 1 14
 2.462326  6.063940 1 15
 2.462326  6.071058 1 16
 2.462326  6.917417 1 17
 2.462326  6.917417 1 18
 2.510439 -0.893564 1 1
 2.510439  0.622491 1 2
 2.510439  0.655729 1 3
 2.510439  0.655729 1 4
 2.510439  1.091003 1 5
 2.510439  1.091003 1 6
 2.510439  1.103376 1 7
 2.510439  1.673417 1 8
 2.510439  3.457635 1 9
 2.510439  3.457635 1 10
 2.510439  4.866924 1 11
 2.510439  4.913567 1 12
 2.510439  4.913567 1 13
 2.510439  6.040888 1 14
 2.510439  6.040888 1 15
 2.510439  6.063588 1 16
 2.510439  6.926009 1 17
 2.510439  6.926009 1 18
 2.558551 -0.885728 1 1
 2.558551  0.576198 1 2
 2.558551  0.643315 1 3
 2.558551  0.643315 1 4
 2.558551  1.107617 1 5
 2.558551  1.107617 1 6
 2.558551  1.129769 1 7
 2.558551  1.679350 1 8
 2.558551  3.459983 1 9
 2.558551  3.459983 1 10
 2.558551  4.790809 1 11
 2.558551  4.923419 1 12
 2.558551  4.923419 1 13
 2.558551  6.010024 1 14
 2.558551  6.010024 1 15
 2.558551  6.042551 1 16
 2.558551  6.934267 1 17
 2.558551  6.934267 1 18
 2.606664 -0.874757 1 1
 2.606664  0.521097 1 2
 2.606664  0.627722 1 3
 2.606664  0.627722 1 4
 2.606664  1.128124 1 5
 2.606664  1.128124 1 6
 2.606664  1.158621 1 7
 2.606664  1.686739 1 8
 2.606664  3.416254 1 9
 2.606664  3.416254 1 10
 2.606664  4.676095 1 11
 2.606664  4.944622 1 12
 2.606664  4.944622 1 13
 2.606664  5.979599 1 14
 2.606664  5.979599 1 15
 2.606664  6.001867 1 16
 2.606664  6.938022 1 17
 2.606664  6.938022 1 18
 2.654776 -0.860688 1 1
 2.654776  0.460123 1 2
 2.654776  0.610083 1 3
 2.654776  0.610083 1 4
 2.654776  1.150872 1 5
 2.654776  1.150872 1 6
 2.654776  1.187316 1 7
 2.654776  1.695808 1 8
 2.654776  3.318818 1 9
 2.654776  3.318818 1 10
 2.654776  4.544492 1 11
 2.654776  4.968790 1 12
 2.654776  4.968790 1 13
 2.654776  5.943144 1 14
 2.654776  5.955538 1 15
 2.654776  5.955538 1 16
 2.654776  6.937473 1 17
 2.654776  6.937473 1 18
 2.702889 -0.843560 1 1
 2.702889  0.394882 1 2
 2.702889  0.591521 1 3
 2.702889  0.591521 1 4
 2.702889  1.174515 1 5
 2.702889  1.174515 1 6
 2.702889  1.214035 1 7
 2.702889  1.707362 1 8
 2.702889  3.180623 1 9
 2.702889  3.180623 1 10
 2.702889  4.432258 1 11
 2.702889  4.983435 1 12
 2.702889  4.983435 1 13
 2.702889  5.877004 1 14
 2.702889  5.938119 1 15
 2.702889  5.938119 1 16
 2.702889  6.937523 1 17
 2.702889  6.937523 1 18
 2.751001 -0.823395 1 1
 2.751001  0.326686 1 2
 2.751001  0.573068 1 3
 2.751001  0.573068 1 4
 2.751001  1.197977 1 5
 2.751001  1.197977 1 6
 2.751001  1.237435 1 7
 2.751001  1.721907 1 8
 2.751001  3.029456 1 9
 2.751001  3.029456 1 10
 2.751001  4.370362 1 11
 2.751001  4.977239 1 12
 2.751001  4.977239 1 13
 2.751001  5.816911 1 14
 2.751001  5.923063 1 15
 2.751001  5.923063 1 16
 2.751001  6.944470 1 17
 2.751001  6.944470 1 18
 2.799114 -0.800163 1 1
 2.799114  0.256856 1 2
 2.799114  0.555454 1 3
 2.799114  0.555454 1 4
 2.799114  1.220290 1 5
 2.799114  1.220290 1 6
 2.799114  1.257007 1 7
 2.799114  1.738806 1 8
 2.799114  2.899762 1 9
 2.799114  2.899762 1 10
 2.799114  4.364034 1 11
 2.799114  4.940895 1 12
 2.799114  4.940895 1 13
 2.799114  5.769999 1 14
 2.799114  5.906936 1 15
 2.799114  5.906936 1 16
 2.799114  6.960692 1 17
 2.799114  6.960692 1 18
 2.847226 -0.773873 1 1
 2.847226  0.186744 1 2
 2.847226  0.539057 1 3
 2.847226  0.539057 1 4
 2.847226  1.240341 1 5
 2.847226  1.240341 1 6
 2.847226  1.273160 1 7
 2.847226  1.756384 1 8
 2.847226  2.822150 1 9
 2.847226  2.822150 1 10
 2.847226  4.386635 1 11
 2.847226  4.869434 1 12
 2.847226  4.869434 1 13
 2.847226  5.732483 1 14
 2.847226  5.891965 1 15
 2.847226  5.891965 1 16
 2.847226  6.981073 1 17
 2.847226  6.981073 1 18
 2.895339 -0.744601 1 1
 2.895339  0.117367 1 2
 2.895339  0.523947 1 3
 2.895339  0.523947 1 4
 2.895339  1.256998 1 5
 2.895339  1.256998 1 6
 2.895339  1.286767 1 7
 2.895339  1.773107 1 8
 2.895339  2.812547 1 9
 2.895339  2.812547 1 10
 2.895339  4.394866 1 11
 2.895339  4.765552 1 12
 2.895339  4.765552 1 13
 2.895339  5.691951 1 14
 2.895339  5.886353 1 15
 2.895339  5.886353 1 16
 2.895339  6.994373 1 17
 2.895339  6.994373 1 18
 2.943451 -0.712522 1 1
 2.943451  0.049334 1 2
 2.943451  0.510099 1 3
 2.943451  0.510099 1 4
 2.943451  1.269489 1 5
 2.943451  1.269489 1 6
 2.943451  1.298517 1 7
 2.943451  1.788786 1 8
 2.943451  2.867039 1 9
 2.943451  2.867039 1 10
 2.943451  4.356852 1 11
 2.943451  4.639762 1 12
 2.943451  4.639762 1 13
 2.943451  5.635401 1 14
 2.943451  5.900434 1 15
 2.943451  5.900434 1 16
 2.943451  6.988727 1 17
 2.943451  6.988727 1 18
 2.991564 -0.677887 1 1
 2.991564 -0.016979 1 2
 2.991564  0.497593 1 3
 2.991564  0.497593 1 4
 2.991564  1.277754 1 5
 2.991564  1.277754 1 6
 2.991564  1.308605 1 7
 2.991564  1.804770 1 8
 2.991564  2.964739 1 9
 2.991564  2.964739 1 10
 2.991564  4.271358 1 11
 2.991564  4.505748 1 12
 2.991564  4.505748 1 13
 2.991564  5.560550 1 14
 2.991564  5.941437 1 15
 2.991564  5.941437 1 16
 2.991564  6.957934 1 17
 2.991564  6.957934 1 18
 3.039676 -0.640933 1 1
 3.039676 -0.081273 1 2
 3.039676  0.486654 1 3
 3.039676  0.486654 1 4
 3.039676  1.282532 1 5
 3.039676  1.282532 1 6
 3.039676  1.316868 1 7
 3.039676  1.822680 1 8
 3.039676  3.078212 1 9
 3.039676  3.078212 1 10
 3.039676  4.165065 1 11
 3.039676  4.373171 1 12
 3.039676  4.373171 1 13
 3.039676  5.482603 1 14
 3.039676  6.008863 1 15
 3.039676  6.008863 1 16
 3.039676  6.905580 1 17
 3.039676  6.905580 1 18
 3.087789 -0.601985 1 1
 3.087789 -0.142987 1 2
 3.087789  0.477587 1 3
 3.087789  0.477587 1 4
 3.087789  1.285103 1 5
 3.087789  1.285103 1 6
 3.087789  1.323172 1 7
 3.087789  1.842434 1 8
 3.087789  3.185988 1 9
 3.087789  3.185988 1 10
 3.087789  4.074864 1 11
 3.087789  4.244393 1 12
 3.087789  4.244393 1 13
 3.087789  5.426888 1 14
 3.087789  6.091645 1 15
 3.087789  6.091645 1 16
 3.087789  6.844850 1 17
 3.087789  6.844850 1 18
 3.135901 -0.561644 1 1
 3.135901 -0.201211 1 2
 3.135901  0.470598 1 3
 3.135901  0.470598 1 4
 3.135901  1.286756 1 5
 3.135901  1.286756 1 6
 3.135901  1.327742 1 7
 3.135901  1.861632 1 8
 3.135901  3.279770 1 9
 3.135901  3.279770 1 10
 3.135901  4.026639 1 11
 3.135901  4.117893 1 12
 3.135901  4.117893 1 13
 3.135901  5.410457 1 14
 3.135901  6.170874 1 15
 3.135901  6.170874 1 16
 3.135901  6.792628 1 17
 3.135901  6.792628 1 18
 3.184014 -0.521575 1 1
 3.184014 -0.254039 1 2
 3.184014  0.465732 1 3
 3.184014  0.465732 1 4
 3.184014  1.288200 1 5
 3.184014  1.288200 1 6
 3.184014  1.330988 1 7
 3.184014  1.877111 1 8
 3.184014  3.360745 1 9
 3.184014  3.360745 1 10
 3.184014  3.996783 1 11
 3.184014  3.996783 1 12
 3.184014  4.021319 1 13
 3.184014  5.428772 1 14
 3.184014  6.229023 1 15
 3.184014  6.229023 1 16
 3.184014  6.760411 1 17
 3.184014  6.760411 1 18
 3.232126 -0.486775 1 1
 3.232126 -0.296433 1 2
 3.232126  0.462897 1 3
 3.232126  0.462897 1 4
 3.232126  1.289385 1 5
 3.232126  1.289385 1 6
 3.232126  1.333067 1 7
 3.232126  1.886841 1 8
 3.232126  3.426850 1 9
 3.232126  3.426850 1 10
 3.232126  3.897096 1 11
 3.232126  3.897096 1 12
 3.232126  4.036920 1 13
 3.232126  5.458150 1 14
 3.232126  6.259968 1 15
 3.232126  6.259968 1 16
 3.232126  6.747720 1 17
 3.232126  6.747720 1 18
 3.280239 -0.470938 1 1
 3.280239 -0.314781 1 2
 3.280239  0.461970 1 3
 3.280239  0.461970 1 4
 3.280239  1.289862 1 5
 3.280239  1.289862 1 6
 3.280239  1.333806 1 7
 3.280239  1.890118 1 8
 3.280239  3.456313 1 9
 3.280239  3.456313 1 10
 3.280239  3.854565 1 11
 3.280239  3.854565 1 12
 3.280239  4.046140 1 13
 3.280239  5.471800 1 14
 3.280239  6.268840 1 15
 3.280239  6.268840 1 16
 3.280239  6.745323 1 17
 3.280239  6.745323 1 18
 3.280239 -0.470938 1 1
 3.280239 -0.314781 1 2
 3.280239  0.461970 1 3
 3.280239  0.461970 1 4
 3.280239  1.289862 1 5
 3.280239  1.289862 1 6
 3.280239  1.333806 1 7
 3.280239  1.890118 1 8
 3.280239  3.456313 1 9
 3.280239  3.456313 1 10
 3.280239  3.854565 1 11
 3.280239  3.854565 1 12
 3.280239  4.046140 1 13
 3.280239  5.471800 1 14
 3.280239  6.268840 1 15
 3.280239  6.268840 1 16
 3.280239  6.745323 1 17
 3.280239  6.745323 1 18
 3.330747 -0.469357 1 1
 3.330747 -0.313127 1 2
 3.330747  0.454153 1 3
 3.330747  0.458901 1 4
 3.330747  1.288389 1 5
 3.330747  1.295173 1 6
 3.330747  1.339187 1 7
 3.330747  1.885898 1 8
 3.330747  3.448827 1 9
 3.330747  3.452602 1 10
 3.330747  3.812324 1 11
 3.330747  3.852268 1 12
 3.330747  4.103225 1 13
 3.330747  5.463143 1 14
 3.330747  6.243931 1 15
 3.330747  6.246594 1 16
 3.330747  6.743079 1 17
 3.330747  6.750632 1 18
 3.381254 -0.464658 1 1
 3.381254 -0.308204 1 2
 3.381254  0.431837 1 3
 3.381254  0.449729 1 4
 3.381254  1.284564 1 5
 3.381254  1.305824 1 6
 3.381254  1.359934 1 7
 3.381254  1.873940 1 8
 3.381254  3.424470 1 9
 3.381254  3.438670 1 10
 3.381254  3.740684 1 11
 3.381254  3.857644 1 12
 3.381254  4.221456 1 13
 3.381254  5.444467 1 14
 3.381254  6.182113 1 15
 3.381254  6.188664 1 16
 3.381254  6.737486 1 17
 3.381254  6.764961 1 18
 3.431762 -0.456950 1 1
 3.431762 -0.300121 1 2
 3.431762  0.397887 1 3
 3.431762  0.434614 1 4
 3.431762  1.279774 1 5
 3.431762  1.315700 1 6
 3.431762  1.400050 1 7
 3.431762  1.856297 1 8
 3.431762  3.382670 1 9
 3.431762  3.403716 1 10
 3.431762  3.681394 1 11
 3.431762  3.894366 1 12
 3.431762  4.365644 1 13
 3.431762  5.433937 1 14
 3.431762  6.108440 1 15
 3.431762  6.111929 1 16
 3.431762  6.732988 1 17
 3.431762  6.788886 1 18
 3.482269 -0.446329 1 1
 3.482269 -0.288995 1 2
 3.482269  0.355662 1 3
 3.482269  0.413858 1 4
 3.482269  1.275440 1 5
 3.482269  1.326155 1 6
 3.482269  1.454592 1 7
 3.482269  1.835861 1 8
 3.482269  3.333112 1 9
 3.482269  3.333971 1 10
 3.482269  3.651715 1 11
 3.482269  3.970640 1 12
 3.482269  4.521677 1 13
 3.482269  5.449465 1 14
 3.482269  6.027029 1 15
 3.482269  6.039770 1 16
 3.482269  6.734486 1 17
 3.482269  6.826308 1 18
 3.532777 -0.432835 1 1
 3.532777 -0.274955 1 2
 3.532777  0.308238 1 3
 3.532777  0.387917 1 4
 3.532777  1.272826 1 5
 3.532777  1.338699 1 6
 3.532777  1.516733 1 7
 3.532777  1.815309 1 8
 3.532777  3.233232 1 9
 3.532777  3.290025 1 10
 3.532777  3.646648 1 11
 3.532777  4.070901 1 12
 3.532777  4.675465 1 13
 3.532777  5.491592 1 14
 3.532777  5.939210 1 15
 3.532777  5.976913 1 16
 3.532777  6.740138 1 17
 3.532777  6.876667 1 18
 3.583285 -0.416435 1 1
 3.583285 -0.258170 1 2
 3.583285  0.258055 1 3
 3.583285  0.357317 1 4
 3.583285  1.273450 1 5
 3.583285  1.353045 1 6
 3.583285  1.579676 1 7
 3.583285  1.795871 1 8
 3.583285  3.119635 1 9
 3.583285  3.259596 1 10
 3.583285  3.649158 1 11
 3.583285  4.168669 1 12
 3.583285  4.814322 1 13
 3.583285  5.517209 1 14
 3.583285  5.874963 1 15
 3.583285  5.909069 1 16
 3.583285  6.738999 1 17
 3.583285  6.930831 1 18
 3.633792 -0.397117 1 1
 3.633792 -0.238992 1 2
 3.633792  0.207137 1 3
 3.633792  0.322733 1 4
 3.633792  1.279171 1 5
 3.633792  1.368103 1 6
 3.633792  1.635340 1 7
 3.633792  1.776816 1 8
 3.633792  3.013446 1 9
 3.633792  3.238583 1 10
 3.633792  3.648379 1 11
 3.633792  4.240877 1 12
 3.633792  4.930344 1 13
 3.633792  5.441881 1 14
 3.633792  5.827218 1 15
 3.633792  5.895124 1 16
 3.633792  6.718464 1 17
 3.633792  6.975786 1 18
 3.684300 -0.374927 1 1
 3.684300 -0.218060 1 2
 3.684300  0.157248 1 3
 3.684300  0.285005 1 4
 3.684300  1.291436 1 5
 3.684300  1.383079 1 6
 3.684300  1.674008 1 7
 3.684300  1.756076 1 8
 3.684300  2.934270 1 9
 3.684300  3.220369 1 10
 3.684300  3.644210 1 11
 3.684300  4.276860 1 12
 3.684300  5.022030 1 13
 3.684300  5.280287 1 14
 3.684300  5.736409 1 15
 3.684300  5.974109 1 16
 3.684300  6.676489 1 17
 3.684300  7.003957 1 18
 3.734808 -0.350005 1 1
 3.734808 -0.196480 1 2
 3.734808  0.110267 1 3
 3.734808  0.245144 1 4
 3.734808  1.310517 1 5
 3.734808  1.398136 1 6
 3.734808  1.687001 1 7
 3.734808  1.731679 1 8
 3.734808  2.896853 1 9
 3.734808  3.200615 1 10
 3.734808  3.646156 1 11
 3.734808  4.278944 1 12
 3.734808  5.092634 1 13
 3.734808  5.102234 1 14
 3.734808  5.656743 1 15
 3.734808  6.053222 1 16
 3.734808  6.629360 1 17
 3.734808  7.017953 1 18
 3.785315 -0.322608 1 1
 3.785315 -0.176310 1 2
 3.785315  0.068831 1 3
 3.785315  0.204250 1 4
 3.785315  1.335431 1 5
 3.785315  1.414205 1 6
 3.785315  1.672880 1 7
 3.785315  1.702815 1 8
 3.785315  2.903518 1 9
 3.785315  3.178864 1 10
 3.785315  3.668738 1 11
 3.785315  4.254782 1 12
 3.785315  4.962749 1 13
 3.785315  5.146021 1 14
 3.785315  5.611216 1 15
 3.785315  6.100271 1 16
 3.785315  6.611069 1 17
 3.785315  7.026711 1 18
 3.835823 -0.293041 1 1
 3.835823 -0.161628 1 2
 3.835823  0.037420 1 3
 3.835823  0.163320 1 4
 3.835823  1.364422 1 5
 3.835823  1.431918 1 6
 3.835823  1.640213 1 7
 3.835823  1.670067 1 8
 3.835823  2.941896 1 9
 3.835823  3.156759 1 10
 3.835823  3.723443 1 11
 3.835823  4.210257 1 12
 3.835823  4.900048 1 13
 3.835823  5.179906 1 14
 3.835823  5.612703 1 15
 3.835823  6.093412 1 16
 3.835823  6.654823 1 17
 3.835823  7.036195 1 18
 3.886330 -0.261803 1 1
 3.886330 -0.159185 1 2
 3.886330  0.023058 1 3
 3.886330  0.123417 1 4
 3.886330  1.395300 1 5
 3.886330  1.449543 1 6
 3.886330  1.603162 1 7
 3.886330  1.635501 1 8
 3.886330  2.993136 1 9
 3.886330  3.135043 1 10
 3.886330  3.809414 1 11
 3.886330  4.152806 1 12
 3.886330  4.917796 1 13
 3.886330  5.182930 1 14
 3.886330  5.661180 1 15
 3.886330  6.036166 1 16
 3.886330  6.755027 1 17
 3.886330  7.041222 1 18
 3.936838 -0.229769 1 1
 3.936838 -0.173093 1 2
 3.936838  0.029895 1 3
 3.936838  0.085910 1 4
 3.936838  1.425488 1 5
 3.936838  1.459514 1 6
 3.936838  1.578018 1 7
 3.936838  1.602915 1 8
 3.936838  3.042169 1 9
 3.936838  3.111485 1 10
 3.936838  3.910941 1 11
 3.936838  4.086802 1 12
 3.936838  4.987944 1 13
 3.936838  5.146011 1 14
 3.936838  5.745041 1 15
 3.936838  5.948300 1 16
 3.936838  6.872979 1 17
 3.936838  7.025038 1 18
 3.987346 -0.198863 1 1
 3.987346 -0.198863 1 2
 3.987346  0.053230 1 3
 3.987346  0.053230 1 4
 3.987346  1.450281 1 5
 3.987346  1.450281 1 6
 3.987346  1.579472 1 7
 3.987346  1.579472 1 8
 3.987346  3.081739 1 9
 3.987346  3.081739 1 10
 3.987346  4.007128 1 11
 3.987346  4.007128 1 12
 3.987346  5.074326 1 13
 3.987346  5.074326 1 14
 3.987346  5.846360 1 15
 3.987346  5.846360 1 16
 3.987346  6.969885 1 17
 3.987346  6.969885 1 18
 3.987346 -0.198863 1 1
 3.987346 -0.198863 1 2
 3.987346  0.053230 1 3
 3.987346  0.053230 1 4
 3.987346  1.450281 1 5
 3.987346  1.450281 1 6
 3.987346  1.579472 1 7
 3.987346  1.579472 1 8
 3.987346  3.081739 1 9
 3.987346  3.081739 1 10
 3.987346  4.007128 1 11
 3.987346  4.007128 1 12
 3.987346  5.074326 1 13
 3.987346  5.074326 1 14
 3.987346  5.846360 1 15
 3.987346  5.846360 1 16
 3.987346  6.969885 1 17
 3.987346  6.969885 1 18
 4.037346 -0.201092 1 1
 4.037346 -0.201092 1 2
 4.037346  0.057516 1 3
 4.037346  0.057516 1 4
 4.037346  1.410688 1 5
 4.037346  1.410688 1 6
 4.037346  1.618535 1 7
 4.037346  1.618535 1 8
 4.037346  3.086963 1 9
 4.037346  3.086963 1 10
 4.037346  4.013362 1 11
 4.037346  4.013362 1 12
 4.037346  5.032622 1 13
 4.037346  5.032622 1 14
 4.037346  5.890002 1 15
 4.037346  5.890002 1 16
 4.037346  6.961929 1 17
 4.037346  6.961929 1 18
 4.087346 -0.207130 1 1
 4.087346 -0.207130 1 2
 4.087346  0.069412 1 3
 4.087346  0.069412 1 4
 4.087346  1.344678 1 5
 4.087346  1.344678 1 6
 4.087346  1.682248 1 7
 4.087346  1.682248 1 8
 4.087346  3.104188 1 9
 4.087346  3.104188 1 10
 4.087346  4.029634 1 11
 4.087346  4.029634 1 12
 4.087346  4.955663 1 13
 4.087346  4.955663 1 14
 4.087346  5.979872 1 15
 4.087346  5.979872 1 16
 4.087346  6.943344 1 17
 4.087346  6.943344 1 18
 4.137346 -0.215540 1 1
 4.137346 -0.215540 1 2
 4.137346  0.086733 1 3
 4.137346  0.086733 1 4
 4.137346  1.281877 1 5
 4.137346  1.281877 1 6
 4.137346  1.739464 1 7
 4.137346  1.739464 1 8
 4.137346  3.136647 1 9
 4.137346  3.136647 1 10
 4.137346  4.049435 1 11
 4.137346  4.049435 1 12
 4.137346  4.905709 1 13
 4.137346  4.905709 1 14
 4.137346  6.067511 1 15
 4.137346  6.067511 1 16
 4.137346  6.924868 1 17
 4.137346  6.924868 1 18
 4.187346 -0.224924 1 1
 4.187346 -0.224924 1 2
 4.187346  0.107278 1 3
 4.187346  0.107278 1 4
 4.187346  1.226163 1 5
 4.187346  1.226163 1 6
 4.187346  1.785076 1 7
 4.187346  1.785076 1 8
 4.187346  3.186000 1 9
 4.187346  3.186000 1 10
 4.187346  4.066792 1 11
 4.187346  4.066792 1 12
 4.187346  4.893984 1 13
 4.187346  4.893984 1 14
 4.187346  6.146438 1 15
 4.187346  6.146438 1 16
 4.187346  6.911157 1 17
 4.187346  6.911157 1 18
 4.237346 -0.234254 1 1
 4.237346 -0.234254 1 2
 4.237346  0.129353 1 3
 4.237346  0.129353 1 4
 4.237346  1.176012 1 5
 4.237346  1.176012 1 6
 4.237346  1.820356 1 7
 4.237346  1.820356 1 8
 4.237346  3.249859 1 9
 4.237346  3.249859 1 10
 4.237346  4.079574 1 11
 4.237346  4.079574 1 12
 4.237346  4.893867 1 13
 4.237346  4.893867 1 14
 4.237346  6.231660 1 15
 4.237346  6.231660 1 16
 4.237346  6.894893 1 17
 4.237346  6.894893 1 18
 4.287346 -0.242807 1 1
 4.287346 -0.242807 1 2
 4.287346  0.151534 1 3
 4.287346  0.151534 1 4
 4.287346  1.129728 1 5
 4.287346  1.129728 1 6
 4.287346  1.848073 1 7
 4.287346  1.848073 1 8
 4.287346  3.321726 1 9
 4.287346  3.321726 1 10
 4.287346  4.086477 1 11
 4.287346  4.086477 1 12
 4.287346  4.876443 1 13
 4.287346  4.876443 1 14
 4.287346  6.331901 1 15
 4.287346  6.331901 1 16
 4.287346  6.864591 1 17
 4.287346  6.864591 1 18
 4.337346 -0.250034 1 1
 4.337346 -0.250034 1 2
 4.337346  0.172208 1 3
 4.337346  0.172208 1 4
 4.337346  1.087865 1 5
 4.337346  1.087865 1 6
 4.337346  1.870216 1 7
 4.337346  1.870216 1 8
 4.337346  3.392329 1 9
 4.337346  3.392329 1 10
 4.337346  4.085853 1 11
 4.337346  4.085853 1 12
 4.337346  4.836368 1 13
 4.337346  4.836368 1 14
 4.337346  6.436304 1 15
 4.337346  6.436304 1 16
 4.337346  6.817037 1 17
 4.337346  6.817037 1 18
 4.387346 -0.255504 1 1
 4.387346 -0.255504 1 2
 4.387346  0.189356 1 3
 4.387346  0.189356 1 4
 4.387346  1.053446 1 5
 4.387346  1.053446 1 6
 4.387346  1.887258 1 7
 4.387346  1.887258 1 8
 4.387346  3.451321 1 9
 4.387346  3.451321 1 10
 4.387346  4.079083 1 11
 4.387346  4.079083 1 12
 4.387346  4.789459 1 13
 4.387346  4.789459 1 14
 4.387346  6.524501 1 15
 4.387346  6.524501 1 16
 4.387346  6.761158 1 17
 4.387346  6.761158 1 18
 4.437346 -0.258911 1 1
 4.437346 -0.258911 1 2
 4.437346  0.200810 1 3
 4.437346  0.200810 1 4
 4.437346  1.030558 1 5
 4.437346  1.030558 1 6
 4.437346  1.898364 1 7
 4.437346  1.898364 1 8
 4.437346  3.489892 1 9
 4.437346  3.489892 1 10
 4.437346  4.071568 1 11
 4.437346  4.071568 1 12
 4.437346  4.754311 1 13
 4.437346  4.754311 1 14
 4.437346  6.584392 1 15
 4.437346  6.584392 1 16
 4.437346  6.711950 1 17
 4.437346  6.711950 1 18
 4.487346 -0.260067 1 1
 4.487346 -0.260067 1 2
 4.487346  0.204847 1 3
 4.487346  0.204847 1 4
 4.487346  1.022513 1 5
 4.487346  1.022513 1 6
 4.487346  1.902264 1 7
 4.487346  1.902264 1 8
 4.487346  3.503170 1 9
 4.487346  3.503170 1 10
 4.487346  4.068471 1 11
 4.487346  4.068471 1 12
 4.487346  4.741597 1 13
 4.487346  4.741597 1 14
 4.487346  6.609103 1 15
 4.487346  6.609103 1 16
 4.487346  6.688564 1 17
 4.487346  6.688564 1 18
