        0.00000       -0.89984   1   1
        0.00000        0.66666   1   2
        0.00000        0.66666   1   3
        0.00000        0.66666   1   4
        0.00000        1.07614   1   5
        0.00000        1.07614   1   6
        0.00000        1.07614   1   7
        0.00000        1.66745   1   8
        0.00000        2.19094   1   9
        0.00000        3.42424   1  10
        0.00000        3.42424   1  11
        0.00000        4.21294   1  12
        0.00000        4.21294   1  13
        0.00000        4.21294   1  14
        0.00000        4.74812   1  15
        0.00000        4.74812   1  16
        0.00000        4.74812   1  17
        0.00000        4.84469   1  18
        0.00000        6.91377   1  19
        0.00000        6.91377   1  20
        0.00000        7.08737   1  21
        0.00000        7.08737   1  22
        0.00000        7.08737   1  23
        0.00000        8.82710   1  24
        0.00000        8.82710   1  25
        0.00000        8.82710   1  26
        0.04762       -0.89830   1   1
        0.04762        0.66007   1   2
        0.04762        0.66007   1   3
        0.04762        0.66309   1   4
        0.04762        1.07499   1   5
        0.04762        1.08420   1   6
        0.04762        1.08420   1   7
        0.04762        1.66850   1   8
        0.04762        2.19142   1   9
        0.04762        3.43173   1  10
        0.04762        3.43808   1  11
        0.04762        4.21063   1  12
        0.04762        4.21063   1  13
        0.04762        4.21191   1  14
        0.04762        4.73544   1  15
        0.04762        4.73544   1  16
        0.04762        4.76774   1  17
        0.04762        4.83521   1  18
        0.04762        6.90682   1  19
        0.04762        6.91869   1  20
        0.04762        7.06838   1  21
        0.04762        7.07568   1  22
        0.04762        7.07568   1  23
        0.04762        8.81470   1  24
        0.04762        8.83824   1  25
        0.04762        8.83824   1  26
        0.09524       -0.89368   1   1
        0.09524        0.64177   1   2
        0.09524        0.64177   1   3
        0.09524        0.65243   1   4
        0.09524        1.07160   1   5
        0.09524        1.10687   1   6
        0.09524        1.10687   1   7
        0.09524        1.67118   1   8
        0.09524        2.19409   1   9
        0.09524        3.42279   1  10
        0.09524        3.46734   1  11
        0.09524        4.20654   1  12
        0.09524        4.20654   1  13
        0.09524        4.20907   1  14
        0.09524        4.70218   1  15
        0.09524        4.70218   1  16
        0.09524        4.79106   1  17
        0.09524        4.84786   1  18
        0.09524        6.88411   1  19
        0.09524        6.93151   1  20
        0.09524        7.02165   1  21
        0.09524        7.04619   1  22
        0.09524        7.04619   1  23
        0.09524        8.78853   1  24
        0.09524        8.87225   1  25
        0.09524        8.87225   1  26
        0.14286       -0.88600   1   1
        0.14286        0.61510   1   2
        0.14286        0.61510   1   3
        0.14286        0.63489   1   4
        0.14286        1.06611   1   5
        0.14286        1.14077   1   6
        0.14286        1.14077   1   7
        0.14286        1.67407   1   8
        0.14286        2.20090   1   9
        0.14286        3.33077   1  10
        0.14286        3.48875   1  11
        0.14286        4.20499   1  12
        0.14286        4.20589   1  13
        0.14286        4.20589   1  14
        0.14286        4.65949   1  15
        0.14286        4.65949   1  16
        0.14286        4.70564   1  17
        0.14286        4.99239   1  18
        0.14286        6.84278   1  19
        0.14286        6.94769   1  20
        0.14286        6.97274   1  21
        0.14286        7.00910   1  22
        0.14286        7.00910   1  23
        0.14286        8.77109   1  24
        0.14286        8.93051   1  25
        0.14286        8.93051   1  26
        0.19048       -0.87525   1   1
        0.19048        0.58338   1   2
        0.19048        0.58338   1   3
        0.19048        0.61090   1   4
        0.19048        1.05877   1   5
        0.19048        1.18241   1   6
        0.19048        1.18241   1   7
        0.19048        1.67484   1   8
        0.19048        2.21170   1   9
        0.19048        3.12126   1  10
        0.19048        3.49424   1  11
        0.19048        4.20012   1  12
        0.19048        4.20976   1  13
        0.19048        4.20976   1  14
        0.19048        4.54971   1  15
        0.19048        4.61829   1  16
        0.19048        4.61829   1  17
        0.19048        5.19926   1  18
        0.19048        6.78423   1  19
        0.19048        6.93707   1  20
        0.19048        6.96315   1  21
        0.19048        6.96845   1  22
        0.19048        6.96845   1  23
        0.19048        8.77485   1  24
        0.19048        9.01252   1  25
        0.19048        9.01252   1  26
        0.23810       -0.86148   1   1
        0.23810        0.54902   1   2
        0.23810        0.54902   1   3
        0.23810        0.58114   1   4
        0.23810        1.05002   1   5
        0.23810        1.22909   1   6
        0.23810        1.22909   1   7
        0.23810        1.67020   1   8
        0.23810        2.22435   1   9
        0.23810        2.84397   1  10
        0.23810        3.50159   1  11
        0.23810        4.19442   1  12
        0.23810        4.21111   1  13
        0.23810        4.21111   1  14
        0.23810        4.33463   1  15
        0.23810        4.58471   1  16
        0.23810        4.58471   1  17
        0.23810        5.41148   1  18
        0.23810        6.71501   1  19
        0.23810        6.90234   1  20
        0.23810        6.92042   1  21
        0.23810        6.92042   1  22
        0.23810        6.97627   1  23
        0.23810        8.78939   1  24
        0.23810        9.11052   1  25
        0.23810        9.11052   1  26
        0.28571       -0.84468   1   1
        0.28571        0.51364   1   2
        0.28571        0.51364   1   3
        0.28571        0.54639   1   4
        0.28571        1.04045   1   5
        0.28571        1.27901   1   6
        0.28571        1.27901   1   7
        0.28571        1.65570   1   8
        0.28571        2.23753   1   9
        0.28571        2.59982   1  10
        0.28571        3.53704   1  11
        0.28571        4.11539   1  12
        0.28571        4.18825   1  13
        0.28571        4.19706   1  14
        0.28571        4.19706   1  15
        0.28571        4.56057   1  16
        0.28571        4.56057   1  17
        0.28571        5.55940   1  18
        0.28571        6.64136   1  19
        0.28571        6.85786   1  20
        0.28571        6.86080   1  21
        0.28571        6.86080   1  22
        0.28571        6.98817   1  23
        0.28571        8.78912   1  24
        0.28571        9.20714   1  25
        0.28571        9.20714   1  26
        0.33333       -0.82487   1   1
        0.33333        0.47830   1   2
        0.33333        0.47830   1   3
        0.33333        0.50733   1   4
        0.33333        1.03058   1   5
        0.33333        1.33102   1   6
        0.33333        1.33102   1   7
        0.33333        1.62774   1   8
        0.33333        2.25235   1   9
        0.33333        2.46062   1  10
        0.33333        3.60654   1  11
        0.33333        3.97620   1  12
        0.33333        4.15528   1  13
        0.33333        4.15528   1  14
        0.33333        4.18355   1  15
        0.33333        4.54679   1  16
        0.33333        4.54679   1  17
        0.33333        5.61581   1  18
        0.33333        6.56208   1  19
        0.33333        6.79006   1  20
        0.33333        6.79006   1  21
        0.33333        6.81154   1  22
        0.33333        7.00130   1  23
        0.33333        8.75467   1  24
        0.33333        9.28206   1  25
        0.33333        9.28206   1  26
        0.38095       -0.80207   1   1
        0.38095        0.44379   1   2
        0.38095        0.44379   1   3
        0.38095        0.46449   1   4
        0.38095        1.02063   1   5
        0.38095        1.38424   1   6
        0.38095        1.38424   1   7
        0.38095        1.58812   1   8
        0.38095        2.27091   1   9
        0.38095        2.42198   1  10
        0.38095        3.68537   1  11
        0.38095        3.99273   1  12
        0.38095        4.08016   1  13
        0.38095        4.08016   1  14
        0.38095        4.18320   1  15
        0.38095        4.54571   1  16
        0.38095        4.54571   1  17
        0.38095        5.61715   1  18
        0.38095        6.46813   1  19
        0.38095        6.70948   1  20
        0.38095        6.70948   1  21
        0.38095        6.76315   1  22
        0.38095        7.01743   1  23
        0.38095        8.68797   1  24
        0.38095        9.32551   1  25
        0.38095        9.32551   1  26
        0.42857       -0.77631   1   1
        0.42857        0.41066   1   2
        0.42857        0.41066   1   3
        0.42857        0.41822   1   4
        0.42857        1.01052   1   5
        0.42857        1.43789   1   6
        0.42857        1.43789   1   7
        0.42857        1.54085   1   8
        0.42857        2.29380   1   9
        0.42857        2.43098   1  10
        0.42857        3.73878   1  11
        0.42857        3.97587   1  12
        0.42857        3.97587   1  13
        0.42857        4.17408   1  14
        0.42857        4.18836   1  15
        0.42857        4.55937   1  16
        0.42857        4.55937   1  17
        0.42857        5.62413   1  18
        0.42857        6.35071   1  19
        0.42857        6.61578   1  20
        0.42857        6.61578   1  21
        0.42857        6.69744   1  22
        0.42857        7.03651   1  23
        0.42857        8.60713   1  24
        0.42857        9.34751   1  25
        0.42857        9.34751   1  26
        0.47619       -0.74764   1   1
        0.47619        0.36884   1   2
        0.47619        0.37934   1   3
        0.47619        0.37934   1   4
        0.47619        1.00035   1   5
        0.47619        1.48732   1   6
        0.47619        1.49137   1   7
        0.47619        1.49137   1   8
        0.47619        2.31935   1   9
        0.47619        2.44096   1  10
        0.47619        3.75513   1  11
        0.47619        3.85597   1  12
        0.47619        3.85597   1  13
        0.47619        4.19689   1  14
        0.47619        4.44646   1  15
        0.47619        4.58593   1  16
        0.47619        4.58593   1  17
        0.47619        5.66764   1  18
        0.47619        6.21127   1  19
        0.47619        6.50501   1  20
        0.47619        6.50501   1  21
        0.47619        6.60847   1  22
        0.47619        7.05623   1  23
        0.47619        8.52897   1  24
        0.47619        9.37120   1  25
        0.47619        9.37120   1  26
        0.52381       -0.71611   1   1
        0.52381        0.31675   1   2
        0.52381        0.35012   1   3
        0.52381        0.35012   1   4
        0.52381        0.99079   1   5
        0.52381        1.42836   1   6
        0.52381        1.54439   1   7
        0.52381        1.54439   1   8
        0.52381        2.34511   1   9
        0.52381        2.43062   1  10
        0.52381        3.73813   1  11
        0.52381        3.73813   1  12
        0.52381        3.75940   1  13
        0.52381        4.20640   1  14
        0.52381        4.61998   1  15
        0.52381        4.61998   1  16
        0.52381        4.71169   1  17
        0.52381        5.73044   1  18
        0.52381        6.06325   1  19
        0.52381        6.38196   1  20
        0.52381        6.38196   1  21
        0.52381        6.51866   1  22
        0.52381        7.07191   1  23
        0.52381        8.45695   1  24
        0.52381        9.41312   1  25
        0.52381        9.41312   1  26
        0.57143       -0.68175   1   1
        0.57143        0.26243   1   2
        0.57143        0.32324   1   3
        0.57143        0.32324   1   4
        0.57143        0.98296   1   5
        0.57143        1.36668   1   6
        0.57143        1.59691   1   7
        0.57143        1.59691   1   8
        0.57143        2.36932   1   9
        0.57143        2.40294   1  10
        0.57143        3.63547   1  11
        0.57143        3.63547   1  12
        0.57143        3.79283   1  13
        0.57143        4.21944   1  14
        0.57143        4.65607   1  15
        0.57143        4.65607   1  16
        0.57143        4.90830   1  17
        0.57143        5.76560   1  18
        0.57143        5.92247   1  19
        0.57143        6.26214   1  20
        0.57143        6.26214   1  21
        0.57143        6.47408   1  22
        0.57143        7.07758   1  23
        0.57143        8.38209   1  24
        0.57143        9.46802   1  25
        0.57143        9.46802   1  26
        0.61905       -0.64463   1   1
        0.61905        0.20639   1   2
        0.61905        0.29891   1   3
        0.61905        0.29891   1   4
        0.61905        0.97771   1   5
        0.61905        1.30662   1   6
        0.61905        1.64861   1   7
        0.61905        1.64861   1   8
        0.61905        2.37331   1   9
        0.61905        2.39067   1  10
        0.61905        3.55027   1  11
        0.61905        3.55027   1  12
        0.61905        3.87679   1  13
        0.61905        4.24353   1  14
        0.61905        4.69032   1  15
        0.61905        4.69032   1  16
        0.61905        5.03300   1  17
        0.61905        5.74896   1  18
        0.61905        5.79423   1  19
        0.61905        6.16125   1  20
        0.61905        6.16125   1  21
        0.61905        6.49382   1  22
        0.61905        7.06575   1  23
        0.61905        8.29118   1  24
        0.61905        9.51353   1  25
        0.61905        9.51353   1  26
        0.66667       -0.60480   1   1
        0.66667        0.14905   1   2
        0.66667        0.27722   1   3
        0.66667        0.27722   1   4
        0.66667        0.97504   1   5
        0.66667        1.25209   1   6
        0.66667        1.69848   1   7
        0.66667        1.69848   1   8
        0.66667        2.35406   1   9
        0.66667        2.40727   1  10
        0.66667        3.47575   1  11
        0.66667        3.47575   1  12
        0.66667        3.99438   1  13
        0.66667        4.28487   1  14
        0.66667        4.71917   1  15
        0.66667        4.71917   1  16
        0.66667        5.12223   1  17
        0.66667        5.66981   1  18
        0.66667        5.70404   1  19
        0.66667        6.08168   1  20
        0.66667        6.08168   1  21
        0.66667        6.54296   1  22
        0.66667        7.02516   1  23
        0.66667        8.17226   1  24
        0.66667        9.53160   1  25
        0.66667        9.53160   1  26
        0.71429       -0.56235   1   1
        0.71429        0.09077   1   2
        0.71429        0.25824   1   3
        0.71429        0.25824   1   4
        0.71429        0.97412   1   5
        0.71429        1.20477   1   6
        0.71429        1.74500   1   7
        0.71429        1.74500   1   8
        0.71429        2.34824   1   9
        0.71429        2.41705   1  10
        0.71429        3.40483   1  11
        0.71429        3.40483   1  12
        0.71429        4.10677   1  13
        0.71429        4.34097   1  14
        0.71429        4.73974   1  15
        0.71429        4.73974   1  16
        0.71429        5.19938   1  17
        0.71429        5.53660   1  18
        0.71429        5.66530   1  19
        0.71429        6.01121   1  20
        0.71429        6.01121   1  21
        0.71429        6.59650   1  22
        0.71429        6.94406   1  23
        0.71429        8.01487   1  24
        0.71429        9.52598   1  25
        0.71429        9.52598   1  26
        0.76190       -0.51744   1   1
        0.76190        0.03188   1   2
        0.76190        0.24202   1   3
        0.76190        0.24202   1   4
        0.76190        0.97422   1   5
        0.76190        1.16442   1   6
        0.76190        1.78694   1   7
        0.76190        1.78694   1   8
        0.76190        2.35243   1   9
        0.76190        2.41980   1  10
        0.76190        3.33816   1  11
        0.76190        3.33816   1  12
        0.76190        4.18859   1  13
        0.76190        4.40146   1  14
        0.76190        4.75383   1  15
        0.76190        4.75383   1  16
        0.76190        5.23661   1  17
        0.76190        5.39225   1  18
        0.76190        5.67292   1  19
        0.76190        5.93701   1  20
        0.76190        5.93701   1  21
        0.76190        6.67182   1  22
        0.76190        6.82006   1  23
        0.76190        7.81594   1  24
        0.76190        9.51721   1  25
        0.76190        9.51721   1  26
        0.80952       -0.47016   1   1
        0.80952       -0.02734   1   2
        0.80952        0.22862   1   3
        0.80952        0.22862   1   4
        0.80952        0.97558   1   5
        0.80952        1.12978   1   6
        0.80952        1.82371   1   7
        0.80952        1.82371   1   8
        0.80952        2.36232   1   9
        0.80952        2.41814   1  10
        0.80952        3.28457   1  11
        0.80952        3.28457   1  12
        0.80952        4.24955   1  13
        0.80952        4.45917   1  14
        0.80952        4.77031   1  15
        0.80952        4.77031   1  16
        0.80952        5.20068   1  17
        0.80952        5.24819   1  18
        0.80952        5.75401   1  19
        0.80952        5.86063   1  20
        0.80952        5.86063   1  21
        0.80952        6.66705   1  22
        0.80952        6.79180   1  23
        0.80952        7.59350   1  24
        0.80952        9.52070   1  25
        0.80952        9.52070   1  26
        0.85714       -0.42066   1   1
        0.85714       -0.08651   1   2
        0.85714        0.21815   1   3
        0.85714        0.21815   1   4
        0.85714        0.97966   1   5
        0.85714        1.09934   1   6
        0.85714        1.85496   1   7
        0.85714        1.85496   1   8
        0.85714        2.37542   1   9
        0.85714        2.41601   1  10
        0.85714        3.25378   1  11
        0.85714        3.25378   1  12
        0.85714        4.32340   1  13
        0.85714        4.51957   1  14
        0.85714        4.79901   1  15
        0.85714        4.79901   1  16
        0.85714        5.11610   1  17
        0.85714        5.11791   1  18
        0.85714        5.79764   1  19
        0.85714        5.79764   1  20
        0.85714        5.88295   1  21
        0.85714        6.51306   1  22
        0.85714        6.94195   1  23
        0.85714        7.38954   1  24
        0.85714        9.53257   1  25
        0.85714        9.53257   1  26
        0.90476       -0.36904   1   1
        0.90476       -0.14527   1   2
        0.90476        0.21070   1   3
        0.90476        0.21070   1   4
        0.90476        0.98833   1   5
        0.90476        1.07160   1   6
        0.90476        1.87966   1   7
        0.90476        1.87966   1   8
        0.90476        2.39009   1   9
        0.90476        2.41555   1  10
        0.90476        3.24684   1  11
        0.90476        3.24684   1  12
        0.90476        4.43638   1  13
        0.90476        4.59444   1  14
        0.90476        4.83990   1  15
        0.90476        4.83990   1  16
        0.90476        5.00110   1  17
        0.90476        5.01097   1  18
        0.90476        5.76145   1  19
        0.90476        5.76145   1  20
        0.90476        6.02347   1  21
        0.90476        6.38724   1  22
        0.90476        7.07676   1  23
        0.90476        7.24877   1  24
        0.90476        9.53922   1  25
        0.90476        9.53922   1  26
        0.95238       -0.31544   1   1
        0.95238       -0.20325   1   2
        0.95238        0.20626   1   3
        0.95238        0.20626   1   4
        0.95238        1.00267   1   5
        0.95238        1.04578   1   6
        0.95238        1.89586   1   7
        0.95238        1.89586   1   8
        0.95238        2.40343   1   9
        0.95238        2.41543   1  10
        0.95238        3.25302   1  11
        0.95238        3.25302   1  12
        0.95238        4.58490   1  13
        0.95238        4.68668   1  14
        0.95238        4.87859   1  15
        0.95238        4.87859   1  16
        0.95238        4.88125   1  17
        0.95238        4.89939   1  18
        0.95238        5.74950   1  19
        0.95238        5.74950   1  20
        0.95238        6.14350   1  21
        0.95238        6.29940   1  22
        0.95238        7.15594   1  23
        0.95238        7.18804   1  24
        0.95238        9.53657   1  25
        0.95238        9.53657   1  26
        1.00000       -0.26009   1   1
        1.00000       -0.26009   1   2
        1.00000        0.20479   1   3
        1.00000        0.20479   1   4
        1.00000        1.02231   1   5
        1.00000        1.02231   1   6
        1.00000        1.90156   1   7
        1.00000        1.90156   1   8
        1.00000        2.41218   1   9
        1.00000        2.41218   1  10
        1.00000        3.25739   1  11
        1.00000        3.25739   1  12
        1.00000        4.74159   1  13
        1.00000        4.74159   1  14
        1.00000        4.78995   1  15
        1.00000        4.78995   1  16
        1.00000        4.89474   1  17
        1.00000        4.89474   1  18
        1.00000        5.74806   1  19
        1.00000        5.74806   1  20
        1.00000        6.22950   1  21
        1.00000        6.22950   1  22
        1.00000        7.17764   1  23
        1.00000        7.17764   1  24
        1.00000        9.53352   1  25
        1.00000        9.53352   1  26
        1.00000       -0.26009   1   1
        1.00000       -0.26009   1   2
        1.00000        0.20479   1   3
        1.00000        0.20479   1   4
        1.00000        1.02231   1   5
        1.00000        1.02231   1   6
        1.00000        1.90156   1   7
        1.00000        1.90156   1   8
        1.00000        2.41218   1   9
        1.00000        2.41218   1  10
        1.00000        3.25739   1  11
        1.00000        3.25739   1  12
        1.00000        4.74159   1  13
        1.00000        4.74159   1  14
        1.00000        4.78995   1  15
        1.00000        4.78995   1  16
        1.00000        4.89474   1  17
        1.00000        4.89474   1  18
        1.00000        5.74806   1  19
        1.00000        5.74806   1  20
        1.00000        6.22950   1  21
        1.00000        6.22950   1  22
        1.00000        7.17764   1  23
        1.00000        7.17764   1  24
        1.00000        9.53352   1  25
        1.00000        9.53352   1  26
        1.05893       -0.25908   1   1
        1.05893       -0.25800   1   2
        1.05893        0.19222   1   3
        1.05893        0.20680   1   4
        1.05893        1.02507   1   5
        1.05893        1.03891   1   6
        1.05893        1.89586   1   7
        1.05893        1.89809   1   8
        1.05893        2.39725   1   9
        1.05893        2.41028   1  10
        1.05893        3.24152   1  11
        1.05893        3.26245   1  12
        1.05893        4.73103   1  13
        1.05893        4.75921   1  14
        1.05893        4.76292   1  15
        1.05893        4.79168   1  16
        1.05893        4.90224   1  17
        1.05893        4.91120   1  18
        1.05893        5.72167   1  19
        1.05893        5.77143   1  20
        1.05893        6.23291   1  21
        1.05893        6.23810   1  22
        1.05893        7.18154   1  23
        1.05893        7.20949   1  24
        1.05893        9.50663   1  25
        1.05893        9.51967   1  26
        1.11785       -0.25634   1   1
        1.11785       -0.25172   1   2
        1.11785        0.15811   1   3
        1.11785        0.21277   1   4
        1.11785        1.03263   1   5
        1.11785        1.08544   1   6
        1.11785        1.87939   1   7
        1.11785        1.88875   1   8
        1.11785        2.35549   1   9
        1.11785        2.40783   1  10
        1.11785        3.19693   1  11
        1.11785        3.27853   1  12
        1.11785        4.68884   1  13
        1.11785        4.70870   1  14
        1.11785        4.78855   1  15
        1.11785        4.79846   1  16
        1.11785        4.91085   1  17
        1.11785        4.95320   1  18
        1.11785        5.64542   1  19
        1.11785        5.84688   1  20
        1.11785        6.21132   1  21
        1.11785        6.27092   1  22
        1.11785        7.20063   1  23
        1.11785        7.31508   1  24
        1.11785        9.44223   1  25
        1.11785        9.48760   1  26
        1.17678       -0.25290   1   1
        1.17678       -0.24126   1   2
        1.17678        0.11061   1   3
        1.17678        0.22259   1   4
        1.17678        1.04340   1   5
        1.17678        1.15541   1   6
        1.17678        1.85361   1   7
        1.17678        1.87575   1   8
        1.17678        2.29469   1   9
        1.17678        2.41194   1  10
        1.17678        3.13065   1  11
        1.17678        3.30668   1  12
        1.17678        4.60842   1  13
        1.17678        4.66867   1  14
        1.17678        4.76816   1  15
        1.17678        4.83306   1  16
        1.17678        4.90413   1  17
        1.17678        5.00731   1  18
        1.17678        5.51968   1  19
        1.17678        5.96762   1  20
        1.17678        6.14200   1  21
        1.17678        6.34138   1  22
        1.17678        7.25676   1  23
        1.17678        7.47657   1  24
        1.17678        9.35872   1  25
        1.17678        9.45007   1  26
        1.23570       -0.25099   1   1
        1.23570       -0.22663   1   2
        1.23570        0.05876   1   3
        1.23570        0.23610   1   4
        1.23570        1.05608   1   5
        1.23570        1.24366   1   6
        1.23570        1.81995   1   7
        1.23570        1.86054   1   8
        1.23570        2.22346   1   9
        1.23570        2.42770   1  10
        1.23570        3.05177   1  11
        1.23570        3.34921   1  12
        1.23570        4.50864   1  13
        1.23570        4.64879   1  14
        1.23570        4.72751   1  15
        1.23570        4.85461   1  16
        1.23570        4.89025   1  17
        1.23570        5.06519   1  18
        1.23570        5.34994   1  19
        1.23570        6.04981   1  20
        1.23570        6.09927   1  21
        1.23570        6.43262   1  22
        1.23570        7.39182   1  23
        1.23570        7.63826   1  24
        1.23570        9.23833   1  25
        1.23570        9.40284   1  26
        1.29463       -0.25501   1   1
        1.29463       -0.20786   1   2
        1.29463        0.01182   1   3
        1.29463        0.25312   1   4
        1.29463        1.07061   1   5
        1.29463        1.34705   1   6
        1.29463        1.77951   1   7
        1.29463        1.84276   1   8
        1.29463        2.14922   1   9
        1.29463        2.45379   1  10
        1.29463        2.97277   1  11
        1.29463        3.40708   1  12
        1.29463        4.41484   1  13
        1.29463        4.62784   1  14
        1.29463        4.66255   1  15
        1.29463        4.87749   1  16
        1.29463        4.89212   1  17
        1.29463        5.13174   1  18
        1.29463        5.16714   1  19
        1.29463        5.96520   1  20
        1.29463        6.21002   1  21
        1.29463        6.48216   1  22
        1.29463        7.64577   1  23
        1.29463        7.75498   1  24
        1.29463        9.04771   1  25
        1.29463        9.33247   1  26
        1.35355       -0.27151   1   1
        1.35355       -0.18498   1   2
        1.35355       -0.02044   1   3
        1.35355        0.27347   1   4
        1.35355        1.08806   1   5
        1.35355        1.46124   1   6
        1.35355        1.73316   1   7
        1.35355        1.82110   1   8
        1.35355        2.07852   1   9
        1.35355        2.48352   1  10
        1.35355        2.90780   1  11
        1.35355        3.46892   1  12
        1.35355        4.34071   1  13
        1.35355        4.56574   1  14
        1.35355        4.62339   1  15
        1.35355        4.89812   1  16
        1.35355        4.91521   1  17
        1.35355        5.01672   1  18
        1.35355        5.22086   1  19
        1.35355        5.90730   1  20
        1.35355        6.29803   1  21
        1.35355        6.46482   1  22
        1.35355        7.80827   1  23
        1.35355        7.97530   1  24
        1.35355        8.78611   1  25
        1.35355        9.24081   1  26
        1.35355       -0.27151   1   1
        1.35355       -0.18498   1   2
        1.35355       -0.02044   1   3
        1.35355        0.27347   1   4
        1.35355        1.08806   1   5
        1.35355        1.46124   1   6
        1.35355        1.73316   1   7
        1.35355        1.82110   1   8
        1.35355        2.07852   1   9
        1.35355        2.48352   1  10
        1.35355        2.90780   1  11
        1.35355        3.46892   1  12
        1.35355        4.34071   1  13
        1.35355        4.56574   1  14
        1.35355        4.62339   1  15
        1.35355        4.89812   1  16
        1.35355        4.91521   1  17
        1.35355        5.01672   1  18
        1.35355        5.22086   1  19
        1.35355        5.90730   1  20
        1.35355        6.29803   1  21
        1.35355        6.46482   1  22
        1.35355        7.80827   1  23
        1.35355        7.97530   1  24
        1.35355        8.78611   1  25
        1.35355        9.24081   1  26
        1.40177       -0.29756   1   1
        1.40177       -0.16324   1   2
        1.40177       -0.03116   1   3
        1.40177        0.29241   1   4
        1.40177        1.10539   1   5
        1.40177        1.55603   1   6
        1.40177        1.69164   1   7
        1.40177        1.80042   1   8
        1.40177        2.02759   1   9
        1.40177        2.50564   1  10
        1.40177        2.87040   1  11
        1.40177        3.50708   1  12
        1.40177        4.29580   1  13
        1.40177        4.47398   1  14
        1.40177        4.65426   1  15
        1.40177        4.89326   1  16
        1.40177        4.92399   1  17
        1.40177        4.95843   1  18
        1.40177        5.31085   1  19
        1.40177        5.88242   1  20
        1.40177        6.36869   1  21
        1.40177        6.42559   1  22
        1.40177        7.81906   1  23
        1.40177        8.22996   1  24
        1.40177        8.54557   1  25
        1.40177        9.16717   1  26
        1.44998       -0.33353   1   1
        1.44998       -0.13881   1   2
        1.44998       -0.02829   1   3
        1.44998        0.31325   1   4
        1.44998        1.12581   1   5
        1.44998        1.64141   1   6
        1.44998        1.64774   1   7
        1.44998        1.77842   1   8
        1.44998        1.98793   1   9
        1.44998        2.52397   1  10
        1.44998        2.84470   1  11
        1.44998        3.52472   1  12
        1.44998        4.26304   1  13
        1.44998        4.38958   1  14
        1.44998        4.70914   1  15
        1.44998        4.84050   1  16
        1.44998        4.89249   1  17
        1.44998        5.00787   1  18
        1.44998        5.40394   1  19
        1.44998        5.86517   1  20
        1.44998        6.39062   1  21
        1.44998        6.45099   1  22
        1.44998        7.83341   1  23
        1.44998        8.31272   1  24
        1.44998        8.43234   1  25
        1.44998        9.11211   1  26
        1.49819       -0.37578   1   1
        1.49819       -0.11170   1   2
        1.49819       -0.01496   1   3
        1.49819        0.33576   1   4
        1.49819        1.14901   1   5
        1.49819        1.60242   1   6
        1.49819        1.70037   1   7
        1.49819        1.75729   1   8
        1.49819        1.97027   1   9
        1.49819        2.53919   1  10
        1.49819        2.82376   1  11
        1.49819        3.52390   1  12
        1.49819        4.24111   1  13
        1.49819        4.31908   1  14
        1.49819        4.75310   1  15
        1.49819        4.77137   1  16
        1.49819        4.91154   1  17
        1.49819        5.05437   1  18
        1.49819        5.48818   1  19
        1.49819        5.83697   1  20
        1.49819        6.37658   1  21
        1.49819        6.54507   1  22
        1.49819        7.84830   1  23
        1.49819        8.14528   1  24
        1.49819        8.58051   1  25
        1.49819        9.08206   1  26
        1.54640       -0.42103   1   1
        1.54640       -0.08194   1   2
        1.54640        0.00587   1   3
        1.54640        0.35973   1   4
        1.54640        1.17409   1   5
        1.54640        1.55667   1   6
        1.54640        1.71451   1   7
        1.54640        1.73908   1   8
        1.54640        1.98851   1   9
        1.54640        2.55249   1  10
        1.54640        2.79997   1  11
        1.54640        3.51860   1  12
        1.54640        4.22866   1  13
        1.54640        4.25642   1  14
        1.54640        4.66128   1  15
        1.54640        4.84544   1  16
        1.54640        4.93587   1  17
        1.54640        5.08818   1  18
        1.54640        5.56340   1  19
        1.54640        5.79614   1  20
        1.54640        6.38917   1  21
        1.54640        6.63852   1  22
        1.54640        7.76264   1  23
        1.54640        8.16046   1  24
        1.54640        8.69136   1  25
        1.54640        9.06996   1  26
        1.59461       -0.46708   1   1
        1.59461       -0.04960   1   2
        1.59461        0.03219   1   3
        1.59461        0.38487   1   4
        1.59461        1.19980   1   5
        1.59461        1.51133   1   6
        1.59461        1.68944   1   7
        1.59461        1.72470   1   8
        1.59461        2.03597   1   9
        1.59461        2.56383   1  10
        1.59461        2.76875   1  11
        1.59461        3.52670   1  12
        1.59461        4.19021   1  13
        1.59461        4.22199   1  14
        1.59461        4.57550   1  15
        1.59461        4.89641   1  16
        1.59461        4.98322   1  17
        1.59461        5.10480   1  18
        1.59461        5.64267   1  19
        1.59461        5.76497   1  20
        1.59461        6.42488   1  21
        1.59461        6.71446   1  22
        1.59461        7.61758   1  23
        1.59461        8.29169   1  24
        1.59461        8.78080   1  25
        1.59461        9.06050   1  26
        1.64282       -0.51262   1   1
        1.64282       -0.01472   1   2
        1.64282        0.06278   1   3
        1.64282        0.41089   1   4
        1.64282        1.22481   1   5
        1.64282        1.46698   1   6
        1.64282        1.64540   1   7
        1.64282        1.71367   1   8
        1.64282        2.09401   1   9
        1.64282        2.57244   1  10
        1.64282        2.73074   1  11
        1.64282        3.55615   1  12
        1.64282        4.11459   1  13
        1.64282        4.21507   1  14
        1.64282        4.50962   1  15
        1.64282        4.85649   1  16
        1.64282        5.10634   1  17
        1.64282        5.10662   1  18
        1.64282        5.74291   1  19
        1.64282        5.76620   1  20
        1.64282        6.47506   1  21
        1.64282        6.76170   1  22
        1.64282        7.46030   1  23
        1.64282        8.45425   1  24
        1.64282        8.85279   1  25
        1.64282        9.04018   1  26
        1.69104       -0.55682   1   1
        1.69104        0.02259   1   2
        1.69104        0.09685   1   3
        1.69104        0.43741   1   4
        1.69104        1.24799   1   5
        1.69104        1.42396   1   6
        1.69104        1.59509   1   7
        1.69104        1.70472   1   8
        1.69104        2.15179   1   9
        1.69104        2.57946   1  10
        1.69104        2.69015   1  11
        1.69104        3.60129   1  12
        1.69104        4.03408   1  13
        1.69104        4.20206   1  14
        1.69104        4.47033   1  15
        1.69104        4.77917   1  16
        1.69104        5.09720   1  17
        1.69104        5.24923   1  18
        1.69104        5.79884   1  19
        1.69104        5.87206   1  20
        1.69104        6.52989   1  21
        1.69104        6.78052   1  22
        1.69104        7.28349   1  23
        1.69104        8.63564   1  24
        1.69104        8.90102   1  25
        1.69104        9.00556   1  26
        1.73925       -0.59918   1   1
        1.73925        0.06227   1   2
        1.73925        0.13389   1   3
        1.73925        0.46398   1   4
        1.73925        1.26844   1   5
        1.73925        1.38240   1   6
        1.73925        1.54469   1   7
        1.73925        1.69674   1   8
        1.73925        2.20304   1   9
        1.73925        2.58876   1  10
        1.73925        2.65008   1  11
        1.73925        3.65153   1  12
        1.73925        3.95630   1  13
        1.73925        4.18014   1  14
        1.73925        4.45181   1  15
        1.73925        4.69400   1  16
        1.73925        5.08051   1  17
        1.73925        5.39059   1  18
        1.73925        5.83963   1  19
        1.73925        6.02113   1  20
        1.73925        6.58131   1  21
        1.73925        6.78198   1  22
        1.73925        7.09845   1  23
        1.73925        8.82914   1  24
        1.73925        8.91970   1  25
        1.73925        8.96477   1  26
        1.78746       -0.63932   1   1
        1.78746        0.10423   1   2
        1.78746        0.17350   1   3
        1.78746        0.49010   1   4
        1.78746        1.28526   1   5
        1.78746        1.34241   1   6
        1.78746        1.49685   1   7
        1.78746        1.68955   1   8
        1.78746        2.24286   1   9
        1.78746        2.60324   1  10
        1.78746        2.61017   1  11
        1.78746        3.70154   1  12
        1.78746        3.88527   1  13
        1.78746        4.15105   1  14
        1.78746        4.44306   1  15
        1.78746        4.62404   1  16
        1.78746        5.05695   1  17
        1.78746        5.52211   1  18
        1.78746        5.85984   1  19
        1.78746        6.16745   1  20
        1.78746        6.62478   1  21
        1.78746        6.78125   1  22
        1.78746        6.94147   1  23
        1.78746        8.91424   1  24
        1.78746        8.93176   1  25
        1.78746        9.01277   1  26
        1.83567       -0.67699   1   1
        1.83567        0.14837   1   2
        1.83567        0.21533   1   3
        1.83567        0.51528   1   4
        1.83567        1.29741   1   5
        1.83567        1.30422   1   6
        1.83567        1.45187   1   7
        1.83567        1.68407   1   8
        1.83567        2.26849   1   9
        1.83567        2.56911   1  10
        1.83567        2.61993   1  11
        1.83567        3.75349   1  12
        1.83567        3.82434   1  13
        1.83567        4.12113   1  14
        1.83567        4.44012   1  15
        1.83567        4.58162   1  16
        1.83567        5.02542   1  17
        1.83567        5.64480   1  18
        1.83567        5.84179   1  19
        1.83567        6.29003   1  20
        1.83567        6.66004   1  21
        1.83567        6.78903   1  22
        1.83567        6.84335   1  23
        1.83567        8.90157   1  24
        1.83567        8.91722   1  25
        1.83567        9.15929   1  26
        1.88388       -0.71198   1   1
        1.88388        0.19459   1   2
        1.88388        0.25902   1   3
        1.88388        0.53910   1   4
        1.88388        1.26819   1   5
        1.88388        1.30378   1   6
        1.88388        1.40887   1   7
        1.88388        1.68175   1   8
        1.88388        2.28018   1   9
        1.88388        2.52954   1  10
        1.88388        2.63063   1  11
        1.88388        3.78551   1  12
        1.88388        3.81019   1  13
        1.88388        4.09872   1  14
        1.88388        4.43955   1  15
        1.88388        4.56921   1  16
        1.88388        4.98593   1  17
        1.88388        5.76870   1  18
        1.88388        5.79464   1  19
        1.88388        6.38544   1  20
        1.88388        6.69016   1  21
        1.88388        6.80410   1  22
        1.88388        6.80692   1  23
        1.88388        8.89874   1  24
        1.88388        8.92177   1  25
        1.88388        9.25170   1  26
        1.93210       -0.74415   1   1
        1.93210        0.24271   1   2
        1.93210        0.30419   1   3
        1.93210        0.56131   1   4
        1.93210        1.23477   1   5
        1.93210        1.30358   1   6
        1.93210        1.36687   1   7
        1.93210        1.68357   1   8
        1.93210        2.28063   1   9
        1.93210        2.50339   1  10
        1.93210        2.63625   1  11
        1.93210        3.78264   1  12
        1.93210        3.86879   1  13
        1.93210        4.08968   1  14
        1.93210        4.42245   1  15
        1.93210        4.58360   1  16
        1.93210        4.94266   1  17
        1.93210        5.75370   1  18
        1.93210        5.90711   1  19
        1.93210        6.46937   1  20
        1.93210        6.71950   1  21
        1.93210        6.80123   1  22
        1.93210        6.82972   1  23
        1.93210        8.91191   1  24
        1.93210        8.93497   1  25
        1.93210        9.28767   1  26
        1.98031       -0.77343   1   1
        1.98031        0.29247   1   2
        1.98031        0.35043   1   3
        1.98031        0.58173   1   4
        1.98031        1.20438   1   5
        1.98031        1.29648   1   6
        1.98031        1.32554   1   7
        1.98031        1.68873   1   8
        1.98031        2.27336   1   9
        1.98031        2.51395   1  10
        1.98031        2.66128   1  11
        1.98031        3.81290   1  12
        1.98031        3.92421   1  13
        1.98031        4.09422   1  14
        1.98031        4.37322   1  15
        1.98031        4.61494   1  16
        1.98031        4.90337   1  17
        1.98031        5.73848   1  18
        1.98031        6.06728   1  19
        1.98031        6.56111   1  20
        1.98031        6.75180   1  21
        1.98031        6.81527   1  22
        1.98031        6.85146   1  23
        1.98031        8.93545   1  24
        1.98031        8.94062   1  25
        1.98031        9.27562   1  26
        2.02852       -0.79973   1   1
        2.02852        0.34353   1   2
        2.02852        0.39722   1   3
        2.02852        0.60021   1   4
        2.02852        1.17730   1   5
        2.02852        1.28248   1   6
        2.02852        1.28527   1   7
        2.02852        1.69406   1   8
        2.02852        2.26135   1   9
        2.02852        2.58772   1  10
        2.02852        2.73886   1  11
        2.02852        3.86354   1  12
        2.02852        3.97592   1  13
        2.02852        4.10779   1  14
        2.02852        4.31398   1  15
        2.02852        4.64632   1  16
        2.02852        4.87554   1  17
        2.02852        5.71122   1  18
        2.02852        6.24414   1  19
        2.02852        6.66522   1  20
        2.02852        6.78909   1  21
        2.02852        6.83998   1  22
        2.02852        6.86953   1  23
        2.02852        8.92551   1  24
        2.02852        8.95843   1  25
        2.02852        9.22994   1  26
        2.07673       -0.82304   1   1
        2.07673        0.39540   1   2
        2.07673        0.44396   1   3
        2.07673        0.61660   1   4
        2.07673        1.15362   1   5
        2.07673        1.24679   1   6
        2.07673        1.26194   1   7
        2.07673        1.69616   1   8
        2.07673        2.24683   1   9
        2.07673        2.73582   1  10
        2.07673        2.88217   1  11
        2.07673        3.92921   1  12
        2.07673        4.02762   1  13
        2.07673        4.12452   1  14
        2.07673        4.28472   1  15
        2.07673        4.66240   1  16
        2.07673        4.86266   1  17
        2.07673        5.61573   1  18
        2.07673        6.42169   1  19
        2.07673        6.76760   1  20
        2.07673        6.83118   1  21
        2.07673        6.87159   1  22
        2.07673        6.88471   1  23
        2.07673        8.88707   1  24
        2.07673        8.97102   1  25
        2.07673        9.16611   1  26
        2.12494       -0.84331   1   1
        2.12494        0.44745   1   2
        2.12494        0.48989   1   3
        2.12494        0.63072   1   4
        2.12494        1.13327   1   5
        2.12494        1.21070   1   6
        2.12494        1.23560   1   7
        2.12494        1.69413   1   8
        2.12494        2.23168   1   9
        2.12494        2.93943   1  10
        2.12494        3.07213   1  11
        2.12494        4.00864   1  12
        2.12494        4.08152   1  13
        2.12494        4.14045   1  14
        2.12494        4.30684   1  15
        2.12494        4.65996   1  16
        2.12494        4.86172   1  17
        2.12494        5.44101   1  18
        2.12494        6.58106   1  19
        2.12494        6.84872   1  20
        2.12494        6.87577   1  21
        2.12494        6.89854   1  22
        2.12494        6.90062   1  23
        2.12494        8.83558   1  24
        2.12494        8.96806   1  25
        2.12494        9.09627   1  26
        2.17315       -0.86053   1   1
        2.17315        0.49878   1   2
        2.17315        0.53405   1   3
        2.17315        0.64241   1   4
        2.17315        1.11608   1   5
        2.17315        1.17726   1   6
        2.17315        1.20466   1   7
        2.17315        1.68915   1   8
        2.17315        2.21760   1   9
        2.17315        3.15311   1  10
        2.17315        3.26337   1  11
        2.17315        4.08682   1  12
        2.17315        4.13427   1  13
        2.17315        4.15471   1  14
        2.17315        4.38601   1  15
        2.17315        4.64971   1  16
        2.17315        4.86262   1  17
        2.17315        5.22391   1  18
        2.17315        6.70923   1  19
        2.17315        6.90169   1  20
        2.17315        6.91086   1  21
        2.17315        6.91983   1  22
        2.17315        6.92423   1  23
        2.17315        8.78927   1  24
        2.17315        8.95012   1  25
        2.17315        9.02804   1  26
        2.22137       -0.87465   1   1
        2.22137        0.54803   1   2
        2.22137        0.57512   1   3
        2.22137        0.65164   1   4
        2.22137        1.10194   1   5
        2.22137        1.14661   1   6
        2.22137        1.17090   1   7
        2.22137        1.68291   1   8
        2.22137        2.20602   1   9
        2.22137        3.32504   1  10
        2.22137        3.40313   1  11
        2.22137        4.14423   1  12
        2.22137        4.16856   1  13
        2.22137        4.17728   1  14
        2.22137        4.51287   1  15
        2.22137        4.64890   1  16
        2.22137        4.85223   1  17
        2.22137        5.01846   1  18
        2.22137        6.80215   1  19
        2.22137        6.91952   1  20
        2.22137        6.93898   1  21
        2.22137        6.95140   1  22
        2.22137        6.96188   1  23
        2.22137        8.76478   1  24
        2.22137        8.92196   1  25
        2.22137        8.96584   1  26
        2.26958       -0.88566   1   1
        2.26958        0.59317   1   2
        2.26958        0.61139   1   3
        2.26958        0.65849   1   4
        2.26958        1.09080   1   5
        2.26958        1.11932   1   6
        2.26958        1.13687   1   7
        2.26958        1.67678   1   8
        2.26958        2.19784   1   9
        2.26958        3.42242   1  10
        2.26958        3.46416   1  11
        2.26958        4.17989   1  12
        2.26958        4.18315   1  13
        2.26958        4.20293   1  14
        2.26958        4.64922   1  15
        2.26958        4.66852   1  16
        2.26958        4.82478   1  17
        2.26958        4.86917   1  18
        2.26958        6.86203   1  19
        2.26958        6.92243   1  20
        2.26958        6.97953   1  21
        2.26958        6.98993   1  22
        2.26958        7.00334   1  23
        2.26958        8.76805   1  24
        2.26958        8.88960   1  25
        2.26958        8.91204   1  26
        2.31779       -0.89353   1   1
        2.31779        0.63105   1   2
        2.31779        0.64057   1   3
        2.31779        0.66313   1   4
        2.31779        1.08271   1   5
        2.31779        1.09684   1   6
        2.31779        1.10632   1   7
        2.31779        1.67178   1   8
        2.31779        2.19323   1   9
        2.31779        3.44752   1  10
        2.31779        3.46235   1  11
        2.31779        4.19759   1  12
        2.31779        4.20026   1  13
        2.31779        4.21234   1  14
        2.31779        4.70318   1  15
        2.31779        4.73620   1  16
        2.31779        4.78866   1  17
        2.31779        4.80888   1  18
        2.31779        6.89487   1  19
        2.31779        6.92006   1  20
        2.31779        7.02808   1  21
        2.31779        7.03528   1  22
        2.31779        7.04374   1  23
        2.31779        8.79104   1  24
        2.31779        8.85877   1  25
        2.31779        8.86833   1  26
        2.36600       -0.89826   1   1
        2.36600        0.65718   1   2
        2.36600        0.65986   1   3
        2.36600        0.66580   1   4
        2.36600        1.07780   1   5
        2.36600        1.08160   1   6
        2.36600        1.08430   1   7
        2.36600        1.66856   1   8
        2.36600        2.19136   1   9
        2.36600        3.43450   1  10
        2.36600        3.43724   1  11
        2.36600        4.20871   1  12
        2.36600        4.21014   1  13
        2.36600        4.21339   1  14
        2.36600        4.73525   1  15
        2.36600        4.74429   1  16
        2.36600        4.75925   1  17
        2.36600        4.83409   1  18
        2.36600        6.90968   1  19
        2.36600        6.91580   1  20
        2.36600        7.07043   1  21
        2.36600        7.07278   1  22
        2.36600        7.07527   1  23
        2.36600        8.81635   1  24
        2.36600        8.83577   1  25
        2.36600        8.83816   1  26
        2.41421       -0.89984   1   1
        2.41421        0.66666   1   2
        2.41421        0.66666   1   3
        2.41421        0.66666   1   4
        2.41421        1.07614   1   5
        2.41421        1.07614   1   6
        2.41421        1.07614   1   7
        2.41421        1.66745   1   8
        2.41421        2.19094   1   9
        2.41421        3.42424   1  10
        2.41421        3.42424   1  11
        2.41421        4.21294   1  12
        2.41421        4.21294   1  13
        2.41421        4.21294   1  14
        2.41421        4.74812   1  15
        2.41421        4.74812   1  16
        2.41421        4.74812   1  17
        2.41421        4.84469   1  18
        2.41421        6.91377   1  19
        2.41421        6.91377   1  20
        2.41421        7.08737   1  21
        2.41421        7.08737   1  22
        2.41421        7.08737   1  23
        2.41421        8.82710   1  24
        2.41421        8.82710   1  25
        2.41421        8.82710   1  26
        2.41421       -0.89984   1   1
        2.41421        0.66666   1   2
        2.41421        0.66666   1   3
        2.41421        0.66666   1   4
        2.41421        1.07614   1   5
        2.41421        1.07614   1   6
        2.41421        1.07614   1   7
        2.41421        1.66745   1   8
        2.41421        2.19094   1   9
        2.41421        3.42424   1  10
        2.41421        3.42424   1  11
        2.41421        4.21294   1  12
        2.41421        4.21294   1  13
        2.41421        4.21294   1  14
        2.41421        4.74812   1  15
        2.41421        4.74812   1  16
        2.41421        4.74812   1  17
        2.41421        4.84469   1  18
        2.41421        6.91377   1  19
        2.41421        6.91377   1  20
        2.41421        7.08737   1  21
        2.41421        7.08737   1  22
        2.41421        7.08737   1  23
        2.41421        8.82710   1  24
        2.41421        8.82710   1  25
        2.41421        8.82710   1  26
        2.46233       -0.89827   1   1
        2.46233        0.65525   1   2
        2.46233        0.66383   1   3
        2.46233        0.66383   1   4
        2.46233        1.07998   1   5
        2.46233        1.07998   1   6
        2.46233        1.08366   1   7
        2.46233        1.66856   1   8
        2.46233        2.19133   1   9
        2.46233        3.43609   1  10
        2.46233        3.43609   1  11
        2.46233        4.20918   1  12
        2.46233        4.20918   1  13
        2.46233        4.21365   1  14
        2.46233        4.73593   1  15
        2.46233        4.75148   1  16
        2.46233        4.75148   1  17
        2.46233        4.83382   1  18
        2.46233        6.91274   1  19
        2.46233        6.91274   1  20
        2.46233        7.07215   1  21
        2.46233        7.07215   1  22
        2.46233        7.07427   1  23
        2.46233        8.82359   1  24
        2.46233        8.82359   1  25
        2.46233        8.84269   1  26
        2.51044       -0.89356   1   1
        2.51044        0.62367   1   2
        2.51044        0.65571   1   3
        2.51044        0.65571   1   4
        2.51044        1.09094   1   5
        2.51044        1.09094   1   6
        2.51044        1.10350   1   7
        2.51044        1.67193   1   8
        2.51044        2.19285   1   9
        2.51044        3.45880   1  10
        2.51044        3.45880   1  11
        2.51044        4.19813   1  12
        2.51044        4.19813   1  13
        2.51044        4.21042   1  14
        2.51044        4.70512   1  15
        2.51044        4.76382   1  16
        2.51044        4.76382   1  17
        2.51044        4.80094   1  18
        2.51044        6.90678   1  19
        2.51044        6.90678   1  20
        2.51044        7.03474   1  21
        2.51044        7.03474   1  22
        2.51044        7.03767   1  23
        2.51044        8.81616   1  24
        2.51044        8.81616   1  25
        2.51044        8.88034   1  26
        2.55855       -0.88572   1   1
        2.55855        0.57749   1   2
        2.55855        0.64325   1   3
        2.55855        0.64325   1   4
        2.55855        1.10756   1   5
        2.55855        1.10756   1   6
        2.55855        1.13014   1   7
        2.55855        1.67759   1   8
        2.55855        2.19632   1   9
        2.55855        3.46161   1  10
        2.55855        3.46161   1  11
        2.55855        4.18053   1  12
        2.55855        4.18053   1  13
        2.55855        4.19141   1  14
        2.55855        4.60032   1  15
        2.55855        4.78935   1  16
        2.55855        4.78935   1  17
        2.55855        4.81662   1  18
        2.55855        6.88406   1  19
        2.55855        6.88406   1  20
        2.55855        6.98206   1  21
        2.55855        6.99864   1  22
        2.55855        6.99864   1  23
        2.55855        8.81316   1  24
        2.55855        8.81316   1  25
        2.55855        8.92172   1  26
        2.60666       -0.87476   1   1
        2.60666        0.52162   1   2
        2.60666        0.62766   1   3
        2.60666        0.62766   1   4
        2.60666        1.12808   1   5
        2.60666        1.12808   1   6
        2.60666        1.15888   1   7
        2.60666        1.68553   1   8
        2.60666        2.20254   1   9
        2.60666        3.41512   1  10
        2.60666        3.41512   1  11
        2.60666        4.14421   1  12
        2.60666        4.15887   1  13
        2.60666        4.15887   1  14
        2.60666        4.42152   1  15
        2.60666        4.82732   1  16
        2.60666        4.82732   1  17
        2.60666        4.90623   1  18
        2.60666        6.83195   1  19
        2.60666        6.83195   1  20
        2.60666        6.90967   1  21
        2.60666        6.98544   1  22
        2.60666        6.98544   1  23
        2.60666        8.82411   1  24
        2.60666        8.82411   1  25
        2.60666        8.95529   1  26
        2.65478       -0.86071   1   1
        2.65478        0.45954   1   2
        2.65478        0.61013   1   3
        2.65478        0.61013   1   4
        2.65478        1.15083   1   5
        2.65478        1.15083   1   6
        2.65478        1.18682   1   7
        2.65478        1.69568   1   8
        2.65478        2.21203   1   9
        2.65478        3.30846   1  10
        2.65478        3.30846   1  11
        2.65478        4.04600   1  12
        2.65478        4.13853   1  13
        2.65478        4.13853   1  14
        2.65478        4.24692   1  15
        2.65478        4.86869   1  16
        2.65478        4.86869   1  17
        2.65478        5.04190   1  18
        2.65478        6.75954   1  19
        2.65478        6.75954   1  20
        2.65478        6.82295   1  21
        2.65478        6.98732   1  22
        2.65478        6.98732   1  23
        2.65478        8.85327   1  24
        2.65478        8.85327   1  25
        2.65478        8.98285   1  26
        2.70289       -0.84358   1   1
        2.70289        0.39358   1   2
        2.70289        0.59173   1   3
        2.70289        0.59173   1   4
        2.70289        1.17448   1   5
        2.70289        1.17448   1   6
        2.70289        1.21255   1   7
        2.70289        1.70792   1   8
        2.70289        2.22478   1   9
        2.70289        3.15357   1  10
        2.70289        3.15357   1  11
        2.70289        3.88118   1  12
        2.70289        4.12426   1  13
        2.70289        4.12426   1  14
        2.70289        4.15683   1  15
        2.70289        4.90248   1  16
        2.70289        4.90248   1  17
        2.70289        5.19766   1  18
        2.70289        6.67837   1  19
        2.70289        6.67837   1  20
        2.70289        6.72960   1  21
        2.70289        6.98903   1  22
        2.70289        6.98903   1  23
        2.70289        8.89640   1  24
        2.70289        8.89640   1  25
        2.70289        9.01270   1  26
        2.75100       -0.82339   1   1
        2.75100        0.32541   1   2
        2.75100        0.57335   1   3
        2.75100        0.57335   1   4
        2.75100        1.19797   1   5
        2.75100        1.19797   1   6
        2.75100        1.23549   1   7
        2.75100        1.72196   1   8
        2.75100        2.24012   1   9
        2.75100        2.97993   1  10
        2.75100        2.97993   1  11
        2.75100        3.71823   1  12
        2.75100        4.11428   1  13
        2.75100        4.11428   1  14
        2.75100        4.13564   1  15
        2.75100        4.92119   1  16
        2.75100        4.92119   1  17
        2.75100        5.35286   1  18
        2.75100        6.59799   1  19
        2.75100        6.59799   1  20
        2.75100        6.64648   1  21
        2.75100        6.98075   1  22
        2.75100        6.98075   1  23
        2.75100        8.94370   1  24
        2.75100        8.94370   1  25
        2.75100        9.04654   1  26
        2.79911       -0.80015   1   1
        2.79911        0.25615   1   2
        2.79911        0.55565   1   3
        2.79911        0.55565   1   4
        2.79911        1.22028   1   5
        2.79911        1.22028   1   6
        2.79911        1.25562   1   7
        2.79911        1.73731   1   8
        2.79911        2.25705   1   9
        2.79911        2.82400   1  10
        2.79911        2.82400   1  11
        2.79911        3.59049   1  12
        2.79911        4.09928   1  13
        2.79911        4.09928   1  14
        2.79911        4.16321   1  15
        2.79911        4.92109   1  16
        2.79911        4.92109   1  17
        2.79911        5.49137   1  18
        2.79911        6.52735   1  19
        2.79911        6.52735   1  20
        2.79911        6.59960   1  21
        2.79911        6.96051   1  22
        2.79911        6.96051   1  23
        2.79911        8.98624   1  24
        2.79911        8.98624   1  25
        2.79911        9.07221   1  26
        2.84723       -0.77389   1   1
        2.84723        0.18670   1   2
        2.84723        0.53903   1   3
        2.84723        0.53903   1   4
        2.84723        1.24030   1   5
        2.84723        1.24030   1   6
        2.84723        1.27308   1   7
        2.84723        1.75324   1   8
        2.84723        2.27433   1   9
        2.84723        2.71683   1  10
        2.84723        2.71683   1  11
        2.84723        3.48539   1  12
        2.84723        4.06728   1  13
        2.84723        4.06728   1  14
        2.84723        4.22146   1  15
        2.84723        4.90429   1  16
        2.84723        4.90429   1  17
        2.84723        5.59330   1  18
        2.84723        6.46833   1  19
        2.84723        6.46833   1  20
        2.84723        6.61218   1  21
        2.84723        6.93460   1  22
        2.84723        6.93460   1  23
        2.84723        9.01889   1  24
        2.84723        9.01889   1  25
        2.84723        9.06986   1  26
        2.89534       -0.74471   1   1
        2.89534        0.11773   1   2
        2.89534        0.52371   1   3
        2.89534        0.52371   1   4
        2.89534        1.25689   1   5
        2.89534        1.25689   1   6
        2.89534        1.28799   1   7
        2.89534        1.76895   1   8
        2.89534        2.29012   1   9
        2.89534        2.67344   1  10
        2.89534        2.67344   1  11
        2.89534        3.38059   1  12
        2.89534        4.00993   1  13
        2.89534        4.00993   1  14
        2.89534        4.28223   1  15
        2.89534        4.88376   1  16
        2.89534        4.88376   1  17
        2.89534        5.64278   1  18
        2.89534        6.41002   1  19
        2.89534        6.41002   1  20
        2.89534        6.67599   1  21
        2.89534        6.91327   1  22
        2.89534        6.91327   1  23
        2.89534        9.02719   1  24
        2.89534        9.03819   1  25
        2.89534        9.03819   1  26
        2.94345       -0.71272   1   1
        2.94345        0.04974   1   2
        2.94345        0.50978   1   3
        2.94345        0.50978   1   4
        2.94345        1.26932   1   5
        2.94345        1.26932   1   6
        2.94345        1.30031   1   7
        2.94345        1.78373   1   8
        2.94345        2.30235   1   9
        2.94345        2.68827   1  10
        2.94345        2.68827   1  11
        2.94345        3.26521   1  12
        2.94345        3.92867   1  13
        2.94345        3.92867   1  14
        2.94345        4.32243   1  15
        2.94345        4.88120   1  16
        2.94345        4.88120   1  17
        2.94345        5.63632   1  18
        2.94345        6.33441   1  19
        2.94345        6.33441   1  20
        2.94345        6.74849   1  21
        2.94345        6.90368   1  22
        2.94345        6.90368   1  23
        2.94345        8.94875   1  24
        2.94345        9.03984   1  25
        2.94345        9.03984   1  26
        2.99156       -0.67810   1   1
        2.99156       -0.01673   1   2
        2.99156        0.49734   1   3
        2.99156        0.49734   1   4
        2.99156        1.27757   1   5
        2.99156        1.27757   1   6
        2.99156        1.30999   1   7
        2.99156        1.79721   1   8
        2.99156        2.31010   1   9
        2.99156        2.73836   1  10
        2.99156        2.73836   1  11
        2.99156        3.14457   1  12
        2.99156        3.83907   1  13
        2.99156        3.83907   1  14
        2.99156        4.34212   1  15
        2.99156        4.91348   1  16
        2.99156        4.91348   1  17
        2.99156        5.57260   1  18
        2.99156        6.22901   1  19
        2.99156        6.22901   1  20
        2.99156        6.79772   1  21
        2.99156        6.90641   1  22
        2.99156        6.90641   1  23
        2.99156        8.85086   1  24
        2.99156        9.02148   1  25
        2.99156        9.02148   1  26
        3.03968       -0.64104   1   1
        3.03968       -0.08122   1   2
        3.03968        0.48656   1   3
        3.03968        0.48656   1   4
        3.03968        1.28242   1   5
        3.03968        1.28242   1   6
        3.03968        1.31727   1   7
        3.03968        1.80932   1   8
        3.03968        2.31461   1   9
        3.03968        2.79612   1  10
        3.03968        2.79612   1  11
        3.03968        3.03329   1  12
        3.03968        3.76230   1  13
        3.03968        3.76230   1  14
        3.03968        4.36495   1  15
        3.03968        4.98142   1  16
        3.03968        4.98142   1  17
        3.03968        5.45615   1  18
        3.03968        6.09543   1  19
        3.03968        6.09543   1  20
        3.03968        6.83228   1  21
        3.03968        6.91755   1  22
        3.03968        6.91755   1  23
        3.03968        8.75003   1  24
        3.03968        8.98837   1  25
        3.03968        8.98837   1  26
        3.08779       -0.60191   1   1
        3.08779       -0.14309   1   2
        3.08779        0.47761   1   3
        3.08779        0.47761   1   4
        3.08779        1.28511   1   5
        3.08779        1.28511   1   6
        3.08779        1.32269   1   7
        3.08779        1.82024   1   8
        3.08779        2.31808   1   9
        3.08779        2.84676   1  10
        3.08779        2.84676   1  11
        3.08779        2.94678   1  12
        3.08779        3.70662   1  13
        3.08779        3.70662   1  14
        3.08779        4.41755   1  15
        3.08779        5.07015   1  16
        3.08779        5.07015   1  17
        3.08779        5.31007   1  18
        3.08779        5.95201   1  19
        3.08779        5.95201   1  20
        3.08779        6.88722   1  21
        3.08779        6.93034   1  22
        3.08779        6.93034   1  23
        3.08779        8.65666   1  24
        3.08779        8.95423   1  25
        3.08779        8.95423   1  26
        3.13590       -0.56142   1   1
        3.13590       -0.20140   1   2
        3.13590        0.47066   1   3
        3.13590        0.47066   1   4
        3.13590        1.28683   1   5
        3.13590        1.28683   1   6
        3.13590        1.32694   1   7
        3.13590        1.83037   1   8
        3.13590        2.32128   1   9
        3.13590        2.89275   1  10
        3.13590        2.89275   1  11
        3.13590        2.89419   1  12
        3.13590        3.66254   1  13
        3.13590        3.66254   1  14
        3.13590        4.50602   1  15
        3.13590        5.15753   1  16
        3.13590        5.15753   1  17
        3.13590        5.17151   1  18
        3.13590        5.82642   1  19
        3.13590        5.82642   1  20
        3.13590        6.93745   1  21
        3.13590        6.93745   1  22
        3.13590        6.99114   1  23
        3.13590        8.57233   1  24
        3.13590        8.93296   1  25
        3.13590        8.93296   1  26
        3.18401       -0.52134   1   1
        3.18401       -0.25424   1   2
        3.18401        0.46577   1   3
        3.18401        0.46577   1   4
        3.18401        1.28825   1   5
        3.18401        1.28825   1   6
        3.18401        1.33039   1   7
        3.18401        1.83955   1   8
        3.18401        2.32371   1   9
        3.18401        2.87287   1  10
        3.18401        2.93886   1  11
        3.18401        2.93886   1  12
        3.18401        3.61996   1  13
        3.18401        3.61996   1  14
        3.18401        4.60652   1  15
        3.18401        5.07495   1  16
        3.18401        5.22504   1  17
        3.18401        5.22504   1  18
        3.18401        5.73988   1  19
        3.18401        5.73988   1  20
        3.18401        6.93563   1  21
        3.18401        6.93563   1  22
        3.18401        7.13837   1  23
        3.18401        8.49321   1  24
        3.18401        8.92862   1  25
        3.18401        8.92862   1  26
        3.23213       -0.48668   1   1
        3.23213       -0.29655   1   2
        3.23213        0.46289   1   3
        3.23213        0.46289   1   4
        3.23213        1.28936   1   5
        3.23213        1.28936   1   6
        3.23213        1.33281   1   7
        3.23213        1.84642   1   8
        3.23213        2.32538   1   9
        3.23213        2.86949   1  10
        3.23213        2.97836   1  11
        3.23213        2.97836   1  12
        3.23213        3.58324   1  13
        3.23213        3.58324   1  14
        3.23213        4.67825   1  15
        3.23213        5.03471   1  16
        3.23213        5.26456   1  17
        3.23213        5.26456   1  18
        3.23213        5.69547   1  19
        3.23213        5.69547   1  20
        3.23213        6.92885   1  21
        3.23213        6.92885   1  22
        3.23213        7.27971   1  23
        3.23213        8.42482   1  24
        3.23213        8.93379   1  25
        3.23213        8.93379   1  26
        3.28024       -0.47096   1   1
        3.28024       -0.31482   1   2
        3.28024        0.46194   1   3
        3.28024        0.46194   1   4
        3.28024        1.28980   1   5
        3.28024        1.28980   1   6
        3.28024        1.33370   1   7
        3.28024        1.84902   1   8
        3.28024        2.32605   1   9
        3.28024        2.87019   1  10
        3.28024        2.99473   1  11
        3.28024        2.99473   1  12
        3.28024        3.56793   1  13
        3.28024        3.56793   1  14
        3.28024        4.70106   1  15
        3.28024        5.02918   1  16
        3.28024        5.27700   1  17
        3.28024        5.27700   1  18
        3.28024        5.68295   1  19
        3.28024        5.68295   1  20
        3.28024        6.92519   1  21
        3.28024        6.92519   1  22
        3.28024        7.34048   1  23
        3.28024        8.39484   1  24
        3.28024        8.93724   1  25
        3.28024        8.93724   1  26
        3.28024       -0.47096   1   1
        3.28024       -0.31482   1   2
        3.28024        0.46194   1   3
        3.28024        0.46194   1   4
        3.28024        1.28980   1   5
        3.28024        1.28980   1   6
        3.28024        1.33370   1   7
        3.28024        1.84902   1   8
        3.28024        2.32605   1   9
        3.28024        2.87019   1  10
        3.28024        2.99473   1  11
        3.28024        2.99473   1  12
        3.28024        3.56793   1  13
        3.28024        3.56793   1  14
        3.28024        4.70106   1  15
        3.28024        5.02918   1  16
        3.28024        5.27700   1  17
        3.28024        5.27700   1  18
        3.28024        5.68295   1  19
        3.28024        5.68295   1  20
        3.28024        6.92519   1  21
        3.28024        6.92519   1  22
        3.28024        7.34048   1  23
        3.28024        8.39484   1  24
        3.28024        8.93724   1  25
        3.28024        8.93724   1  26
        3.33075       -0.46942   1   1
        3.33075       -0.31320   1   2
        3.33075        0.45424   1   3
        3.33075        0.45891   1   4
        3.33075        1.28829   1   5
        3.33075        1.29506   1   6
        3.33075        1.33853   1   7
        3.33075        1.84849   1   8
        3.33075        2.31725   1   9
        3.33075        2.84075   1  10
        3.33075        2.98622   1  11
        3.33075        3.01301   1  12
        3.33075        3.56210   1  13
        3.33075        3.58300   1  14
        3.33075        4.67444   1  15
        3.33075        5.03012   1  16
        3.33075        5.27129   1  17
        3.33075        5.27632   1  18
        3.33075        5.67502   1  19
        3.33075        5.67534   1  20
        3.33075        6.91233   1  21
        3.33075        6.91649   1  22
        3.33075        7.36000   1  23
        3.33075        8.38081   1  24
        3.33075        8.92619   1  25
        3.33075        8.94270   1  26
        3.38125       -0.46481   1   1
        3.38125       -0.30837   1   2
        3.38125        0.43215   1   3
        3.38125        0.44984   1   4
        3.38125        1.28422   1   5
        3.38125        1.30563   1   6
        3.38125        1.35819   1   7
        3.38125        1.84564   1   8
        3.38125        2.29197   1   9
        3.38125        2.77360   1  10
        3.38125        2.96444   1  11
        3.38125        3.05120   1  12
        3.38125        3.55760   1  13
        3.38125        3.62857   1  14
        3.38125        4.61799   1  15
        3.38125        5.03318   1  16
        3.38125        5.25658   1  17
        3.38125        5.27306   1  18
        3.38125        5.65391   1  19
        3.38125        5.65528   1  20
        3.38125        6.88004   1  21
        3.38125        6.88970   1  22
        3.38125        7.41089   1  23
        3.38125        8.35449   1  24
        3.38125        8.89473   1  25
        3.38125        8.96266   1  26
        3.43176       -0.45717   1   1
        3.43176       -0.30036   1   2
        3.43176        0.39829   1   3
        3.43176        0.43486   1   4
        3.43176        1.27879   1   5
        3.43176        1.31510   1   6
        3.43176        1.39836   1   7
        3.43176        1.83820   1   8
        3.43176        2.25365   1   9
        3.43176        2.69211   1  10
        3.43176        2.93882   1  11
        3.43176        3.09684   1  12
        3.43176        3.58381   1  13
        3.43176        3.70220   1  14
        3.43176        4.57710   1  15
        3.43176        5.03756   1  16
        3.43176        5.23842   1  17
        3.43176        5.26429   1  18
        3.43176        5.62191   1  19
        3.43176        5.63554   1  20
        3.43176        6.84300   1  21
        3.43176        6.84527   1  22
        3.43176        7.47452   1  23
        3.43176        8.34687   1  24
        3.43176        8.84988   1  25
        3.43176        9.00376   1  26
        3.48227       -0.44656   1   1
        3.48227       -0.28924   1   2
        3.48227        0.35595   1   3
        3.48227        0.41418   1   4
        3.48227        1.27353   1   5
        3.48227        1.32515   1   6
        3.48227        1.45454   1   7
        3.48227        1.82548   1   8
        3.48227        2.20738   1   9
        3.48227        2.61420   1  10
        3.48227        2.91898   1  11
        3.48227        3.14700   1  12
        3.48227        3.66097   1  13
        3.48227        3.79424   1  14
        3.48227        4.57746   1  15
        3.48227        5.03902   1  16
        3.48227        5.22231   1  17
        3.48227        5.24867   1  18
        3.48227        5.58184   1  19
        3.48227        5.62723   1  20
        3.48227        6.78554   1  21
        3.48227        6.81554   1  22
        3.48227        7.53478   1  23
        3.48227        8.36982   1  24
        3.48227        8.80301   1  25
        3.48227        9.06493   1  26
        3.53278       -0.43300   1   1
        3.53278       -0.27514   1   2
        3.53278        0.30834   1   3
        3.53278        0.38820   1   4
        3.53278        1.27032   1   5
        3.53278        1.33763   1   6
        3.53278        1.51871   1   7
        3.53278        1.80895   1   8
        3.53278        2.15848   1   9
        3.53278        2.55280   1  10
        3.53278        2.90910   1  11
        3.53278        3.20290   1  12
        3.53278        3.78182   1  13
        3.53278        3.88932   1  14
        3.53278        4.60618   1  15
        3.53278        5.03049   1  16
        3.53278        5.21219   1  17
        3.53278        5.22909   1  18
        3.53278        5.53456   1  19
        3.53278        5.62964   1  20
        3.53278        6.71263   1  21
        3.53278        6.80247   1  22
        3.53278        7.59174   1  23
        3.53278        8.40011   1  24
        3.53278        8.76156   1  25
        3.53278        9.12695   1  26
        3.58328       -0.41651   1   1
        3.58328       -0.25829   1   2
        3.58328        0.25805   1   3
        3.58328        0.35746   1   4
        3.58328        1.27144   1   5
        3.58328        1.35230   1   6
        3.58328        1.58204   1   7
        3.58328        1.79020   1   8
        3.58328        2.11155   1   9
        3.58328        2.51028   1  10
        3.58328        2.90680   1  11
        3.58328        3.26149   1  12
        3.58328        3.91919   1  13
        3.58328        3.97221   1  14
        3.58328        4.62382   1  15
        3.58328        5.00718   1  16
        3.58328        5.20784   1  17
        3.58328        5.20957   1  18
        3.58328        5.48430   1  19
        3.58328        5.62851   1  20
        3.58328        6.62899   1  21
        3.58328        6.79401   1  22
        3.58328        7.66166   1  23
        3.58328        8.39647   1  24
        3.58328        8.72375   1  25
        3.58328        9.16084   1  26
        3.63379       -0.39714   1   1
        3.63379       -0.23903   1   2
        3.63379        0.20710   1   3
        3.63379        0.32268   1   4
        3.63379        1.27895   1   5
        3.63379        1.36800   1   6
        3.63379        1.63519   1   7
        3.63379        1.76933   1   8
        3.63379        2.07116   1   9
        3.63379        2.48044   1  10
        3.63379        2.90779   1  11
        3.63379        3.30987   1  12
        3.63379        4.03297   1  13
        3.63379        4.03657   1  14
        3.63379        4.60459   1  15
        3.63379        4.97131   1  16
        3.63379        5.17796   1  17
        3.63379        5.20874   1  18
        3.63379        5.44505   1  19
        3.63379        5.60919   1  20
        3.63379        6.53858   1  21
        3.63379        6.77233   1  22
        3.63379        7.76175   1  23
        3.63379        8.32680   1  24
        3.63379        8.68319   1  25
        3.63379        9.15844   1  26
        3.68430       -0.37496   1   1
        3.68430       -0.21796   1   2
        3.68430        0.15721   1   3
        3.68430        0.28476   1   4
        3.68430        1.29364   1   5
        3.68430        1.38383   1   6
        3.68430        1.66929   1   7
        3.68430        1.74555   1   8
        3.68430        2.04352   1   9
        3.68430        2.45504   1  10
        3.68430        2.91187   1  11
        3.68430        3.32994   1  12
        3.68430        4.07157   1  13
        3.68430        4.09810   1  14
        3.68430        4.56801   1  15
        3.68430        4.92995   1  16
        3.68430        5.12945   1  17
        3.68430        5.19416   1  18
        3.68430        5.43302   1  19
        3.68430        5.57983   1  20
        3.68430        6.44346   1  21
        3.68430        6.72586   1  22
        3.68430        7.89276   1  23
        3.68430        8.19994   1  24
        3.68430        8.63544   1  25
        3.68430        9.13730   1  26
        3.73481       -0.35009   1   1
        3.73481       -0.19612   1   2
        3.73481        0.11018   1   3
        3.73481        0.24469   1   4
        3.73481        1.31481   1   5
        3.73481        1.39981   1   6
        3.73481        1.67784   1   7
        3.73481        1.71852   1   8
        3.73481        2.03663   1   9
        3.73481        2.42892   1  10
        3.73481        2.92525   1  11
        3.73481        3.31159   1  12
        3.73481        4.09951   1  13
        3.73481        4.10046   1  14
        3.73481        4.54446   1  15
        3.73481        4.88902   1  16
        3.73481        5.06897   1  17
        3.73481        5.15295   1  18
        3.73481        5.44697   1  19
        3.73481        5.57829   1  20
        3.73481        6.34299   1  21
        3.73481        6.65741   1  22
        3.73481        8.02972   1  23
        3.73481        8.07782   1  24
        3.73481        8.58616   1  25
        3.73481        9.10788   1  26
        3.78532       -0.32272   1   1
        3.78532       -0.17568   1   2
        3.78532        0.06870   1   3
        3.78532        0.20357   1   4
        3.78532        1.34075   1   5
        3.78532        1.41659   1   6
        3.78532        1.66165   1   7
        3.78532        1.68880   1   8
        3.78532        2.05507   1   9
        3.78532        2.40079   1  10
        3.78532        2.95727   1  11
        3.78532        3.26878   1  12
        3.78532        4.08851   1  13
        3.78532        4.13503   1  14
        3.78532        4.52887   1  15
        3.78532        4.84836   1  16
        3.78532        5.01177   1  17
        3.78532        5.09535   1  18
        3.78532        5.47568   1  19
        3.78532        5.63384   1  20
        3.78532        6.23770   1  21
        3.78532        6.57961   1  22
        3.78532        8.02479   1  23
        3.78532        8.12597   1  24
        3.78532        8.56385   1  25
        3.78532        9.06595   1  26
        3.83582       -0.29314   1   1
        3.83582       -0.16093   1   2
        3.83582        0.03739   1   3
        3.83582        0.16246   1   4
        3.83582        1.36944   1   5
        3.83582        1.43436   1   6
        3.83582        1.63068   1   7
        3.83582        1.65761   1   8
        3.83582        2.09536   1   9
        3.83582        2.37107   1  10
        3.83582        3.01348   1  11
        3.83582        3.23292   1  12
        3.83582        4.10067   1  13
        3.83582        4.18930   1  14
        3.83582        4.51519   1  15
        3.83582        4.80133   1  16
        3.83582        4.96469   1  17
        3.83582        5.04206   1  18
        3.83582        5.51420   1  19
        3.83582        5.74212   1  20
        3.83582        6.12897   1  21
        3.83582        6.50304   1  22
        3.83582        8.05167   1  23
        3.83582        8.15700   1  24
        3.83582        8.59442   1  25
        3.83582        9.00773   1  26
        3.88633       -0.26186   1   1
        3.88633       -0.15877   1   2
        3.88633        0.02331   1   3
        3.88633        0.12258   1   4
        3.88633        1.39892   1   5
        3.88633        1.45092   1   6
        3.88633        1.59818   1   7
        3.88633        1.62678   1   8
        3.88633        2.14890   1   9
        3.88633        2.33935   1  10
        3.88633        3.08809   1  11
        3.88633        3.22194   1  12
        3.88633        4.14710   1  13
        3.88633        4.25132   1  14
        3.88633        4.51231   1  15
        3.88633        4.73971   1  16
        3.88633        4.92988   1  17
        3.88633        4.99862   1  18
        3.88633        5.56577   1  19
        3.88633        5.86971   1  20
        3.88633        6.02989   1  21
        3.88633        6.42714   1  22
        3.88633        8.11720   1  23
        3.88633        8.16412   1  24
        3.88633        8.65303   1  25
        3.88633        8.93715   1  26
        3.93684       -0.22980   1   1
        3.93684       -0.17300   1   2
        3.93684        0.03021   1   3
        3.93684        0.08538   1   4
        3.93684        1.42706   1   5
        3.93684        1.45903   1   6
        3.93684        1.57760   1   7
        3.93684        1.59899   1   8
        3.93684        2.20612   1   9
        3.93684        2.30304   1  10
        3.93684        3.16151   1  11
        3.93684        3.22379   1  12
        3.93684        4.21639   1  13
        3.93684        4.28881   1  14
        3.93684        4.53128   1  15
        3.93684        4.66185   1  16
        3.93684        4.91615   1  17
        3.93684        4.96123   1  18
        3.93684        5.63912   1  19
        3.93684        5.85044   1  20
        3.93684        6.08430   1  21
        3.93684        6.33863   1  22
        3.93684        8.17050   1  23
        3.93684        8.17852   1  24
        3.93684        8.71741   1  25
        3.93684        8.86179   1  26
        3.98735       -0.19889   1   1
        3.98735       -0.19889   1   2
        3.98735        0.05319   1   3
        3.98735        0.05319   1   4
        3.98735        1.44985   1   5
        3.98735        1.44985   1   6
        3.98735        1.57937   1   7
        3.98735        1.57937   1   8
        3.98735        2.25886   1   9
        3.98735        2.25886   1  10
        3.98735        3.20962   1  11
        3.98735        3.20962   1  12
        3.98735        4.27519   1  13
        3.98735        4.27519   1  14
        3.98735        4.58333   1  15
        3.98735        4.58333   1  16
        3.98735        4.93010   1  17
        3.98735        4.93010   1  18
        3.98735        5.73864   1  19
        3.98735        5.73864   1  20
        3.98735        6.22276   1  21
        3.98735        6.22276   1  22
        3.98735        8.18827   1  23
        3.98735        8.18827   1  24
        3.98735        8.78721   1  25
        3.98735        8.78721   1  26
        3.98735       -0.19889   1   1
        3.98735       -0.19889   1   2
        3.98735        0.05319   1   3
        3.98735        0.05319   1   4
        3.98735        1.44985   1   5
        3.98735        1.44985   1   6
        3.98735        1.57937   1   7
        3.98735        1.57937   1   8
        3.98735        2.25886   1   9
        3.98735        2.25886   1  10
        3.98735        3.20962   1  11
        3.98735        3.20962   1  12
        3.98735        4.27519   1  13
        3.98735        4.27519   1  14
        3.98735        4.58333   1  15
        3.98735        4.58333   1  16
        3.98735        4.93010   1  17
        3.98735        4.93010   1  18
        3.98735        5.73864   1  19
        3.98735        5.73864   1  20
        3.98735        6.22276   1  21
        3.98735        6.22276   1  22
        3.98735        8.18827   1  23
        3.98735        8.18827   1  24
        3.98735        8.78721   1  25
        3.98735        8.78721   1  26
        4.03735       -0.20103   1   1
        4.03735       -0.20103   1   2
        4.03735        0.05722   1   3
        4.03735        0.05722   1   4
        4.03735        1.41513   1   5
        4.03735        1.41513   1   6
        4.03735        1.61332   1   7
        4.03735        1.61332   1   8
        4.03735        2.26040   1   9
        4.03735        2.26040   1  10
        4.03735        3.19957   1  11
        4.03735        3.19957   1  12
        4.03735        4.28373   1  13
        4.03735        4.28373   1  14
        4.03735        4.58336   1  15
        4.03735        4.58336   1  16
        4.03735        4.93220   1  17
        4.03735        4.93220   1  18
        4.03735        5.74205   1  19
        4.03735        5.74205   1  20
        4.03735        6.22306   1  21
        4.03735        6.22306   1  22
        4.03735        8.14753   1  23
        4.03735        8.14753   1  24
        4.03735        8.83739   1  25
        4.03735        8.83739   1  26
        4.08735       -0.20691   1   1
        4.08735       -0.20691   1   2
        4.08735        0.06865   1   3
        4.08735        0.06865   1   4
        4.08735        1.35309   1   5
        4.08735        1.35309   1   6
        4.08735        1.67255   1   7
        4.08735        1.67255   1   8
        4.08735        2.26601   1   9
        4.08735        2.26601   1  10
        4.08735        3.17771   1  11
        4.08735        3.17771   1  12
        4.08735        4.31977   1  13
        4.08735        4.31977   1  14
        4.08735        4.58813   1  15
        4.08735        4.58813   1  16
        4.08735        4.93757   1  17
        4.08735        4.93757   1  18
        4.08735        5.75027   1  19
        4.08735        5.75027   1  20
        4.08735        6.22158   1  21
        4.08735        6.22158   1  22
        4.08735        8.04932   1  23
        4.08735        8.04932   1  24
        4.08735        8.95694   1  25
        4.08735        8.95694   1  26
        4.13735       -0.21527   1   1
        4.13735       -0.21527   1   2
        4.13735        0.08577   1   3
        4.13735        0.08577   1   4
        4.13735        1.28992   1   5
        4.13735        1.28992   1   6
        4.13735        1.72961   1   7
        4.13735        1.72961   1   8
        4.13735        2.27767   1   9
        4.13735        2.27767   1  10
        4.13735        3.16143   1  11
        4.13735        3.16143   1  12
        4.13735        4.39433   1  13
        4.13735        4.39433   1  14
        4.13735        4.61065   1  15
        4.13735        4.61065   1  16
        4.13735        4.94270   1  17
        4.13735        4.94270   1  18
        4.13735        5.75599   1  19
        4.13735        5.75599   1  20
        4.13735        6.21925   1  21
        4.13735        6.21925   1  22
        4.13735        7.92558   1  23
        4.13735        7.92558   1  24
        4.13735        9.09257   1  25
        4.13735        9.09257   1  26
        4.18735       -0.22477   1   1
        4.18735       -0.22477   1   2
        4.18735        0.10662   1   3
        4.18735        0.10662   1   4
        4.18735        1.23058   1   5
        4.18735        1.23058   1   6
        4.18735        1.77829   1   7
        4.18735        1.77829   1   8
        4.18735        2.29590   1   9
        4.18735        2.29590   1  10
        4.18735        3.16238   1  11
        4.18735        3.16238   1  12
        4.18735        4.49814   1  13
        4.18735        4.49814   1  14
        4.18735        4.65730   1  15
        4.18735        4.65730   1  16
        4.18735        4.94181   1  17
        4.18735        4.94181   1  18
        4.18735        5.75402   1  19
        4.18735        5.75402   1  20
        4.18735        6.22102   1  21
        4.18735        6.22102   1  22
        4.18735        7.78693   1  23
        4.18735        7.78693   1  24
        4.18735        9.20703   1  25
        4.18735        9.20703   1  26
        4.23735       -0.23428   1   1
        4.23735       -0.23428   1   2
        4.23735        0.12930   1   3
        4.23735        0.12930   1   4
        4.23735        1.17579   1   5
        4.23735        1.17579   1   6
        4.23735        1.81762   1   7
        4.23735        1.81762   1   8
        4.23735        2.31874   1   9
        4.23735        2.31874   1  10
        4.23735        3.17926   1  11
        4.23735        3.17926   1  12
        4.23735        4.60594   1  13
        4.23735        4.60594   1  14
        4.23735        4.71465   1  15
        4.23735        4.71465   1  16
        4.23735        4.93245   1  17
        4.23735        4.93245   1  18
        4.23735        5.74656   1  19
        4.23735        5.74656   1  20
        4.23735        6.22945   1  21
        4.23735        6.22945   1  22
        4.23735        7.63194   1  23
        4.23735        7.63194   1  24
        4.23735        9.29079   1  25
        4.23735        9.29079   1  26
        4.28735       -0.24296   1   1
        4.28735       -0.24296   1   2
        4.28735        0.15201   1   3
        4.28735        0.15201   1   4
        4.28735        1.12608   1   5
        4.28735        1.12608   1   6
        4.28735        1.84842   1   7
        4.28735        1.84842   1   8
        4.28735        2.34332   1   9
        4.28735        2.34332   1  10
        4.28735        3.20299   1  11
        4.28735        3.20299   1  12
        4.28735        4.69322   1  13
        4.28735        4.69322   1  14
        4.28735        4.75336   1  15
        4.28735        4.75336   1  16
        4.28735        4.92196   1  17
        4.28735        4.92196   1  18
        4.28735        5.73954   1  19
        4.28735        5.73954   1  20
        4.28735        6.24217   1  21
        4.28735        6.24217   1  22
        4.28735        7.47031   1  23
        4.28735        7.47031   1  24
        4.28735        9.35587   1  25
        4.28735        9.35587   1  26
        4.33735       -0.25021   1   1
        4.33735       -0.25021   1   2
        4.33735        0.17285   1   3
        4.33735        0.17285   1   4
        4.33735        1.08327   1   5
        4.33735        1.08327   1   6
        4.33735        1.87174   1   7
        4.33735        1.87174   1   8
        4.33735        2.36767   1   9
        4.33735        2.36767   1  10
        4.33735        3.22527   1  11
        4.33735        3.22527   1  12
        4.33735        4.74472   1  13
        4.33735        4.74472   1  14
        4.33735        4.76124   1  15
        4.33735        4.76124   1  16
        4.33735        4.91767   1  17
        4.33735        4.91767   1  18
        4.33735        5.73793   1  19
        4.33735        5.73793   1  20
        4.33735        6.24986   1  21
        4.33735        6.24986   1  22
        4.33735        7.33051   1  23
        4.33735        7.33051   1  24
        4.33735        9.41704   1  25
        4.33735        9.41704   1  26
        4.38735       -0.25563   1   1
        4.38735       -0.25563   1   2
        4.38735        0.18980   1   3
        4.38735        0.18980   1   4
        4.38735        1.05019   1   5
        4.38735        1.05019   1   6
        4.38735        1.88825   1   7
        4.38735        1.88825   1   8
        4.38735        2.38983   1   9
        4.38735        2.38983   1  10
        4.38735        3.24238   1  11
        4.38735        3.24238   1  12
        4.38735        4.75289   1  13
        4.38735        4.75289   1  14
        4.38735        4.76780   1  15
        4.38735        4.76780   1  16
        4.38735        4.91345   1  17
        4.38735        4.91345   1  18
        4.38735        5.74183   1  19
        4.38735        5.74183   1  20
        4.38735        6.24535   1  21
        4.38735        6.24535   1  22
        4.38735        7.23684   1  23
        4.38735        7.23684   1  24
        4.38735        9.47530   1  25
        4.38735        9.47530   1  26
        4.43735       -0.25897   1   1
        4.43735       -0.25897   1   2
        4.43735        0.20092   1   3
        4.43735        0.20092   1   4
        4.43735        1.02939   1   5
        4.43735        1.02939   1   6
        4.43735        1.89821   1   7
        4.43735        1.89821   1   8
        4.43735        2.40610   1   9
        4.43735        2.40610   1  10
        4.43735        3.25344   1  11
        4.43735        3.25344   1  12
        4.43735        4.74495   1  13
        4.43735        4.74495   1  14
        4.43735        4.78177   1  15
        4.43735        4.78177   1  16
        4.43735        4.90250   1  17
        4.43735        4.90250   1  18
        4.43735        5.74642   1  19
        4.43735        5.74642   1  20
        4.43735        6.23471   1  21
        4.43735        6.23471   1  22
        4.43735        7.19041   1  23
        4.43735        7.19041   1  24
        4.43735        9.51807   1  25
        4.43735        9.51807   1  26
        4.48735       -0.26009   1   1
        4.48735       -0.26009   1   2
        4.48735        0.20479   1   3
        4.48735        0.20479   1   4
        4.48735        1.02231   1   5
        4.48735        1.02231   1   6
        4.48735        1.90156   1   7
        4.48735        1.90156   1   8
        4.48735        2.41218   1   9
        4.48735        2.41218   1  10
        4.48735        3.25739   1  11
        4.48735        3.25739   1  12
        4.48735        4.74159   1  13
        4.48735        4.74159   1  14
        4.48735        4.78995   1  15
        4.48735        4.78995   1  16
        4.48735        4.89474   1  17
        4.48735        4.89474   1  18
        4.48735        5.74806   1  19
        4.48735        5.74806   1  20
        4.48735        6.22950   1  21
        4.48735        6.22950   1  22
        4.48735        7.17764   1  23
        4.48735        7.17764   1  24
        4.48735        9.53352   1  25
        4.48735        9.53352   1  26
