# DATAdimer,alat15/DimerSYMI,dis,N,fsmom=0,alat=28.3459/rmt=0.837,EH=-1.0,EH2=-2.0,,
# c dis=-0 pwemax=4 fsmom=0 atomz=7 rmt=.837 rstar=.8 discenter=2.092 xcfunc=103 nspin=1 alat=28.3459 bzw=1e-4 ehf=-219.0430262 ehk=-219.0430261
# ordering= dis , data num= 9 data keys= ['-.1', '-.2', '-.3', '-.4', '-0', '.1', '.2', '.3', '.4']
#  dis pwemax fsmom atomz rmt rstar discenter xcfunc nspin alat bzw=1e-4 ehf ehk 
-0.4000 4 0 7 .837 .8 2.092 103 1 28.3459 1e-4 -218.6648869 
-0.3000 4 0 7 .837 .8 2.092 103 1 28.3459 1e-4 -218.8609738 
-0.2000 4 0 7 .837 .8 2.092 103 1 28.3459 1e-4 -218.9745183 
-0.1000 4 0 7 .837 .8 2.092 103 1 28.3459 1e-4 -219.0295037 
-0.0000 4 0 7 .837 .8 2.092 103 1 28.3459 1e-4 -219.0430262 
 0.1000 4 0 7 .837 .8 2.092 103 1 28.3459 1e-4 -219.0277269 
 0.2000 4 0 7 .837 .8 2.092 103 1 28.3459 1e-4 -218.9929613 
 0.3000 4 0 7 .837 .8 2.092 103 1 28.3459 1e-4 -218.9456419 
 0.4000 4 0 7 .837 .8 2.092 103 1 28.3459 1e-4 -218.8907833 


-0.4000 4 0 7 .837 .8 2.092 103 1 28.3459 1e-4 -318.6648869 
-0.3000 4 0 7 .837 .8 2.092 103 1 28.3459 1e-4 -318.8609738 
-0.2000 4 0 7 .837 .8 2.092 103 1 28.3459 1e-4 -318.9745183 
-0.1000 4 0 7 .837 .8 2.092 103 1 28.3459 1e-4 -319.0295037 
-0.0000 4 0 7 .837 .8 2.092 103 1 28.3459 1e-4 -319.0430262 
 0.1000 4 0 7 .837 .8 2.092 103 1 28.3459 1e-4 -319.0277269 
 0.2000 4 0 7 .837 .8 2.092 103 1 28.3459 1e-4 -318.9929613 
 0.3000 4 0 7 .837 .8 2.092 103 1 28.3459 1e-4 -318.9456419 
 0.4000 4 0 7 .837 .8 2.092 103 1 28.3459 1e-4 -318.8907833 


-0.4000 4 0 7 .837 .8 2.092 103 1 28.3459 1e-4 -418.6648869 
-0.3000 4 0 7 .837 .8 2.092 103 1 28.3459 1e-4 -418.8609738 
-0.2000 4 0 7 .837 .8 2.092 103 1 28.3459 1e-4 -418.9745183 
-0.1000 4 0 7 .837 .8 2.092 103 1 28.3459 1e-4 -419.0295037 
-0.0000 4 0 7 .837 .8 2.092 103 1 28.3459 1e-4 -419.0430262 
 0.1000 4 0 7 .837 .8 2.092 103 1 28.3459 1e-4 -419.0277269 
 0.2000 4 0 7 .837 .8 2.092 103 1 28.3459 1e-4 -418.9929613 
 0.3000 4 0 7 .837 .8 2.092 103 1 28.3459 1e-4 -418.9456419 
 0.4000 4 0 7 .837 .8 2.092 103 1 28.3459 1e-4 -418.8907833 


-0.4000 4 0 7 .837 .8 2.092 103 1 28.3459 1e-4 -518.6648869 
-0.3000 4 0 7 .837 .8 2.092 103 1 28.3459 1e-4 -518.8609738 
-0.2000 4 0 7 .837 .8 2.092 103 1 28.3459 1e-4 -518.9745183 
-0.1000 4 0 7 .837 .8 2.092 103 1 28.3459 1e-4 -519.0295037 
-0.0000 4 0 7 .837 .8 2.092 103 1 28.3459 1e-4 -519.0430262 
 0.1000 4 0 7 .837 .8 2.092 103 1 28.3459 1e-4 -519.0277269 
 0.2000 4 0 7 .837 .8 2.092 103 1 28.3459 1e-4 -518.9929613 
 0.3000 4 0 7 .837 .8 2.092 103 1 28.3459 1e-4 -518.9456419 
 0.4000 4 0 7 .837 .8 2.092 103 1 28.3459 1e-4 -518.8907833 

