 0.000000 -0.583068 2 1
 0.000000 -0.374568 2 2
 0.000000 -0.374568 2 3
 0.000000 -0.192542 2 4
 0.000000 -0.192542 2 5
 0.000000 -0.191771 2 6
 0.000000 -0.111345 2 7
 0.000000 -0.111345 2 8
 0.000000 -0.106704 2 9
 0.000000 -0.089884 2 10
 0.000000 -0.089884 2 11
 0.000000 -0.015345 2 12
 0.000000 -0.015345 2 13
 0.000000  0.005283 2 14
 0.000000  0.154756 2 15
 0.000000  0.154756 2 16
 0.061859 -0.579290 2 1
 0.061859 -0.373323 2 2
 0.061859 -0.373323 2 3
 0.061859 -0.202021 2 4
 0.061859 -0.198660 2 5
 0.061859 -0.198660 2 6
 0.061859 -0.110835 2 7
 0.061859 -0.110835 2 8
 0.061859 -0.103436 2 9
 0.061859 -0.083418 2 10
 0.061859 -0.083418 2 11
 0.061859 -0.015921 2 12
 0.061859 -0.015921 2 13
 0.061859  0.003953 2 14
 0.061859  0.152993 2 15
 0.061859  0.152993 2 16
 0.123718 -0.568166 2 1
 0.123718 -0.369614 2 2
 0.123718 -0.369614 2 3
 0.123718 -0.228126 2 4
 0.123718 -0.213651 2 5
 0.123718 -0.213651 2 6
 0.123718 -0.109398 2 7
 0.123718 -0.109398 2 8
 0.123718 -0.096954 2 9
 0.123718 -0.067583 2 10
 0.123718 -0.067583 2 11
 0.123718 -0.017517 2 12
 0.123718 -0.017517 2 13
 0.123718  0.000180 2 14
 0.123718  0.147831 2 15
 0.123718  0.147831 2 16
 0.185577 -0.550206 2 1
 0.185577 -0.363537 2 2
 0.185577 -0.363537 2 3
 0.185577 -0.263187 2 4
 0.185577 -0.232497 2 5
 0.185577 -0.232497 2 6
 0.185577 -0.107261 2 7
 0.185577 -0.107261 2 8
 0.185577 -0.090879 2 9
 0.185577 -0.048014 2 10
 0.185577 -0.048014 2 11
 0.185577 -0.019607 2 12
 0.185577 -0.019607 2 13
 0.185577 -0.005392 2 14
 0.185577  0.139674 2 15
 0.185577  0.139674 2 16
 0.247436 -0.526025 2 1
 0.247436 -0.355273 2 2
 0.247436 -0.355273 2 3
 0.247436 -0.302754 2 4
 0.247436 -0.252182 2 5
 0.247436 -0.252182 2 6
 0.247436 -0.104758 2 7
 0.247436 -0.104758 2 8
 0.247436 -0.085999 2 9
 0.247436 -0.030854 2 10
 0.247436 -0.030854 2 11
 0.247436 -0.019007 2 12
 0.247436 -0.019007 2 13
 0.247436 -0.011779 2 14
 0.247436  0.129268 2 15
 0.247436  0.129268 2 16
 0.309295 -0.496443 2 1
 0.309295 -0.345223 2 2
 0.309295 -0.345223 2 3
 0.309295 -0.344041 2 4
 0.309295 -0.270885 2 5
 0.309295 -0.270885 2 6
 0.309295 -0.102334 2 7
 0.309295 -0.102334 2 8
 0.309295 -0.082173 2 9
 0.309295 -0.028516 2 10
 0.309295 -0.028516 2 11
 0.309295 -0.017782 2 12
 0.309295 -0.005137 2 13
 0.309295 -0.005137 2 14
 0.309295  0.117957 2 15
 0.309295  0.117957 2 16
 0.371154 -0.462470 2 1
 0.371154 -0.385220 2 2
 0.371154 -0.334691 2 3
 0.371154 -0.334691 2 4
 0.371154 -0.286699 2 5
 0.371154 -0.286699 2 6
 0.371154 -0.100533 2 7
 0.371154 -0.100533 2 8
 0.371154 -0.079509 2 9
 0.371154 -0.030045 2 10
 0.371154 -0.030045 2 11
 0.371154 -0.022144 2 12
 0.371154  0.008809 2 13
 0.371154  0.008809 2 14
 0.371154  0.108222 2 15
 0.371154  0.108222 2 16
 0.433013 -0.427172 2 1
 0.433013 -0.422943 2 2
 0.433013 -0.328903 2 3
 0.433013 -0.328903 2 4
 0.433013 -0.294247 2 5
 0.433013 -0.294247 2 6
 0.433013 -0.099859 2 7
 0.433013 -0.099859 2 8
 0.433013 -0.078515 2 9
 0.433013 -0.030729 2 10
 0.433013 -0.030729 2 11
 0.433013 -0.023757 2 12
 0.433013  0.014446 2 13
 0.433013  0.014446 2 14
 0.433013  0.104109 2 15
 0.433013  0.104109 2 16
 0.433013 -0.427172 2 1
 0.433013 -0.422943 2 2
 0.433013 -0.328903 2 3
 0.433013 -0.328903 2 4
 0.433013 -0.294247 2 5
 0.433013 -0.294247 2 6
 0.433013 -0.099859 2 7
 0.433013 -0.099859 2 8
 0.433013 -0.078515 2 9
 0.433013 -0.030729 2 10
 0.433013 -0.030729 2 11
 0.433013 -0.023757 2 12
 0.433013  0.014446 2 13
 0.433013  0.014446 2 14
 0.433013  0.104109 2 15
 0.433013  0.104109 2 16
 0.488255 -0.427942 2 1
 0.488255 -0.424789 2 2
 0.488255 -0.329512 2 3
 0.488255 -0.328178 2 4
 0.488255 -0.294695 2 5
 0.488255 -0.294031 2 6
 0.488255 -0.100512 2 7
 0.488255 -0.099385 2 8
 0.488255 -0.077871 2 9
 0.488255 -0.031021 2 10
 0.488255 -0.030981 2 11
 0.488255 -0.022852 2 12
 0.488255  0.011708 2 13
 0.488255  0.013551 2 14
 0.488255  0.103215 2 15
 0.488255  0.105448 2 16
 0.543498 -0.430300 2 1
 0.543498 -0.429951 2 2
 0.543498 -0.331146 2 3
 0.543498 -0.326272 2 4
 0.543498 -0.296192 2 5
 0.543498 -0.293744 2 6
 0.543498 -0.102097 2 7
 0.543498 -0.098621 2 8
 0.543498 -0.075425 2 9
 0.543498 -0.032662 2 10
 0.543498 -0.032019 2 11
 0.543498 -0.020472 2 12
 0.543498  0.005576 2 13
 0.543498  0.011014 2 14
 0.543498  0.100873 2 15
 0.543498  0.108685 2 16
 0.598741 -0.437577 2 1
 0.598741 -0.434385 2 2
 0.598741 -0.333344 2 3
 0.598741 -0.323732 2 4
 0.598741 -0.299070 2 5
 0.598741 -0.294374 2 6
 0.598741 -0.103674 2 7
 0.598741 -0.098753 2 8
 0.598741 -0.070349 2 9
 0.598741 -0.038296 2 10
 0.598741 -0.034077 2 11
 0.598741 -0.017410 2 12
 0.598741  0.001154 2 13
 0.598741  0.007443 2 14
 0.598741  0.097901 2 15
 0.598741  0.112319 2 16
 0.653984 -0.446797 2 1
 0.653984 -0.440364 2 2
 0.653984 -0.335612 2 3
 0.653984 -0.321021 2 4
 0.653984 -0.303548 2 5
 0.653984 -0.297166 2 6
 0.653984 -0.104159 2 7
 0.653984 -0.100069 2 8
 0.653984 -0.062815 2 9
 0.653984 -0.048507 2 10
 0.653984 -0.037552 2 11
 0.653984 -0.014246 2 12
 0.653984  0.001583 2 13
 0.653984  0.004051 2 14
 0.653984  0.095155 2 15
 0.653984  0.115189 2 16
 0.709226 -0.456912 2 1
 0.709226 -0.448274 2 2
 0.709226 -0.337643 2 3
 0.709226 -0.318487 2 4
 0.709226 -0.309459 2 5
 0.709226 -0.302956 2 6
 0.709226 -0.102965 2 7
 0.709226 -0.102060 2 8
 0.709226 -0.059680 2 9
 0.709226 -0.053864 2 10
 0.709226 -0.042192 2 11
 0.709226 -0.011043 2 12
 0.709226  0.002077 2 13
 0.709226  0.005237 2 14
 0.709226  0.093171 2 15
 0.709226  0.116693 2 16
 0.764469 -0.467326 2 1
 0.764469 -0.457803 2 2
 0.764469 -0.339482 2 3
 0.764469 -0.316986 2 4
 0.764469 -0.316178 2 5
 0.764469 -0.311169 2 6
 0.764469 -0.104211 2 7
 0.764469 -0.100971 2 8
 0.764469 -0.067469 2 9
 0.764469 -0.047454 2 10
 0.764469 -0.044078 2 11
 0.764469 -0.007832 2 12
 0.764469  0.001979 2 13
 0.764469  0.010054 2 14
 0.764469  0.092148 2 15
 0.764469  0.116649 2 16
 0.819712 -0.477440 2 1
 0.819712 -0.468195 2 2
 0.819712 -0.341743 2 3
 0.819712 -0.324208 2 4
 0.819712 -0.322748 2 5
 0.819712 -0.313663 2 6
 0.819712 -0.106188 2 7
 0.819712 -0.100750 2 8
 0.819712 -0.068151 2 9
 0.819712 -0.050937 2 10
 0.819712 -0.035616 2 11
 0.819712 -0.004685 2 12
 0.819712  0.003478 2 13
 0.819712  0.014949 2 14
 0.819712  0.092133 2 15
 0.819712  0.115173 2 16
 0.874954 -0.486657 2 1
 0.874954 -0.478472 2 2
 0.874954 -0.345714 2 3
 0.874954 -0.336574 2 4
 0.874954 -0.328044 2 5
 0.874954 -0.313422 2 6
 0.874954 -0.107708 2 7
 0.874954 -0.102649 2 8
 0.874954 -0.061830 2 9
 0.874954 -0.053081 2 10
 0.874954 -0.028135 2 11
 0.874954 -0.001563 2 12
 0.874954  0.005979 2 13
 0.874954  0.019303 2 14
 0.874954  0.093122 2 15
 0.874954  0.112599 2 16
 0.930197 -0.494444 2 1
 0.930197 -0.487741 2 2
 0.930197 -0.352370 2 3
 0.930197 -0.349736 2 4
 0.930197 -0.331638 2 5
 0.930197 -0.314414 2 6
 0.930197 -0.108438 2 7
 0.930197 -0.104195 2 8
 0.930197 -0.053803 2 9
 0.930197 -0.052250 2 10
 0.930197 -0.022080 2 11
 0.930197  0.001737 2 12
 0.930197  0.008773 2 13
 0.930197  0.022619 2 14
 0.930197  0.095038 2 15
 0.930197  0.109445 2 16
 0.985440 -0.500402 2 1
 0.985440 -0.495376 2 2
 0.985440 -0.363019 2 3
 0.985440 -0.361248 2 4
 0.985440 -0.334518 2 5
 0.985440 -0.317045 2 6
 0.985440 -0.108044 2 7
 0.985440 -0.103965 2 8
 0.985440 -0.053617 2 9
 0.985440 -0.042489 2 10
 0.985440 -0.017329 2 11
 0.985440  0.005556 2 12
 0.985440  0.011208 2 13
 0.985440  0.024425 2 14
 0.985440  0.097671 2 15
 0.985440  0.106375 2 16
 1.040683 -0.504292 2 1
 1.040683 -0.500995 2 2
 1.040683 -0.375981 2 3
 1.040683 -0.371454 2 4
 1.040683 -0.337714 2 5
 1.040683 -0.321323 2 6
 1.040683 -0.106297 2 7
 1.040683 -0.101676 2 8
 1.040683 -0.053128 2 9
 1.040683 -0.034490 2 10
 1.040683 -0.013642 2 11
 1.040683  0.010094 2 12
 1.040683  0.012878 2 13
 1.040683  0.024329 2 14
 1.040683  0.100676 2 15
 1.040683  0.104130 2 16
 1.095925 -0.505990 2 1
 1.095925 -0.504330 2 2
 1.095925 -0.388171 2 3
 1.095925 -0.382264 2 4
 1.095925 -0.341573 2 5
 1.095925 -0.326955 2 6
 1.095925 -0.103144 2 7
 1.095925 -0.097574 2 8
 1.095925 -0.052856 2 9
 1.095925 -0.029134 2 10
 1.095925 -0.010832 2 11
 1.095925  0.013657 2 12
 1.095925  0.014778 2 13
 1.095925  0.022325 2 14
 1.095925  0.103363 2 15
 1.095925  0.103635 2 16
 1.151168 -0.505439 2 1
 1.151168 -0.505118 2 2
 1.151168 -0.399180 2 3
 1.151168 -0.393113 2 4
 1.151168 -0.345987 2 5
 1.151168 -0.333447 2 6
 1.151168 -0.098717 2 7
 1.151168 -0.092149 2 8
 1.151168 -0.053147 2 9
 1.151168 -0.026279 2 10
 1.151168 -0.008819 2 11
 1.151168  0.013640 2 12
 1.151168  0.016274 2 13
 1.151168  0.020900 2 14
 1.151168  0.104407 2 15
 1.151168  0.106157 2 16
 1.206411 -0.503122 2 1
 1.206411 -0.502663 2 2
 1.206411 -0.408711 2 3
 1.206411 -0.403586 2 4
 1.206411 -0.350683 2 5
 1.206411 -0.340249 2 6
 1.206411 -0.093299 2 7
 1.206411 -0.086000 2 8
 1.206411 -0.054141 2 9
 1.206411 -0.025402 2 10
 1.206411 -0.007666 2 11
 1.206411  0.011830 2 12
 1.206411  0.013097 2 13
 1.206411  0.022442 2 14
 1.206411  0.107118 2 15
 1.206411  0.107937 2 16
 1.261653 -0.498400 2 1
 1.261653 -0.497948 2 2
 1.261653 -0.416513 2 3
 1.261653 -0.413286 2 4
 1.261653 -0.355422 2 5
 1.261653 -0.346868 2 6
 1.261653 -0.087252 2 7
 1.261653 -0.079746 2 8
 1.261653 -0.055803 2 9
 1.261653 -0.026141 2 10
 1.261653 -0.007607 2 11
 1.261653  0.006659 2 12
 1.261653  0.012481 2 13
 1.261653  0.022349 2 14
 1.261653  0.108807 2 15
 1.261653  0.110924 2 16
 1.316896 -0.492165 2 1
 1.316896 -0.491781 2 2
 1.316896 -0.422077 2 3
 1.316896 -0.421472 2 4
 1.316896 -0.360064 2 5
 1.316896 -0.352963 2 6
 1.316896 -0.080971 2 7
 1.316896 -0.073963 2 8
 1.316896 -0.057997 2 9
 1.316896 -0.028252 2 10
 1.316896 -0.008925 2 11
 1.316896  0.002266 2 12
 1.316896  0.012324 2 13
 1.316896  0.020366 2 14
 1.316896  0.108758 2 15
 1.316896  0.115053 2 16
 1.316896 -0.492165 2 1
 1.316896 -0.491781 2 2
 1.316896 -0.422077 2 3
 1.316896 -0.421472 2 4
 1.316896 -0.360064 2 5
 1.316896 -0.352963 2 6
 1.316896 -0.080971 2 7
 1.316896 -0.073963 2 8
 1.316896 -0.057997 2 9
 1.316896 -0.028252 2 10
 1.316896 -0.008925 2 11
 1.316896  0.002266 2 12
 1.316896  0.012324 2 13
 1.316896  0.020366 2 14
 1.316896  0.108758 2 15
 1.316896  0.115053 2 16
 1.375822 -0.486791 2 1
 1.375822 -0.485112 2 2
 1.375822 -0.426570 2 3
 1.375822 -0.424250 2 4
 1.375822 -0.364758 2 5
 1.375822 -0.358667 2 6
 1.375822 -0.074599 2 7
 1.375822 -0.068875 2 8
 1.375822 -0.060651 2 9
 1.375822 -0.031313 2 10
 1.375822 -0.011778 2 11
 1.375822 -0.001542 2 12
 1.375822  0.012996 2 13
 1.375822  0.017336 2 14
 1.375822  0.107864 2 15
 1.375822  0.118996 2 16
 1.434747 -0.484654 2 1
 1.434747 -0.482760 2 2
 1.434747 -0.424851 2 3
 1.434747 -0.420967 2 4
 1.434747 -0.368853 2 5
 1.434747 -0.363414 2 6
 1.434747 -0.070732 2 7
 1.434747 -0.065343 2 8
 1.434747 -0.061966 2 9
 1.434747 -0.033883 2 10
 1.434747 -0.015312 2 11
 1.434747 -0.005825 2 12
 1.434747  0.014408 2 13
 1.434747  0.015309 2 14
 1.434747  0.106422 2 15
 1.434747  0.121816 2 16
 1.493673 -0.486289 2 1
 1.493673 -0.485902 2 2
 1.493673 -0.416366 2 3
 1.493673 -0.412612 2 4
 1.493673 -0.371517 2 5
 1.493673 -0.367057 2 6
 1.493673 -0.073847 2 7
 1.493673 -0.063414 2 8
 1.493673 -0.058172 2 9
 1.493673 -0.035065 2 10
 1.493673 -0.018184 2 11
 1.493673 -0.011250 2 12
 1.493673  0.015462 2 13
 1.493673  0.016174 2 14
 1.493673  0.104830 2 15
 1.493673  0.123098 2 16
 1.552598 -0.491719 2 1
 1.552598 -0.490074 2 2
 1.552598 -0.406214 2 3
 1.552598 -0.401877 2 4
 1.552598 -0.370738 2 5
 1.552598 -0.369275 2 6
 1.552598 -0.081124 2 7
 1.552598 -0.062505 2 8
 1.552598 -0.052683 2 9
 1.552598 -0.036051 2 10
 1.552598 -0.019115 2 11
 1.552598 -0.015571 2 12
 1.552598  0.017219 2 13
 1.552598  0.017837 2 14
 1.552598  0.103472 2 15
 1.552598  0.122660 2 16
 1.611524 -0.497650 2 1
 1.611524 -0.494313 2 2
 1.611524 -0.400223 2 3
 1.611524 -0.392053 2 4
 1.611524 -0.369233 2 5
 1.611524 -0.363635 2 6
 1.611524 -0.090443 2 7
 1.611524 -0.061838 2 8
 1.611524 -0.047641 2 9
 1.611524 -0.039826 2 10
 1.611524 -0.017486 2 11
 1.611524 -0.015056 2 12
 1.611524  0.018914 2 13
 1.611524  0.019581 2 14
 1.611524  0.102645 2 15
 1.611524  0.120577 2 16
 1.670450 -0.502491 2 1
 1.670450 -0.498034 2 2
 1.670450 -0.399013 2 3
 1.670450 -0.386197 2 4
 1.670450 -0.365648 2 5
 1.670450 -0.351593 2 6
 1.670450 -0.100416 2 7
 1.670450 -0.061065 2 8
 1.670450 -0.045915 2 9
 1.670450 -0.043717 2 10
 1.670450 -0.013545 2 11
 1.670450 -0.010041 2 12
 1.670450  0.018975 2 13
 1.670450  0.021868 2 14
 1.670450  0.102469 2 15
 1.670450  0.117230 2 16
 1.729375 -0.505865 2 1
 1.729375 -0.500803 2 2
 1.729375 -0.399659 2 3
 1.729375 -0.384270 2 4
 1.729375 -0.359840 2 5
 1.729375 -0.339337 2 6
 1.729375 -0.109445 2 7
 1.729375 -0.060252 2 8
 1.729375 -0.051794 2 9
 1.729375 -0.041093 2 10
 1.729375 -0.008318 2 11
 1.729375 -0.003546 2 12
 1.729375  0.017835 2 13
 1.729375  0.023685 2 14
 1.729375  0.102804 2 15
 1.729375  0.113389 2 16
 1.788301 -0.507793 2 1
 1.788301 -0.502478 2 2
 1.788301 -0.400477 2 3
 1.788301 -0.383899 2 4
 1.788301 -0.355137 2 5
 1.788301 -0.330428 2 6
 1.788301 -0.115840 2 7
 1.788301 -0.059541 2 8
 1.788301 -0.055986 2 9
 1.788301 -0.039629 2 10
 1.788301 -0.003424 2 11
 1.788301  0.001791 2 12
 1.788301  0.015904 2 13
 1.788301  0.024830 2 14
 1.788301  0.103280 2 15
 1.788301  0.110222 2 16
 1.847226 -0.508414 2 1
 1.847226 -0.503035 2 2
 1.847226 -0.400810 2 3
 1.847226 -0.383871 2 4
 1.847226 -0.353395 2 5
 1.847226 -0.327168 2 6
 1.847226 -0.118171 2 7
 1.847226 -0.059066 2 8
 1.847226 -0.057696 2 9
 1.847226 -0.039162 2 10
 1.847226 -0.001205 2 11
 1.847226  0.003864 2 12
 1.847226  0.014756 2 13
 1.847226  0.025218 2 14
 1.847226  0.103497 2 15
 1.847226  0.108974 2 16
 1.847226 -0.508414 2 1
 1.847226 -0.503035 2 2
 1.847226 -0.400810 2 3
 1.847226 -0.383871 2 4
 1.847226 -0.353395 2 5
 1.847226 -0.327168 2 6
 1.847226 -0.118171 2 7
 1.847226 -0.059066 2 8
 1.847226 -0.057696 2 9
 1.847226 -0.039162 2 10
 1.847226 -0.001205 2 11
 1.847226  0.003864 2 12
 1.847226  0.014756 2 13
 1.847226  0.025218 2 14
 1.847226  0.103497 2 15
 1.847226  0.108974 2 16
 1.902503 -0.507280 2 1
 1.902503 -0.500601 2 2
 1.902503 -0.406838 2 3
 1.902503 -0.377673 2 4
 1.902503 -0.354003 2 5
 1.902503 -0.325625 2 6
 1.902503 -0.118214 2 7
 1.902503 -0.059371 2 8
 1.902503 -0.057126 2 9
 1.902503 -0.039205 2 10
 1.902503 -0.003314 2 11
 1.902503  0.001151 2 12
 1.902503  0.016373 2 13
 1.902503  0.025386 2 14
 1.902503  0.103945 2 15
 1.902503  0.108736 2 16
 1.957780 -0.503257 2 1
 1.957780 -0.494246 2 2
 1.957780 -0.417186 2 3
 1.957780 -0.366821 2 4
 1.957780 -0.355384 2 5
 1.957780 -0.321613 2 6
 1.957780 -0.118302 2 7
 1.957780 -0.060276 2 8
 1.957780 -0.055516 2 9
 1.957780 -0.039318 2 10
 1.957780 -0.008518 2 11
 1.957780 -0.004601 2 12
 1.957780  0.018838 2 13
 1.957780  0.025315 2 14
 1.957780  0.105313 2 15
 1.957780  0.107833 2 16
 2.013058 -0.495740 2 1
 2.013058 -0.485773 2 2
 2.013058 -0.427766 2 3
 2.013058 -0.356917 2 4
 2.013058 -0.355056 2 5
 2.013058 -0.316165 2 6
 2.013058 -0.118330 2 7
 2.013058 -0.061749 2 8
 2.013058 -0.053192 2 9
 2.013058 -0.039592 2 10
 2.013058 -0.014511 2 11
 2.013058 -0.011488 2 12
 2.013058  0.020283 2 13
 2.013058  0.024233 2 14
 2.013058  0.105840 2 15
 2.013058  0.107651 2 16
 2.068335 -0.484687 2 1
 2.068335 -0.478346 2 2
 2.068335 -0.436039 2 3
 2.068335 -0.358402 2 4
 2.068335 -0.342812 2 5
 2.068335 -0.309861 2 6
 2.068335 -0.118181 2 7
 2.068335 -0.063750 2 8
 2.068335 -0.050960 2 9
 2.068335 -0.040363 2 10
 2.068335 -0.018824 2 11
 2.068335 -0.018748 2 12
 2.068335  0.020150 2 13
 2.068335  0.021964 2 14
 2.068335  0.102437 2 15
 2.068335  0.110950 2 16
 2.123612 -0.479829 2 1
 2.123612 -0.468541 2 2
 2.123612 -0.436631 2 3
 2.123612 -0.359925 2 4
 2.123612 -0.329968 2 5
 2.123612 -0.302723 2 6
 2.123612 -0.117760 2 7
 2.123612 -0.066238 2 8
 2.123612 -0.051019 2 9
 2.123612 -0.040754 2 10
 2.123612 -0.026201 2 11
 2.123612 -0.019339 2 12
 2.123612  0.018282 2 13
 2.123612  0.018839 2 14
 2.123612  0.097659 2 15
 2.123612  0.115092 2 16
 2.178889 -0.489537 2 1
 2.178889 -0.449470 2 2
 2.178889 -0.428717 2 3
 2.178889 -0.361611 2 4
 2.178889 -0.316238 2 5
 2.178889 -0.294392 2 6
 2.178889 -0.117031 2 7
 2.178889 -0.069180 2 8
 2.178889 -0.054913 2 9
 2.178889 -0.039027 2 10
 2.178889 -0.033375 2 11
 2.178889 -0.016795 2 12
 2.178889  0.014768 2 13
 2.178889  0.015518 2 14
 2.178889  0.092079 2 15
 2.178889  0.119869 2 16
 2.234166 -0.503640 2 1
 2.234166 -0.426415 2 2
 2.234166 -0.417447 2 3
 2.234166 -0.363496 2 4
 2.234166 -0.301400 2 5
 2.234166 -0.284431 2 6
 2.234166 -0.116004 2 7
 2.234166 -0.072527 2 8
 2.234166 -0.060377 2 9
 2.234166 -0.040334 2 10
 2.234166 -0.036669 2 11
 2.234166 -0.013103 2 12
 2.234166  0.009925 2 13
 2.234166  0.012741 2 14
 2.234166  0.087064 2 15
 2.234166  0.125025 2 16
 2.289443 -0.518928 2 1
 2.289443 -0.408686 2 2
 2.289443 -0.396777 2 3
 2.289443 -0.365511 2 4
 2.289443 -0.285437 2 5
 2.289443 -0.272626 2 6
 2.289443 -0.114747 2 7
 2.289443 -0.076185 2 8
 2.289443 -0.066005 2 9
 2.289443 -0.047369 2 10
 2.289443 -0.034979 2 11
 2.289443 -0.010141 2 12
 2.289443  0.004305 2 13
 2.289443  0.010597 2 14
 2.289443  0.085011 2 15
 2.289443  0.130320 2 16
 2.344720 -0.533985 2 1
 2.344720 -0.399030 2 2
 2.344720 -0.367542 2 3
 2.344720 -0.365539 2 4
 2.344720 -0.268584 2 5
 2.344720 -0.259171 2 6
 2.344720 -0.113381 2 7
 2.344720 -0.080028 2 8
 2.344720 -0.071624 2 9
 2.344720 -0.055017 2 10
 2.344720 -0.034699 2 11
 2.344720 -0.008884 2 12
 2.344720 -0.001362 2 13
 2.344720  0.007982 2 14
 2.344720  0.088674 2 15
 2.344720  0.135563 2 16
 2.399997 -0.547921 2 1
 2.399997 -0.391361 2 2
 2.399997 -0.369463 2 3
 2.399997 -0.331175 2 4
 2.399997 -0.251344 2 5
 2.399997 -0.244694 2 6
 2.399997 -0.112043 2 7
 2.399997 -0.083972 2 8
 2.399997 -0.077581 2 9
 2.399997 -0.063711 2 10
 2.399997 -0.036808 2 11
 2.399997 -0.009744 2 12
 2.399997 -0.006333 2 13
 2.399997  0.004936 2 14
 2.399997  0.098873 2 15
 2.399997  0.140573 2 16
 2.455274 -0.560075 2 1
 2.455274 -0.385329 2 2
 2.455274 -0.371174 2 3
 2.455274 -0.295463 2 4
 2.455274 -0.234408 2 5
 2.455274 -0.230070 2 6
 2.455274 -0.110868 2 7
 2.455274 -0.088184 2 8
 2.455274 -0.084273 2 9
 2.455274 -0.073193 2 10
 2.455274 -0.043101 2 11
 2.455274 -0.012354 2 12
 2.455274 -0.010139 2 13
 2.455274  0.003542 2 14
 2.455274  0.113464 2 15
 2.455274  0.145156 2 16
 2.510551 -0.569945 2 1
 2.510551 -0.380703 2 2
 2.510551 -0.372599 2 3
 2.510551 -0.260266 2 4
 2.510551 -0.218621 2 5
 2.510551 -0.216254 2 6
 2.510551 -0.109967 2 7
 2.510551 -0.093647 2 8
 2.510551 -0.091736 2 9
 2.510551 -0.081714 2 10
 2.510551 -0.054640 2 11
 2.510551 -0.014393 2 12
 2.510551 -0.012722 2 13
 2.510551  0.003766 2 14
 2.510551  0.129071 2 15
 2.510551  0.149097 2 16
 2.565828 -0.577185 2 1
 2.565828 -0.377349 2 2
 2.565828 -0.373672 2 3
 2.565828 -0.228019 2 4
 2.565828 -0.205106 2 5
 2.565828 -0.204323 2 6
 2.565828 -0.109487 2 7
 2.565828 -0.101316 2 8
 2.565828 -0.099319 2 9
 2.565828 -0.086846 2 10
 2.565828 -0.069566 2 11
 2.565828 -0.015173 2 12
 2.565828 -0.014287 2 13
 2.565828  0.004475 2 14
 2.565828  0.142562 2 15
 2.565828  0.152150 2 16
 2.621105 -0.581591 2 1
 2.621105 -0.375275 2 2
 2.621105 -0.374341 2 3
 2.621105 -0.202818 2 4
 2.621105 -0.195765 2 5
 2.621105 -0.195504 2 6
 2.621105 -0.110004 2 7
 2.621105 -0.108439 2 8
 2.621105 -0.105122 2 9
 2.621105 -0.089190 2 10
 2.621105 -0.083643 2 11
 2.621105 -0.015337 2 12
 2.621105 -0.015097 2 13
 2.621105  0.005064 2 14
 2.621105  0.151592 2 15
 2.621105  0.154090 2 16
 2.676382 -0.583068 2 1
 2.676382 -0.374568 2 2
 2.676382 -0.374568 2 3
 2.676382 -0.192542 2 4
 2.676382 -0.192542 2 5
 2.676382 -0.191771 2 6
 2.676382 -0.111345 2 7
 2.676382 -0.111345 2 8
 2.676382 -0.106704 2 9
 2.676382 -0.089884 2 10
 2.676382 -0.089884 2 11
 2.676382 -0.015345 2 12
 2.676382 -0.015345 2 13
 2.676382  0.005283 2 14
 2.676382  0.154756 2 15
 2.676382  0.154756 2 16
 2.676382 -0.583068 2 1
 2.676382 -0.374568 2 2
 2.676382 -0.374568 2 3
 2.676382 -0.192542 2 4
 2.676382 -0.192542 2 5
 2.676382 -0.191771 2 6
 2.676382 -0.111345 2 7
 2.676382 -0.111345 2 8
 2.676382 -0.106704 2 9
 2.676382 -0.089884 2 10
 2.676382 -0.089884 2 11
 2.676382 -0.015345 2 12
 2.676382 -0.015345 2 13
 2.676382  0.005283 2 14
 2.676382  0.154756 2 15
 2.676382  0.154756 2 16
 2.730398 -0.581703 2 1
 2.730398 -0.375385 2 2
 2.730398 -0.374281 2 3
 2.730398 -0.200851 2 4
 2.730398 -0.197828 2 5
 2.730398 -0.194780 2 6
 2.730398 -0.109295 2 7
 2.730398 -0.109193 2 8
 2.730398 -0.105285 2 9
 2.730398 -0.088667 2 10
 2.730398 -0.084380 2 11
 2.730398 -0.015458 2 12
 2.730398 -0.014962 2 13
 2.730398  0.005102 2 14
 2.730398  0.152010 2 15
 2.730398  0.153810 2 16
 2.784413 -0.577614 2 1
 2.784413 -0.377720 2 2
 2.784413 -0.373474 2 3
 2.784413 -0.222328 2 4
 2.784413 -0.212114 2 5
 2.784413 -0.201848 2 6
 2.784413 -0.107063 2 7
 2.784413 -0.104210 2 8
 2.784413 -0.099846 2 9
 2.784413 -0.084990 2 10
 2.784413 -0.070668 2 11
 2.784413 -0.015520 2 12
 2.784413 -0.013977 2 13
 2.784413  0.004659 2 14
 2.784413  0.144204 2 15
 2.784413  0.150985 2 16
 2.838428 -0.570836 2 1
 2.838428 -0.381297 2 2
 2.838428 -0.372310 2 3
 2.838428 -0.251800 2 4
 2.838428 -0.230435 2 5
 2.838428 -0.212307 2 6
 2.838428 -0.105322 2 7
 2.838428 -0.097645 2 8
 2.838428 -0.093636 2 9
 2.838428 -0.079351 2 10
 2.838428 -0.054214 2 11
 2.838428 -0.014359 2 12
 2.838428 -0.012887 2 13
 2.838428  0.004294 2 14
 2.838428  0.132670 2 15
 2.838428  0.146334 2 16
 2.892443 -0.561456 2 1
 2.892443 -0.385830 2 2
 2.892443 -0.371052 2 3
 2.892443 -0.285618 2 4
 2.892443 -0.250057 2 5
 2.892443 -0.225241 2 6
 2.892443 -0.103253 2 7
 2.892443 -0.090757 2 8
 2.892443 -0.087896 2 9
 2.892443 -0.073071 2 10
 2.892443 -0.041010 2 11
 2.892443 -0.012435 2 12
 2.892443 -0.008975 2 13
 2.892443  0.004573 2 14
 2.892443  0.119660 2 15
 2.892443  0.139965 2 16
 2.946458 -0.549657 2 1
 2.946458 -0.391116 2 2
 2.946458 -0.370146 2 3
 2.946458 -0.320660 2 4
 2.946458 -0.269493 2 5
 2.946458 -0.239998 2 6
 2.946458 -0.100833 2 7
 2.946458 -0.084411 2 8
 2.946458 -0.082368 2 9
 2.946458 -0.067089 2 10
 2.946458 -0.034766 2 11
 2.946458 -0.013148 2 12
 2.946458  0.001958 2 13
 2.946458  0.005938 2 14
 2.946458  0.108409 2 15
 2.946458  0.132088 2 16
 3.000473 -0.535715 2 1
 3.000473 -0.397006 2 2
 3.000473 -0.371415 2 3
 3.000473 -0.352888 2 4
 3.000473 -0.287873 2 5
 3.000473 -0.256123 2 6
 3.000473 -0.098132 2 7
 3.000473 -0.079148 2 8
 3.000473 -0.077114 2 9
 3.000473 -0.061568 2 10
 3.000473 -0.031997 2 11
 3.000473 -0.014836 2 12
 3.000473  0.008285 2 13
 3.000473  0.012043 2 14
 3.000473  0.102949 2 15
 3.000473  0.123030 2 16
 3.054488 -0.520021 2 1
 3.054488 -0.403281 2 2
 3.054488 -0.390041 2 3
 3.054488 -0.365651 2 4
 3.054488 -0.304649 2 5
 3.054488 -0.273206 2 6
 3.054488 -0.095237 2 7
 3.054488 -0.075079 2 8
 3.054488 -0.072482 2 9
 3.054488 -0.056353 2 10
 3.054488 -0.029418 2 11
 3.054488 -0.016860 2 12
 3.054488  0.011220 2 13
 3.054488  0.015448 2 14
 3.054488  0.106173 2 15
 3.054488  0.113282 2 16
 3.108503 -0.503034 2 1
 3.108503 -0.416854 2 2
 3.108503 -0.409603 2 3
 3.108503 -0.367727 2 4
 3.108503 -0.319534 2 5
 3.108503 -0.290863 2 6
 3.108503 -0.092226 2 7
 3.108503 -0.071876 2 8
 3.108503 -0.068800 2 9
 3.108503 -0.051346 2 10
 3.108503 -0.026331 2 11
 3.108503 -0.018589 2 12
 3.108503  0.012465 2 13
 3.108503  0.014387 2 14
 3.108503  0.103484 2 15
 3.108503  0.116329 2 16
 3.162518 -0.485320 2 1
 3.162518 -0.440933 2 2
 3.162518 -0.415525 2 3
 3.162518 -0.370448 2 4
 3.162518 -0.332405 2 5
 3.162518 -0.308692 2 6
 3.162518 -0.089155 2 7
 3.162518 -0.069043 2 8
 3.162518 -0.066172 2 9
 3.162518 -0.046664 2 10
 3.162518 -0.023400 2 11
 3.162518 -0.019590 2 12
 3.162518  0.006758 2 13
 3.162518  0.017453 2 14
 3.162518  0.094427 2 15
 3.162518  0.128975 2 16
 3.216533 -0.468003 2 1
 3.216533 -0.461371 2 2
 3.216533 -0.420576 2 3
 3.216533 -0.374919 2 4
 3.216533 -0.343242 2 5
 3.216533 -0.326336 2 6
 3.216533 -0.086041 2 7
 3.216533 -0.066209 2 8
 3.216533 -0.064452 2 9
 3.216533 -0.042552 2 10
 3.216533 -0.022183 2 11
 3.216533 -0.019685 2 12
 3.216533  0.001829 2 13
 3.216533  0.020037 2 14
 3.216533  0.086949 2 15
 3.216533  0.140805 2 16
 3.270549 -0.479971 2 1
 3.270549 -0.450052 2 2
 3.270549 -0.424361 2 3
 3.270549 -0.381420 2 4
 3.270549 -0.352051 2 5
 3.270549 -0.343496 2 6
 3.270549 -0.082886 2 7
 3.270549 -0.063357 2 8
 3.270549 -0.063251 2 9
 3.270549 -0.039256 2 10
 3.270549 -0.024218 2 11
 3.270549 -0.018888 2 12
 3.270549  0.000269 2 13
 3.270549  0.021742 2 14
 3.270549  0.081776 2 15
 3.270549  0.149975 2 16
 3.324564 -0.494053 2 1
 3.324564 -0.435218 2 2
 3.324564 -0.426650 2 3
 3.324564 -0.389310 2 4
 3.324564 -0.360263 2 5
 3.324564 -0.358494 2 6
 3.324564 -0.079751 2 7
 3.324564 -0.062564 2 8
 3.324564 -0.060446 2 9
 3.324564 -0.036944 2 10
 3.324564 -0.028097 2 11
 3.324564 -0.017299 2 12
 3.324564  0.001708 2 13
 3.324564  0.022319 2 14
 3.324564  0.079313 2 15
 3.324564  0.155486 2 16
 3.378579 -0.503707 2 1
 3.378579 -0.427417 2 2
 3.378579 -0.426995 2 3
 3.378579 -0.394818 2 4
 3.378579 -0.375824 2 5
 3.378579 -0.363212 2 6
 3.378579 -0.076818 2 7
 3.378579 -0.061796 2 8
 3.378579 -0.058686 2 9
 3.378579 -0.035592 2 10
 3.378579 -0.030542 2 11
 3.378579 -0.015073 2 12
 3.378579  0.004320 2 13
 3.378579  0.021777 2 14
 3.378579  0.079548 2 15
 3.378579  0.156868 2 16
 3.432594 -0.508061 2 1
 3.432594 -0.432355 2 2
 3.432594 -0.426748 2 3
 3.432594 -0.391269 2 4
 3.432594 -0.390769 2 5
 3.432594 -0.365475 2 6
 3.432594 -0.074304 2 7
 3.432594 -0.061096 2 8
 3.432594 -0.058931 2 9
 3.432594 -0.034896 2 10
 3.432594 -0.029437 2 11
 3.432594 -0.012421 2 12
 3.432594  0.007181 2 13
 3.432594  0.020328 2 14
 3.432594  0.082223 2 15
 3.432594  0.154064 2 16
 3.486609 -0.506619 2 1
 3.486609 -0.446614 2 2
 3.486609 -0.424770 2 3
 3.486609 -0.404894 2 4
 3.486609 -0.383213 2 5
 3.486609 -0.365396 2 6
 3.486609 -0.072234 2 7
 3.486609 -0.061208 2 8
 3.486609 -0.060712 2 9
 3.486609 -0.034265 2 10
 3.486609 -0.025229 2 11
 3.486609 -0.009513 2 12
 3.486609  0.010065 2 13
 3.486609  0.018281 2 14
 3.486609  0.087034 2 15
 3.486609  0.147423 2 16
 3.540624 -0.499418 2 1
 3.540624 -0.463952 2 2
 3.540624 -0.422355 2 3
 3.540624 -0.417376 2 4
 3.540624 -0.375946 2 5
 3.540624 -0.363025 2 6
 3.540624 -0.070784 2 7
 3.540624 -0.063031 2 8
 3.540624 -0.062828 2 9
 3.540624 -0.033078 2 10
 3.540624 -0.019775 2 11
 3.540624 -0.006416 2 12
 3.540624  0.013045 2 13
 3.540624  0.016010 2 14
 3.540624  0.093667 2 15
 3.540624  0.137731 2 16
 3.594639 -0.487127 2 1
 3.594639 -0.482100 2 2
 3.594639 -0.431467 2 3
 3.594639 -0.416309 2 4
 3.594639 -0.370764 2 5
 3.594639 -0.358532 2 6
 3.594639 -0.072725 2 7
 3.594639 -0.064580 2 8
 3.594639 -0.064380 2 9
 3.594639 -0.031292 2 10
 3.594639 -0.014664 2 11
 3.594639 -0.003136 2 12
 3.594639  0.013893 2 13
 3.594639  0.016213 2 14
 3.594639  0.101739 2 15
 3.594639  0.126271 2 16
 3.648654 -0.500528 2 1
 3.648654 -0.469960 2 2
 3.648654 -0.442923 2 3
 3.648654 -0.410969 2 4
 3.648654 -0.367742 2 5
 3.648654 -0.352201 2 6
 3.648654 -0.080527 2 7
 3.648654 -0.065675 2 8
 3.648654 -0.062606 2 9
 3.648654 -0.029451 2 10
 3.648654 -0.010913 2 11
 3.648654  0.000212 2 12
 3.648654  0.012254 2 13
 3.648654  0.019246 2 14
 3.648654  0.110765 2 15
 3.648654  0.115023 2 16
 3.648654 -0.500528 2 1
 3.648654 -0.469960 2 2
 3.648654 -0.442923 2 3
 3.648654 -0.410969 2 4
 3.648654 -0.367742 2 5
 3.648654 -0.352201 2 6
 3.648654 -0.080527 2 7
 3.648654 -0.065675 2 8
 3.648654 -0.062606 2 9
 3.648654 -0.029451 2 10
 3.648654 -0.010913 2 11
 3.648654  0.000212 2 12
 3.648654  0.012254 2 13
 3.648654  0.019246 2 14
 3.648654  0.110765 2 15
 3.648654  0.115023 2 16
 3.711789 -0.520651 2 1
 3.711789 -0.455015 2 2
 3.711789 -0.445596 2 3
 3.711789 -0.403799 2 4
 3.711789 -0.366472 2 5
 3.711789 -0.342950 2 6
 3.711789 -0.093558 2 7
 3.711789 -0.065961 2 8
 3.711789 -0.059465 2 9
 3.711789 -0.027858 2 10
 3.711789 -0.009026 2 11
 3.711789  0.003442 2 12
 3.711789  0.011551 2 13
 3.711789  0.021089 2 14
 3.711789  0.105977 2 15
 3.711789  0.121804 2 16
 3.774923 -0.538794 2 1
 3.774923 -0.465383 2 2
 3.774923 -0.417387 2 3
 3.774923 -0.396346 2 4
 3.774923 -0.366873 2 5
 3.774923 -0.332301 2 6
 3.774923 -0.108966 2 7
 3.774923 -0.065257 2 8
 3.774923 -0.056379 2 9
 3.774923 -0.027031 2 10
 3.774923 -0.010922 2 11
 3.774923  0.004170 2 12
 3.774923  0.013323 2 13
 3.774923  0.019610 2 14
 3.774923  0.105768 2 15
 3.774923  0.132550 2 16
 3.838058 -0.554344 2 1
 3.838058 -0.473856 2 2
 3.838058 -0.389310 2 3
 3.838058 -0.386787 2 4
 3.838058 -0.367952 2 5
 3.838058 -0.320951 2 6
 3.838058 -0.125774 2 7
 3.838058 -0.064137 2 8
 3.838058 -0.053841 2 9
 3.838058 -0.026772 2 10
 3.838058 -0.018060 2 11
 3.838058  0.002696 2 12
 3.838058  0.016614 2 13
 3.838058  0.017027 2 14
 3.838058  0.114870 2 15
 3.838058  0.142238 2 16
 3.901192 -0.566863 2 1
 3.901192 -0.480385 2 2
 3.901192 -0.383249 2 3
 3.901192 -0.370799 2 4
 3.901192 -0.353770 2 5
 3.901192 -0.309752 2 6
 3.901192 -0.143329 2 7
 3.901192 -0.063736 2 8
 3.901192 -0.052065 2 9
 3.901192 -0.028774 2 10
 3.901192 -0.026805 2 11
 3.901192  0.000371 2 12
 3.901192  0.015978 2 13
 3.901192  0.019770 2 14
 3.901192  0.129117 2 15
 3.901192  0.150275 2 16
 3.964327 -0.576029 2 1
 3.964327 -0.484992 2 2
 3.964327 -0.378541 2 3
 3.964327 -0.371976 2 4
 3.964327 -0.324039 2 5
 3.964327 -0.299898 2 6
 3.964327 -0.160734 2 7
 3.964327 -0.065411 2 8
 3.964327 -0.051040 2 9
 3.964327 -0.038147 2 10
 3.964327 -0.026935 2 11
 3.964327 -0.002042 2 12
 3.964327  0.016068 2 13
 3.964327  0.022199 2 14
 3.964327  0.143444 2 15
 3.964327  0.156252 2 16
 4.027461 -0.581617 2 1
 4.027461 -0.487729 2 2
 4.027461 -0.375507 2 3
 4.027461 -0.372977 2 4
 4.027461 -0.300418 2 5
 4.027461 -0.292947 2 6
 4.027461 -0.175555 2 7
 4.027461 -0.068831 2 8
 4.027461 -0.050582 2 9
 4.027461 -0.043025 2 10
 4.027461 -0.027055 2 11
 4.027461 -0.003861 2 12
 4.027461  0.016413 2 13
 4.027461  0.023701 2 14
 4.027461  0.153749 2 15
 4.027461  0.159921 2 16
 4.090596 -0.583493 2 1
 4.090596 -0.488636 2 2
 4.090596 -0.374451 2 3
 4.090596 -0.373340 2 4
 4.090596 -0.290781 2 5
 4.090596 -0.290412 2 6
 4.090596 -0.182016 2 7
 4.090596 -0.070640 2 8
 4.090596 -0.050464 2 9
 4.090596 -0.044295 2 10
 4.090596 -0.027103 2 11
 4.090596 -0.004536 2 12
 4.090596  0.016569 2 13
 4.090596  0.024207 2 14
 4.090596  0.157468 2 15
 4.090596  0.161156 2 16
 4.090596 -0.583493 2 1
 4.090596 -0.488636 2 2
 4.090596 -0.374451 2 3
 4.090596 -0.373340 2 4
 4.090596 -0.290781 2 5
 4.090596 -0.290412 2 6
 4.090596 -0.182016 2 7
 4.090596 -0.070640 2 8
 4.090596 -0.050464 2 9
 4.090596 -0.044295 2 10
 4.090596 -0.027103 2 11
 4.090596 -0.004536 2 12
 4.090596  0.016569 2 13
 4.090596  0.024207 2 14
 4.090596  0.157468 2 15
 4.090596  0.161156 2 16
 4.144723 -0.580694 2 1
 4.144723 -0.488343 2 2
 4.144723 -0.373531 2 3
 4.144723 -0.372352 2 4
 4.144723 -0.295125 2 5
 4.144723 -0.291993 2 6
 4.144723 -0.178684 2 7
 4.144723 -0.069429 2 8
 4.144723 -0.050649 2 9
 4.144723 -0.044208 2 10
 4.144723 -0.027027 2 11
 4.144723 -0.004673 2 12
 4.144723  0.016373 2 13
 4.144723  0.023676 2 14
 4.144723  0.156132 2 15
 4.144723  0.159848 2 16
 4.198849 -0.572327 2 1
 4.198849 -0.487525 2 2
 4.198849 -0.370775 2 3
 4.198849 -0.369429 2 4
 4.198849 -0.307545 2 5
 4.198849 -0.295436 2 6
 4.198849 -0.170139 2 7
 4.198849 -0.066467 2 8
 4.198849 -0.051298 2 9
 4.198849 -0.043549 2 10
 4.198849 -0.026991 2 11
 4.198849 -0.004953 2 12
 4.198849  0.015865 2 13
 4.198849  0.022244 2 14
 4.198849  0.152176 2 15
 4.198849  0.155984 2 16
 4.252976 -0.558520 2 1
 4.252976 -0.486417 2 2
 4.252976 -0.366220 2 3
 4.252976 -0.364760 2 4
 4.252976 -0.324280 2 5
 4.252976 -0.300590 2 6
 4.252976 -0.158942 2 7
 4.252976 -0.063753 2 8
 4.252976 -0.052616 2 9
 4.252976 -0.041098 2 10
 4.252976 -0.027517 2 11
 4.252976 -0.005034 2 12
 4.252976  0.015314 2 13
 4.252976  0.020345 2 14
 4.252976  0.145779 2 15
 4.252976  0.149752 2 16
 4.307102 -0.539566 2 1
 4.307102 -0.485540 2 2
 4.307102 -0.360007 2 3
 4.307102 -0.359525 2 4
 4.307102 -0.341366 2 5
 4.307102 -0.306735 2 6
 4.307102 -0.146928 2 7
 4.307102 -0.063356 2 8
 4.307102 -0.054767 2 9
 4.307102 -0.035999 2 10
 4.307102 -0.029144 2 11
 4.307102 -0.004617 2 12
 4.307102  0.015225 2 13
 4.307102  0.018571 2 14
 4.307102  0.137297 2 15
 4.307102  0.141481 2 16
 4.361229 -0.516000 2 1
 4.361229 -0.485806 2 2
 4.361229 -0.365075 2 3
 4.361229 -0.352584 2 4
 4.361229 -0.345164 2 5
 4.361229 -0.312937 2 6
 4.361229 -0.135189 2 7
 4.361229 -0.065357 2 8
 4.361229 -0.057785 2 9
 4.361229 -0.031891 2 10
 4.361229 -0.029779 2 11
 4.361229 -0.003839 2 12
 4.361229  0.016376 2 13
 4.361229  0.017488 2 14
 4.361229  0.127361 2 15
 4.361229  0.131707 2 16
 4.415356 -0.489208 2 1
 4.415356 -0.487878 2 2
 4.415356 -0.378977 2 3
 4.415356 -0.345421 2 4
 4.415356 -0.335970 2 5
 4.415356 -0.317429 2 6
 4.415356 -0.124476 2 7
 4.415356 -0.068889 2 8
 4.415356 -0.061575 2 9
 4.415356 -0.035148 2 10
 4.415356 -0.024979 2 11
 4.415356 -0.003247 2 12
 4.415356  0.017389 2 13
 4.415356  0.019405 2 14
 4.415356  0.117026 2 15
 4.415356  0.121299 2 16
 4.469482 -0.494957 2 1
 4.469482 -0.458103 2 2
 4.469482 -0.389251 2 3
 4.469482 -0.342499 2 4
 4.469482 -0.323954 2 5
 4.469482 -0.316072 2 6
 4.469482 -0.115401 2 7
 4.469482 -0.073311 2 8
 4.469482 -0.065951 2 9
 4.469482 -0.038016 2 10
 4.469482 -0.023001 2 11
 4.469482 -0.003360 2 12
 4.469482  0.017886 2 13
 4.469482  0.023472 2 14
 4.469482  0.108056 2 15
 4.469482  0.111656 2 16
 4.523609 -0.505328 2 1
 4.523609 -0.425426 2 2
 4.523609 -0.394250 2 3
 4.523609 -0.345572 2 4
 4.523609 -0.310153 2 5
 4.523609 -0.306995 2 6
 4.523609 -0.108464 2 7
 4.523609 -0.078194 2 8
 4.523609 -0.070671 2 9
 4.523609 -0.039634 2 10
 4.523609 -0.023681 2 11
 4.523609 -0.004501 2 12
 4.523609  0.017639 2 13
 4.523609  0.025473 2 14
 4.523609  0.103122 2 15
 4.523609  0.104865 2 16
 4.577735 -0.518523 2 1
 4.577735 -0.395153 2 2
 4.577735 -0.390597 2 3
 4.577735 -0.350964 2 4
 4.577735 -0.294857 2 5
 4.577735 -0.293709 2 6
 4.577735 -0.103984 2 7
 4.577735 -0.083214 2 8
 4.577735 -0.075495 2 9
 4.577735 -0.039433 2 10
 4.577735 -0.026464 2 11
 4.577735 -0.007180 2 12
 4.577735  0.015116 2 13
 4.577735  0.022239 2 14
 4.577735  0.103193 2 15
 4.577735  0.104519 2 16
 4.631862 -0.532809 2 1
 4.631862 -0.392562 2 2
 4.631862 -0.356599 2 3
 4.631862 -0.355028 2 4
 4.631862 -0.278287 2 5
 4.631862 -0.278143 2 6
 4.631862 -0.101947 2 7
 4.631862 -0.088123 2 8
 4.631862 -0.080269 2 9
 4.631862 -0.037585 2 10
 4.631862 -0.031369 2 11
 4.631862 -0.012518 2 12
 4.631862  0.010734 2 13
 4.631862  0.014081 2 14
 4.631862  0.107453 2 15
 4.631862  0.111573 2 16
 4.685988 -0.546703 2 1
 4.685988 -0.388867 2 2
 4.685988 -0.361781 2 3
 4.685988 -0.318404 2 4
 4.685988 -0.261031 2 5
 4.685988 -0.260722 2 6
 4.685988 -0.101901 2 7
 4.685988 -0.092754 2 8
 4.685988 -0.085017 2 9
 4.685988 -0.039177 2 10
 4.685988 -0.036522 2 11
 4.685988 -0.020164 2 12
 4.685988  0.004268 2 13
 4.685988  0.006960 2 14
 4.685988  0.116228 2 15
 4.685988  0.121513 2 16
 4.740115 -0.559140 2 1
 4.740115 -0.384777 2 2
 4.740115 -0.366229 2 3
 4.740115 -0.282235 2 4
 4.740115 -0.243066 2 5
 4.740115 -0.242629 2 6
 4.740115 -0.103112 2 7
 4.740115 -0.097038 2 8
 4.740115 -0.089958 2 9
 4.740115 -0.050593 2 10
 4.740115 -0.044295 2 11
 4.740115 -0.022366 2 12
 4.740115 -0.004011 2 13
 4.740115  0.004912 2 14
 4.740115  0.127132 2 15
 4.740115  0.131935 2 16
 4.794242 -0.569377 2 1
 4.794242 -0.380869 2 2
 4.794242 -0.369807 2 3
 4.794242 -0.248555 2 4
 4.794242 -0.225281 2 5
 4.794242 -0.224823 2 6
 4.794242 -0.104894 2 7
 4.794242 -0.101042 2 8
 4.794242 -0.095351 2 9
 4.794242 -0.064497 2 10
 4.794242 -0.059081 2 11
 4.794242 -0.019728 2 12
 4.794242 -0.009599 2 13
 4.794242  0.004248 2 14
 4.794242  0.137935 2 15
 4.794242  0.141285 2 16
 4.848368 -0.576928 2 1
 4.848368 -0.377584 2 2
 4.848368 -0.372428 2 3
 4.848368 -0.220017 2 4
 4.848368 -0.209213 2 5
 4.848368 -0.208694 2 6
 4.848368 -0.106916 2 7
 4.848368 -0.105061 2 8
 4.848368 -0.101036 2 9
 4.848368 -0.077809 2 10
 4.848368 -0.074098 2 11
 4.848368 -0.017216 2 12
 4.848368 -0.012973 2 13
 4.848368  0.004481 2 14
 4.848368  0.146879 2 15
 4.848368  0.148575 2 16
 4.902495 -0.581527 2 1
 4.902495 -0.375360 2 2
 4.902495 -0.374030 2 3
 4.902495 -0.199949 2 4
 4.902495 -0.197205 2 5
 4.902495 -0.196576 2 6
 4.902495 -0.109542 2 7
 4.902495 -0.109198 2 8
 4.902495 -0.105370 2 9
 4.902495 -0.086892 2 10
 4.902495 -0.085530 2 11
 4.902495 -0.015783 2 12
 4.902495 -0.014776 2 13
 4.902495  0.005021 2 14
 4.902495  0.152728 2 15
 4.902495  0.153183 2 16
 4.956621 -0.583068 2 1
 4.956621 -0.374568 2 2
 4.956621 -0.374568 2 3
 4.956621 -0.192542 2 4
 4.956621 -0.192542 2 5
 4.956621 -0.191771 2 6
 4.956621 -0.111345 2 7
 4.956621 -0.111345 2 8
 4.956621 -0.106704 2 9
 4.956621 -0.089884 2 10
 4.956621 -0.089884 2 11
 4.956621 -0.015345 2 12
 4.956621 -0.015345 2 13
 4.956621  0.005283 2 14
 4.956621  0.154756 2 15
 4.956621  0.154756 2 16
