 0.000000 -0.587069 2 1
 0.000000 -0.492746 2 2
 0.000000 -0.386580 2 3
 0.000000 -0.385463 2 4
 0.000000 -0.296863 2 5
 0.000000 -0.296510 2 6
 0.000000 -0.204460 2 7
 0.000000 -0.102391 2 8
 0.000000 -0.082453 2 9
 0.000000 -0.076003 2 10
 0.000000 -0.058881 2 11
 0.000000 -0.036051 2 12
 0.000000 -0.017062 2 13
 0.000000 -0.008154 2 14
 0.000000  0.126974 2 15
 0.000000  0.130321 2 16
 0.021651 -0.586584 2 1
 0.021651 -0.492675 2 2
 0.021651 -0.386443 2 3
 0.021651 -0.385288 2 4
 0.021651 -0.297337 2 5
 0.021651 -0.297075 2 6
 0.021651 -0.203864 2 7
 0.021651 -0.102162 2 8
 0.021651 -0.082473 2 9
 0.021651 -0.075978 2 10
 0.021651 -0.058853 2 11
 0.021651 -0.036063 2 12
 0.021651 -0.017078 2 13
 0.021651 -0.008228 2 14
 0.021651  0.126767 2 15
 0.021651  0.130135 2 16
 0.043301 -0.585154 2 1
 0.043301 -0.492466 2 2
 0.043301 -0.386007 2 3
 0.043301 -0.384793 2 4
 0.043301 -0.299747 2 5
 0.043301 -0.297702 2 6
 0.043301 -0.202152 2 7
 0.043301 -0.101491 2 8
 0.043301 -0.082527 2 9
 0.043301 -0.075880 2 10
 0.043301 -0.058756 2 11
 0.043301 -0.036095 2 12
 0.043301 -0.017128 2 13
 0.043301 -0.008467 2 14
 0.043301  0.126088 2 15
 0.043301  0.129509 2 16
 0.064952 -0.582794 2 1
 0.064952 -0.492139 2 2
 0.064952 -0.385275 2 3
 0.064952 -0.383985 2 4
 0.064952 -0.303551 2 5
 0.064952 -0.298721 2 6
 0.064952 -0.199493 2 7
 0.064952 -0.100449 2 8
 0.064952 -0.082621 2 9
 0.064952 -0.075679 2 10
 0.064952 -0.058606 2 11
 0.064952 -0.036140 2 12
 0.064952 -0.017209 2 13
 0.064952 -0.008861 2 14
 0.064952  0.124952 2 15
 0.064952  0.128452 2 16
 0.086603 -0.579528 2 1
 0.086603 -0.491723 2 2
 0.086603 -0.384253 2 3
 0.086603 -0.382876 2 4
 0.086603 -0.308500 2 5
 0.086603 -0.300100 2 6
 0.086603 -0.196104 2 7
 0.086603 -0.099150 2 8
 0.086603 -0.082771 2 9
 0.086603 -0.075323 2 10
 0.086603 -0.058431 2 11
 0.086603 -0.036181 2 12
 0.086603 -0.017314 2 13
 0.086603 -0.009390 2 14
 0.086603  0.123380 2 15
 0.086603  0.126978 2 16
 0.108253 -0.575387 2 1
 0.108253 -0.491254 2 2
 0.108253 -0.382947 2 3
 0.108253 -0.381480 2 4
 0.108253 -0.314338 2 5
 0.108253 -0.301802 2 6
 0.108253 -0.192196 2 7
 0.108253 -0.097746 2 8
 0.108253 -0.082990 2 9
 0.108253 -0.074741 2 10
 0.108253 -0.058268 2 11
 0.108253 -0.036198 2 12
 0.108253 -0.017432 2 13
 0.108253 -0.010027 2 14
 0.108253  0.121402 2 15
 0.108253  0.125108 2 16
 0.129904 -0.570405 2 1
 0.129904 -0.490775 2 2
 0.129904 -0.381363 2 3
 0.129904 -0.379816 2 4
 0.129904 -0.320824 2 5
 0.129904 -0.303792 2 6
 0.129904 -0.187952 2 7
 0.129904 -0.096412 2 8
 0.129904 -0.083297 2 9
 0.129904 -0.073845 2 10
 0.129904 -0.058160 2 11
 0.129904 -0.036166 2 12
 0.129904 -0.017545 2 13
 0.129904 -0.010739 2 14
 0.129904  0.119055 2 15
 0.129904  0.122868 2 16
 0.151554 -0.564617 2 1
 0.151554 -0.490327 2 2
 0.151554 -0.379508 2 3
 0.151554 -0.377910 2 4
 0.151554 -0.327739 2 5
 0.151554 -0.306038 2 6
 0.151554 -0.183511 2 7
 0.151554 -0.095316 2 8
 0.151554 -0.083706 2 9
 0.151554 -0.072554 2 10
 0.151554 -0.058153 2 11
 0.151554 -0.036060 2 12
 0.151554 -0.017627 2 13
 0.151554 -0.011486 2 14
 0.151554  0.116376 2 15
 0.151554  0.120285 2 16
 0.173205 -0.558061 2 1
 0.173205 -0.489956 2 2
 0.173205 -0.377389 2 3
 0.173205 -0.375806 2 4
 0.173205 -0.334870 2 5
 0.173205 -0.308511 2 6
 0.173205 -0.178983 2 7
 0.173205 -0.094585 2 8
 0.173205 -0.084230 2 9
 0.173205 -0.070831 2 10
 0.173205 -0.058285 2 11
 0.173205 -0.035862 2 12
 0.173205 -0.017643 2 13
 0.173205 -0.012226 2 14
 0.173205  0.113402 2 15
 0.173205  0.117390 2 16
 0.194856 -0.550773 2 1
 0.194856 -0.489704 2 2
 0.194856 -0.375015 2 3
 0.194856 -0.373597 2 4
 0.194856 -0.341971 2 5
 0.194856 -0.311181 2 6
 0.194856 -0.174448 2 7
 0.194856 -0.094279 2 8
 0.194856 -0.084880 2 9
 0.194856 -0.068713 2 10
 0.194856 -0.058583 2 11
 0.194856 -0.035561 2 12
 0.194856 -0.017546 2 13
 0.194856 -0.012914 2 14
 0.194856  0.110170 2 15
 0.194856  0.114214 2 16
 0.216506 -0.542788 2 1
 0.216506 -0.489613 2 2
 0.216506 -0.372402 2 3
 0.216506 -0.371532 2 4
 0.216506 -0.348653 2 5
 0.216506 -0.314010 2 6
 0.216506 -0.169966 2 7
 0.216506 -0.094389 2 8
 0.216506 -0.085661 2 9
 0.216506 -0.066303 2 10
 0.216506 -0.059056 2 11
 0.216506 -0.035165 2 12
 0.216506 -0.017275 2 13
 0.216506 -0.013502 2 14
 0.216506  0.106714 2 15
 0.216506  0.110784 2 16
 0.238157 -0.534140 2 1
 0.238157 -0.489729 2 2
 0.238157 -0.370375 2 3
 0.238157 -0.369576 2 4
 0.238157 -0.354015 2 5
 0.238157 -0.316938 2 6
 0.238157 -0.165583 2 7
 0.238157 -0.094868 2 8
 0.238157 -0.086574 2 9
 0.238157 -0.063754 2 10
 0.238157 -0.059696 2 11
 0.238157 -0.034696 2 12
 0.238157 -0.016761 2 13
 0.238157 -0.013944 2 14
 0.238157  0.103065 2 15
 0.238157  0.107132 2 16
 0.259808 -0.524861 2 1
 0.259808 -0.490099 2 2
 0.259808 -0.371845 2 3
 0.259808 -0.366586 2 4
 0.259808 -0.356208 2 5
 0.259808 -0.319880 2 6
 0.259808 -0.161338 2 7
 0.259808 -0.095658 2 8
 0.259808 -0.087615 2 9
 0.259808 -0.061240 2 10
 0.259808 -0.060477 2 11
 0.259808 -0.034193 2 12
 0.259808 -0.015929 2 13
 0.259808 -0.014195 2 14
 0.259808  0.099258 2 15
 0.259808  0.103290 2 16
 0.281458 -0.514984 2 1
 0.281458 -0.490781 2 2
 0.281458 -0.376189 2 3
 0.281458 -0.363519 2 4
 0.281458 -0.354856 2 5
 0.281458 -0.322704 2 6
 0.281458 -0.157261 2 7
 0.281458 -0.096704 2 8
 0.281458 -0.088779 2 9
 0.281458 -0.061363 2 10
 0.281458 -0.058928 2 11
 0.281458 -0.033704 2 12
 0.281458 -0.014718 2 13
 0.281458 -0.014219 2 14
 0.281458  0.095333 2 15
 0.281458  0.099297 2 16
 0.303109 -0.504553 2 1
 0.303109 -0.491826 2 2
 0.303109 -0.381532 2 3
 0.303109 -0.360523 2 4
 0.303109 -0.351708 2 5
 0.303109 -0.325209 2 6
 0.303109 -0.153382 2 7
 0.303109 -0.097958 2 8
 0.303109 -0.090054 2 9
 0.303109 -0.062310 2 10
 0.303109 -0.056960 2 11
 0.303109 -0.033277 2 12
 0.303109 -0.014000 2 13
 0.303109 -0.013104 2 14
 0.303109  0.091348 2 15
 0.303109  0.095204 2 16
 0.324760 -0.494327 2 1
 0.324760 -0.492578 2 2
 0.324760 -0.386796 2 3
 0.324760 -0.357843 2 4
 0.324760 -0.347723 2 5
 0.324760 -0.327099 2 6
 0.324760 -0.149726 2 7
 0.324760 -0.099379 2 8
 0.324760 -0.091429 2 9
 0.324760 -0.063274 2 10
 0.324760 -0.055432 2 11
 0.324760 -0.032953 2 12
 0.324760 -0.013548 2 13
 0.324760 -0.011126 2 14
 0.324760  0.087379 2 15
 0.324760  0.091078 2 16
 0.346410 -0.495537 2 1
 0.346410 -0.481910 2 2
 0.346410 -0.391557 2 3
 0.346410 -0.355835 2 4
 0.346410 -0.343223 2 5
 0.346410 -0.327975 2 6
 0.346410 -0.146321 2 7
 0.346410 -0.100932 2 8
 0.346410 -0.092887 2 9
 0.346410 -0.064207 2 10
 0.346410 -0.054384 2 11
 0.346410 -0.032758 2 12
 0.346410 -0.012915 2 13
 0.346410 -0.008904 2 14
 0.346410  0.083537 2 15
 0.346410  0.087008 2 16
 0.368061 -0.498164 2 1
 0.368061 -0.469931 2 2
 0.368061 -0.395613 2 3
 0.368061 -0.354855 2 4
 0.368061 -0.338338 2 5
 0.368061 -0.327449 2 6
 0.368061 -0.143193 2 7
 0.368061 -0.102590 2 8
 0.368061 -0.094413 2 9
 0.368061 -0.065064 2 10
 0.368061 -0.053805 2 11
 0.368061 -0.032702 2 12
 0.368061 -0.012195 2 13
 0.368061 -0.006643 2 14
 0.368061  0.079971 2 15
 0.368061  0.083116 2 16
 0.389711 -0.501438 2 1
 0.389711 -0.457477 2 2
 0.389711 -0.398863 2 3
 0.389711 -0.355005 2 4
 0.389711 -0.333133 2 5
 0.389711 -0.325405 2 6
 0.389711 -0.140365 2 7
 0.389711 -0.104325 2 8
 0.389711 -0.095989 2 9
 0.389711 -0.065802 2 10
 0.389711 -0.053651 2 11
 0.389711 -0.032788 2 12
 0.389711 -0.011526 2 13
 0.389711 -0.004612 2 14
 0.389711  0.076874 2 15
 0.389711  0.079551 2 16
 0.411362 -0.505338 2 1
 0.411362 -0.444595 2 2
 0.411362 -0.401277 2 3
 0.411362 -0.356050 2 4
 0.411362 -0.327652 2 5
 0.411362 -0.322080 2 6
 0.411362 -0.137863 2 7
 0.411362 -0.106117 2 8
 0.411362 -0.097602 2 9
 0.411362 -0.066381 2 10
 0.411362 -0.053867 2 11
 0.411362 -0.033018 2 12
 0.411362 -0.011071 2 13
 0.411362 -0.003111 2 14
 0.411362  0.074472 2 15
 0.411362  0.076493 2 16
 0.433013 -0.509811 2 1
 0.433013 -0.431328 2 2
 0.433013 -0.402885 2 3
 0.433013 -0.357649 2 4
 0.433013 -0.321927 2 5
 0.433013 -0.317833 2 6
 0.433013 -0.135705 2 7
 0.433013 -0.107946 2 8
 0.433013 -0.099236 2 9
 0.433013 -0.066767 2 10
 0.433013 -0.054401 2 11
 0.433013 -0.033399 2 12
 0.433013 -0.011004 2 13
 0.433013 -0.002430 2 14
 0.433013  0.072989 2 15
 0.433013  0.074133 2 16
 0.454663 -0.514766 2 1
 0.454663 -0.417732 2 2
 0.454663 -0.403748 2 3
 0.454663 -0.359543 2 4
 0.454663 -0.315979 2 5
 0.454663 -0.312952 2 6
 0.454663 -0.133906 2 7
 0.454663 -0.109796 2 8
 0.454663 -0.100881 2 9
 0.454663 -0.066931 2 10
 0.454663 -0.055216 2 11
 0.454663 -0.033958 2 12
 0.454663 -0.011470 2 13
 0.454663 -0.002776 2 14
 0.454663  0.072590 2 15
 0.454663  0.072648 2 16
 0.476314 -0.520089 2 1
 0.476314 -0.404820 2 2
 0.476314 -0.403000 2 3
 0.476314 -0.361589 2 4
 0.476314 -0.309825 2 5
 0.476314 -0.307619 2 6
 0.476314 -0.132469 2 7
 0.476314 -0.111653 2 8
 0.476314 -0.102529 2 9
 0.476314 -0.066861 2 10
 0.476314 -0.056288 2 11
 0.476314 -0.034741 2 12
 0.476314 -0.012544 2 13
 0.476314 -0.004223 2 14
 0.476314  0.072165 2 15
 0.476314  0.073329 2 16
 0.497965 -0.525654 2 1
 0.497965 -0.403894 2 2
 0.497965 -0.389502 2 3
 0.497965 -0.363716 2 4
 0.497965 -0.303475 2 5
 0.497965 -0.301937 2 6
 0.497965 -0.131389 2 7
 0.497965 -0.113504 2 8
 0.497965 -0.104176 2 9
 0.497965 -0.066562 2 10
 0.497965 -0.057615 2 11
 0.497965 -0.035827 2 12
 0.497965 -0.014193 2 13
 0.497965 -0.006697 2 14
 0.497965  0.072728 2 15
 0.497965  0.075130 2 16
 0.519615 -0.531336 2 1
 0.519615 -0.403229 2 2
 0.519615 -0.375144 2 3
 0.519615 -0.365895 2 4
 0.519615 -0.296935 2 5
 0.519615 -0.295961 2 6
 0.519615 -0.130649 2 7
 0.519615 -0.115339 2 8
 0.519615 -0.105823 2 9
 0.519615 -0.066064 2 10
 0.519615 -0.059215 2 11
 0.519615 -0.037325 2 12
 0.519615 -0.016257 2 13
 0.519615 -0.010009 2 14
 0.519615  0.074293 2 15
 0.519615  0.077818 2 16
 0.541266 -0.537023 2 1
 0.541266 -0.402281 2 2
 0.541266 -0.368112 2 3
 0.541266 -0.360631 2 4
 0.541266 -0.290207 2 5
 0.541266 -0.289718 2 6
 0.541266 -0.130221 2 7
 0.541266 -0.117146 2 8
 0.541266 -0.107475 2 9
 0.541266 -0.065434 2 10
 0.541266 -0.061128 2 11
 0.541266 -0.039359 2 12
 0.541266 -0.018481 2 13
 0.541266 -0.013917 2 14
 0.541266  0.076744 2 15
 0.541266  0.081185 2 16
 0.562917 -0.542617 2 1
 0.562917 -0.401116 2 2
 0.562917 -0.370351 2 3
 0.562917 -0.346044 2 4
 0.562917 -0.283297 2 5
 0.562917 -0.283224 2 6
 0.562917 -0.130069 2 7
 0.562917 -0.118916 2 8
 0.562917 -0.109142 2 9
 0.562917 -0.064805 2 10
 0.562917 -0.063415 2 11
 0.562917 -0.041996 2 12
 0.562917 -0.020584 2 13
 0.562917 -0.018166 2 14
 0.562917  0.079923 2 15
 0.562917  0.085022 2 16
 0.584567 -0.548038 2 1
 0.584567 -0.399801 2 2
 0.584567 -0.372588 2 3
 0.584567 -0.331466 2 4
 0.584567 -0.276492 2 5
 0.584567 -0.276214 2 6
 0.584567 -0.130152 2 7
 0.584567 -0.120640 2 8
 0.584567 -0.110837 2 9
 0.584567 -0.066160 2 10
 0.584567 -0.064427 2 11
 0.584567 -0.045109 2 12
 0.584567 -0.022511 2 13
 0.584567 -0.022362 2 14
 0.584567  0.083662 2 15
 0.584567  0.089149 2 16
 0.606218 -0.553224 2 1
 0.606218 -0.398389 2 2
 0.606218 -0.374786 2 3
 0.606218 -0.316983 2 4
 0.606218 -0.269540 2 5
 0.606218 -0.268975 2 6
 0.606218 -0.130427 2 7
 0.606218 -0.122309 2 8
 0.606218 -0.112578 2 9
 0.606218 -0.069450 2 10
 0.606218 -0.064793 2 11
 0.606218 -0.048213 2 12
 0.606218 -0.026728 2 13
 0.606218 -0.023740 2 14
 0.606218  0.087793 2 15
 0.606218  0.093413 2 16
 0.627868 -0.558129 2 1
 0.627868 -0.396927 2 2
 0.627868 -0.376898 2 3
 0.627868 -0.302693 2 4
 0.627868 -0.262400 2 5
 0.627868 -0.261610 2 6
 0.627868 -0.130853 2 7
 0.627868 -0.123917 2 8
 0.627868 -0.114386 2 9
 0.627868 -0.073353 2 10
 0.627868 -0.066664 2 11
 0.627868 -0.050472 2 12
 0.627868 -0.030633 2 13
 0.627868 -0.024740 2 14
 0.627868  0.092164 2 15
 0.627868  0.097684 2 16
 0.649519 -0.562720 2 1
 0.649519 -0.395457 2 2
 0.649519 -0.378875 2 3
 0.649519 -0.288703 2 4
 0.649519 -0.255115 2 5
 0.649519 -0.254160 2 6
 0.649519 -0.131392 2 7
 0.649519 -0.125461 2 8
 0.649519 -0.116284 2 9
 0.649519 -0.077887 2 10
 0.649519 -0.070454 2 11
 0.649519 -0.051367 2 12
 0.649519 -0.034096 2 13
 0.649519 -0.025422 2 14
 0.649519  0.096636 2 15
 0.649519  0.101857 2 16
 0.671170 -0.566974 2 1
 0.671170 -0.394015 2 2
 0.671170 -0.380666 2 3
 0.671170 -0.275133 2 4
 0.671170 -0.247747 2 5
 0.671170 -0.246682 2 6
 0.671170 -0.132010 2 7
 0.671170 -0.126943 2 8
 0.671170 -0.118295 2 9
 0.671170 -0.082998 2 10
 0.671170 -0.075715 2 11
 0.671170 -0.051243 2 12
 0.671170 -0.037060 2 13
 0.671170 -0.025842 2 14
 0.671170  0.101084 2 15
 0.671170  0.105840 2 16
 0.692820 -0.570872 2 1
 0.692820 -0.392635 2 2
 0.692820 -0.382232 2 3
 0.692820 -0.262109 2 4
 0.692820 -0.240375 2 5
 0.692820 -0.239249 2 6
 0.692820 -0.132682 2 7
 0.692820 -0.128375 2 8
 0.692820 -0.120434 2 9
 0.692820 -0.088550 2 10
 0.692820 -0.081797 2 11
 0.692820 -0.050642 2 12
 0.692820 -0.039528 2 13
 0.692820 -0.026048 2 14
 0.692820  0.105394 2 15
 0.692820  0.109558 2 16
 0.714471 -0.574397 2 1
 0.714471 -0.391350 2 2
 0.714471 -0.383548 2 3
 0.714471 -0.249772 2 4
 0.714471 -0.233096 2 5
 0.714471 -0.231949 2 6
 0.714471 -0.133390 2 7
 0.714471 -0.129782 2 8
 0.714471 -0.122711 2 9
 0.714471 -0.094342 2 10
 0.714471 -0.088253 2 11
 0.714471 -0.049894 2 12
 0.714471 -0.041546 2 13
 0.714471 -0.026078 2 14
 0.714471  0.109463 2 15
 0.714471  0.112949 2 16
 0.736122 -0.577529 2 1
 0.736122 -0.390187 2 2
 0.736122 -0.384604 2 3
 0.736122 -0.238275 2 4
 0.736122 -0.226027 2 5
 0.736122 -0.224892 2 6
 0.736122 -0.134129 2 7
 0.736122 -0.131205 2 8
 0.736122 -0.125107 2 9
 0.736122 -0.100125 2 10
 0.736122 -0.094773 2 11
 0.736122 -0.049163 2 12
 0.736122 -0.043174 2 13
 0.736122 -0.025971 2 14
 0.736122  0.113196 2 15
 0.736122  0.115962 2 16
 0.757772 -0.580246 2 1
 0.757772 -0.389168 2 2
 0.757772 -0.385410 2 3
 0.757772 -0.227792 2 4
 0.757772 -0.219313 2 5
 0.757772 -0.218217 2 6
 0.757772 -0.134919 2 7
 0.757772 -0.132708 2 8
 0.757772 -0.127561 2 9
 0.757772 -0.105604 2 10
 0.757772 -0.101089 2 11
 0.757772 -0.048526 2 12
 0.757772 -0.044468 2 13
 0.757772 -0.025768 2 14
 0.757772  0.116510 2 15
 0.757772  0.118560 2 16
 0.779423 -0.582521 2 1
 0.779423 -0.388313 2 2
 0.779423 -0.385988 2 3
 0.779423 -0.218530 2 4
 0.779423 -0.213138 2 5
 0.779423 -0.212101 2 6
 0.779423 -0.135819 2 7
 0.779423 -0.134352 2 8
 0.779423 -0.129929 2 9
 0.779423 -0.110458 2 10
 0.779423 -0.106929 2 11
 0.779423 -0.048014 2 12
 0.779423 -0.045476 2 13
 0.779423 -0.025515 2 14
 0.779423  0.119329 2 15
 0.779423  0.120714 2 16
 0.801073 -0.584326 2 1
 0.801073 -0.387632 2 2
 0.801073 -0.386373 2 3
 0.801073 -0.210745 2 4
 0.801073 -0.207745 2 5
 0.801073 -0.206780 2 6
 0.801073 -0.136925 2 7
 0.801073 -0.136140 2 8
 0.801073 -0.131956 2 9
 0.801073 -0.114379 2 10
 0.801073 -0.111989 2 11
 0.801073 -0.047631 2 12
 0.801073 -0.046231 2 13
 0.801073 -0.025259 2 14
 0.801073  0.121590 2 15
 0.801073  0.122404 2 16
 0.822724 -0.585637 2 1
 0.822724 -0.387136 2 2
 0.822724 -0.386601 2 3
 0.822724 -0.204761 2 4
 0.822724 -0.203453 2 5
 0.822724 -0.202562 2 6
 0.822724 -0.138219 2 7
 0.822724 -0.137905 2 8
 0.822724 -0.133391 2 9
 0.822724 -0.117169 2 10
 0.822724 -0.115938 2 11
 0.822724 -0.047369 2 12
 0.822724 -0.046757 2 13
 0.822724 -0.025040 2 14
 0.822724  0.123244 2 15
 0.822724  0.123617 2 16
 0.844375 -0.586429 2 1
 0.844375 -0.386830 2 2
 0.844375 -0.386707 2 3
 0.844375 -0.200956 2 4
 0.844375 -0.200640 2 5
 0.844375 -0.199799 2 6
 0.844375 -0.139338 2 7
 0.844375 -0.139265 2 8
 0.844375 -0.134200 2 9
 0.844375 -0.118795 2 10
 0.844375 -0.118459 2 11
 0.844375 -0.047219 2 12
 0.844375 -0.047067 2 13
 0.844375 -0.024893 2 14
 0.844375  0.124251 2 15
 0.844375  0.124347 2 16
 0.866025 -0.586690 2 1
 0.866025 -0.386717 2 2
 0.866025 -0.386717 2 3
 0.866025 -0.199653 2 4
 0.866025 -0.199653 2 5
 0.866025 -0.198822 2 6
 0.866025 -0.139783 2 7
 0.866025 -0.139783 2 8
 0.866025 -0.134462 2 9
 0.866025 -0.119329 2 10
 0.866025 -0.119329 2 11
 0.866025 -0.047170 2 12
 0.866025 -0.047170 2 13
 0.866025 -0.024840 2 14
 0.866025  0.124590 2 15
 0.866025  0.124590 2 16
 0.866025 -0.586690 2 1
 0.866025 -0.386717 2 2
 0.866025 -0.386717 2 3
 0.866025 -0.199653 2 4
 0.866025 -0.199653 2 5
 0.866025 -0.198822 2 6
 0.866025 -0.139783 2 7
 0.866025 -0.139783 2 8
 0.866025 -0.134462 2 9
 0.866025 -0.119329 2 10
 0.866025 -0.119329 2 11
 0.866025 -0.047170 2 12
 0.866025 -0.047170 2 13
 0.866025 -0.024840 2 14
 0.866025  0.124590 2 15
 0.866025  0.124590 2 16
 0.886754 -0.586480 2 1
 0.886754 -0.386840 2 2
 0.886754 -0.386677 2 3
 0.886754 -0.201306 2 4
 0.886754 -0.200265 2 5
 0.886754 -0.199561 2 6
 0.886754 -0.139370 2 7
 0.886754 -0.139245 2 8
 0.886754 -0.134247 2 9
 0.886754 -0.119231 2 10
 0.886754 -0.118203 2 11
 0.886754 -0.047150 2 12
 0.886754 -0.047127 2 13
 0.886754 -0.024871 2 14
 0.886754  0.124145 2 15
 0.886754  0.124491 2 16
 0.907483 -0.585841 2 1
 0.907483 -0.387164 2 2
 0.907483 -0.386554 2 3
 0.907483 -0.206211 2 4
 0.907483 -0.202032 2 5
 0.907483 -0.201435 2 6
 0.907483 -0.138470 2 7
 0.907483 -0.137708 2 8
 0.907483 -0.133471 2 9
 0.907483 -0.118935 2 10
 0.907483 -0.115024 2 11
 0.907483 -0.047087 2 12
 0.907483 -0.046997 2 13
 0.907483 -0.024962 2 14
 0.907483  0.122815 2 15
 0.907483  0.124196 2 16
 0.928212 -0.584779 2 1
 0.928212 -0.387675 2 2
 0.928212 -0.386350 2 3
 0.928212 -0.213607 2 4
 0.928212 -0.204783 2 5
 0.928212 -0.204327 2 6
 0.928212 -0.137721 2 7
 0.928212 -0.135371 2 8
 0.928212 -0.131894 2 9
 0.928212 -0.118422 2 10
 0.928212 -0.110278 2 11
 0.928212 -0.046971 2 12
 0.928212 -0.046776 2 13
 0.928212 -0.025107 2 14
 0.928212  0.120627 2 15
 0.928212  0.123710 2 16
 0.948941 -0.583299 2 1
 0.948941 -0.388359 2 2
 0.948941 -0.386074 2 3
 0.948941 -0.222770 2 4
 0.948941 -0.208314 2 5
 0.948941 -0.208079 2 6
 0.948941 -0.137352 2 7
 0.948941 -0.132494 2 8
 0.948941 -0.129594 2 9
 0.948941 -0.117650 2 10
 0.948941 -0.104549 2 11
 0.948941 -0.046786 2 12
 0.948941 -0.046458 2 13
 0.948941 -0.025300 2 14
 0.948941  0.117628 2 15
 0.948941  0.123040 2 16
 0.969670 -0.581411 2 1
 0.969670 -0.389199 2 2
 0.969670 -0.385733 2 3
 0.969670 -0.233189 2 4
 0.969670 -0.212513 2 5
 0.969670 -0.212431 2 6
 0.969670 -0.137244 2 7
 0.969670 -0.129366 2 8
 0.969670 -0.126878 2 9
 0.969670 -0.116540 2 10
 0.969670 -0.098349 2 11
 0.969670 -0.046503 2 12
 0.969670 -0.046034 2 13
 0.969670 -0.025531 2 14
 0.969670  0.113882 2 15
 0.969670  0.122196 2 16
 0.990399 -0.579125 2 1
 0.990399 -0.390175 2 2
 0.990399 -0.385336 2 3
 0.990399 -0.244521 2 4
 0.990399 -0.217477 2 5
 0.990399 -0.216978 2 6
 0.990399 -0.137281 2 7
 0.990399 -0.126286 2 8
 0.990399 -0.123984 2 9
 0.990399 -0.114969 2 10
 0.990399 -0.092075 2 11
 0.990399 -0.046084 2 12
 0.990399 -0.045491 2 13
 0.990399 -0.025784 2 14
 0.990399  0.109471 2 15
 0.990399  0.121187 2 16
 1.011128 -0.576458 2 1
 1.011128 -0.391272 2 2
 1.011128 -0.384893 2 3
 1.011128 -0.256527 2 4
 1.011128 -0.222847 2 5
 1.011128 -0.221837 2 6
 1.011128 -0.137408 2 7
 1.011128 -0.123534 2 8
 1.011128 -0.121055 2 9
 1.011128 -0.112801 2 10
 1.011128 -0.086029 2 11
 1.011128 -0.045474 2 12
 1.011128 -0.044816 2 13
 1.011128 -0.026039 2 14
 1.011128  0.104500 2 15
 1.011128  0.120028 2 16
 1.031857 -0.573427 2 1
 1.031857 -0.392480 2 2
 1.031857 -0.384410 2 3
 1.031857 -0.269031 2 4
 1.031857 -0.228529 2 5
 1.031857 -0.226915 2 6
 1.031857 -0.137598 2 7
 1.031857 -0.121257 2 8
 1.031857 -0.118177 2 9
 1.031857 -0.110004 2 10
 1.031857 -0.080465 2 11
 1.031857 -0.044611 2 12
 1.031857 -0.043996 2 13
 1.031857 -0.026265 2 14
 1.031857  0.099089 2 15
 1.031857  0.118729 2 16
 1.052586 -0.570050 2 1
 1.052586 -0.393794 2 2
 1.052586 -0.383895 2 3
 1.052586 -0.281887 2 4
 1.052586 -0.234447 2 5
 1.052586 -0.232142 2 6
 1.052586 -0.137837 2 7
 1.052586 -0.119400 2 8
 1.052586 -0.115403 2 9
 1.052586 -0.106727 2 10
 1.052586 -0.075595 2 11
 1.052586 -0.043440 2 12
 1.052586 -0.043015 2 13
 1.052586 -0.026418 2 14
 1.052586  0.093378 2 15
 1.052586  0.117306 2 16
 1.073314 -0.566349 2 1
 1.073314 -0.395220 2 2
 1.073314 -0.383351 2 3
 1.073314 -0.294969 2 4
 1.073314 -0.240542 2 5
 1.073314 -0.237463 2 6
 1.073314 -0.138120 2 7
 1.073314 -0.117812 2 8
 1.073314 -0.112764 2 9
 1.073314 -0.103195 2 10
 1.073314 -0.071578 2 11
 1.073314 -0.041963 2 12
 1.073314 -0.041862 2 13
 1.073314 -0.026432 2 14
 1.073314  0.087525 2 15
 1.073314  0.115771 2 16
 1.094043 -0.562345 2 1
 1.094043 -0.396771 2 2
 1.094043 -0.382779 2 3
 1.094043 -0.308161 2 4
 1.094043 -0.246766 2 5
 1.094043 -0.242831 2 6
 1.094043 -0.138439 2 7
 1.094043 -0.116367 2 8
 1.094043 -0.110276 2 9
 1.094043 -0.099596 2 10
 1.094043 -0.068473 2 11
 1.094043 -0.040526 2 12
 1.094043 -0.040295 2 13
 1.094043 -0.026213 2 14
 1.094043  0.081704 2 15
 1.094043  0.114136 2 16
 1.114772 -0.558062 2 1
 1.114772 -0.398468 2 2
 1.114772 -0.382179 2 3
 1.114772 -0.321353 2 4
 1.114772 -0.253080 2 5
 1.114772 -0.248205 2 6
 1.114772 -0.138793 2 7
 1.114772 -0.114992 2 8
 1.114772 -0.107938 2 9
 1.114772 -0.096052 2 10
 1.114772 -0.066224 2 11
 1.114772 -0.039004 2 12
 1.114772 -0.038678 2 13
 1.114772 -0.025651 2 14
 1.114772  0.076101 2 15
 1.114772  0.112414 2 16
 1.135501 -0.553520 2 1
 1.135501 -0.400342 2 2
 1.135501 -0.381549 2 3
 1.135501 -0.334443 2 4
 1.135501 -0.259450 2 5
 1.135501 -0.253551 2 6
 1.135501 -0.139176 2 7
 1.135501 -0.113647 2 8
 1.135501 -0.105743 2 9
 1.135501 -0.092635 2 10
 1.135501 -0.064688 2 11
 1.135501 -0.037392 2 12
 1.135501 -0.037301 2 13
 1.135501 -0.024689 2 14
 1.135501  0.070908 2 15
 1.135501  0.110615 2 16
 1.156230 -0.548741 2 1
 1.156230 -0.402429 2 2
 1.156230 -0.380886 2 3
 1.156230 -0.347335 2 4
 1.156230 -0.265847 2 5
 1.156230 -0.258837 2 6
 1.156230 -0.139585 2 7
 1.156230 -0.112315 2 8
 1.156230 -0.103672 2 9
 1.156230 -0.089382 2 10
 1.156230 -0.063702 2 11
 1.156230 -0.036590 2 12
 1.156230 -0.035427 2 13
 1.156230 -0.023413 2 14
 1.156230  0.066313 2 15
 1.156230  0.108749 2 16
 1.176959 -0.543747 2 1
 1.176959 -0.404766 2 2
 1.176959 -0.380189 2 3
 1.176959 -0.359938 2 4
 1.176959 -0.272246 2 5
 1.176959 -0.264037 2 6
 1.176959 -0.140015 2 7
 1.176959 -0.110987 2 8
 1.176959 -0.101702 2 9
 1.176959 -0.086305 2 10
 1.176959 -0.063127 2 11
 1.176959 -0.036249 2 12
 1.176959 -0.033407 2 13
 1.176959 -0.022047 2 14
 1.176959  0.062484 2 15
 1.176959  0.106828 2 16
 1.197688 -0.538560 2 1
 1.197688 -0.407396 2 2
 1.197688 -0.379459 2 3
 1.197688 -0.372167 2 4
 1.197688 -0.278621 2 5
 1.197688 -0.269125 2 6
 1.197688 -0.140459 2 7
 1.197688 -0.109666 2 8
 1.197688 -0.099804 2 9
 1.197688 -0.083398 2 10
 1.197688 -0.062864 2 11
 1.197688 -0.036274 2 12
 1.197688 -0.031269 2 13
 1.197688 -0.020824 2 14
 1.197688  0.059546 2 15
 1.197688  0.104859 2 16
 1.218417 -0.533204 2 1
 1.218417 -0.410365 2 2
 1.218417 -0.383935 2 3
 1.218417 -0.378697 2 4
 1.218417 -0.284953 2 5
 1.218417 -0.274081 2 6
 1.218417 -0.140913 2 7
 1.218417 -0.108354 2 8
 1.218417 -0.097949 2 9
 1.218417 -0.080640 2 10
 1.218417 -0.062849 2 11
 1.218417 -0.036593 2 12
 1.218417 -0.029052 2 13
 1.218417 -0.019870 2 14
 1.218417  0.057562 2 15
 1.218417  0.102852 2 16
 1.239146 -0.527710 2 1
 1.239146 -0.413750 2 2
 1.239146 -0.395127 2 3
 1.239146 -0.377908 2 4
 1.239146 -0.291219 2 5
 1.239146 -0.278886 2 6
 1.239146 -0.141369 2 7
 1.239146 -0.107058 2 8
 1.239146 -0.096106 2 9
 1.239146 -0.078001 2 10
 1.239146 -0.063043 2 11
 1.239146 -0.037176 2 12
 1.239146 -0.026797 2 13
 1.239146 -0.019185 2 14
 1.239146  0.056513 2 15
 1.239146  0.100818 2 16
 1.259875 -0.522114 2 1
 1.259875 -0.417737 2 2
 1.259875 -0.405512 2 3
 1.259875 -0.377100 2 4
 1.259875 -0.297400 2 5
 1.259875 -0.283527 2 6
 1.259875 -0.141819 2 7
 1.259875 -0.105786 2 8
 1.259875 -0.094253 2 9
 1.259875 -0.075449 2 10
 1.259875 -0.063419 2 11
 1.259875 -0.038021 2 12
 1.259875 -0.024550 2 13
 1.259875 -0.018677 2 14
 1.259875  0.056312 2 15
 1.259875  0.098767 2 16
 1.280604 -0.516463 2 1
 1.280604 -0.422911 2 2
 1.280604 -0.414452 2 3
 1.280604 -0.376282 2 4
 1.280604 -0.303475 2 5
 1.280604 -0.287991 2 6
 1.280604 -0.142258 2 7
 1.280604 -0.104544 2 8
 1.280604 -0.092374 2 9
 1.280604 -0.072949 2 10
 1.280604 -0.063956 2 11
 1.280604 -0.039121 2 12
 1.280604 -0.022351 2 13
 1.280604 -0.018213 2 14
 1.280604  0.056819 2 15
 1.280604  0.096710 2 16
 1.301332 -0.510819 2 1
 1.301332 -0.430109 2 2
 1.301332 -0.421045 2 3
 1.301332 -0.375464 2 4
 1.301332 -0.309427 2 5
 1.301332 -0.292272 2 6
 1.301332 -0.142679 2 7
 1.301332 -0.103340 2 8
 1.301332 -0.090463 2 9
 1.301332 -0.070469 2 10
 1.301332 -0.064630 2 11
 1.301332 -0.040446 2 12
 1.301332 -0.020243 2 13
 1.301332 -0.017677 2 14
 1.301332  0.057874 2 15
 1.301332  0.094659 2 16
 1.322061 -0.505265 2 1
 1.322061 -0.438509 2 2
 1.322061 -0.426027 2 3
 1.322061 -0.374660 2 4
 1.322061 -0.315237 2 5
 1.322061 -0.296362 2 6
 1.322061 -0.143075 2 7
 1.322061 -0.102179 2 8
 1.322061 -0.088529 2 9
 1.322061 -0.067984 2 10
 1.322061 -0.065417 2 11
 1.322061 -0.041928 2 12
 1.322061 -0.018262 2 13
 1.322061 -0.017003 2 14
 1.322061  0.059320 2 15
 1.322061  0.092628 2 16
 1.342790 -0.499912 2 1
 1.342790 -0.446971 2 2
 1.342790 -0.430419 2 3
 1.342790 -0.373877 2 4
 1.342790 -0.320890 2 5
 1.342790 -0.300260 2 6
 1.342790 -0.143441 2 7
 1.342790 -0.101066 2 8
 1.342790 -0.086600 2 9
 1.342790 -0.066283 2 10
 1.342790 -0.065472 2 11
 1.342790 -0.043471 2 12
 1.342790 -0.016440 2 13
 1.342790 -0.016171 2 14
 1.342790  0.061019 2 15
 1.342790  0.090631 2 16
 1.363519 -0.494919 2 1
 1.363519 -0.455096 2 2
 1.363519 -0.434451 2 3
 1.363519 -0.373126 2 4
 1.363519 -0.326375 2 5
 1.363519 -0.303965 2 6
 1.363519 -0.143774 2 7
 1.363519 -0.100005 2 8
 1.363519 -0.084720 2 9
 1.363519 -0.067187 2 10
 1.363519 -0.062920 2 11
 1.363519 -0.044965 2 12
 1.363519 -0.015201 2 13
 1.363519 -0.014806 2 14
 1.363519  0.062854 2 15
 1.363519  0.088682 2 16
 1.384248 -0.490513 2 1
 1.384248 -0.462750 2 2
 1.384248 -0.438016 2 3
 1.384248 -0.372410 2 4
 1.384248 -0.331685 2 5
 1.384248 -0.307478 2 6
 1.384248 -0.144070 2 7
 1.384248 -0.098998 2 8
 1.384248 -0.082963 2 9
 1.384248 -0.068075 2 10
 1.384248 -0.060320 2 11
 1.384248 -0.046293 2 12
 1.384248 -0.014131 2 13
 1.384248 -0.013380 2 14
 1.384248  0.064730 2 15
 1.384248  0.086796 2 16
 1.404977 -0.487021 2 1
 1.404977 -0.469849 2 2
 1.404977 -0.440851 2 3
 1.404977 -0.371733 2 4
 1.404977 -0.336820 2 5
 1.404977 -0.310801 2 6
 1.404977 -0.144327 2 7
 1.404977 -0.098045 2 8
 1.404977 -0.081430 2 9
 1.404977 -0.068878 2 10
 1.404977 -0.057670 2 11
 1.404977 -0.047343 2 12
 1.404977 -0.013007 2 13
 1.404977 -0.012182 2 14
 1.404977  0.066573 2 15
 1.404977  0.084985 2 16
 1.425706 -0.484937 2 1
 1.425706 -0.476221 2 2
 1.425706 -0.442604 2 3
 1.425706 -0.371092 2 4
 1.425706 -0.341784 2 5
 1.425706 -0.313938 2 6
 1.425706 -0.144544 2 7
 1.425706 -0.097148 2 8
 1.425706 -0.080249 2 9
 1.425706 -0.069514 2 10
 1.425706 -0.054974 2 11
 1.425706 -0.048004 2 12
 1.425706 -0.011875 2 13
 1.425706 -0.011226 2 14
 1.425706  0.068324 2 15
 1.425706  0.083265 2 16
 1.446435 -0.485431 2 1
 1.446435 -0.480949 2 2
 1.446435 -0.442984 2 3
 1.446435 -0.370483 2 4
 1.446435 -0.346589 2 5
 1.446435 -0.316892 2 6
 1.446435 -0.144721 2 7
 1.446435 -0.096308 2 8
 1.446435 -0.079536 2 9
 1.446435 -0.069916 2 10
 1.446435 -0.052240 2 11
 1.446435 -0.048182 2 12
 1.446435 -0.010781 2 13
 1.446435 -0.010520 2 14
 1.446435  0.069938 2 15
 1.446435  0.081646 2 16
 1.467164 -0.489476 2 1
 1.467164 -0.483048 2 2
 1.467164 -0.441960 2 3
 1.467164 -0.369897 2 4
 1.467164 -0.351250 2 5
 1.467164 -0.319667 2 6
 1.467164 -0.144859 2 7
 1.467164 -0.095525 2 8
 1.467164 -0.079331 2 9
 1.467164 -0.070076 2 10
 1.467164 -0.049478 2 11
 1.467164 -0.047816 2 12
 1.467164 -0.010069 2 13
 1.467164 -0.009762 2 14
 1.467164  0.071383 2 15
 1.467164  0.080139 2 16
 1.487893 -0.494176 2 1
 1.487893 -0.485094 2 2
 1.487893 -0.439803 2 3
 1.487893 -0.369326 2 4
 1.487893 -0.355788 2 5
 1.487893 -0.322264 2 6
 1.487893 -0.144960 2 7
 1.487893 -0.094801 2 8
 1.487893 -0.079555 2 9
 1.487893 -0.070076 2 10
 1.487893 -0.046894 2 11
 1.487893 -0.046702 2 12
 1.487893 -0.009877 2 13
 1.487893 -0.008851 2 14
 1.487893  0.072638 2 15
 1.487893  0.078752 2 16
 1.508621 -0.498493 2 1
 1.508621 -0.487683 2 2
 1.508621 -0.436898 2 3
 1.508621 -0.368761 2 4
 1.508621 -0.360220 2 5
 1.508621 -0.324684 2 6
 1.508621 -0.145027 2 7
 1.508621 -0.094136 2 8
 1.508621 -0.080062 2 9
 1.508621 -0.070019 2 10
 1.508621 -0.045467 2 11
 1.508621 -0.043926 2 12
 1.508621 -0.009939 2 13
 1.508621 -0.008076 2 14
 1.508621  0.073693 2 15
 1.508621  0.077492 2 16
 1.529350 -0.502267 2 1
 1.529350 -0.490598 2 2
 1.529350 -0.433569 2 3
 1.529350 -0.368196 2 4
 1.529350 -0.364565 2 5
 1.529350 -0.326925 2 6
 1.529350 -0.145065 2 7
 1.529350 -0.093534 2 8
 1.529350 -0.080716 2 9
 1.529350 -0.069968 2 10
 1.529350 -0.043635 2 11
 1.529350 -0.041166 2 12
 1.529350 -0.010251 2 13
 1.529350 -0.007455 2 14
 1.529350  0.074548 2 15
 1.529350  0.076363 2 16
 1.550079 -0.505454 2 1
 1.550079 -0.493616 2 2
 1.550079 -0.430033 2 3
 1.550079 -0.368831 2 4
 1.550079 -0.367631 2 5
 1.550079 -0.328981 2 6
 1.550079 -0.145078 2 7
 1.550079 -0.092995 2 8
 1.550079 -0.081420 2 9
 1.550079 -0.069940 2 10
 1.550079 -0.041524 2 11
 1.550079 -0.038439 2 12
 1.550079 -0.010805 2 13
 1.550079 -0.007002 2 14
 1.550079  0.075212 2 15
 1.550079  0.075368 2 16
 1.570808 -0.508041 2 1
 1.570808 -0.496575 2 2
 1.570808 -0.426419 2 3
 1.570808 -0.373020 2 4
 1.570808 -0.367069 2 5
 1.570808 -0.330841 2 6
 1.570808 -0.145071 2 7
 1.570808 -0.092523 2 8
 1.570808 -0.082111 2 9
 1.570808 -0.069929 2 10
 1.570808 -0.039269 2 11
 1.570808 -0.035762 2 12
 1.570808 -0.011589 2 13
 1.570808 -0.006718 2 14
 1.570808  0.074508 2 15
 1.570808  0.075703 2 16
 1.591537 -0.510033 2 1
 1.591537 -0.499365 2 2
 1.591537 -0.422810 2 3
 1.591537 -0.377115 2 4
 1.591537 -0.366523 2 5
 1.591537 -0.332487 2 6
 1.591537 -0.145052 2 7
 1.591537 -0.092120 2 8
 1.591537 -0.082746 2 9
 1.591537 -0.069923 2 10
 1.591537 -0.037007 2 11
 1.591537 -0.033157 2 12
 1.591537 -0.012588 2 13
 1.591537 -0.006594 2 14
 1.591537  0.073783 2 15
 1.591537  0.076046 2 16
 1.612266 -0.511455 2 1
 1.612266 -0.501899 2 2
 1.612266 -0.419270 2 3
 1.612266 -0.381072 2 4
 1.612266 -0.366014 2 5
 1.612266 -0.333897 2 6
 1.612266 -0.145025 2 7
 1.612266 -0.091787 2 8
 1.612266 -0.083296 2 9
 1.612266 -0.069918 2 10
 1.612266 -0.034874 2 11
 1.612266 -0.030645 2 12
 1.612266 -0.013781 2 13
 1.612266 -0.006608 2 14
 1.612266  0.073193 2 15
 1.612266  0.076268 2 16
 1.632995 -0.512351 2 1
 1.632995 -0.504097 2 2
 1.632995 -0.415893 2 3
 1.632995 -0.384798 2 4
 1.632995 -0.365568 2 5
 1.632995 -0.335042 2 6
 1.632995 -0.144997 2 7
 1.632995 -0.091526 2 8
 1.632995 -0.083742 2 9
 1.632995 -0.069911 2 10
 1.632995 -0.033007 2 11
 1.632995 -0.028262 2 12
 1.632995 -0.015138 2 13
 1.632995 -0.006720 2 14
 1.632995  0.072735 2 15
 1.632995  0.076400 2 16
 1.653724 -0.512805 2 1
 1.653724 -0.505861 2 2
 1.653724 -0.412863 2 3
 1.653724 -0.388096 2 4
 1.653724 -0.365218 2 5
 1.653724 -0.335890 2 6
 1.653724 -0.144974 2 7
 1.653724 -0.091338 2 8
 1.653724 -0.084070 2 9
 1.653724 -0.069902 2 10
 1.653724 -0.031541 2 11
 1.653724 -0.026071 2 12
 1.653724 -0.016595 2 13
 1.653724 -0.006872 2 14
 1.653724  0.072409 2 15
 1.653724  0.076471 2 16
 1.674453 -0.512949 2 1
 1.674453 -0.507049 2 2
 1.674453 -0.410568 2 3
 1.674453 -0.390561 2 4
 1.674453 -0.364993 2 5
 1.674453 -0.336412 2 6
 1.674453 -0.144958 2 7
 1.674453 -0.091226 2 8
 1.674453 -0.084270 2 9
 1.674453 -0.069896 2 10
 1.674453 -0.030599 2 11
 1.674453 -0.024250 2 12
 1.674453 -0.017974 2 13
 1.674453 -0.007001 2 14
 1.674453  0.072214 2 15
 1.674453  0.076504 2 16
 1.695182 -0.512964 2 1
 1.695182 -0.507479 2 2
 1.695182 -0.409664 2 3
 1.695182 -0.391527 2 4
 1.695182 -0.364915 2 5
 1.695182 -0.336587 2 6
 1.695182 -0.144952 2 7
 1.695182 -0.091188 2 8
 1.695182 -0.084338 2 9
 1.695182 -0.069893 2 10
 1.695182 -0.030274 2 11
 1.695182 -0.023407 2 12
 1.695182 -0.018670 2 13
 1.695182 -0.007052 2 14
 1.695182  0.072149 2 15
 1.695182  0.076514 2 16
 1.695182 -0.512964 2 1
 1.695182 -0.507479 2 2
 1.695182 -0.409664 2 3
 1.695182 -0.391527 2 4
 1.695182 -0.364915 2 5
 1.695182 -0.336587 2 6
 1.695182 -0.144952 2 7
 1.695182 -0.091188 2 8
 1.695182 -0.084338 2 9
 1.695182 -0.069893 2 10
 1.695182 -0.030274 2 11
 1.695182 -0.023407 2 12
 1.695182 -0.018670 2 13
 1.695182 -0.007052 2 14
 1.695182  0.072149 2 15
 1.695182  0.076514 2 16
 1.719688 -0.514182 2 1
 1.719688 -0.506100 2 2
 1.719688 -0.409727 2 3
 1.719688 -0.391371 2 4
 1.719688 -0.365011 2 5
 1.719688 -0.336872 2 6
 1.719688 -0.144802 2 7
 1.719688 -0.091211 2 8
 1.719688 -0.084198 2 9
 1.719688 -0.069897 2 10
 1.719688 -0.030748 2 11
 1.719688 -0.023873 2 12
 1.719688 -0.018323 2 13
 1.719688 -0.007054 2 14
 1.719688  0.072206 2 15
 1.719688  0.076911 2 16
 1.744195 -0.516500 2 1
 1.744195 -0.503277 2 2
 1.744195 -0.409903 2 3
 1.744195 -0.390921 2 4
 1.744195 -0.365308 2 5
 1.744195 -0.337710 2 6
 1.744195 -0.144351 2 7
 1.744195 -0.091276 2 8
 1.744195 -0.083794 2 9
 1.744195 -0.069899 2 10
 1.744195 -0.032056 2 11
 1.744195 -0.025091 2 12
 1.744195 -0.017518 2 13
 1.744195 -0.007070 2 14
 1.744195  0.072153 2 15
 1.744195  0.078293 2 16
 1.768702 -0.519015 2 1
 1.768702 -0.499851 2 2
 1.768702 -0.410149 2 3
 1.768702 -0.390264 2 4
 1.768702 -0.365829 2 5
 1.768702 -0.339044 2 6
 1.768702 -0.143596 2 7
 1.768702 -0.091377 2 8
 1.768702 -0.083195 2 9
 1.768702 -0.069873 2 10
 1.768702 -0.033963 2 11
 1.768702 -0.026828 2 12
 1.768702 -0.016574 2 13
 1.768702 -0.007140 2 14
 1.768702  0.071719 2 15
 1.768702  0.080813 2 16
 1.793209 -0.521478 2 1
 1.793209 -0.496002 2 2
 1.793209 -0.410416 2 3
 1.793209 -0.389503 2 4
 1.793209 -0.366598 2 5
 1.793209 -0.340796 2 6
 1.793209 -0.142539 2 7
 1.793209 -0.091512 2 8
 1.793209 -0.082499 2 9
 1.793209 -0.069780 2 10
 1.793209 -0.036252 2 11
 1.793209 -0.028936 2 12
 1.793209 -0.015652 2 13
 1.793209 -0.007312 2 14
 1.793209  0.070900 2 15
 1.793209  0.084316 2 16
 1.817716 -0.523717 2 1
 1.817716 -0.491851 2 2
 1.817716 -0.410647 2 3
 1.817716 -0.388717 2 4
 1.817716 -0.367627 2 5
 1.817716 -0.342894 2 6
 1.817716 -0.141181 2 7
 1.817716 -0.091679 2 8
 1.817716 -0.081806 2 9
 1.817716 -0.069573 2 10
 1.817716 -0.038772 2 11
 1.817716 -0.031284 2 12
 1.817716 -0.014819 2 13
 1.817716 -0.007627 2 14
 1.817716  0.069766 2 15
 1.817716  0.088545 2 16
 1.842223 -0.525580 2 1
 1.842223 -0.487547 2 2
 1.842223 -0.410788 2 3
 1.842223 -0.387935 2 4
 1.842223 -0.368899 2 5
 1.842223 -0.345295 2 6
 1.842223 -0.139533 2 7
 1.842223 -0.091882 2 8
 1.842223 -0.081202 2 9
 1.842223 -0.069212 2 10
 1.842223 -0.041427 2 11
 1.842223 -0.033735 2 12
 1.842223 -0.014108 2 13
 1.842223 -0.008104 2 14
 1.842223  0.068370 2 15
 1.842223  0.093260 2 16
 1.866730 -0.526957 2 1
 1.866730 -0.483257 2 2
 1.866730 -0.410788 2 3
 1.866730 -0.387129 2 4
 1.866730 -0.370367 2 5
 1.866730 -0.347986 2 6
 1.866730 -0.137621 2 7
 1.866730 -0.092125 2 8
 1.866730 -0.080747 2 9
 1.866730 -0.068677 2 10
 1.866730 -0.044156 2 11
 1.866730 -0.036151 2 12
 1.866730 -0.013546 2 13
 1.866730 -0.008727 2 14
 1.866730  0.066756 2 15
 1.866730  0.098238 2 16
 1.891236 -0.527797 2 1
 1.891236 -0.479128 2 2
 1.891236 -0.410604 2 3
 1.891236 -0.386237 2 4
 1.891236 -0.371971 2 5
 1.891236 -0.350986 2 6
 1.891236 -0.135477 2 7
 1.891236 -0.092414 2 8
 1.891236 -0.080466 2 9
 1.891236 -0.067976 2 10
 1.891236 -0.046917 2 11
 1.891236 -0.038397 2 12
 1.891236 -0.013183 2 13
 1.891236 -0.009431 2 14
 1.891236  0.064963 2 15
 1.891236  0.103277 2 16
 1.915743 -0.528116 2 1
 1.915743 -0.475269 2 2
 1.915743 -0.410179 2 3
 1.915743 -0.385210 2 4
 1.915743 -0.373665 2 5
 1.915743 -0.354319 2 6
 1.915743 -0.133142 2 7
 1.915743 -0.092752 2 8
 1.915743 -0.080364 2 9
 1.915743 -0.067147 2 10
 1.915743 -0.049674 2 11
 1.915743 -0.040348 2 12
 1.915743 -0.013131 2 13
 1.915743 -0.010068 2 14
 1.915743  0.063045 2 15
 1.915743  0.108188 2 16
 1.940250 -0.527982 2 1
 1.940250 -0.471747 2 2
 1.940250 -0.409442 2 3
 1.940250 -0.384033 2 4
 1.940250 -0.375438 2 5
 1.940250 -0.357988 2 6
 1.940250 -0.130664 2 7
 1.940250 -0.093148 2 8
 1.940250 -0.080439 2 9
 1.940250 -0.066246 2 10
 1.940250 -0.052377 2 11
 1.940250 -0.041894 2 12
 1.940250 -0.013544 2 13
 1.940250 -0.010429 2 14
 1.940250  0.061066 2 15
 1.940250  0.112796 2 16
 1.964757 -0.527484 2 1
 1.964757 -0.468599 2 2
 1.964757 -0.408328 2 3
 1.964757 -0.382747 2 4
 1.964757 -0.377323 2 5
 1.964757 -0.361936 2 6
 1.964757 -0.128093 2 7
 1.964757 -0.093612 2 8
 1.964757 -0.080688 2 9
 1.964757 -0.065345 2 10
 1.964757 -0.054963 2 11
 1.964757 -0.042950 2 12
 1.964757 -0.014394 2 13
 1.964757 -0.010486 2 14
 1.964757  0.059104 2 15
 1.964757  0.116931 2 16
 1.989264 -0.526704 2 1
 1.989264 -0.465851 2 2
 1.989264 -0.406787 2 3
 1.989264 -0.381632 2 4
 1.989264 -0.379228 2 5
 1.989264 -0.365995 2 6
 1.989264 -0.125489 2 7
 1.989264 -0.094159 2 8
 1.989264 -0.081105 2 9
 1.989264 -0.064514 2 10
 1.989264 -0.057352 2 11
 1.989264 -0.043465 2 12
 1.989264 -0.015484 2 13
 1.989264 -0.010384 2 14
 1.989264  0.057248 2 15
 1.989264  0.120434 2 16
 2.013771 -0.525689 2 1
 2.013771 -0.463530 2 2
 2.013771 -0.404827 2 3
 2.013771 -0.382910 2 4
 2.013771 -0.379236 2 5
 2.013771 -0.369856 2 6
 2.013771 -0.122906 2 7
 2.013771 -0.094803 2 8
 2.013771 -0.081673 2 9
 2.013771 -0.063816 2 10
 2.013771 -0.059443 2 11
 2.013771 -0.043444 2 12
 2.013771 -0.016667 2 13
 2.013771 -0.010231 2 14
 2.013771  0.055582 2 15
 2.013771  0.123160 2 16
 2.038278 -0.524435 2 1
 2.038278 -0.461674 2 2
 2.038278 -0.402551 2 3
 2.038278 -0.386374 2 4
 2.038278 -0.377874 2 5
 2.038278 -0.373101 2 6
 2.038278 -0.120405 2 7
 2.038278 -0.095555 2 8
 2.038278 -0.082367 2 9
 2.038278 -0.063369 2 10
 2.038278 -0.061041 2 11
 2.038278 -0.042947 2 12
 2.038278 -0.017876 2 13
 2.038278 -0.010073 2 14
 2.038278  0.054182 2 15
 2.038278  0.124979 2 16
 2.062784 -0.522914 2 1
 2.062784 -0.460339 2 2
 2.062784 -0.400228 2 3
 2.062784 -0.390732 2 4
 2.062784 -0.376499 2 5
 2.062784 -0.375349 2 6
 2.062784 -0.118056 2 7
 2.062784 -0.096418 2 8
 2.062784 -0.083154 2 9
 2.062784 -0.063621 2 10
 2.062784 -0.061605 2 11
 2.062784 -0.042072 2 12
 2.062784 -0.019078 2 13
 2.062784 -0.009937 2 14
 2.062784  0.053113 2 15
 2.062784  0.125793 2 16
 2.087291 -0.521099 2 1
 2.087291 -0.459606 2 2
 2.087291 -0.399132 2 3
 2.087291 -0.394504 2 4
 2.087291 -0.377150 2 5
 2.087291 -0.374662 2 6
 2.087291 -0.115932 2 7
 2.087291 -0.097373 2 8
 2.087291 -0.083998 2 9
 2.087291 -0.064405 2 10
 2.087291 -0.061229 2 11
 2.087291 -0.040927 2 12
 2.087291 -0.020256 2 13
 2.087291 -0.009838 2 14
 2.087291  0.052422 2 15
 2.087291  0.125543 2 16
 2.111798 -0.519005 2 1
 2.111798 -0.459583 2 2
 2.111798 -0.402779 2 3
 2.111798 -0.393866 2 4
 2.111798 -0.377966 2 5
 2.111798 -0.373011 2 6
 2.111798 -0.114119 2 7
 2.111798 -0.098368 2 8
 2.111798 -0.084866 2 9
 2.111798 -0.065051 2 10
 2.111798 -0.060566 2 11
 2.111798 -0.039599 2 12
 2.111798 -0.021386 2 13
 2.111798 -0.009788 2 14
 2.111798  0.052150 2 15
 2.111798  0.124222 2 16
 2.136305 -0.516703 2 1
 2.136305 -0.460406 2 2
 2.136305 -0.407761 2 3
 2.136305 -0.391842 2 4
 2.136305 -0.378263 2 5
 2.136305 -0.371183 2 6
 2.136305 -0.112737 2 7
 2.136305 -0.099303 2 8
 2.136305 -0.085731 2 9
 2.136305 -0.065445 2 10
 2.136305 -0.059778 2 11
 2.136305 -0.038156 2 12
 2.136305 -0.022421 2 13
 2.136305 -0.009789 2 14
 2.136305  0.052329 2 15
 2.136305  0.121878 2 16
 2.160812 -0.514302 2 1
 2.160812 -0.462215 2 2
 2.160812 -0.412307 2 3
 2.160812 -0.389772 2 4
 2.160812 -0.378153 2 5
 2.160812 -0.369178 2 6
 2.160812 -0.111961 2 7
 2.160812 -0.100009 2 8
 2.160812 -0.086577 2 9
 2.160812 -0.065620 2 10
 2.160812 -0.058930 2 11
 2.160812 -0.036651 2 12
 2.160812 -0.023288 2 13
 2.160812 -0.009829 2 14
 2.160812  0.052994 2 15
 2.160812  0.118607 2 16
 2.185319 -0.511932 2 1
 2.185319 -0.465095 2 2
 2.185319 -0.415946 2 3
 2.185319 -0.387731 2 4
 2.185319 -0.377741 2 5
 2.185319 -0.367022 2 6
 2.185319 -0.111985 2 7
 2.185319 -0.100294 2 8
 2.185319 -0.087396 2 9
 2.185319 -0.065636 2 10
 2.185319 -0.058095 2 11
 2.185319 -0.035138 2 12
 2.185319 -0.023880 2 13
 2.185319 -0.009888 2 14
 2.185319  0.054180 2 15
 2.185319  0.114547 2 16
 2.209826 -0.509691 2 1
 2.209826 -0.469022 2 2
 2.209826 -0.418484 2 3
 2.209826 -0.385700 2 4
 2.209826 -0.377089 2 5
 2.209826 -0.364762 2 6
 2.209826 -0.112879 2 7
 2.209826 -0.100080 2 8
 2.209826 -0.088186 2 9
 2.209826 -0.065547 2 10
 2.209826 -0.057350 2 11
 2.209826 -0.033684 2 12
 2.209826 -0.024081 2 13
 2.209826 -0.009936 2 14
 2.209826  0.055914 2 15
 2.209826  0.109863 2 16
 2.234332 -0.507622 2 1
 2.234332 -0.473869 2 2
 2.234332 -0.419917 2 3
 2.234332 -0.383699 2 4
 2.234332 -0.376184 2 5
 2.234332 -0.362447 2 6
 2.234332 -0.114537 2 7
 2.234332 -0.099462 2 8
 2.234332 -0.088945 2 9
 2.234332 -0.065403 2 10
 2.234332 -0.056761 2 11
 2.234332 -0.032355 2 12
 2.234332 -0.023799 2 13
 2.234332 -0.009946 2 14
 2.234332  0.058203 2 15
 2.234332  0.104734 2 16
 2.258839 -0.505715 2 1
 2.258839 -0.479466 2 2
 2.258839 -0.420349 2 3
 2.258839 -0.381849 2 4
 2.258839 -0.374890 2 5
 2.258839 -0.360112 2 6
 2.258839 -0.116799 2 7
 2.258839 -0.098597 2 8
 2.258839 -0.089658 2 9
 2.258839 -0.065244 2 10
 2.258839 -0.056360 2 11
 2.258839 -0.031191 2 12
 2.258839 -0.023021 2 13
 2.258839 -0.009894 2 14
 2.258839  0.061024 2 15
 2.258839  0.099356 2 16
 2.283346 -0.503921 2 1
 2.283346 -0.485669 2 2
 2.283346 -0.419933 2 3
 2.283346 -0.380347 2 4
 2.283346 -0.372958 2 5
 2.283346 -0.357764 2 6
 2.283346 -0.119559 2 7
 2.283346 -0.097604 2 8
 2.283346 -0.090293 2 9
 2.283346 -0.065101 2 10
 2.283346 -0.056140 2 11
 2.283346 -0.030186 2 12
 2.283346 -0.021856 2 13
 2.283346 -0.009767 2 14
 2.283346  0.064319 2 15
 2.283346  0.093936 2 16
 2.307853 -0.502215 2 1
 2.307853 -0.492356 2 2
 2.307853 -0.418829 2 3
 2.307853 -0.379297 2 4
 2.307853 -0.370227 2 5
 2.307853 -0.355381 2 6
 2.307853 -0.122762 2 7
 2.307853 -0.096583 2 8
 2.307853 -0.090795 2 9
 2.307853 -0.064986 2 10
 2.307853 -0.056071 2 11
 2.307853 -0.029316 2 12
 2.307853 -0.020493 2 13
 2.307853 -0.009556 2 14
 2.307853  0.067995 2 15
 2.307853  0.088707 2 16
 2.332360 -0.500796 2 1
 2.332360 -0.499224 2 2
 2.332360 -0.417182 2 3
 2.332360 -0.378617 2 4
 2.332360 -0.366728 2 5
 2.332360 -0.352912 2 6
 2.332360 -0.126383 2 7
 2.332360 -0.095664 2 8
 2.332360 -0.091060 2 9
 2.332360 -0.064896 2 10
 2.332360 -0.056118 2 11
 2.332360 -0.028572 2 12
 2.332360 -0.019147 2 13
 2.332360 -0.009261 2 14
 2.332360  0.071918 2 15
 2.332360  0.083945 2 16
 2.356867 -0.506828 2 1
 2.356867 -0.499026 2 2
 2.356867 -0.415140 2 3
 2.356867 -0.378200 2 4
 2.356867 -0.362569 2 5
 2.356867 -0.350292 2 6
 2.356867 -0.130397 2 7
 2.356867 -0.095040 2 8
 2.356867 -0.090935 2 9
 2.356867 -0.064808 2 10
 2.356867 -0.056255 2 11
 2.356867 -0.027962 2 12
 2.356867 -0.018004 2 13
 2.356867 -0.008898 2 14
 2.356867  0.075703 2 15
 2.356867  0.080193 2 16
 2.381374 -0.514163 2 1
 2.381374 -0.497811 2 2
 2.381374 -0.412850 2 3
 2.381374 -0.377999 2 4
 2.381374 -0.357849 2 5
 2.381374 -0.347468 2 6
 2.381374 -0.134779 2 7
 2.381374 -0.094829 2 8
 2.381374 -0.090355 2 9
 2.381374 -0.064697 2 10
 2.381374 -0.056480 2 11
 2.381374 -0.027500 2 12
 2.381374 -0.017190 2 13
 2.381374 -0.008517 2 14
 2.381374  0.075830 2 15
 2.381374  0.081132 2 16
 2.405880 -0.521357 2 1
 2.405880 -0.496895 2 2
 2.405880 -0.410462 2 3
 2.405880 -0.378006 2 4
 2.405880 -0.352687 2 5
 2.405880 -0.344437 2 6
 2.405880 -0.139487 2 7
 2.405880 -0.094930 2 8
 2.405880 -0.089475 2 9
 2.405880 -0.064545 2 10
 2.405880 -0.056796 2 11
 2.405880 -0.027205 2 12
 2.405880 -0.016740 2 13
 2.405880 -0.008195 2 14
 2.405880  0.074010 2 15
 2.405880  0.085193 2 16
 2.430387 -0.528230 2 1
 2.430387 -0.496308 2 2
 2.430387 -0.408100 2 3
 2.430387 -0.378226 2 4
 2.430387 -0.347214 2 5
 2.430387 -0.341259 2 6
 2.430387 -0.144465 2 7
 2.430387 -0.095199 2 8
 2.430387 -0.088489 2 9
 2.430387 -0.064357 2 10
 2.430387 -0.057204 2 11
 2.430387 -0.027105 2 12
 2.430387 -0.016612 2 13
 2.430387 -0.008004 2 14
 2.430387  0.073258 2 15
 2.430387  0.089445 2 16
 2.454894 -0.534683 2 1
 2.454894 -0.496005 2 2
 2.454894 -0.405847 2 3
 2.454894 -0.378646 2 4
 2.454894 -0.341561 2 5
 2.454894 -0.338024 2 6
 2.454894 -0.149656 2 7
 2.454894 -0.095557 2 8
 2.454894 -0.087510 2 9
 2.454894 -0.064176 2 10
 2.454894 -0.057679 2 11
 2.454894 -0.027247 2 12
 2.454894 -0.016724 2 13
 2.454894 -0.007956 2 14
 2.454894  0.073781 2 15
 2.454894  0.093672 2 16
 2.479401 -0.540696 2 1
 2.479401 -0.495888 2 2
 2.479401 -0.403729 2 3
 2.479401 -0.379228 2 4
 2.479401 -0.335941 2 5
 2.479401 -0.334752 2 6
 2.479401 -0.154994 2 7
 2.479401 -0.095975 2 8
 2.479401 -0.086586 2 9
 2.479401 -0.064091 2 10
 2.479401 -0.058158 2 11
 2.479401 -0.027694 2 12
 2.479401 -0.016968 2 13
 2.479401 -0.008005 2 14
 2.479401  0.075539 2 15
 2.479401  0.097800 2 16
 2.503908 -0.546330 2 1
 2.503908 -0.495842 2 2
 2.503908 -0.401720 2 3
 2.503908 -0.379919 2 4
 2.503908 -0.332101 2 5
 2.503908 -0.329874 2 6
 2.503908 -0.160412 2 7
 2.503908 -0.096440 2 8
 2.503908 -0.085737 2 9
 2.503908 -0.064230 2 10
 2.503908 -0.058537 2 11
 2.503908 -0.028494 2 12
 2.503908 -0.017231 2 13
 2.503908 -0.008071 2 14
 2.503908  0.078385 2 15
 2.503908  0.101762 2 16
 2.528415 -0.551668 2 1
 2.528415 -0.495766 2 2
 2.528415 -0.399768 2 3
 2.528415 -0.380660 2 4
 2.528415 -0.329289 2 5
 2.528415 -0.324251 2 6
 2.528415 -0.165830 2 7
 2.528415 -0.096939 2 8
 2.528415 -0.084974 2 9
 2.528415 -0.064701 2 10
 2.528415 -0.058726 2 11
 2.528415 -0.029626 2 12
 2.528415 -0.017428 2 13
 2.528415 -0.008093 2 14
 2.528415  0.082108 2 15
 2.528415  0.105484 2 16
 2.552922 -0.556763 2 1
 2.552922 -0.495604 2 2
 2.552922 -0.397827 2 3
 2.552922 -0.381402 2 4
 2.552922 -0.326639 2 5
 2.552922 -0.318780 2 6
 2.552922 -0.171158 2 7
 2.552922 -0.097462 2 8
 2.552922 -0.084309 2 9
 2.552922 -0.065510 2 10
 2.552922 -0.058723 2 11
 2.552922 -0.030978 2 12
 2.552922 -0.017526 2 13
 2.552922 -0.008045 2 14
 2.552922  0.086463 2 15
 2.552922  0.108890 2 16
 2.577428 -0.561600 2 1
 2.577428 -0.495344 2 2
 2.577428 -0.395896 2 3
 2.577428 -0.382110 2 4
 2.577428 -0.324015 2 5
 2.577428 -0.313650 2 6
 2.577428 -0.176269 2 7
 2.577428 -0.097994 2 8
 2.577428 -0.083751 2 9
 2.577428 -0.066563 2 10
 2.577428 -0.058609 2 11
 2.577428 -0.032372 2 12
 2.577428 -0.017537 2 13
 2.577428 -0.007945 2 14
 2.577428  0.091194 2 15
 2.577428  0.111904 2 16
 2.601935 -0.566091 2 1
 2.601935 -0.494999 2 2
 2.601935 -0.394027 2 3
 2.601935 -0.382767 2 4
 2.601935 -0.321331 2 5
 2.601935 -0.309065 2 6
 2.601935 -0.181001 2 7
 2.601935 -0.098514 2 8
 2.601935 -0.083307 2 9
 2.601935 -0.067735 2 10
 2.601935 -0.058471 2 11
 2.601935 -0.033629 2 12
 2.601935 -0.017492 2 13
 2.601935 -0.007832 2 14
 2.601935  0.096065 2 15
 2.601935  0.114471 2 16
 2.626442 -0.570096 2 1
 2.626442 -0.494587 2 2
 2.626442 -0.392320 2 3
 2.626442 -0.383370 2 4
 2.626442 -0.318575 2 5
 2.626442 -0.305275 2 6
 2.626442 -0.185155 2 7
 2.626442 -0.098991 2 8
 2.626442 -0.082980 2 9
 2.626442 -0.068902 2 10
 2.626442 -0.058364 2 11
 2.626442 -0.034621 2 12
 2.626442 -0.017418 2 13
 2.626442 -0.007753 2 14
 2.626442  0.100864 2 15
 2.626442  0.116560 2 16
 2.650949 -0.573473 2 1
 2.650949 -0.494116 2 2
 2.650949 -0.390880 2 3
 2.650949 -0.383917 2 4
 2.650949 -0.315826 2 5
 2.650949 -0.302548 2 6
 2.650949 -0.188526 2 7
 2.650949 -0.099390 2 8
 2.650949 -0.082765 2 9
 2.650949 -0.069957 2 10
 2.650949 -0.058313 2 11
 2.650949 -0.035295 2 12
 2.650949 -0.017338 2 13
 2.650949 -0.007741 2 14
 2.650949  0.105404 2 15
 2.650949  0.118184 2 16
 2.675456 -0.576127 2 1
 2.675456 -0.493586 2 2
 2.675456 -0.389789 2 3
 2.675456 -0.384398 2 4
 2.675456 -0.313242 2 5
 2.675456 -0.301130 2 6
 2.675456 -0.190927 2 7
 2.675456 -0.099664 2 8
 2.675456 -0.082651 2 9
 2.675456 -0.070819 2 10
 2.675456 -0.058320 2 11
 2.675456 -0.035661 2 12
 2.675456 -0.017264 2 13
 2.675456 -0.007813 2 14
 2.675456  0.109501 2 15
 2.675456  0.119404 2 16
 2.675456 -0.576127 2 1
 2.675456 -0.493586 2 2
 2.675456 -0.389789 2 3
 2.675456 -0.384398 2 4
 2.675456 -0.313242 2 5
 2.675456 -0.301130 2 6
 2.675456 -0.190927 2 7
 2.675456 -0.099664 2 8
 2.675456 -0.082651 2 9
 2.675456 -0.070819 2 10
 2.675456 -0.058320 2 11
 2.675456 -0.035661 2 12
 2.675456 -0.017264 2 13
 2.675456 -0.007813 2 14
 2.675456  0.109501 2 15
 2.675456  0.119404 2 16
 2.694592 -0.574985 2 1
 2.694592 -0.494339 2 2
 2.694592 -0.389504 2 3
 2.694592 -0.384619 2 4
 2.694592 -0.309286 2 5
 2.694592 -0.299687 2 6
 2.694592 -0.192599 2 7
 2.694592 -0.100480 2 8
 2.694592 -0.082994 2 9
 2.694592 -0.072080 2 10
 2.694592 -0.057932 2 11
 2.694592 -0.034825 2 12
 2.694592 -0.017276 2 13
 2.694592 -0.008009 2 14
 2.694592  0.106404 2 15
 2.694592  0.120338 2 16
 2.713729 -0.573270 2 1
 2.713729 -0.494991 2 2
 2.713729 -0.389001 2 3
 2.713729 -0.384684 2 4
 2.713729 -0.305697 2 5
 2.713729 -0.298373 2 6
 2.713729 -0.193991 2 7
 2.713729 -0.101194 2 8
 2.713729 -0.083426 2 9
 2.713729 -0.073390 2 10
 2.713729 -0.057556 2 11
 2.713729 -0.034023 2 12
 2.713729 -0.017323 2 13
 2.713729 -0.008274 2 14
 2.713729  0.102984 2 15
 2.713729  0.121130 2 16
 2.732866 -0.571007 2 1
 2.732866 -0.495528 2 2
 2.732866 -0.388279 2 3
 2.732866 -0.384597 2 4
 2.732866 -0.302518 2 5
 2.732866 -0.297197 2 6
 2.732866 -0.195059 2 7
 2.732866 -0.101786 2 8
 2.732866 -0.083957 2 9
 2.732866 -0.074762 2 10
 2.732866 -0.057199 2 11
 2.732866 -0.033283 2 12
 2.732866 -0.017407 2 13
 2.732866 -0.008595 2 14
 2.732866  0.099280 2 15
 2.732866  0.121783 2 16
 2.752002 -0.568216 2 1
 2.752002 -0.495938 2 2
 2.752002 -0.387344 2 3
 2.752002 -0.384359 2 4
 2.752002 -0.299799 2 5
 2.752002 -0.296170 2 6
 2.752002 -0.195757 2 7
 2.752002 -0.102240 2 8
 2.752002 -0.084592 2 9
 2.752002 -0.076202 2 10
 2.752002 -0.056867 2 11
 2.752002 -0.032634 2 12
 2.752002 -0.017526 2 13
 2.752002 -0.008955 2 14
 2.752002  0.095319 2 15
 2.752002  0.122297 2 16
 2.771139 -0.564929 2 1
 2.771139 -0.496210 2 2
 2.771139 -0.386197 2 3
 2.771139 -0.383975 2 4
 2.771139 -0.297571 2 5
 2.771139 -0.295296 2 6
 2.771139 -0.196050 2 7
 2.771139 -0.102543 2 8
 2.771139 -0.085335 2 9
 2.771139 -0.077716 2 10
 2.771139 -0.056567 2 11
 2.771139 -0.032098 2 12
 2.771139 -0.017681 2 13
 2.771139 -0.009343 2 14
 2.771139  0.091144 2 15
 2.771139  0.122676 2 16
 2.790276 -0.561172 2 1
 2.790276 -0.496331 2 2
 2.790276 -0.384840 2 3
 2.790276 -0.383447 2 4
 2.790276 -0.295857 2 5
 2.790276 -0.294575 2 6
 2.790276 -0.195909 2 7
 2.790276 -0.102687 2 8
 2.790276 -0.086186 2 9
 2.790276 -0.079309 2 10
 2.790276 -0.056304 2 11
 2.790276 -0.031690 2 12
 2.790276 -0.017869 2 13
 2.790276 -0.009747 2 14
 2.790276  0.086791 2 15
 2.790276  0.122922 2 16
 2.809412 -0.556985 2 1
 2.809412 -0.496290 2 2
 2.809412 -0.383281 2 3
 2.809412 -0.382781 2 4
 2.809412 -0.294670 2 5
 2.809412 -0.294007 2 6
 2.809412 -0.195320 2 7
 2.809412 -0.102667 2 8
 2.809412 -0.087137 2 9
 2.809412 -0.080975 2 10
 2.809412 -0.056087 2 11
 2.809412 -0.031420 2 12
 2.809412 -0.018087 2 13
 2.809412 -0.010164 2 14
 2.809412  0.082304 2 15
 2.809412  0.123034 2 16
 2.828549 -0.552408 2 1
 2.828549 -0.496074 2 2
 2.828549 -0.381981 2 3
 2.828549 -0.381525 2 4
 2.828549 -0.294003 2 5
 2.828549 -0.293586 2 6
 2.828549 -0.194286 2 7
 2.828549 -0.102480 2 8
 2.828549 -0.088177 2 9
 2.828549 -0.082713 2 10
 2.828549 -0.055925 2 11
 2.828549 -0.031290 2 12
 2.828549 -0.018334 2 13
 2.828549 -0.010594 2 14
 2.828549  0.077737 2 15
 2.828549  0.123015 2 16
 2.847686 -0.547480 2 1
 2.847686 -0.495669 2 2
 2.847686 -0.381053 2 3
 2.847686 -0.379576 2 4
 2.847686 -0.293833 2 5
 2.847686 -0.293306 2 6
 2.847686 -0.192826 2 7
 2.847686 -0.102125 2 8
 2.847686 -0.089289 2 9
 2.847686 -0.084514 2 10
 2.847686 -0.055826 2 11
 2.847686 -0.031294 2 12
 2.847686 -0.018606 2 13
 2.847686 -0.011043 2 14
 2.847686  0.073139 2 15
 2.847686  0.122864 2 16
 2.866822 -0.542246 2 1
 2.866822 -0.495063 2 2
 2.866822 -0.380001 2 3
 2.866822 -0.377442 2 4
 2.866822 -0.294123 2 5
 2.866822 -0.293156 2 6
 2.866822 -0.190970 2 7
 2.866822 -0.101605 2 8
 2.866822 -0.090450 2 9
 2.866822 -0.086370 2 10
 2.866822 -0.055804 2 11
 2.866822 -0.031425 2 12
 2.866822 -0.018902 2 13
 2.866822 -0.011519 2 14
 2.866822  0.068566 2 15
 2.866822  0.122579 2 16
 2.885959 -0.536756 2 1
 2.885959 -0.494242 2 2
 2.885959 -0.378834 2 3
 2.885959 -0.375126 2 4
 2.885959 -0.294829 2 5
 2.885959 -0.293127 2 6
 2.885959 -0.188765 2 7
 2.885959 -0.100928 2 8
 2.885959 -0.091630 2 9
 2.885959 -0.088264 2 10
 2.885959 -0.055871 2 11
 2.885959 -0.031672 2 12
 2.885959 -0.019217 2 13
 2.885959 -0.012036 2 14
 2.885959  0.064088 2 15
 2.885959  0.122158 2 16
 2.905095 -0.531069 2 1
 2.905095 -0.493190 2 2
 2.905095 -0.377559 2 3
 2.905095 -0.372641 2 4
 2.905095 -0.295896 2 5
 2.905095 -0.293205 2 6
 2.905095 -0.186264 2 7
 2.905095 -0.100113 2 8
 2.905095 -0.092794 2 9
 2.905095 -0.090162 2 10
 2.905095 -0.056047 2 11
 2.905095 -0.032022 2 12
 2.905095 -0.019550 2 13
 2.905095 -0.012604 2 14
 2.905095  0.059780 2 15
 2.905095  0.121601 2 16
 2.924232 -0.525240 2 1
 2.924232 -0.491893 2 2
 2.924232 -0.376186 2 3
 2.924232 -0.369991 2 4
 2.924232 -0.297270 2 5
 2.924232 -0.293379 2 6
 2.924232 -0.183520 2 7
 2.924232 -0.099215 2 8
 2.924232 -0.093903 2 9
 2.924232 -0.092003 2 10
 2.924232 -0.056353 2 11
 2.924232 -0.032467 2 12
 2.924232 -0.019897 2 13
 2.924232 -0.013235 2 14
 2.924232  0.055720 2 15
 2.924232  0.120903 2 16
 2.943369 -0.519328 2 1
 2.943369 -0.490332 2 2
 2.943369 -0.374723 2 3
 2.943369 -0.367181 2 4
 2.943369 -0.298897 2 5
 2.943369 -0.293635 2 6
 2.943369 -0.180587 2 7
 2.943369 -0.098431 2 8
 2.943369 -0.094915 2 9
 2.943369 -0.093580 2 10
 2.943369 -0.056818 2 11
 2.943369 -0.032998 2 12
 2.943369 -0.020254 2 13
 2.943369 -0.013940 2 14
 2.943369  0.051992 2 15
 2.943369  0.120062 2 16
 2.962505 -0.513401 2 1
 2.962505 -0.488491 2 2
 2.962505 -0.373181 2 3
 2.962505 -0.364213 2 4
 2.962505 -0.300731 2 5
 2.962505 -0.293963 2 6
 2.962505 -0.177518 2 7
 2.962505 -0.098423 2 8
 2.962505 -0.095782 2 9
 2.962505 -0.094220 2 10
 2.962505 -0.057474 2 11
 2.962505 -0.033608 2 12
 2.962505 -0.020617 2 13
 2.962505 -0.014726 2 14
 2.962505  0.048690 2 15
 2.962505  0.119073 2 16
 2.981642 -0.507542 2 1
 2.981642 -0.486348 2 2
 2.981642 -0.371574 2 3
 2.981642 -0.361101 2 4
 2.981642 -0.302722 2 5
 2.981642 -0.294350 2 6
 2.981642 -0.174367 2 7
 2.981642 -0.099649 2 8
 2.981642 -0.096456 2 9
 2.981642 -0.093460 2 10
 2.981642 -0.058356 2 11
 2.981642 -0.034289 2 12
 2.981642 -0.020981 2 13
 2.981642 -0.015598 2 14
 2.981642  0.045902 2 15
 2.981642  0.117937 2 16
 3.000779 -0.501826 2 1
 3.000779 -0.483878 2 2
 3.000779 -0.369911 2 3
 3.000779 -0.357846 2 4
 3.000779 -0.304830 2 5
 3.000779 -0.294785 2 6
 3.000779 -0.171176 2 7
 3.000779 -0.101421 2 8
 3.000779 -0.096888 2 9
 3.000779 -0.091985 2 10
 3.000779 -0.059504 2 11
 3.000779 -0.035031 2 12
 3.000779 -0.021341 2 13
 3.000779 -0.016557 2 14
 3.000779  0.043705 2 15
 3.000779  0.116650 2 16
 3.019915 -0.496342 2 1
 3.019915 -0.481059 2 2
 3.019915 -0.368207 2 3
 3.019915 -0.354458 2 4
 3.019915 -0.307023 2 5
 3.019915 -0.295261 2 6
 3.019915 -0.167987 2 7
 3.019915 -0.103342 2 8
 3.019915 -0.097031 2 9
 3.019915 -0.090189 2 10
 3.019915 -0.060947 2 11
 3.019915 -0.035821 2 12
 3.019915 -0.021687 2 13
 3.019915 -0.017599 2 14
 3.019915  0.042164 2 15
 3.019915  0.115213 2 16
 3.039052 -0.491163 2 1
 3.039052 -0.477873 2 2
 3.039052 -0.366472 2 3
 3.039052 -0.350943 2 4
 3.039052 -0.309272 2 5
 3.039052 -0.295770 2 6
 3.039052 -0.164832 2 7
 3.039052 -0.105299 2 8
 3.039052 -0.096839 2 9
 3.039052 -0.088190 2 10
 3.039052 -0.062710 2 11
 3.039052 -0.036643 2 12
 3.039052 -0.022010 2 13
 3.039052 -0.018718 2 14
 3.039052  0.041313 2 15
 3.039052  0.113625 2 16
 3.058189 -0.486347 2 1
 3.058189 -0.474340 2 2
 3.058189 -0.364723 2 3
 3.058189 -0.347325 2 4
 3.058189 -0.311544 2 5
 3.058189 -0.296302 2 6
 3.058189 -0.161748 2 7
 3.058189 -0.107247 2 8
 3.058189 -0.096275 2 9
 3.058189 -0.086047 2 10
 3.058189 -0.064793 2 11
 3.058189 -0.037477 2 12
 3.058189 -0.022299 2 13
 3.058189 -0.019900 2 14
 3.058189  0.041158 2 15
 3.058189  0.111893 2 16
 3.077325 -0.481880 2 1
 3.077325 -0.470532 2 2
 3.077325 -0.362971 2 3
 3.077325 -0.343622 2 4
 3.077325 -0.313820 2 5
 3.077325 -0.296855 2 6
 3.077325 -0.158756 2 7
 3.077325 -0.109164 2 8
 3.077325 -0.095307 2 9
 3.077325 -0.083794 2 10
 3.077325 -0.067181 2 11
 3.077325 -0.038308 2 12
 3.077325 -0.022540 2 13
 3.077325 -0.021127 2 14
 3.077325  0.041671 2 15
 3.077325  0.110022 2 16
 3.096462 -0.477695 2 1
 3.096462 -0.466572 2 2
 3.096462 -0.361226 2 3
 3.096462 -0.339861 2 4
 3.096462 -0.316084 2 5
 3.096462 -0.297423 2 6
 3.096462 -0.155871 2 7
 3.096462 -0.111036 2 8
 3.096462 -0.093919 2 9
 3.096462 -0.081468 2 10
 3.096462 -0.069833 2 11
 3.096462 -0.039119 2 12
 3.096462 -0.022714 2 13
 3.096462 -0.022381 2 14
 3.096462  0.042799 2 15
 3.096462  0.108017 2 16
 3.115598 -0.473709 2 1
 3.115598 -0.462610 2 2
 3.115598 -0.359506 2 3
 3.115598 -0.336090 2 4
 3.115598 -0.318311 2 5
 3.115598 -0.297999 2 6
 3.115598 -0.153111 2 7
 3.115598 -0.112851 2 8
 3.115598 -0.092112 2 9
 3.115598 -0.079114 2 10
 3.115598 -0.072685 2 11
 3.115598 -0.039899 2 12
 3.115598 -0.023637 2 13
 3.115598 -0.022805 2 14
 3.115598  0.044460 2 15
 3.115598  0.105894 2 16
 3.134735 -0.469847 2 1
 3.134735 -0.458771 2 2
 3.134735 -0.357820 2 3
 3.134735 -0.332357 2 4
 3.134735 -0.320491 2 5
 3.134735 -0.298584 2 6
 3.134735 -0.150481 2 7
 3.134735 -0.114600 2 8
 3.134735 -0.089922 2 9
 3.134735 -0.076774 2 10
 3.134735 -0.075646 2 11
 3.134735 -0.040641 2 12
 3.134735 -0.024864 2 13
 3.134735 -0.022789 2 14
 3.134735  0.046561 2 15
 3.134735  0.103665 2 16
 3.153872 -0.466058 2 1
 3.153872 -0.455142 2 2
 3.153872 -0.356179 2 3
 3.153872 -0.328727 2 4
 3.153872 -0.322599 2 5
 3.153872 -0.299171 2 6
 3.153872 -0.147985 2 7
 3.153872 -0.116275 2 8
 3.153872 -0.087461 2 9
 3.153872 -0.078568 2 10
 3.153872 -0.074493 2 11
 3.153872 -0.041338 2 12
 3.153872 -0.026027 2 13
 3.153872 -0.022644 2 14
 3.153872  0.049000 2 15
 3.153872  0.101348 2 16
 3.173008 -0.462319 2 1
 3.173008 -0.451779 2 2
 3.173008 -0.354592 2 3
 3.173008 -0.325565 2 4
 3.173008 -0.324321 2 5
 3.173008 -0.299758 2 6
 3.173008 -0.145623 2 7
 3.173008 -0.117870 2 8
 3.173008 -0.085301 2 9
 3.173008 -0.080868 2 10
 3.173008 -0.072318 2 11
 3.173008 -0.041989 2 12
 3.173008 -0.027077 2 13
 3.173008 -0.022351 2 14
 3.173008  0.051672 2 15
 3.173008  0.098962 2 16
 3.192145 -0.458626 2 1
 3.192145 -0.448711 2 2
 3.192145 -0.353068 2 3
 3.192145 -0.326802 2 4
 3.192145 -0.321778 2 5
 3.192145 -0.300345 2 6
 3.192145 -0.143394 2 7
 3.192145 -0.119381 2 8
 3.192145 -0.086010 2 9
 3.192145 -0.080000 2 10
 3.192145 -0.070292 2 11
 3.192145 -0.042598 2 12
 3.192145 -0.027944 2 13
 3.192145 -0.021887 2 14
 3.192145  0.054475 2 15
 3.192145  0.096527 2 16
 3.211282 -0.454992 2 1
 3.211282 -0.445952 2 2
 3.211282 -0.351618 2 3
 3.211282 -0.328695 2 4
 3.211282 -0.318762 2 5
 3.211282 -0.300924 2 6
 3.211282 -0.141306 2 7
 3.211282 -0.120800 2 8
 3.211282 -0.088524 2 9
 3.211282 -0.077092 2 10
 3.211282 -0.068459 2 11
 3.211282 -0.043174 2 12
 3.211282 -0.028535 2 13
 3.211282 -0.021248 2 14
 3.211282  0.057306 2 15
 3.211282  0.094076 2 16
 3.230418 -0.451431 2 1
 3.230418 -0.443496 2 2
 3.230418 -0.350249 2 3
 3.230418 -0.330531 2 4
 3.230418 -0.316025 2 5
 3.230418 -0.301492 2 6
 3.230418 -0.139362 2 7
 3.230418 -0.122123 2 8
 3.230418 -0.091141 2 9
 3.230418 -0.073943 2 10
 3.230418 -0.066843 2 11
 3.230418 -0.043737 2 12
 3.230418 -0.028734 2 13
 3.230418 -0.020430 2 14
 3.230418  0.060079 2 15
 3.230418  0.091634 2 16
 3.249555 -0.447966 2 1
 3.249555 -0.441328 2 2
 3.249555 -0.348966 2 3
 3.249555 -0.332288 2 4
 3.249555 -0.313614 2 5
 3.249555 -0.302046 2 6
 3.249555 -0.137568 2 7
 3.249555 -0.123348 2 8
 3.249555 -0.093604 2 9
 3.249555 -0.070933 2 10
 3.249555 -0.065459 2 11
 3.249555 -0.044320 2 12
 3.249555 -0.028413 2 13
 3.249555 -0.019447 2 14
 3.249555  0.062720 2 15
 3.249555  0.089228 2 16
 3.268692 -0.444630 2 1
 3.268692 -0.439437 2 2
 3.268692 -0.347779 2 3
 3.268692 -0.333949 2 4
 3.268692 -0.311556 2 5
 3.268692 -0.302577 2 6
 3.268692 -0.135939 2 7
 3.268692 -0.124469 2 8
 3.268692 -0.095833 2 9
 3.268692 -0.068267 2 10
 3.268692 -0.064313 2 11
 3.268692 -0.044948 2 12
 3.268692 -0.027466 2 13
 3.268692 -0.018331 2 14
 3.268692  0.065159 2 15
 3.268692  0.086898 2 16
 3.287828 -0.441463 2 1
 3.287828 -0.437798 2 2
 3.287828 -0.346692 2 3
 3.287828 -0.335510 2 4
 3.287828 -0.309847 2 5
 3.287828 -0.303082 2 6
 3.287828 -0.134485 2 7
 3.287828 -0.125482 2 8
 3.287828 -0.097793 2 9
 3.287828 -0.066067 2 10
 3.287828 -0.063390 2 11
 3.287828 -0.045637 2 12
 3.287828 -0.025868 2 13
 3.287828 -0.017117 2 14
 3.287828  0.067350 2 15
 3.287828  0.084674 2 16
 3.306965 -0.438514 2 1
 3.306965 -0.436383 2 2
 3.306965 -0.345713 2 3
 3.306965 -0.336958 2 4
 3.306965 -0.308475 2 5
 3.306965 -0.303552 2 6
 3.306965 -0.133216 2 7
 3.306965 -0.126386 2 8
 3.306965 -0.099466 2 9
 3.306965 -0.064370 2 10
 3.306965 -0.062670 2 11
 3.306965 -0.046373 2 12
 3.306965 -0.023701 2 13
 3.306965 -0.015859 2 14
 3.306965  0.069259 2 15
 3.306965  0.082592 2 16
 3.326102 -0.435908 2 1
 3.326102 -0.435091 2 2
 3.326102 -0.344848 2 3
 3.326102 -0.338276 2 4
 3.326102 -0.307411 2 5
 3.326102 -0.303980 2 6
 3.326102 -0.132138 2 7
 3.326102 -0.127176 2 8
 3.326102 -0.100850 2 9
 3.326102 -0.063139 2 10
 3.326102 -0.062125 2 11
 3.326102 -0.047125 2 12
 3.326102 -0.021146 2 13
 3.326102 -0.014613 2 14
 3.326102  0.070869 2 15
 3.326102  0.080690 2 16
 3.345238 -0.434405 2 1
 3.345238 -0.433198 2 2
 3.345238 -0.344101 2 3
 3.345238 -0.339449 2 4
 3.345238 -0.306616 2 5
 3.345238 -0.304361 2 6
 3.345238 -0.131253 2 7
 3.345238 -0.127851 2 8
 3.345238 -0.101955 2 9
 3.345238 -0.062291 2 10
 3.345238 -0.061725 2 11
 3.345238 -0.047850 2 12
 3.345238 -0.018442 2 13
 3.345238 -0.013433 2 14
 3.345238  0.072179 2 15
 3.345238  0.078999 2 16
 3.364375 -0.433576 2 1
 3.364375 -0.431174 2 2
 3.364375 -0.343482 2 3
 3.364375 -0.340452 2 4
 3.364375 -0.306050 2 5
 3.364375 -0.304683 2 6
 3.364375 -0.130556 2 7
 3.364375 -0.128407 2 8
 3.364375 -0.102798 2 9
 3.364375 -0.061734 2 10
 3.364375 -0.061442 2 11
 3.364375 -0.048506 2 12
 3.364375 -0.015840 2 13
 3.364375 -0.012380 2 14
 3.364375  0.073198 2 15
 3.364375  0.077559 2 16
 3.383511 -0.432969 2 1
 3.383511 -0.429506 2 2
 3.383511 -0.342993 2 3
 3.383511 -0.341264 2 4
 3.383511 -0.305668 2 5
 3.383511 -0.304940 2 6
 3.383511 -0.130037 2 7
 3.383511 -0.128842 2 8
 3.383511 -0.103410 2 9
 3.383511 -0.061384 2 10
 3.383511 -0.061249 2 11
 3.383511 -0.049056 2 12
 3.383511 -0.013562 2 13
 3.383511 -0.011503 2 14
 3.383511  0.073948 2 15
 3.383511  0.076400 2 16
 3.402648 -0.432545 2 1
 3.402648 -0.428272 2 2
 3.402648 -0.342640 2 3
 3.402648 -0.341864 2 4
 3.402648 -0.305429 2 5
 3.402648 -0.305127 2 6
 3.402648 -0.129680 2 7
 3.402648 -0.129154 2 8
 3.402648 -0.103819 2 9
 3.402648 -0.061177 2 10
 3.402648 -0.061127 2 11
 3.402648 -0.049471 2 12
 3.402648 -0.011795 2 13
 3.402648 -0.010843 2 14
 3.402648  0.074459 2 15
 3.402648  0.075549 2 16
 3.421785 -0.432294 2 1
 3.421785 -0.427515 2 2
 3.421785 -0.342427 2 3
 3.421785 -0.342232 2 4
 3.421785 -0.305304 2 5
 3.421785 -0.305238 2 6
 3.421785 -0.129472 2 7
 3.421785 -0.129342 2 8
 3.421785 -0.104051 2 9
 3.421785 -0.061070 2 10
 3.421785 -0.061059 2 11
 3.421785 -0.049728 2 12
 3.421785 -0.010678 2 13
 3.421785 -0.010435 2 14
 3.421785  0.074753 2 15
 3.421785  0.075028 2 16
 3.440921 -0.432211 2 1
 3.440921 -0.427259 2 2
 3.440921 -0.342356 2 3
 3.440921 -0.342356 2 4
 3.440921 -0.305269 2 5
 3.440921 -0.305269 2 6
 3.440921 -0.129404 2 7
 3.440921 -0.129404 2 8
 3.440921 -0.104127 2 9
 3.440921 -0.061037 2 10
 3.440921 -0.061037 2 11
 3.440921 -0.049816 2 12
 3.440921 -0.010296 2 13
 3.440921 -0.010296 2 14
 3.440921  0.074851 2 15
 3.440921  0.074851 2 16
 3.440921 -0.432211 2 1
 3.440921 -0.427259 2 2
 3.440921 -0.342356 2 3
 3.440921 -0.342356 2 4
 3.440921 -0.305269 2 5
 3.440921 -0.305269 2 6
 3.440921 -0.129404 2 7
 3.440921 -0.129404 2 8
 3.440921 -0.104127 2 9
 3.440921 -0.061037 2 10
 3.440921 -0.061037 2 11
 3.440921 -0.049816 2 12
 3.440921 -0.010296 2 13
 3.440921 -0.010296 2 14
 3.440921  0.074851 2 15
 3.440921  0.074851 2 16
 3.451747 -0.436145 2 1
 3.451747 -0.423298 2 2
 3.451747 -0.342555 2 3
 3.451747 -0.342555 2 4
 3.451747 -0.304961 2 5
 3.451747 -0.304961 2 6
 3.451747 -0.129424 2 7
 3.451747 -0.129424 2 8
 3.451747 -0.104150 2 9
 3.451747 -0.061018 2 10
 3.451747 -0.061018 2 11
 3.451747 -0.049732 2 12
 3.451747 -0.010489 2 13
 3.451747 -0.010489 2 14
 3.451747  0.074996 2 15
 3.451747  0.074996 2 16
 3.462572 -0.441889 2 1
 3.462572 -0.417517 2 2
 3.462572 -0.343127 2 3
 3.462572 -0.343127 2 4
 3.462572 -0.304061 2 5
 3.462572 -0.304061 2 6
 3.462572 -0.129483 2 7
 3.462572 -0.129483 2 8
 3.462572 -0.104219 2 9
 3.462572 -0.060963 2 10
 3.462572 -0.060963 2 11
 3.462572 -0.049520 2 12
 3.462572 -0.011062 2 13
 3.462572 -0.011062 2 14
 3.462572  0.075401 2 15
 3.462572  0.075401 2 16
 3.473397 -0.447923 2 1
 3.473397 -0.411402 2 2
 3.473397 -0.344012 2 3
 3.473397 -0.344012 2 4
 3.473397 -0.302655 2 5
 3.473397 -0.302655 2 6
 3.473397 -0.129580 2 7
 3.473397 -0.129580 2 8
 3.473397 -0.104339 2 9
 3.473397 -0.060870 2 10
 3.473397 -0.060870 2 11
 3.473397 -0.049193 2 12
 3.473397 -0.011999 2 13
 3.473397 -0.011999 2 14
 3.473397  0.076055 2 15
 3.473397  0.076055 2 16
 3.484223 -0.454156 2 1
 3.484223 -0.404998 2 2
 3.484223 -0.345137 2 3
 3.484223 -0.345137 2 4
 3.484223 -0.300853 2 5
 3.484223 -0.300853 2 6
 3.484223 -0.129713 2 7
 3.484223 -0.129713 2 8
 3.484223 -0.104514 2 9
 3.484223 -0.060742 2 10
 3.484223 -0.060742 2 11
 3.484223 -0.048775 2 12
 3.484223 -0.013274 2 13
 3.484223 -0.013274 2 14
 3.484223  0.076939 2 15
 3.484223  0.076939 2 16
 3.495048 -0.460547 2 1
 3.495048 -0.398285 2 2
 3.495048 -0.346440 2 3
 3.495048 -0.346440 2 4
 3.495048 -0.298764 2 5
 3.495048 -0.298764 2 6
 3.495048 -0.129881 2 7
 3.495048 -0.129881 2 8
 3.495048 -0.104749 2 9
 3.495048 -0.060578 2 10
 3.495048 -0.060578 2 11
 3.495048 -0.048290 2 12
 3.495048 -0.014857 2 13
 3.495048 -0.014857 2 14
 3.495048  0.078032 2 15
 3.495048  0.078032 2 16
 3.505873 -0.467043 2 1
 3.505873 -0.391264 2 2
 3.505873 -0.347875 2 3
 3.505873 -0.347875 2 4
 3.505873 -0.296477 2 5
 3.505873 -0.296477 2 6
 3.505873 -0.130081 2 7
 3.505873 -0.130081 2 8
 3.505873 -0.105047 2 9
 3.505873 -0.060381 2 10
 3.505873 -0.060381 2 11
 3.505873 -0.047763 2 12
 3.505873 -0.016716 2 13
 3.505873 -0.016716 2 14
 3.505873  0.079312 2 15
 3.505873  0.079312 2 16
 3.516699 -0.473569 2 1
 3.516699 -0.383963 2 2
 3.516699 -0.349419 2 3
 3.516699 -0.349419 2 4
 3.516699 -0.294056 2 5
 3.516699 -0.294056 2 6
 3.516699 -0.130311 2 7
 3.516699 -0.130311 2 8
 3.516699 -0.105408 2 9
 3.516699 -0.060153 2 10
 3.516699 -0.060153 2 11
 3.516699 -0.047214 2 12
 3.516699 -0.018817 2 13
 3.516699 -0.018817 2 14
 3.516699  0.080756 2 15
 3.516699  0.080756 2 16
 3.527524 -0.480045 2 1
 3.527524 -0.376437 2 2
 3.527524 -0.351064 2 3
 3.527524 -0.351064 2 4
 3.527524 -0.291537 2 5
 3.527524 -0.291537 2 6
 3.527524 -0.130568 2 7
 3.527524 -0.130568 2 8
 3.527524 -0.105832 2 9
 3.527524 -0.059897 2 10
 3.527524 -0.059897 2 11
 3.527524 -0.046656 2 12
 3.527524 -0.021132 2 13
 3.527524 -0.021132 2 14
 3.527524  0.082341 2 15
 3.527524  0.082341 2 16
 3.538349 -0.486391 2 1
 3.538349 -0.368764 2 2
 3.538349 -0.352809 2 3
 3.538349 -0.352809 2 4
 3.538349 -0.288933 2 5
 3.538349 -0.288933 2 6
 3.538349 -0.130851 2 7
 3.538349 -0.130851 2 8
 3.538349 -0.106313 2 9
 3.538349 -0.059620 2 10
 3.538349 -0.059620 2 11
 3.538349 -0.046094 2 12
 3.538349 -0.023635 2 13
 3.538349 -0.023635 2 14
 3.538349  0.084046 2 15
 3.538349  0.084046 2 16
 3.549175 -0.492539 2 1
 3.549175 -0.361034 2 2
 3.549175 -0.354654 2 3
 3.549175 -0.354654 2 4
 3.549175 -0.286239 2 5
 3.549175 -0.286239 2 6
 3.549175 -0.131156 2 7
 3.549175 -0.131156 2 8
 3.549175 -0.106844 2 9
 3.549175 -0.059330 2 10
 3.549175 -0.059330 2 11
 3.549175 -0.045522 2 12
 3.549175 -0.026302 2 13
 3.549175 -0.026302 2 14
 3.549175  0.085852 2 15
 3.549175  0.085852 2 16
 3.560000 -0.498439 2 1
 3.560000 -0.356591 2 2
 3.560000 -0.356591 2 3
 3.560000 -0.353337 2 4
 3.560000 -0.283441 2 5
 3.560000 -0.283441 2 6
 3.560000 -0.131483 2 7
 3.560000 -0.131483 2 8
 3.560000 -0.107416 2 9
 3.560000 -0.059037 2 10
 3.560000 -0.059037 2 11
 3.560000 -0.044929 2 12
 3.560000 -0.029113 2 13
 3.560000 -0.029113 2 14
 3.560000  0.087739 2 15
 3.560000  0.087739 2 16
 3.570825 -0.504066 2 1
 3.570825 -0.358601 2 2
 3.570825 -0.358601 2 3
 3.570825 -0.345755 2 4
 3.570825 -0.280523 2 5
 3.570825 -0.280523 2 6
 3.570825 -0.131828 2 7
 3.570825 -0.131828 2 8
 3.570825 -0.108020 2 9
 3.570825 -0.058758 2 10
 3.570825 -0.058758 2 11
 3.570825 -0.044297 2 12
 3.570825 -0.032043 2 13
 3.570825 -0.032043 2 14
 3.570825  0.089687 2 15
 3.570825  0.089687 2 16
 3.581650 -0.509420 2 1
 3.581650 -0.360654 2 2
 3.581650 -0.360654 2 3
 3.581650 -0.338350 2 4
 3.581650 -0.277473 2 5
 3.581650 -0.277473 2 6
 3.581650 -0.132191 2 7
 3.581650 -0.132191 2 8
 3.581650 -0.108649 2 9
 3.581650 -0.058514 2 10
 3.581650 -0.058514 2 11
 3.581650 -0.043609 2 12
 3.581650 -0.035062 2 13
 3.581650 -0.035062 2 14
 3.581650  0.091678 2 15
 3.581650  0.091678 2 16
 3.592476 -0.514520 2 1
 3.592476 -0.362709 2 2
 3.592476 -0.362709 2 3
 3.592476 -0.331158 2 4
 3.592476 -0.274289 2 5
 3.592476 -0.274289 2 6
 3.592476 -0.132569 2 7
 3.592476 -0.132569 2 8
 3.592476 -0.109298 2 9
 3.592476 -0.058342 2 10
 3.592476 -0.058342 2 11
 3.592476 -0.042846 2 12
 3.592476 -0.038127 2 13
 3.592476 -0.038127 2 14
 3.592476  0.093693 2 15
 3.592476  0.093693 2 16
 3.603301 -0.519405 2 1
 3.603301 -0.364721 2 2
 3.603301 -0.364721 2 3
 3.603301 -0.324183 2 4
 3.603301 -0.270976 2 5
 3.603301 -0.270976 2 6
 3.603301 -0.132959 2 7
 3.603301 -0.132959 2 8
 3.603301 -0.109965 2 9
 3.603301 -0.058300 2 10
 3.603301 -0.058300 2 11
 3.603301 -0.041999 2 12
 3.603301 -0.041169 2 13
 3.603301 -0.041169 2 14
 3.603301  0.095713 2 15
 3.603301  0.095713 2 16
 3.614126 -0.524120 2 1
 3.614126 -0.366648 2 2
 3.614126 -0.366648 2 3
 3.614126 -0.317402 2 4
 3.614126 -0.267554 2 5
 3.614126 -0.267554 2 6
 3.614126 -0.133360 2 7
 3.614126 -0.133360 2 8
 3.614126 -0.110653 2 9
 3.614126 -0.058488 2 10
 3.614126 -0.058488 2 11
 3.614126 -0.044071 2 12
 3.614126 -0.044071 2 13
 3.614126 -0.041066 2 14
 3.614126  0.097722 2 15
 3.614126  0.097722 2 16
 3.624952 -0.528709 2 1
 3.624952 -0.368451 2 2
 3.624952 -0.368451 2 3
 3.624952 -0.310766 2 4
 3.624952 -0.264046 2 5
 3.624952 -0.264046 2 6
 3.624952 -0.133768 2 7
 3.624952 -0.133768 2 8
 3.624952 -0.111370 2 9
 3.624952 -0.059079 2 10
 3.624952 -0.059079 2 11
 3.624952 -0.046646 2 12
 3.624952 -0.046646 2 13
 3.624952 -0.040055 2 14
 3.624952  0.099702 2 15
 3.624952  0.099702 2 16
 3.635777 -0.533209 2 1
 3.635777 -0.370107 2 2
 3.635777 -0.370107 2 3
 3.635777 -0.304211 2 4
 3.635777 -0.260483 2 5
 3.635777 -0.260483 2 6
 3.635777 -0.134180 2 7
 3.635777 -0.134180 2 8
 3.635777 -0.112124 2 9
 3.635777 -0.060296 2 10
 3.635777 -0.060296 2 11
 3.635777 -0.048651 2 12
 3.635777 -0.048651 2 13
 3.635777 -0.038982 2 14
 3.635777  0.101640 2 15
 3.635777  0.101640 2 16
 3.646602 -0.537640 2 1
 3.646602 -0.371606 2 2
 3.646602 -0.371606 2 3
 3.646602 -0.297672 2 4
 3.646602 -0.256894 2 5
 3.646602 -0.256894 2 6
 3.646602 -0.134593 2 7
 3.646602 -0.134593 2 8
 3.646602 -0.112924 2 9
 3.646602 -0.062270 2 10
 3.646602 -0.062270 2 11
 3.646602 -0.049937 2 12
 3.646602 -0.049937 2 13
 3.646602 -0.037873 2 14
 3.646602  0.103523 2 15
 3.646602  0.103523 2 16
 3.657428 -0.542000 2 1
 3.657428 -0.372955 2 2
 3.657428 -0.372955 2 3
 3.657428 -0.291095 2 4
 3.657428 -0.253305 2 5
 3.657428 -0.253305 2 6
 3.657428 -0.135002 2 7
 3.657428 -0.135002 2 8
 3.657428 -0.113778 2 9
 3.657428 -0.064895 2 10
 3.657428 -0.064895 2 11
 3.657428 -0.050591 2 12
 3.657428 -0.050591 2 13
 3.657428 -0.036756 2 14
 3.657428  0.105342 2 15
 3.657428  0.105342 2 16
 3.668253 -0.546268 2 1
 3.668253 -0.374173 2 2
 3.668253 -0.374173 2 3
 3.668253 -0.284445 2 4
 3.668253 -0.249738 2 5
 3.668253 -0.249738 2 6
 3.668253 -0.135405 2 7
 3.668253 -0.135405 2 8
 3.668253 -0.114691 2 9
 3.668253 -0.067941 2 10
 3.668253 -0.067941 2 11
 3.668253 -0.050827 2 12
 3.668253 -0.050827 2 13
 3.668253 -0.035663 2 14
 3.668253  0.107090 2 15
 3.668253  0.107090 2 16
 3.679078 -0.550406 2 1
 3.679078 -0.375292 2 2
 3.679078 -0.375292 2 3
 3.679078 -0.277715 2 4
 3.679078 -0.246203 2 5
 3.679078 -0.246203 2 6
 3.679078 -0.135798 2 7
 3.679078 -0.135798 2 8
 3.679078 -0.115664 2 9
 3.679078 -0.071225 2 10
 3.679078 -0.071225 2 11
 3.679078 -0.050820 2 12
 3.679078 -0.050820 2 13
 3.679078 -0.034619 2 14
 3.679078  0.108763 2 15
 3.679078  0.108763 2 16
 3.689904 -0.554369 2 1
 3.689904 -0.376345 2 2
 3.689904 -0.376345 2 3
 3.689904 -0.270923 2 4
 3.689904 -0.242703 2 5
 3.689904 -0.242703 2 6
 3.689904 -0.136179 2 7
 3.689904 -0.136179 2 8
 3.689904 -0.116693 2 9
 3.689904 -0.074635 2 10
 3.689904 -0.074635 2 11
 3.689904 -0.050672 2 12
 3.689904 -0.050672 2 13
 3.689904 -0.033647 2 14
 3.689904  0.110358 2 15
 3.689904  0.110358 2 16
 3.700729 -0.558109 2 1
 3.700729 -0.377366 2 2
 3.700729 -0.377366 2 3
 3.700729 -0.264115 2 4
 3.700729 -0.239236 2 5
 3.700729 -0.239236 2 6
 3.700729 -0.136545 2 7
 3.700729 -0.136545 2 8
 3.700729 -0.117773 2 9
 3.700729 -0.078112 2 10
 3.700729 -0.078112 2 11
 3.700729 -0.050442 2 12
 3.700729 -0.050442 2 13
 3.700729 -0.032759 2 14
 3.700729  0.111873 2 15
 3.700729  0.111873 2 16
 3.711554 -0.561585 2 1
 3.711554 -0.378381 2 2
 3.711554 -0.378381 2 3
 3.711554 -0.257358 2 4
 3.711554 -0.235792 2 5
 3.711554 -0.235792 2 6
 3.711554 -0.136894 2 7
 3.711554 -0.136894 2 8
 3.711554 -0.118893 2 9
 3.711554 -0.081623 2 10
 3.711554 -0.081623 2 11
 3.711554 -0.050165 2 12
 3.711554 -0.050165 2 13
 3.711554 -0.031958 2 14
 3.711554  0.113309 2 15
 3.711554  0.113309 2 16
 3.722380 -0.564774 2 1
 3.722380 -0.379406 2 2
 3.722380 -0.379406 2 3
 3.722380 -0.250729 2 4
 3.722380 -0.232365 2 5
 3.722380 -0.232365 2 6
 3.722380 -0.137226 2 7
 3.722380 -0.137226 2 8
 3.722380 -0.120044 2 9
 3.722380 -0.085148 2 10
 3.722380 -0.085148 2 11
 3.722380 -0.049861 2 12
 3.722380 -0.049861 2 13
 3.722380 -0.031240 2 14
 3.722380  0.114667 2 15
 3.722380  0.114667 2 16
 3.733205 -0.567669 2 1
 3.733205 -0.380441 2 2
 3.733205 -0.380441 2 3
 3.733205 -0.244309 2 4
 3.733205 -0.228952 2 5
 3.733205 -0.228952 2 6
 3.733205 -0.137540 2 7
 3.733205 -0.137540 2 8
 3.733205 -0.121216 2 9
 3.733205 -0.088673 2 10
 3.733205 -0.088673 2 11
 3.733205 -0.049545 2 12
 3.733205 -0.049545 2 13
 3.733205 -0.030592 2 14
 3.733205  0.115947 2 15
 3.733205  0.115947 2 16
 3.744030 -0.570280 2 1
 3.744030 -0.381474 2 2
 3.744030 -0.381474 2 3
 3.744030 -0.238173 2 4
 3.744030 -0.225558 2 5
 3.744030 -0.225558 2 6
 3.744030 -0.137836 2 7
 3.744030 -0.137836 2 8
 3.744030 -0.122402 2 9
 3.744030 -0.092181 2 10
 3.744030 -0.092181 2 11
 3.744030 -0.049228 2 12
 3.744030 -0.049228 2 13
 3.744030 -0.029998 2 14
 3.744030  0.117149 2 15
 3.744030  0.117149 2 16
 3.754856 -0.572633 2 1
 3.754856 -0.382480 2 2
 3.754856 -0.382480 2 3
 3.754856 -0.232386 2 4
 3.754856 -0.222200 2 5
 3.754856 -0.222200 2 6
 3.754856 -0.138114 2 7
 3.754856 -0.138114 2 8
 3.754856 -0.123599 2 9
 3.754856 -0.095652 2 10
 3.754856 -0.095652 2 11
 3.754856 -0.048919 2 12
 3.754856 -0.048919 2 13
 3.754856 -0.029439 2 14
 3.754856  0.118272 2 15
 3.754856  0.118272 2 16
 3.765681 -0.574765 2 1
 3.765681 -0.383428 2 2
 3.765681 -0.383428 2 3
 3.765681 -0.226994 2 4
 3.765681 -0.218907 2 5
 3.765681 -0.218907 2 6
 3.765681 -0.138375 2 7
 3.765681 -0.138375 2 8
 3.765681 -0.124806 2 9
 3.765681 -0.099057 2 10
 3.765681 -0.099057 2 11
 3.765681 -0.048624 2 12
 3.765681 -0.048624 2 13
 3.765681 -0.028896 2 14
 3.765681  0.119315 2 15
 3.765681  0.119315 2 16
 3.776506 -0.576712 2 1
 3.776506 -0.384287 2 2
 3.776506 -0.384287 2 3
 3.776506 -0.222027 2 4
 3.776506 -0.215718 2 5
 3.776506 -0.215718 2 6
 3.776506 -0.138618 2 7
 3.776506 -0.138618 2 8
 3.776506 -0.126025 2 9
 3.776506 -0.102358 2 10
 3.776506 -0.102358 2 11
 3.776506 -0.048350 2 12
 3.776506 -0.048350 2 13
 3.776506 -0.028357 2 14
 3.776506  0.120276 2 15
 3.776506  0.120276 2 16
 3.787332 -0.578507 2 1
 3.787332 -0.385028 2 2
 3.787332 -0.385028 2 3
 3.787332 -0.217499 2 4
 3.787332 -0.212683 2 5
 3.787332 -0.212683 2 6
 3.787332 -0.138842 2 7
 3.787332 -0.138842 2 8
 3.787332 -0.127258 2 9
 3.787332 -0.105509 2 10
 3.787332 -0.105509 2 11
 3.787332 -0.048100 2 12
 3.787332 -0.048100 2 13
 3.787332 -0.027815 2 14
 3.787332  0.121151 2 15
 3.787332  0.121151 2 16
 3.798157 -0.580169 2 1
 3.798157 -0.385633 2 2
 3.798157 -0.385633 2 3
 3.798157 -0.213416 2 4
 3.798157 -0.209853 2 5
 3.798157 -0.209853 2 6
 3.798157 -0.139048 2 7
 3.798157 -0.139048 2 8
 3.798157 -0.128500 2 9
 3.798157 -0.108459 2 10
 3.798157 -0.108459 2 11
 3.798157 -0.047877 2 12
 3.798157 -0.047877 2 13
 3.798157 -0.027273 2 14
 3.798157  0.121936 2 15
 3.798157  0.121936 2 16
 3.808982 -0.581702 2 1
 3.808982 -0.386093 2 2
 3.808982 -0.386093 2 3
 3.808982 -0.209782 2 4
 3.808982 -0.207285 2 5
 3.808982 -0.207285 2 6
 3.808982 -0.139232 2 7
 3.808982 -0.139232 2 8
 3.808982 -0.129736 2 9
 3.808982 -0.111153 2 10
 3.808982 -0.111153 2 11
 3.808982 -0.047685 2 12
 3.808982 -0.047685 2 13
 3.808982 -0.026741 2 14
 3.808982  0.122627 2 15
 3.808982  0.122627 2 16
 3.819807 -0.583092 2 1
 3.819807 -0.386415 2 2
 3.819807 -0.386415 2 3
 3.819807 -0.206608 2 4
 3.819807 -0.205029 2 5
 3.819807 -0.205029 2 6
 3.819807 -0.139393 2 7
 3.819807 -0.139393 2 8
 3.819807 -0.130936 2 9
 3.819807 -0.113537 2 10
 3.819807 -0.113537 2 11
 3.819807 -0.047524 2 12
 3.819807 -0.047524 2 13
 3.819807 -0.026235 2 14
 3.819807  0.123219 2 15
 3.819807  0.123219 2 16
 3.830633 -0.584310 2 1
 3.830633 -0.386616 2 2
 3.830633 -0.386616 2 3
 3.830633 -0.203917 2 4
 3.830633 -0.203130 2 5
 3.830633 -0.203130 2 6
 3.830633 -0.139529 2 7
 3.830633 -0.139529 2 8
 3.830633 -0.132055 2 9
 3.830633 -0.115559 2 10
 3.830633 -0.115559 2 11
 3.830633 -0.047393 2 12
 3.830633 -0.047393 2 13
 3.830633 -0.025777 2 14
 3.830633  0.123709 2 15
 3.830633  0.123709 2 16
 3.841458 -0.585318 2 1
 3.841458 -0.386719 2 2
 3.841458 -0.386719 2 3
 3.841458 -0.201746 2 4
 3.841458 -0.201623 2 5
 3.841458 -0.201623 2 6
 3.841458 -0.139638 2 7
 3.841458 -0.139638 2 8
 3.841458 -0.133032 2 9
 3.841458 -0.117177 2 10
 3.841458 -0.117177 2 11
 3.841458 -0.047294 2 12
 3.841458 -0.047294 2 13
 3.841458 -0.025390 2 14
 3.841458  0.124094 2 15
 3.841458  0.124094 2 16
 3.852283 -0.586073 2 1
 3.852283 -0.386754 2 2
 3.852283 -0.386754 2 3
 3.852283 -0.200533 2 4
 3.852283 -0.200533 2 5
 3.852283 -0.200143 2 6
 3.852283 -0.139718 2 7
 3.852283 -0.139718 2 8
 3.852283 -0.133799 2 9
 3.852283 -0.118359 2 10
 3.852283 -0.118359 2 11
 3.852283 -0.047224 2 12
 3.852283 -0.047224 2 13
 3.852283 -0.025094 2 14
 3.852283  0.124370 2 15
 3.852283  0.124370 2 16
 3.863109 -0.586539 2 1
 3.863109 -0.386747 2 2
 3.863109 -0.386747 2 3
 3.863109 -0.199874 2 4
 3.863109 -0.199874 2 5
 3.863109 -0.199155 2 6
 3.863109 -0.139767 2 7
 3.863109 -0.139767 2 8
 3.863109 -0.134291 2 9
 3.863109 -0.119080 2 10
 3.863109 -0.119080 2 11
 3.863109 -0.047183 2 12
 3.863109 -0.047183 2 13
 3.863109 -0.024907 2 14
 3.863109  0.124535 2 15
 3.863109  0.124535 2 16
 3.873934 -0.586690 2 1
 3.873934 -0.386717 2 2
 3.873934 -0.386717 2 3
 3.873934 -0.199653 2 4
 3.873934 -0.199653 2 5
 3.873934 -0.198822 2 6
 3.873934 -0.139783 2 7
 3.873934 -0.139783 2 8
 3.873934 -0.134462 2 9
 3.873934 -0.119329 2 10
 3.873934 -0.119329 2 11
 3.873934 -0.047170 2 12
 3.873934 -0.047170 2 13
 3.873934 -0.024840 2 14
 3.873934  0.124590 2 15
 3.873934  0.124590 2 16
