 0.000000 -0.583041 1 1
 0.000000 -0.374565 1 2
 0.000000 -0.374565 1 3
 0.000000 -0.192493 1 4
 0.000000 -0.192493 1 5
 0.000000 -0.191724 1 6
 0.000000 -0.111534 1 7
 0.000000 -0.111534 1 8
 0.000000 -0.106842 1 9
 0.000000 -0.089988 1 10
 0.000000 -0.089988 1 11
 0.000000 -0.015219 1 12
 0.000000 -0.015219 1 13
 0.000000  0.005389 1 14
 0.000000  0.154859 1 15
 0.000000  0.154859 1 16
 0.061859 -0.579263 1 1
 0.061859 -0.373321 1 2
 0.061859 -0.373321 1 3
 0.061859 -0.201978 1 4
 0.061859 -0.198613 1 5
 0.061859 -0.198613 1 6
 0.061859 -0.111026 1 7
 0.061859 -0.111026 1 8
 0.061859 -0.103570 1 9
 0.061859 -0.083519 1 10
 0.061859 -0.083519 1 11
 0.061859 -0.015794 1 12
 0.061859 -0.015794 1 13
 0.061859  0.004058 1 14
 0.061859  0.153099 1 15
 0.061859  0.153099 1 16
 0.123718 -0.568141 1 1
 0.123718 -0.369615 1 2
 0.123718 -0.369615 1 3
 0.123718 -0.228086 1 4
 0.123718 -0.213604 1 5
 0.123718 -0.213604 1 6
 0.123718 -0.109596 1 7
 0.123718 -0.109596 1 8
 0.123718 -0.097088 1 9
 0.123718 -0.067684 1 10
 0.123718 -0.067684 1 11
 0.123718 -0.017388 1 12
 0.123718 -0.017388 1 13
 0.123718  0.000288 1 14
 0.123718  0.147944 1 15
 0.123718  0.147944 1 16
 0.185577 -0.550184 1 1
 0.185577 -0.363543 1 2
 0.185577 -0.363543 1 3
 0.185577 -0.263148 1 4
 0.185577 -0.232447 1 5
 0.185577 -0.232447 1 6
 0.185577 -0.107469 1 7
 0.185577 -0.107469 1 8
 0.185577 -0.091027 1 9
 0.185577 -0.048112 1 10
 0.185577 -0.048112 1 11
 0.185577 -0.019483 1 12
 0.185577 -0.019483 1 13
 0.185577 -0.005271 1 14
 0.185577  0.139801 1 15
 0.185577  0.139801 1 16
 0.247436 -0.526005 1 1
 0.247436 -0.355288 1 2
 0.247436 -0.355288 1 3
 0.247436 -0.302718 1 4
 0.247436 -0.252122 1 5
 0.247436 -0.252122 1 6
 0.247436 -0.104978 1 7
 0.247436 -0.104978 1 8
 0.247436 -0.086174 1 9
 0.247436 -0.030836 1 10
 0.247436 -0.030836 1 11
 0.247436 -0.019011 1 12
 0.247436 -0.019011 1 13
 0.247436 -0.011634 1 14
 0.247436  0.129420 1 15
 0.247436  0.129420 1 16
 0.309295 -0.496421 1 1
 0.309295 -0.345257 1 2
 0.309295 -0.345257 1 3
 0.309295 -0.344010 1 4
 0.309295 -0.270806 1 5
 0.309295 -0.270806 1 6
 0.309295 -0.102569 1 7
 0.309295 -0.102569 1 8
 0.309295 -0.082380 1 9
 0.309295 -0.028341 1 10
 0.309295 -0.028341 1 11
 0.309295 -0.017606 1 12
 0.309295 -0.005325 1 13
 0.309295 -0.005325 1 14
 0.309295  0.118147 1 15
 0.309295  0.118147 1 16
 0.371154 -0.462448 1 1
 0.371154 -0.385190 1 2
 0.371154 -0.334760 1 3
 0.371154 -0.334760 1 4
 0.371154 -0.286584 1 5
 0.371154 -0.286584 1 6
 0.371154 -0.100779 1 7
 0.371154 -0.100779 1 8
 0.371154 -0.079741 1 9
 0.371154 -0.029851 1 10
 0.371154 -0.029851 1 11
 0.371154 -0.021943 1 12
 0.371154  0.008564 1 13
 0.371154  0.008564 1 14
 0.371154  0.108463 1 15
 0.371154  0.108463 1 16
 0.433013 -0.427228 1 1
 0.433013 -0.422835 1 2
 0.433013 -0.329009 1 3
 0.433013 -0.329009 1 4
 0.433013 -0.294094 1 5
 0.433013 -0.294094 1 6
 0.433013 -0.100110 1 7
 0.433013 -0.100110 1 8
 0.433013 -0.078758 1 9
 0.433013 -0.030531 1 10
 0.433013 -0.030531 1 11
 0.433013 -0.023546 1 12
 0.433013  0.014172 1 13
 0.433013  0.014172 1 14
 0.433013  0.104377 1 15
 0.433013  0.104377 1 16
 0.433013 -0.427228 1 1
 0.433013 -0.422835 1 2
 0.433013 -0.329009 1 3
 0.433013 -0.329009 1 4
 0.433013 -0.294094 1 5
 0.433013 -0.294094 1 6
 0.433013 -0.100110 1 7
 0.433013 -0.100110 1 8
 0.433013 -0.078758 1 9
 0.433013 -0.030531 1 10
 0.433013 -0.030531 1 11
 0.433013 -0.023546 1 12
 0.433013  0.014172 1 13
 0.433013  0.014172 1 14
 0.433013  0.104377 1 15
 0.433013  0.104377 1 16
 0.488255 -0.427998 1 1
 0.488255 -0.424685 1 2
 0.488255 -0.329613 1 3
 0.488255 -0.328272 1 4
 0.488255 -0.294553 1 5
 0.488255 -0.293885 1 6
 0.488255 -0.100758 1 7
 0.488255 -0.099633 1 8
 0.488255 -0.078106 1 9
 0.488255 -0.030841 1 10
 0.488255 -0.030797 1 11
 0.488255 -0.022652 1 12
 0.488255  0.011461 1 13
 0.488255  0.013298 1 14
 0.488255  0.103474 1 15
 0.488255  0.105706 1 16
 0.543498 -0.430354 1 1
 0.543498 -0.429856 1 2
 0.543498 -0.331234 1 3
 0.543498 -0.326335 1 4
 0.543498 -0.296076 1 5
 0.543498 -0.293613 1 6
 0.543498 -0.102332 1 7
 0.543498 -0.098861 1 8
 0.543498 -0.075638 1 9
 0.543498 -0.032539 1 10
 0.543498 -0.031894 1 11
 0.543498 -0.020301 1 12
 0.543498  0.005425 1 13
 0.543498  0.010821 1 14
 0.543498  0.101104 1 15
 0.543498  0.108921 1 16
 0.598741 -0.437490 1 1
 0.598741 -0.434437 1 2
 0.598741 -0.333417 1 3
 0.598741 -0.323758 1 4
 0.598741 -0.298989 1 5
 0.598741 -0.294261 1 6
 0.598741 -0.103892 1 7
 0.598741 -0.098979 1 8
 0.598741 -0.070537 1 9
 0.598741 -0.038296 1 10
 0.598741 -0.034030 1 11
 0.598741 -0.017276 1 12
 0.598741  0.001165 1 13
 0.598741  0.007335 1 14
 0.598741  0.098091 1 15
 0.598741  0.112532 1 16
 0.653984 -0.446716 1 1
 0.653984 -0.440412 1 2
 0.653984 -0.335674 1 3
 0.653984 -0.321013 1 4
 0.653984 -0.303506 1 5
 0.653984 -0.297066 1 6
 0.653984 -0.104356 1 7
 0.653984 -0.100276 1 8
 0.653984 -0.062984 1 9
 0.653984 -0.048608 1 10
 0.653984 -0.037586 1 11
 0.653984 -0.014133 1 12
 0.653984  0.001717 1 13
 0.653984  0.004027 1 14
 0.653984  0.095300 1 15
 0.653984  0.115385 1 16
 0.709226 -0.456834 1 1
 0.709226 -0.448317 1 2
 0.709226 -0.337698 1 3
 0.709226 -0.318451 1 4
 0.709226 -0.309453 1 5
 0.709226 -0.302866 1 6
 0.709226 -0.103138 1 7
 0.709226 -0.102249 1 8
 0.709226 -0.059826 1 9
 0.709226 -0.054022 1 10
 0.709226 -0.042283 1 11
 0.709226 -0.010938 1 12
 0.709226  0.002108 1 13
 0.709226  0.005419 1 14
 0.709226  0.093279 1 15
 0.709226  0.116877 1 16
 0.764469 -0.467252 1 1
 0.764469 -0.457841 1 2
 0.764469 -0.339535 1 3
 0.764469 -0.316921 1 4
 0.764469 -0.316201 1 5
 0.764469 -0.311093 1 6
 0.764469 -0.104387 1 7
 0.764469 -0.101116 1 8
 0.764469 -0.067636 1 9
 0.764469 -0.047646 1 10
 0.764469 -0.044162 1 11
 0.764469 -0.007731 1 12
 0.764469  0.002031 1 13
 0.764469  0.010249 1 14
 0.764469  0.092236 1 15
 0.764469  0.116826 1 16
 0.819712 -0.477370 1 1
 0.819712 -0.468226 1 2
 0.819712 -0.341793 1 3
 0.819712 -0.324128 1 4
 0.819712 -0.322785 1 5
 0.819712 -0.313594 1 6
 0.819712 -0.106354 1 7
 0.819712 -0.100872 1 8
 0.819712 -0.068327 1 9
 0.819712 -0.051116 1 10
 0.819712 -0.035731 1 11
 0.819712 -0.004588 1 12
 0.819712  0.003526 1 13
 0.819712  0.015146 1 14
 0.819712  0.092218 1 15
 0.819712  0.115347 1 16
 0.874954 -0.486594 1 1
 0.874954 -0.478494 1 2
 0.874954 -0.345758 1 3
 0.874954 -0.336508 1 4
 0.874954 -0.328083 1 5
 0.874954 -0.313344 1 6
 0.874954 -0.107865 1 7
 0.874954 -0.102760 1 8
 0.874954 -0.062001 1 9
 0.874954 -0.053271 1 10
 0.874954 -0.028251 1 11
 0.874954 -0.001473 1 12
 0.874954  0.006012 1 13
 0.874954  0.019497 1 14
 0.874954  0.093219 1 15
 0.874954  0.112773 1 16
 0.930197 -0.494388 1 1
 0.930197 -0.487754 1 2
 0.930197 -0.352402 1 3
 0.930197 -0.349687 1 4
 0.930197 -0.331672 1 5
 0.930197 -0.314334 1 6
 0.930197 -0.108588 1 7
 0.930197 -0.104301 1 8
 0.930197 -0.054006 1 9
 0.930197 -0.052411 1 10
 0.930197 -0.022195 1 11
 0.930197  0.001818 1 12
 0.930197  0.008786 1 13
 0.930197  0.022808 1 14
 0.930197  0.095156 1 15
 0.930197  0.109620 1 16
 0.985440 -0.500351 1 1
 0.985440 -0.495383 1 2
 0.985440 -0.362987 1 3
 0.985440 -0.361264 1 4
 0.985440 -0.334544 1 5
 0.985440 -0.316971 1 6
 0.985440 -0.108192 1 7
 0.985440 -0.104067 1 8
 0.985440 -0.053833 1 9
 0.985440 -0.042638 1 10
 0.985440 -0.017443 1 11
 0.985440  0.005624 1 12
 0.985440  0.011205 1 13
 0.985440  0.024606 1 14
 0.985440  0.097812 1 15
 0.985440  0.106554 1 16
 1.040683 -0.504243 1 1
 1.040683 -0.501001 1 2
 1.040683 -0.375962 1 3
 1.040683 -0.371457 1 4
 1.040683 -0.337730 1 5
 1.040683 -0.321258 1 6
 1.040683 -0.106445 1 7
 1.040683 -0.101775 1 8
 1.040683 -0.053354 1 9
 1.040683 -0.034625 1 10
 1.040683 -0.013755 1 11
 1.040683  0.010142 1 12
 1.040683  0.012867 1 13
 1.040683  0.024505 1 14
 1.040683  0.100836 1 15
 1.040683  0.104313 1 16
 1.095925 -0.505937 1 1
 1.095925 -0.504338 1 2
 1.095925 -0.388159 1 3
 1.095925 -0.382258 1 4
 1.095925 -0.341581 1 5
 1.095925 -0.326899 1 6
 1.095925 -0.103295 1 7
 1.095925 -0.097672 1 8
 1.095925 -0.053089 1 9
 1.095925 -0.029255 1 10
 1.095925 -0.010947 1 11
 1.095925  0.013650 1 12
 1.095925  0.014792 1 13
 1.095925  0.022512 1 14
 1.095925  0.103547 1 15
 1.095925  0.103809 1 16
 1.151168 -0.505381 1 1
 1.151168 -0.505132 1 2
 1.151168 -0.399167 1 3
 1.151168 -0.393104 1 4
 1.151168 -0.345989 1 5
 1.151168 -0.333401 1 6
 1.151168 -0.098875 1 7
 1.151168 -0.092252 1 8
 1.151168 -0.053384 1 9
 1.151168 -0.026396 1 10
 1.151168 -0.008940 1 11
 1.151168  0.013649 1 12
 1.151168  0.016295 1 13
 1.151168  0.021074 1 14
 1.151168  0.104587 1 15
 1.151168  0.106338 1 16
 1.206411 -0.503140 1 1
 1.206411 -0.502602 1 2
 1.206411 -0.408689 1 3
 1.206411 -0.403579 1 4
 1.206411 -0.350680 1 5
 1.206411 -0.340211 1 6
 1.206411 -0.093465 1 7
 1.206411 -0.086112 1 8
 1.206411 -0.054379 1 9
 1.206411 -0.025525 1 10
 1.206411 -0.007799 1 11
 1.206411  0.011928 1 12
 1.206411  0.013134 1 13
 1.206411  0.022554 1 14
 1.206411  0.107289 1 15
 1.206411  0.108120 1 16
 1.261653 -0.498415 1 1
 1.261653 -0.497891 1 2
 1.261653 -0.416473 1 3
 1.261653 -0.413289 1 4
 1.261653 -0.355415 1 5
 1.261653 -0.346839 1 6
 1.261653 -0.087429 1 7
 1.261653 -0.079871 1 8
 1.261653 -0.056039 1 9
 1.261653 -0.026284 1 10
 1.261653 -0.007759 1 11
 1.261653  0.006795 1 12
 1.261653  0.012554 1 13
 1.261653  0.022460 1 14
 1.261653  0.108984 1 15
 1.261653  0.111085 1 16
 1.316896 -0.492121 1 1
 1.316896 -0.491783 1 2
 1.316896 -0.422013 1 3
 1.316896 -0.421492 1 4
 1.316896 -0.360053 1 5
 1.316896 -0.352940 1 6
 1.316896 -0.081159 1 7
 1.316896 -0.074105 1 8
 1.316896 -0.058227 1 9
 1.316896 -0.028422 1 10
 1.316896 -0.009094 1 11
 1.316896  0.002436 1 12
 1.316896  0.012433 1 13
 1.316896  0.020488 1 14
 1.316896  0.108926 1 15
 1.316896  0.115207 1 16
 1.316896 -0.492121 1 1
 1.316896 -0.491783 1 2
 1.316896 -0.422013 1 3
 1.316896 -0.421492 1 4
 1.316896 -0.360053 1 5
 1.316896 -0.352940 1 6
 1.316896 -0.081159 1 7
 1.316896 -0.074105 1 8
 1.316896 -0.058227 1 9
 1.316896 -0.028422 1 10
 1.316896 -0.009094 1 11
 1.316896  0.002436 1 12
 1.316896  0.012433 1 13
 1.316896  0.020488 1 14
 1.316896  0.108926 1 15
 1.316896  0.115207 1 16
 1.375822 -0.486761 1 1
 1.375822 -0.485100 1 2
 1.375822 -0.426608 1 3
 1.375822 -0.424164 1 4
 1.375822 -0.364747 1 5
 1.375822 -0.358649 1 6
 1.375822 -0.074805 1 7
 1.375822 -0.069035 1 8
 1.375822 -0.060868 1 9
 1.375822 -0.031511 1 10
 1.375822 -0.011953 1 11
 1.375822 -0.001348 1 12
 1.375822  0.013131 1 13
 1.375822  0.017476 1 14
 1.375822  0.108019 1 15
 1.375822  0.119147 1 16
 1.434747 -0.484619 1 1
 1.434747 -0.482755 1 2
 1.434747 -0.424888 1 3
 1.434747 -0.420878 1 4
 1.434747 -0.368843 1 5
 1.434747 -0.363397 1 6
 1.434747 -0.070968 1 7
 1.434747 -0.065519 1 8
 1.434747 -0.062157 1 9
 1.434747 -0.034100 1 10
 1.434747 -0.015484 1 11
 1.434747 -0.005629 1 12
 1.434747  0.014559 1 13
 1.434747  0.015474 1 14
 1.434747  0.106568 1 15
 1.434747  0.121967 1 16
 1.493673 -0.486233 1 1
 1.493673 -0.485925 1 2
 1.493673 -0.416384 1 3
 1.493673 -0.412538 1 4
 1.493673 -0.371510 1 5
 1.493673 -0.367038 1 6
 1.493673 -0.074081 1 7
 1.493673 -0.063606 1 8
 1.493673 -0.058369 1 9
 1.493673 -0.035276 1 10
 1.493673 -0.018350 1 11
 1.493673 -0.011081 1 12
 1.493673  0.015652 1 13
 1.493673  0.016333 1 14
 1.493673  0.104974 1 15
 1.493673  0.123251 1 16
 1.552598 -0.491768 1 1
 1.552598 -0.489993 1 2
 1.552598 -0.406220 1 3
 1.552598 -0.401819 1 4
 1.552598 -0.370727 1 5
 1.552598 -0.369255 1 6
 1.552598 -0.081349 1 7
 1.552598 -0.062713 1 8
 1.552598 -0.052898 1 9
 1.552598 -0.036176 1 10
 1.552598 -0.019273 1 11
 1.552598 -0.015504 1 12
 1.552598  0.017425 1 13
 1.552598  0.017998 1 14
 1.552598  0.103627 1 15
 1.552598  0.122816 1 16
 1.611524 -0.497715 1 1
 1.611524 -0.494215 1 2
 1.611524 -0.400234 1 3
 1.611524 -0.391999 1 4
 1.611524 -0.369219 1 5
 1.611524 -0.363611 1 6
 1.611524 -0.090663 1 7
 1.611524 -0.062060 1 8
 1.611524 -0.047874 1 9
 1.611524 -0.039792 1 10
 1.611524 -0.017637 1 11
 1.611524 -0.015159 1 12
 1.611524  0.019072 1 13
 1.611524  0.019797 1 14
 1.611524  0.102822 1 15
 1.611524  0.120737 1 16
 1.670450 -0.502562 1 1
 1.670450 -0.497925 1 2
 1.670450 -0.399036 1 3
 1.670450 -0.386131 1 4
 1.670450 -0.365653 1 5
 1.670450 -0.351550 1 6
 1.670450 -0.100639 1 7
 1.670450 -0.061297 1 8
 1.670450 -0.045789 1 9
 1.670450 -0.043966 1 10
 1.670450 -0.013695 1 11
 1.670450 -0.010248 1 12
 1.670450  0.019129 1 13
 1.670450  0.022089 1 14
 1.670450  0.102675 1 15
 1.670450  0.117397 1 16
 1.729375 -0.505936 1 1
 1.729375 -0.500690 1 2
 1.729375 -0.399692 1 3
 1.729375 -0.384192 1 4
 1.729375 -0.359865 1 5
 1.729375 -0.339273 1 6
 1.729375 -0.109673 1 7
 1.729375 -0.060484 1 8
 1.729375 -0.051634 1 9
 1.729375 -0.041350 1 10
 1.729375 -0.008481 1 11
 1.729375 -0.003802 1 12
 1.729375  0.017995 1 13
 1.729375  0.023909 1 14
 1.729375  0.103040 1 15
 1.729375  0.113566 1 16
 1.788301 -0.507863 1 1
 1.788301 -0.502364 1 2
 1.788301 -0.400517 1 3
 1.788301 -0.383813 1 4
 1.788301 -0.355176 1 5
 1.788301 -0.330346 1 6
 1.788301 -0.116075 1 7
 1.788301 -0.059766 1 8
 1.788301 -0.055821 1 9
 1.788301 -0.039891 1 10
 1.788301 -0.003621 1 11
 1.788301  0.001508 1 12
 1.788301  0.016089 1 13
 1.788301  0.025056 1 14
 1.788301  0.103538 1 15
 1.788301  0.110409 1 16
 1.847226 -0.508483 1 1
 1.847226 -0.502921 1 2
 1.847226 -0.400853 1 3
 1.847226 -0.383783 1 4
 1.847226 -0.353439 1 5
 1.847226 -0.327078 1 6
 1.847226 -0.118408 1 7
 1.847226 -0.059317 1 8
 1.847226 -0.057500 1 9
 1.847226 -0.039425 1 10
 1.847226 -0.001433 1 11
 1.847226  0.003572 1 12
 1.847226  0.014967 1 13
 1.847226  0.025444 1 14
 1.847226  0.103762 1 15
 1.847226  0.109165 1 16
 1.847226 -0.508483 1 1
 1.847226 -0.502921 1 2
 1.847226 -0.400853 1 3
 1.847226 -0.383783 1 4
 1.847226 -0.353439 1 5
 1.847226 -0.327078 1 6
 1.847226 -0.118408 1 7
 1.847226 -0.059317 1 8
 1.847226 -0.057500 1 9
 1.847226 -0.039425 1 10
 1.847226 -0.001433 1 11
 1.847226  0.003572 1 12
 1.847226  0.014967 1 13
 1.847226  0.025444 1 14
 1.847226  0.103762 1 15
 1.847226  0.109165 1 16
 1.902503 -0.507325 1 1
 1.902503 -0.500510 1 2
 1.902503 -0.406851 1 3
 1.902503 -0.377613 1 4
 1.902503 -0.354042 1 5
 1.902503 -0.325540 1 6
 1.902503 -0.118449 1 7
 1.902503 -0.059621 1 8
 1.902503 -0.056933 1 9
 1.902503 -0.039465 1 10
 1.902503 -0.003534 1 11
 1.902503  0.000924 1 12
 1.902503  0.016521 1 13
 1.902503  0.025606 1 14
 1.902503  0.104206 1 15
 1.902503  0.108925 1 16
 1.957780 -0.503272 1 1
 1.957780 -0.494187 1 2
 1.957780 -0.417179 1 3
 1.957780 -0.366779 1 4
 1.957780 -0.355412 1 5
 1.957780 -0.321539 1 6
 1.957780 -0.118531 1 7
 1.957780 -0.060522 1 8
 1.957780 -0.055333 1 9
 1.957780 -0.039573 1 10
 1.957780 -0.008725 1 11
 1.957780 -0.004768 1 12
 1.957780  0.018937 1 13
 1.957780  0.025526 1 14
 1.957780  0.105564 1 15
 1.957780  0.108014 1 16
 2.013058 -0.495730 1 1
 2.013058 -0.485742 1 2
 2.013058 -0.427748 1 3
 2.013058 -0.356935 1 4
 2.013058 -0.355022 1 5
 2.013058 -0.316101 1 6
 2.013058 -0.118550 1 7
 2.013058 -0.061990 1 8
 2.013058 -0.053028 1 9
 2.013058 -0.039837 1 10
 2.013058 -0.014706 1 11
 2.013058 -0.011629 1 12
 2.013058  0.020370 1 13
 2.013058  0.024439 1 14
 2.013058  0.106014 1 15
 2.013058  0.107885 1 16
 2.068335 -0.484640 1 1
 2.068335 -0.478357 1 2
 2.068335 -0.436014 1 3
 2.068335 -0.358412 1 4
 2.068335 -0.342783 1 5
 2.068335 -0.309807 1 6
 2.068335 -0.118390 1 7
 2.068335 -0.063983 1 8
 2.068335 -0.050847 1 9
 2.068335 -0.040574 1 10
 2.068335 -0.018953 1 11
 2.068335 -0.018930 1 12
 2.068335  0.020241 1 13
 2.068335  0.022167 1 14
 2.068335  0.102607 1 15
 2.068335  0.111164 1 16
 2.123612 -0.479777 1 1
 2.123612 -0.468561 1 2
 2.123612 -0.436605 1 3
 2.123612 -0.359929 1 4
 2.123612 -0.329940 1 5
 2.123612 -0.302681 1 6
 2.123612 -0.117960 1 7
 2.123612 -0.066461 1 8
 2.123612 -0.051053 1 9
 2.123612 -0.040838 1 10
 2.123612 -0.026329 1 11
 2.123612 -0.019508 1 12
 2.123612  0.018385 1 13
 2.123612  0.019037 1 14
 2.123612  0.097831 1 15
 2.123612  0.115286 1 16
 2.178889 -0.489508 1 1
 2.178889 -0.449468 1 2
 2.178889 -0.428698 1 3
 2.178889 -0.361612 1 4
 2.178889 -0.316210 1 5
 2.178889 -0.294361 1 6
 2.178889 -0.117221 1 7
 2.178889 -0.069391 1 8
 2.178889 -0.055061 1 9
 2.178889 -0.039017 1 10
 2.178889 -0.033511 1 11
 2.178889 -0.016949 1 12
 2.178889  0.014887 1 13
 2.178889  0.015702 1 14
 2.178889  0.092260 1 15
 2.178889  0.120044 1 16
 2.234166 -0.503616 1 1
 2.234166 -0.426413 1 2
 2.234166 -0.417431 1 3
 2.234166 -0.363493 1 4
 2.234166 -0.301371 1 5
 2.234166 -0.284409 1 6
 2.234166 -0.116188 1 7
 2.234166 -0.072722 1 8
 2.234166 -0.060561 1 9
 2.234166 -0.040484 1 10
 2.234166 -0.036639 1 11
 2.234166 -0.013228 1 12
 2.234166  0.010062 1 13
 2.234166  0.012894 1 14
 2.234166  0.087258 1 15
 2.234166  0.125182 1 16
 2.289443 -0.518907 1 1
 2.289443 -0.408683 1 2
 2.289443 -0.396765 1 3
 2.289443 -0.365507 1 4
 2.289443 -0.285406 1 5
 2.289443 -0.272608 1 6
 2.289443 -0.114926 1 7
 2.289443 -0.076364 1 8
 2.289443 -0.066199 1 9
 2.289443 -0.047534 1 10
 2.289443 -0.034950 1 11
 2.289443 -0.010220 1 12
 2.289443  0.004459 1 13
 2.289443  0.010706 1 14
 2.289443  0.085210 1 15
 2.289443  0.130463 1 16
 2.344720 -0.533964 1 1
 2.344720 -0.399026 1 2
 2.344720 -0.367537 1 3
 2.344720 -0.365526 1 4
 2.344720 -0.268552 1 5
 2.344720 -0.259153 1 6
 2.344720 -0.113554 1 7
 2.344720 -0.080191 1 8
 2.344720 -0.071819 1 9
 2.344720 -0.055194 1 10
 2.344720 -0.034684 1 11
 2.344720 -0.008919 1 12
 2.344720 -0.001197 1 13
 2.344720  0.008074 1 14
 2.344720  0.088861 1 15
 2.344720  0.135694 1 16
 2.399997 -0.547901 1 1
 2.399997 -0.391357 1 2
 2.399997 -0.369458 1 3
 2.399997 -0.331155 1 4
 2.399997 -0.251310 1 5
 2.399997 -0.244671 1 6
 2.399997 -0.112213 1 7
 2.399997 -0.084121 1 8
 2.399997 -0.077768 1 9
 2.399997 -0.063890 1 10
 2.399997 -0.036827 1 11
 2.399997 -0.009741 1 12
 2.399997 -0.006167 1 13
 2.399997  0.005047 1 14
 2.399997  0.099033 1 15
 2.399997  0.140694 1 16
 2.455274 -0.560053 1 1
 2.455274 -0.385325 1 2
 2.455274 -0.371170 1 3
 2.455274 -0.295434 1 4
 2.455274 -0.234373 1 5
 2.455274 -0.230043 1 6
 2.455274 -0.111034 1 7
 2.455274 -0.088330 1 8
 2.455274 -0.084447 1 9
 2.455274 -0.073360 1 10
 2.455274 -0.043170 1 11
 2.455274 -0.012291 1 12
 2.455274 -0.009982 1 13
 2.455274  0.003660 1 14
 2.455274  0.113599 1 15
 2.455274  0.145270 1 16
 2.510551 -0.569923 1 1
 2.510551 -0.380699 1 2
 2.510551 -0.372595 1 3
 2.510551 -0.260231 1 4
 2.510551 -0.218584 1 5
 2.510551 -0.216221 1 6
 2.510551 -0.110132 1 7
 2.510551 -0.093806 1 8
 2.510551 -0.091897 1 9
 2.510551 -0.081854 1 10
 2.510551 -0.054739 1 11
 2.510551 -0.014285 1 12
 2.510551 -0.012577 1 13
 2.510551  0.003878 1 14
 2.510551  0.129189 1 15
 2.510551  0.149206 1 16
 2.565828 -0.577160 1 1
 2.565828 -0.377345 1 2
 2.565828 -0.373669 1 3
 2.565828 -0.227979 1 4
 2.565828 -0.205066 1 5
 2.565828 -0.204284 1 6
 2.565828 -0.109654 1 7
 2.565828 -0.101492 1 8
 2.565828 -0.099472 1 9
 2.565828 -0.086961 1 10
 2.565828 -0.069671 1 11
 2.565828 -0.015050 1 12
 2.565828 -0.014152 1 13
 2.565828  0.004582 1 14
 2.565828  0.142670 1 15
 2.565828  0.152256 1 16
 2.621105 -0.581564 1 1
 2.621105 -0.375272 1 2
 2.621105 -0.374337 1 3
 2.621105 -0.202774 1 4
 2.621105 -0.195719 1 5
 2.621105 -0.195459 1 6
 2.621105 -0.110183 1 7
 2.621105 -0.108624 1 8
 2.621105 -0.105264 1 9
 2.621105 -0.089296 1 10
 2.621105 -0.083748 1 11
 2.621105 -0.015211 1 12
 2.621105 -0.014969 1 13
 2.621105  0.005169 1 14
 2.621105  0.151696 1 15
 2.621105  0.154193 1 16
 2.676382 -0.583041 1 1
 2.676382 -0.374565 1 2
 2.676382 -0.374565 1 3
 2.676382 -0.192493 1 4
 2.676382 -0.192493 1 5
 2.676382 -0.191724 1 6
 2.676382 -0.111534 1 7
 2.676382 -0.111534 1 8
 2.676382 -0.106842 1 9
 2.676382 -0.089988 1 10
 2.676382 -0.089988 1 11
 2.676382 -0.015219 1 12
 2.676382 -0.015219 1 13
 2.676382  0.005389 1 14
 2.676382  0.154859 1 15
 2.676382  0.154859 1 16
 2.676382 -0.583041 1 1
 2.676382 -0.374565 1 2
 2.676382 -0.374565 1 3
 2.676382 -0.192493 1 4
 2.676382 -0.192493 1 5
 2.676382 -0.191724 1 6
 2.676382 -0.111534 1 7
 2.676382 -0.111534 1 8
 2.676382 -0.106842 1 9
 2.676382 -0.089988 1 10
 2.676382 -0.089988 1 11
 2.676382 -0.015219 1 12
 2.676382 -0.015219 1 13
 2.676382  0.005389 1 14
 2.676382  0.154859 1 15
 2.676382  0.154859 1 16
 2.730398 -0.581676 1 1
 2.730398 -0.375381 1 2
 2.730398 -0.374277 1 3
 2.730398 -0.200806 1 4
 2.730398 -0.197784 1 5
 2.730398 -0.194734 1 6
 2.730398 -0.109479 1 7
 2.730398 -0.109374 1 8
 2.730398 -0.105427 1 9
 2.730398 -0.088774 1 10
 2.730398 -0.084483 1 11
 2.730398 -0.015331 1 12
 2.730398 -0.014835 1 13
 2.730398  0.005208 1 14
 2.730398  0.152114 1 15
 2.730398  0.153914 1 16
 2.784413 -0.577589 1 1
 2.784413 -0.377716 1 2
 2.784413 -0.373471 1 3
 2.784413 -0.222288 1 4
 2.784413 -0.212077 1 5
 2.784413 -0.201807 1 6
 2.784413 -0.107227 1 7
 2.784413 -0.104387 1 8
 2.784413 -0.099996 1 9
 2.784413 -0.085111 1 10
 2.784413 -0.070771 1 11
 2.784413 -0.015393 1 12
 2.784413 -0.013846 1 13
 2.784413  0.004767 1 14
 2.784413  0.144311 1 15
 2.784413  0.151091 1 16
 2.838428 -0.570813 1 1
 2.838428 -0.381292 1 2
 2.838428 -0.372307 1 3
 2.838428 -0.251765 1 4
 2.838428 -0.230403 1 5
 2.838428 -0.212271 1 6
 2.838428 -0.105486 1 7
 2.838428 -0.097820 1 8
 2.838428 -0.093781 1 9
 2.838428 -0.079493 1 10
 2.838428 -0.054308 1 11
 2.838428 -0.014244 1 12
 2.838428 -0.012750 1 13
 2.838428  0.004406 1 14
 2.838428  0.132786 1 15
 2.838428  0.146443 1 16
 2.892443 -0.561435 1 1
 2.892443 -0.385824 1 2
 2.892443 -0.371049 1 3
 2.892443 -0.285593 1 4
 2.892443 -0.250028 1 5
 2.892443 -0.225208 1 6
 2.892443 -0.103422 1 7
 2.892443 -0.090936 1 8
 2.892443 -0.088038 1 9
 2.892443 -0.073233 1 10
 2.892443 -0.041052 1 11
 2.892443 -0.012293 1 12
 2.892443 -0.008923 1 13
 2.892443  0.004693 1 14
 2.892443  0.119795 1 15
 2.892443  0.140080 1 16
 2.946458 -0.549637 1 1
 2.946458 -0.391109 1 2
 2.946458 -0.370143 1 3
 2.946458 -0.320647 1 4
 2.946458 -0.269467 1 5
 2.946458 -0.239968 1 6
 2.946458 -0.101010 1 7
 2.946458 -0.084597 1 8
 2.946458 -0.082511 1 9
 2.946458 -0.067270 1 10
 2.946458 -0.034733 1 11
 2.946458 -0.013001 1 12
 2.946458  0.001912 1 13
 2.946458  0.006070 1 14
 2.946458  0.108576 1 15
 2.946458  0.132208 1 16
 3.000473 -0.535696 1 1
 3.000473 -0.396998 1 2
 3.000473 -0.371417 1 3
 3.000473 -0.352880 1 4
 3.000473 -0.287849 1 5
 3.000473 -0.256095 1 6
 3.000473 -0.098318 1 7
 3.000473 -0.079341 1 8
 3.000473 -0.077262 1 9
 3.000473 -0.061766 1 10
 3.000473 -0.031928 1 11
 3.000473 -0.014685 1 12
 3.000473  0.008432 1 13
 3.000473  0.011935 1 14
 3.000473  0.103150 1 15
 3.000473  0.123158 1 16
 3.054488 -0.520000 1 1
 3.054488 -0.403271 1 2
 3.054488 -0.390047 1 3
 3.054488 -0.365638 1 4
 3.054488 -0.304625 1 5
 3.054488 -0.273180 1 6
 3.054488 -0.095434 1 7
 3.054488 -0.075276 1 8
 3.054488 -0.072639 1 9
 3.054488 -0.056565 1 10
 3.054488 -0.029345 1 11
 3.054488 -0.016702 1 12
 3.054488  0.011381 1 13
 3.054488  0.015331 1 14
 3.054488  0.106382 1 15
 3.054488  0.113418 1 16
 3.108503 -0.503011 1 1
 3.108503 -0.416850 1 2
 3.108503 -0.409591 1 3
 3.108503 -0.367714 1 4
 3.108503 -0.319513 1 5
 3.108503 -0.290839 1 6
 3.108503 -0.092434 1 7
 3.108503 -0.072072 1 8
 3.108503 -0.068971 1 9
 3.108503 -0.051568 1 10
 3.108503 -0.026280 1 11
 3.108503 -0.018425 1 12
 3.108503  0.012385 1 13
 3.108503  0.014561 1 14
 3.108503  0.103631 1 15
 3.108503  0.116518 1 16
 3.162518 -0.485293 1 1
 3.162518 -0.440920 1 2
 3.162518 -0.415510 1 3
 3.162518 -0.370433 1 4
 3.162518 -0.332385 1 5
 3.162518 -0.308669 1 6
 3.162518 -0.089371 1 7
 3.162518 -0.069236 1 8
 3.162518 -0.066358 1 9
 3.162518 -0.046895 1 10
 3.162518 -0.023396 1 11
 3.162518 -0.019419 1 12
 3.162518  0.006744 1 13
 3.162518  0.017638 1 14
 3.162518  0.094586 1 15
 3.162518  0.129139 1 16
 3.216533 -0.467925 1 1
 3.216533 -0.461397 1 2
 3.216533 -0.420559 1 3
 3.216533 -0.374902 1 4
 3.216533 -0.343224 1 5
 3.216533 -0.326313 1 6
 3.216533 -0.086264 1 7
 3.216533 -0.066399 1 8
 3.216533 -0.064653 1 9
 3.216533 -0.042790 1 10
 3.216533 -0.022256 1 11
 3.216533 -0.019506 1 12
 3.216533  0.001906 1 13
 3.216533  0.020228 1 14
 3.216533  0.087118 1 15
 3.216533  0.140949 1 16
 3.270549 -0.479924 1 1
 3.270549 -0.450042 1 2
 3.270549 -0.424341 1 3
 3.270549 -0.381401 1 4
 3.270549 -0.352035 1 5
 3.270549 -0.343472 1 6
 3.270549 -0.083113 1 7
 3.270549 -0.063570 1 8
 3.270549 -0.063440 1 9
 3.270549 -0.039502 1 10
 3.270549 -0.024353 1 11
 3.270549 -0.018703 1 12
 3.270549  0.000418 1 13
 3.270549  0.021938 1 14
 3.270549  0.081955 1 15
 3.270549  0.150106 1 16
 3.324564 -0.494015 1 1
 3.324564 -0.435200 1 2
 3.324564 -0.426630 1 3
 3.324564 -0.389291 1 4
 3.324564 -0.360241 1 5
 3.324564 -0.358476 1 6
 3.324564 -0.079981 1 7
 3.324564 -0.062784 1 8
 3.324564 -0.060637 1 9
 3.324564 -0.037195 1 10
 3.324564 -0.028245 1 11
 3.324564 -0.017108 1 12
 3.324564  0.001878 1 13
 3.324564  0.022516 1 14
 3.324564  0.079497 1 15
 3.324564  0.155609 1 16
 3.378579 -0.503680 1 1
 3.378579 -0.427396 1 2
 3.378579 -0.426971 1 3
 3.378579 -0.394803 1 4
 3.378579 -0.375795 1 5
 3.378579 -0.363200 1 6
 3.378579 -0.077051 1 7
 3.378579 -0.062017 1 8
 3.378579 -0.058877 1 9
 3.378579 -0.035844 1 10
 3.378579 -0.030687 1 11
 3.378579 -0.014880 1 12
 3.378579  0.004491 1 13
 3.378579  0.021975 1 14
 3.378579  0.079732 1 15
 3.378579  0.156986 1 16
 3.432594 -0.508043 1 1
 3.432594 -0.432328 1 2
 3.432594 -0.426728 1 3
 3.432594 -0.391254 1 4
 3.432594 -0.390734 1 5
 3.432594 -0.365465 1 6
 3.432594 -0.074540 1 7
 3.432594 -0.061310 1 8
 3.432594 -0.059118 1 9
 3.432594 -0.035146 1 10
 3.432594 -0.029585 1 11
 3.432594 -0.012227 1 12
 3.432594  0.007350 1 13
 3.432594  0.020523 1 14
 3.432594  0.082403 1 15
 3.432594  0.154182 1 16
 3.486609 -0.506604 1 1
 3.486609 -0.446589 1 2
 3.486609 -0.424757 1 3
 3.486609 -0.404851 1 4
 3.486609 -0.383198 1 5
 3.486609 -0.365387 1 6
 3.486609 -0.072474 1 7
 3.486609 -0.061411 1 8
 3.486609 -0.060892 1 9
 3.486609 -0.034507 1 10
 3.486609 -0.025387 1 11
 3.486609 -0.009318 1 12
 3.486609  0.010231 1 13
 3.486609  0.018467 1 14
 3.486609  0.087209 1 15
 3.486609  0.147545 1 16
 3.540624 -0.499402 1 1
 3.540624 -0.463928 1 2
 3.540624 -0.422386 1 3
 3.540624 -0.417289 1 4
 3.540624 -0.375931 1 5
 3.540624 -0.363015 1 6
 3.540624 -0.071025 1 7
 3.540624 -0.063220 1 8
 3.540624 -0.063005 1 9
 3.540624 -0.033306 1 10
 3.540624 -0.019943 1 11
 3.540624 -0.006220 1 12
 3.540624  0.013205 1 13
 3.540624  0.016179 1 14
 3.540624  0.093835 1 15
 3.540624  0.137860 1 16
 3.594639 -0.487106 1 1
 3.594639 -0.482080 1 2
 3.594639 -0.431455 1 3
 3.594639 -0.416270 1 4
 3.594639 -0.370749 1 5
 3.594639 -0.358518 1 6
 3.594639 -0.072935 1 7
 3.594639 -0.064757 1 8
 3.594639 -0.064583 1 9
 3.594639 -0.031501 1 10
 3.594639 -0.014835 1 11
 3.594639 -0.002943 1 12
 3.594639  0.014039 1 13
 3.594639  0.016358 1 14
 3.594639  0.101900 1 15
 3.594639  0.126414 1 16
 3.648654 -0.500507 1 1
 3.648654 -0.469940 1 2
 3.648654 -0.442901 1 3
 3.648654 -0.410946 1 4
 3.648654 -0.367728 1 5
 3.648654 -0.352183 1 6
 3.648654 -0.080698 1 7
 3.648654 -0.065856 1 8
 3.648654 -0.062828 1 9
 3.648654 -0.029637 1 10
 3.648654 -0.011079 1 11
 3.648654  0.000395 1 12
 3.648654  0.012380 1 13
 3.648654  0.019370 1 14
 3.648654  0.110919 1 15
 3.648654  0.115182 1 16
 3.648654 -0.500507 1 1
 3.648654 -0.469940 1 2
 3.648654 -0.442901 1 3
 3.648654 -0.410946 1 4
 3.648654 -0.367728 1 5
 3.648654 -0.352183 1 6
 3.648654 -0.080698 1 7
 3.648654 -0.065856 1 8
 3.648654 -0.062828 1 9
 3.648654 -0.029637 1 10
 3.648654 -0.011079 1 11
 3.648654  0.000395 1 12
 3.648654  0.012380 1 13
 3.648654  0.019370 1 14
 3.648654  0.110919 1 15
 3.648654  0.115182 1 16
 3.711789 -0.520631 1 1
 3.711789 -0.454990 1 2
 3.711789 -0.445575 1 3
 3.711789 -0.403785 1 4
 3.711789 -0.366460 1 5
 3.711789 -0.342928 1 6
 3.711789 -0.093698 1 7
 3.711789 -0.066149 1 8
 3.711789 -0.059692 1 9
 3.711789 -0.028018 1 10
 3.711789 -0.009186 1 11
 3.711789  0.003580 1 12
 3.711789  0.011685 1 13
 3.711789  0.021199 1 14
 3.711789  0.106152 1 15
 3.711789  0.121949 1 16
 3.774923 -0.538776 1 1
 3.774923 -0.465357 1 2
 3.774923 -0.417366 1 3
 3.774923 -0.396335 1 4
 3.774923 -0.366861 1 5
 3.774923 -0.332278 1 6
 3.774923 -0.109082 1 7
 3.774923 -0.065455 1 8
 3.774923 -0.056607 1 9
 3.774923 -0.027172 1 10
 3.774923 -0.011090 1 11
 3.774923  0.004230 1 12
 3.774923  0.013503 1 13
 3.774923  0.019742 1 14
 3.774923  0.105939 1 15
 3.774923  0.132686 1 16
 3.838058 -0.554326 1 1
 3.838058 -0.473830 1 2
 3.838058 -0.389300 1 3
 3.838058 -0.386767 1 4
 3.838058 -0.367939 1 5
 3.838058 -0.320927 1 6
 3.838058 -0.125873 1 7
 3.838058 -0.064346 1 8
 3.838058 -0.054064 1 9
 3.838058 -0.026902 1 10
 3.838058 -0.018232 1 11
 3.838058  0.002714 1 12
 3.838058  0.016813 1 13
 3.838058  0.017196 1 14
 3.838058  0.115020 1 15
 3.838058  0.142366 1 16
 3.901192 -0.566845 1 1
 3.901192 -0.480358 1 2
 3.901192 -0.383241 1 3
 3.901192 -0.370788 1 4
 3.901192 -0.353746 1 5
 3.901192 -0.309725 1 6
 3.901192 -0.143416 1 7
 3.901192 -0.063950 1 8
 3.901192 -0.052279 1 9
 3.901192 -0.028939 1 10
 3.901192 -0.026934 1 11
 3.901192  0.000367 1 12
 3.901192  0.016164 1 13
 3.901192  0.019975 1 14
 3.901192  0.129248 1 15
 3.901192  0.150398 1 16
 3.964327 -0.576010 1 1
 3.964327 -0.484965 1 2
 3.964327 -0.378536 1 3
 3.964327 -0.371964 1 4
 3.964327 -0.324011 1 5
 3.964327 -0.299865 1 6
 3.964327 -0.160815 1 7
 3.964327 -0.065618 1 8
 3.964327 -0.051244 1 9
 3.964327 -0.038315 1 10
 3.964327 -0.027068 1 11
 3.964327 -0.002058 1 12
 3.964327  0.016263 1 13
 3.964327  0.022406 1 14
 3.964327  0.143563 1 15
 3.964327  0.156371 1 16
 4.027461 -0.581597 1 1
 4.027461 -0.487701 1 2
 4.027461 -0.375506 1 3
 4.027461 -0.372964 1 4
 4.027461 -0.300382 1 5
 4.027461 -0.292908 1 6
 4.027461 -0.175636 1 7
 4.027461 -0.069025 1 8
 4.027461 -0.050779 1 9
 4.027461 -0.043207 1 10
 4.027461 -0.027193 1 11
 4.027461 -0.003883 1 12
 4.027461  0.016613 1 13
 4.027461  0.023909 1 14
 4.027461  0.153862 1 15
 4.027461  0.160039 1 16
 4.090596 -0.583473 1 1
 4.090596 -0.488608 1 2
 4.090596 -0.374452 1 3
 4.090596 -0.373327 1 4
 4.090596 -0.290740 1 5
 4.090596 -0.290370 1 6
 4.090596 -0.182100 1 7
 4.090596 -0.070827 1 8
 4.090596 -0.050658 1 9
 4.090596 -0.044484 1 10
 4.090596 -0.027243 1 11
 4.090596 -0.004561 1 12
 4.090596  0.016771 1 13
 4.090596  0.024416 1 14
 4.090596  0.157580 1 15
 4.090596  0.161273 1 16
 4.090596 -0.583473 1 1
 4.090596 -0.488608 1 2
 4.090596 -0.374452 1 3
 4.090596 -0.373327 1 4
 4.090596 -0.290740 1 5
 4.090596 -0.290370 1 6
 4.090596 -0.182100 1 7
 4.090596 -0.070827 1 8
 4.090596 -0.050658 1 9
 4.090596 -0.044484 1 10
 4.090596 -0.027243 1 11
 4.090596 -0.004561 1 12
 4.090596  0.016771 1 13
 4.090596  0.024416 1 14
 4.090596  0.157580 1 15
 4.090596  0.161273 1 16
 4.144723 -0.580674 1 1
 4.144723 -0.488315 1 2
 4.144723 -0.373532 1 3
 4.144723 -0.372339 1 4
 4.144723 -0.295085 1 5
 4.144723 -0.291952 1 6
 4.144723 -0.178769 1 7
 4.144723 -0.069620 1 8
 4.144723 -0.050843 1 9
 4.144723 -0.044393 1 10
 4.144723 -0.027160 1 11
 4.144723 -0.004702 1 12
 4.144723  0.016573 1 13
 4.144723  0.023885 1 14
 4.144723  0.156245 1 15
 4.144723  0.159965 1 16
 4.198849 -0.572307 1 1
 4.198849 -0.487497 1 2
 4.198849 -0.370778 1 3
 4.198849 -0.369418 1 4
 4.198849 -0.307507 1 5
 4.198849 -0.295394 1 6
 4.198849 -0.170227 1 7
 4.198849 -0.066668 1 8
 4.198849 -0.051491 1 9
 4.198849 -0.043725 1 10
 4.198849 -0.027102 1 11
 4.198849 -0.004997 1 12
 4.198849  0.016063 1 13
 4.198849  0.022449 1 14
 4.198849  0.152294 1 15
 4.198849  0.156104 1 16
 4.252976 -0.558499 1 1
 4.252976 -0.486389 1 2
 4.252976 -0.366226 1 3
 4.252976 -0.364754 1 4
 4.252976 -0.324241 1 5
 4.252976 -0.300546 1 6
 4.252976 -0.159040 1 7
 4.252976 -0.063965 1 8
 4.252976 -0.052807 1 9
 4.252976 -0.041264 1 10
 4.252976 -0.027589 1 11
 4.252976 -0.005104 1 12
 4.252976  0.015505 1 13
 4.252976  0.020543 1 14
 4.252976  0.145906 1 15
 4.252976  0.149876 1 16
 4.307102 -0.539546 1 1
 4.307102 -0.485513 1 2
 4.307102 -0.360019 1 3
 4.307102 -0.359542 1 4
 4.307102 -0.341307 1 5
 4.307102 -0.306685 1 6
 4.307102 -0.147041 1 7
 4.307102 -0.063570 1 8
 4.307102 -0.054955 1 9
 4.307102 -0.036162 1 10
 4.307102 -0.029163 1 11
 4.307102 -0.004715 1 12
 4.307102  0.015402 1 13
 4.307102  0.018753 1 14
 4.307102  0.137439 1 15
 4.307102  0.141612 1 16
 4.361229 -0.515981 1 1
 4.361229 -0.485781 1 2
 4.361229 -0.365097 1 3
 4.361229 -0.352610 1 4
 4.361229 -0.345102 1 5
 4.361229 -0.312875 1 6
 4.361229 -0.135325 1 7
 4.361229 -0.065565 1 8
 4.361229 -0.057969 1 9
 4.361229 -0.031856 1 10
 4.361229 -0.029937 1 11
 4.361229 -0.003953 1 12
 4.361229  0.016522 1 13
 4.361229  0.017640 1 14
 4.361229  0.127525 1 15
 4.361229  0.131850 1 16
 4.415356 -0.489158 1 1
 4.415356 -0.487889 1 2
 4.415356 -0.378981 1 3
 4.415356 -0.345469 1 4
 4.415356 -0.335926 1 5
 4.415356 -0.317346 1 6
 4.415356 -0.124639 1 7
 4.415356 -0.069089 1 8
 4.415356 -0.061754 1 9
 4.415356 -0.035060 1 10
 4.415356 -0.025117 1 11
 4.415356 -0.003359 1 12
 4.415356  0.017497 1 13
 4.415356  0.019492 1 14
 4.415356  0.117220 1 15
 4.415356  0.121457 1 16
 4.469482 -0.494933 1 1
 4.469482 -0.458094 1 2
 4.469482 -0.389250 1 3
 4.469482 -0.342554 1 4
 4.469482 -0.323916 1 5
 4.469482 -0.315987 1 6
 4.469482 -0.115593 1 7
 4.469482 -0.073500 1 8
 4.469482 -0.066125 1 9
 4.469482 -0.037880 1 10
 4.469482 -0.023111 1 11
 4.469482 -0.003462 1 12
 4.469482  0.017947 1 13
 4.469482  0.023487 1 14
 4.469482  0.108285 1 15
 4.469482  0.111832 1 16
 4.523609 -0.505306 1 1
 4.523609 -0.425423 1 2
 4.523609 -0.394245 1 3
 4.523609 -0.345603 1 4
 4.523609 -0.310118 1 5
 4.523609 -0.306935 1 6
 4.523609 -0.108683 1 7
 4.523609 -0.078374 1 8
 4.523609 -0.070840 1 9
 4.523609 -0.039458 1 10
 4.523609 -0.023776 1 11
 4.523609 -0.004599 1 12
 4.523609  0.017673 1 13
 4.523609  0.025438 1 14
 4.523609  0.103373 1 15
 4.523609  0.105054 1 16
 4.577735 -0.518502 1 1
 4.577735 -0.395168 1 2
 4.577735 -0.390573 1 3
 4.577735 -0.350979 1 4
 4.577735 -0.294825 1 5
 4.577735 -0.293667 1 6
 4.577735 -0.104219 1 7
 4.577735 -0.083386 1 8
 4.577735 -0.075659 1 9
 4.577735 -0.039232 1 10
 4.577735 -0.026563 1 11
 4.577735 -0.007291 1 12
 4.577735  0.015163 1 13
 4.577735  0.022210 1 14
 4.577735  0.103378 1 15
 4.577735  0.104758 1 16
 4.631862 -0.532789 1 1
 4.631862 -0.392559 1 2
 4.631862 -0.356605 1 3
 4.631862 -0.355017 1 4
 4.631862 -0.278256 1 5
 4.631862 -0.278110 1 6
 4.631862 -0.102181 1 7
 4.631862 -0.088288 1 8
 4.631862 -0.080430 1 9
 4.631862 -0.037389 1 10
 4.631862 -0.031490 1 11
 4.631862 -0.012642 1 12
 4.631862  0.010823 1 13
 4.631862  0.014103 1 14
 4.631862  0.107617 1 15
 4.631862  0.111775 1 16
 4.685988 -0.546683 1 1
 4.685988 -0.388863 1 2
 4.685988 -0.361782 1 3
 4.685988 -0.318384 1 4
 4.685988 -0.261000 1 5
 4.685988 -0.260692 1 6
 4.685988 -0.102120 1 7
 4.685988 -0.092914 1 8
 4.685988 -0.085177 1 9
 4.685988 -0.039323 1 10
 4.685988 -0.036410 1 11
 4.685988 -0.020215 1 12
 4.685988  0.004345 1 13
 4.685988  0.007072 1 14
 4.685988  0.116368 1 15
 4.685988  0.121678 1 16
 4.740115 -0.559118 1 1
 4.740115 -0.384773 1 2
 4.740115 -0.366228 1 3
 4.740115 -0.282205 1 4
 4.740115 -0.243034 1 5
 4.740115 -0.242597 1 6
 4.740115 -0.103312 1 7
 4.740115 -0.097195 1 8
 4.740115 -0.090114 1 9
 4.740115 -0.050748 1 10
 4.740115 -0.044350 1 11
 4.740115 -0.022254 1 12
 4.740115 -0.003899 1 13
 4.740115  0.005024 1 14
 4.740115  0.127254 1 15
 4.740115  0.132073 1 16
 4.794242 -0.569354 1 1
 4.794242 -0.380865 1 2
 4.794242 -0.369805 1 3
 4.794242 -0.248517 1 4
 4.794242 -0.225246 1 5
 4.794242 -0.224789 1 6
 4.794242 -0.105080 1 7
 4.794242 -0.101201 1 8
 4.794242 -0.095503 1 9
 4.794242 -0.064641 1 10
 4.794242 -0.059171 1 11
 4.794242 -0.019587 1 12
 4.794242 -0.009475 1 13
 4.794242  0.004357 1 14
 4.794242  0.138045 1 15
 4.794242  0.141405 1 16
 4.848368 -0.576903 1 1
 4.848368 -0.377581 1 2
 4.848368 -0.372425 1 3
 4.848368 -0.219974 1 4
 4.848368 -0.209173 1 5
 4.848368 -0.208657 1 6
 4.848368 -0.107097 1 7
 4.848368 -0.105229 1 8
 4.848368 -0.101183 1 9
 4.848368 -0.077934 1 10
 4.848368 -0.074194 1 11
 4.848368 -0.017081 1 12
 4.848368 -0.012848 1 13
 4.848368  0.004588 1 14
 4.848368  0.146984 1 15
 4.848368  0.148685 1 16
 4.902495 -0.581501 1 1
 4.902495 -0.375356 1 2
 4.902495 -0.374026 1 3
 4.902495 -0.199903 1 4
 4.902495 -0.197159 1 5
 4.902495 -0.196532 1 6
 4.902495 -0.109729 1 7
 4.902495 -0.109380 1 8
 4.902495 -0.105509 1 9
 4.902495 -0.087002 1 10
 4.902495 -0.085631 1 11
 4.902495 -0.015655 1 12
 4.902495 -0.014651 1 13
 4.902495  0.005127 1 14
 4.902495  0.152831 1 15
 4.902495  0.153287 1 16
 4.956621 -0.583041 1 1
 4.956621 -0.374565 1 2
 4.956621 -0.374565 1 3
 4.956621 -0.192493 1 4
 4.956621 -0.192493 1 5
 4.956621 -0.191724 1 6
 4.956621 -0.111534 1 7
 4.956621 -0.111534 1 8
 4.956621 -0.106842 1 9
 4.956621 -0.089988 1 10
 4.956621 -0.089988 1 11
 4.956621 -0.015219 1 12
 4.956621 -0.015219 1 13
 4.956621  0.005389 1 14
 4.956621  0.154859 1 15
 4.956621  0.154859 1 16
