 0.000000 -0.587070 1 1
 0.000000 -0.492744 1 2
 0.000000 -0.386642 1 3
 0.000000 -0.385505 1 4
 0.000000 -0.296860 1 5
 0.000000 -0.296507 1 6
 0.000000 -0.204614 1 7
 0.000000 -0.102736 1 8
 0.000000 -0.082823 1 9
 0.000000 -0.076298 1 10
 0.000000 -0.059096 1 11
 0.000000 -0.035993 1 12
 0.000000 -0.016571 1 13
 0.000000 -0.007694 1 14
 0.000000  0.127173 1 15
 0.000000  0.130555 1 16
 0.021651 -0.586585 1 1
 0.021651 -0.492672 1 2
 0.021651 -0.386493 1 3
 0.021651 -0.385336 1 4
 0.021651 -0.297336 1 5
 0.021651 -0.297077 1 6
 0.021651 -0.204017 1 7
 0.021651 -0.102502 1 8
 0.021651 -0.082836 1 9
 0.021651 -0.076272 1 10
 0.021651 -0.059063 1 11
 0.021651 -0.035994 1 12
 0.021651 -0.016595 1 13
 0.021651 -0.007775 1 14
 0.021651  0.126962 1 15
 0.021651  0.130349 1 16
 0.043301 -0.585157 1 1
 0.043301 -0.492462 1 2
 0.043301 -0.386025 1 3
 0.043301 -0.384846 1 4
 0.043301 -0.299750 1 5
 0.043301 -0.297719 1 6
 0.043301 -0.202303 1 7
 0.043301 -0.101824 1 8
 0.043301 -0.082885 1 9
 0.043301 -0.076188 1 10
 0.043301 -0.058983 1 11
 0.043301 -0.036016 1 12
 0.043301 -0.016666 1 13
 0.043301 -0.008018 1 14
 0.043301  0.126296 1 15
 0.043301  0.129718 1 16
 0.064952 -0.582800 1 1
 0.064952 -0.492131 1 2
 0.064952 -0.385243 1 3
 0.064952 -0.384040 1 4
 0.064952 -0.303561 1 5
 0.064952 -0.298762 1 6
 0.064952 -0.199642 1 7
 0.064952 -0.100772 1 8
 0.064952 -0.082977 1 9
 0.064952 -0.076016 1 10
 0.064952 -0.058869 1 11
 0.064952 -0.036053 1 12
 0.064952 -0.016776 1 13
 0.064952 -0.008412 1 14
 0.064952  0.125185 1 15
 0.064952  0.128668 1 16
 0.086603 -0.579538 1 1
 0.086603 -0.491708 1 2
 0.086603 -0.384155 1 3
 0.086603 -0.382930 1 4
 0.086603 -0.308521 1 5
 0.086603 -0.300173 1 6
 0.086603 -0.196253 1 7
 0.086603 -0.099463 1 8
 0.086603 -0.083126 1 9
 0.086603 -0.075701 1 10
 0.086603 -0.058740 1 11
 0.086603 -0.036094 1 12
 0.086603 -0.016914 1 13
 0.086603 -0.008936 1 14
 0.086603  0.123650 1 15
 0.086603  0.127213 1 16
 0.108253 -0.575400 1 1
 0.108253 -0.491230 1 2
 0.108253 -0.382772 1 3
 0.108253 -0.381528 1 4
 0.108253 -0.314374 1 5
 0.108253 -0.301912 1 6
 0.108253 -0.192349 1 7
 0.108253 -0.098052 1 8
 0.108253 -0.083348 1 9
 0.108253 -0.075165 1 10
 0.108253 -0.058622 1 11
 0.108253 -0.036119 1 12
 0.108253 -0.017064 1 13
 0.108253 -0.009564 1 14
 0.108253  0.121716 1 15
 0.108253  0.125370 1 16
 0.129904 -0.570418 1 1
 0.129904 -0.490738 1 2
 0.129904 -0.381110 1 3
 0.129904 -0.379853 1 4
 0.129904 -0.320878 1 5
 0.129904 -0.303939 1 6
 0.129904 -0.188110 1 7
 0.129904 -0.096718 1 8
 0.129904 -0.083658 1 9
 0.129904 -0.074313 1 10
 0.129904 -0.058545 1 11
 0.129904 -0.036109 1 12
 0.129904 -0.017204 1 13
 0.129904 -0.010264 1 14
 0.129904  0.119414 1 15
 0.129904  0.123160 1 16
 0.151554 -0.564630 1 1
 0.151554 -0.490277 1 2
 0.151554 -0.379186 1 3
 0.151554 -0.377929 1 4
 0.151554 -0.327816 1 5
 0.151554 -0.306215 1 6
 0.151554 -0.183680 1 7
 0.151554 -0.095635 1 8
 0.151554 -0.084073 1 9
 0.151554 -0.073053 1 10
 0.151554 -0.058541 1 11
 0.151554 -0.036040 1 12
 0.151554 -0.017304 1 13
 0.151554 -0.011000 1 14
 0.151554  0.116774 1 15
 0.151554  0.120607 1 16
 0.173205 -0.558071 1 1
 0.173205 -0.489894 1 2
 0.173205 -0.377018 1 3
 0.173205 -0.375801 1 4
 0.173205 -0.334972 1 5
 0.173205 -0.308706 1 6
 0.173205 -0.179166 1 7
 0.173205 -0.094930 1 8
 0.173205 -0.084604 1 9
 0.173205 -0.071340 1 10
 0.173205 -0.058642 1 11
 0.173205 -0.035889 1 12
 0.173205 -0.017328 1 13
 0.173205 -0.011731 1 14
 0.173205  0.113829 1 15
 0.173205  0.117735 1 16
 0.194856 -0.550780 1 1
 0.194856 -0.489634 1 2
 0.194856 -0.374630 1 3
 0.194856 -0.373564 1 4
 0.194856 -0.342099 1 5
 0.194856 -0.311375 1 6
 0.194856 -0.174648 1 7
 0.194856 -0.094656 1 8
 0.194856 -0.085260 1 9
 0.194856 -0.069206 1 10
 0.194856 -0.058876 1 11
 0.194856 -0.035641 1 12
 0.194856 -0.017230 1 13
 0.194856 -0.012415 1 14
 0.194856  0.110611 1 15
 0.194856  0.114571 1 16
 0.216506 -0.542792 1 1
 0.216506 -0.489543 1 2
 0.216506 -0.372047 1 3
 0.216506 -0.371471 1 4
 0.216506 -0.348801 1 5
 0.216506 -0.314179 1 6
 0.216506 -0.170185 1 7
 0.216506 -0.094796 1 8
 0.216506 -0.086044 1 9
 0.216506 -0.066756 1 10
 0.216506 -0.059258 1 11
 0.216506 -0.035291 1 12
 0.216506 -0.016955 1 13
 0.216506 -0.013010 1 14
 0.216506  0.107150 1 15
 0.216506  0.111141 1 16
 0.238157 -0.534141 1 1
 0.238157 -0.489669 1 2
 0.238157 -0.370314 1 3
 0.238157 -0.369305 1 4
 0.238157 -0.354151 1 5
 0.238157 -0.317059 1 6
 0.238157 -0.165822 1 7
 0.238157 -0.095296 1 8
 0.238157 -0.086954 1 9
 0.238157 -0.064143 1 10
 0.238157 -0.059793 1 11
 0.238157 -0.034854 1 12
 0.238157 -0.016435 1 13
 0.238157 -0.013475 1 14
 0.238157  0.103478 1 15
 0.238157  0.107478 1 16
 0.259808 -0.524863 1 1
 0.259808 -0.490061 1 2
 0.259808 -0.371860 1 3
 0.259808 -0.366455 1 4
 0.259808 -0.356251 1 5
 0.259808 -0.319930 1 6
 0.259808 -0.161594 1 7
 0.259808 -0.096091 1 8
 0.259808 -0.087983 1 9
 0.259808 -0.061539 1 10
 0.259808 -0.060469 1 11
 0.259808 -0.034359 1 12
 0.259808 -0.015603 1 13
 0.259808 -0.013770 1 14
 0.259808  0.099630 1 15
 0.259808  0.103617 1 16
 0.281458 -0.514989 1 1
 0.281458 -0.490774 1 2
 0.281458 -0.376288 1 3
 0.281458 -0.363575 1 4
 0.281458 -0.354794 1 5
 0.281458 -0.322668 1 6
 0.281458 -0.157533 1 7
 0.281458 -0.097126 1 8
 0.281458 -0.089121 1 9
 0.281458 -0.061264 1 10
 0.281458 -0.059117 1 11
 0.281458 -0.033850 1 12
 0.281458 -0.014396 1 13
 0.281458 -0.013864 1 14
 0.281458  0.095650 1 15
 0.281458  0.099604 1 16
 0.303109 -0.504559 1 1
 0.303109 -0.491859 1 2
 0.303109 -0.381678 1 3
 0.303109 -0.360795 1 4
 0.303109 -0.351580 1 5
 0.303109 -0.325090 1 6
 0.303109 -0.153665 1 7
 0.303109 -0.098355 1 8
 0.303109 -0.090356 1 9
 0.303109 -0.062142 1 10
 0.303109 -0.057028 1 11
 0.303109 -0.033380 1 12
 0.303109 -0.013742 1 13
 0.303109 -0.012789 1 14
 0.303109  0.091599 1 15
 0.303109  0.095496 1 16
 0.324760 -0.494230 1 1
 0.324760 -0.492761 1 2
 0.324760 -0.386971 1 3
 0.324760 -0.358326 1 4
 0.324760 -0.347550 1 5
 0.324760 -0.326928 1 6
 0.324760 -0.150017 1 7
 0.324760 -0.099743 1 8
 0.324760 -0.091675 1 9
 0.324760 -0.063063 1 10
 0.324760 -0.055379 1 11
 0.324760 -0.032996 1 12
 0.324760 -0.013413 1 13
 0.324760 -0.010813 1 14
 0.324760  0.087561 1 15
 0.324760  0.091368 1 16
 0.346410 -0.495589 1 1
 0.346410 -0.481987 1 2
 0.346410 -0.391756 1 3
 0.346410 -0.356467 1 4
 0.346410 -0.343019 1 5
 0.346410 -0.327825 1 6
 0.346410 -0.146616 1 7
 0.346410 -0.101261 1 8
 0.346410 -0.093067 1 9
 0.346410 -0.063980 1 10
 0.346410 -0.054226 1 11
 0.346410 -0.032737 1 12
 0.346410 -0.012919 1 13
 0.346410 -0.008584 1 14
 0.346410  0.083654 1 15
 0.346410  0.087316 1 16
 0.368061 -0.498235 1 1
 0.368061 -0.470024 1 2
 0.368061 -0.395834 1 3
 0.368061 -0.355523 1 4
 0.368061 -0.338110 1 5
 0.368061 -0.327431 1 6
 0.368061 -0.143489 1 7
 0.368061 -0.102887 1 8
 0.368061 -0.094521 1 9
 0.368061 -0.064841 1 10
 0.368061 -0.053567 1 11
 0.368061 -0.032626 1 12
 0.368061 -0.012344 1 13
 0.368061 -0.006307 1 14
 0.368061  0.080038 1 15
 0.368061  0.083461 1 16
 0.389711 -0.501507 1 1
 0.389711 -0.457595 1 2
 0.389711 -0.399103 1 3
 0.389711 -0.355609 1 4
 0.389711 -0.332891 1 5
 0.389711 -0.325597 1 6
 0.389711 -0.140662 1 7
 0.389711 -0.104600 1 8
 0.389711 -0.096031 1 9
 0.389711 -0.065598 1 10
 0.389711 -0.053365 1 11
 0.389711 -0.032673 1 12
 0.389711 -0.011808 1 13
 0.389711 -0.004259 1 14
 0.389711  0.076916 1 15
 0.389711  0.079948 1 16
 0.411362 -0.505392 1 1
 0.411362 -0.444744 1 2
 0.411362 -0.401526 1 3
 0.411362 -0.356553 1 4
 0.411362 -0.327403 1 5
 0.411362 -0.322480 1 6
 0.411362 -0.138159 1 7
 0.411362 -0.106381 1 8
 0.411362 -0.097590 1 9
 0.411362 -0.066200 1 10
 0.411362 -0.053565 1 11
 0.411362 -0.032887 1 12
 0.411362 -0.011458 1 13
 0.411362 -0.002756 1 14
 0.411362  0.074522 1 15
 0.411362  0.076947 1 16
 0.433013 -0.509841 1 1
 0.433013 -0.431522 1 2
 0.433013 -0.403117 1 3
 0.433013 -0.358064 1 4
 0.433013 -0.321678 1 5
 0.433013 -0.318376 1 6
 0.433013 -0.136001 1 7
 0.433013 -0.108213 1 8
 0.433013 -0.099193 1 9
 0.433013 -0.066603 1 10
 0.433013 -0.054114 1 11
 0.433013 -0.033280 1 12
 0.433013 -0.011447 1 13
 0.433013 -0.002095 1 14
 0.433013  0.073083 1 15
 0.433013  0.074634 1 16
 0.454663 -0.514771 1 1
 0.454663 -0.418030 1 2
 0.454663 -0.403884 1 3
 0.454663 -0.359897 1 4
 0.454663 -0.315738 1 5
 0.454663 -0.313552 1 6
 0.454663 -0.134202 1 7
 0.454663 -0.110076 1 8
 0.454663 -0.100835 1 9
 0.454663 -0.066773 1 10
 0.454663 -0.054968 1 11
 0.454663 -0.033875 1 12
 0.454663 -0.011905 1 13
 0.454663 -0.002489 1 14
 0.454663  0.072759 1 15
 0.454663  0.073172 1 16
 0.476314 -0.520072 1 1
 0.476314 -0.405997 1 2
 0.476314 -0.402244 1 3
 0.476314 -0.361901 1 4
 0.476314 -0.309598 1 5
 0.476314 -0.308192 1 6
 0.476314 -0.132768 1 7
 0.476314 -0.111952 1 8
 0.476314 -0.102512 1 9
 0.476314 -0.066693 1 10
 0.476314 -0.056099 1 11
 0.476314 -0.034718 1 12
 0.476314 -0.012902 1 13
 0.476314 -0.003998 1 14
 0.476314  0.072680 1 15
 0.476314  0.073586 1 16
 0.497965 -0.525623 1 1
 0.497965 -0.404349 1 2
 0.497965 -0.389431 1 3
 0.497965 -0.363994 1 4
 0.497965 -0.303270 1 5
 0.497965 -0.302417 1 6
 0.497965 -0.131695 1 7
 0.497965 -0.113823 1 8
 0.497965 -0.104216 1 9
 0.497965 -0.066366 1 10
 0.497965 -0.057496 1 11
 0.497965 -0.035879 1 12
 0.497965 -0.014415 1 13
 0.497965 -0.006531 1 14
 0.497965  0.073205 1 15
 0.497965  0.075461 1 16
 0.519615 -0.531302 1 1
 0.519615 -0.403546 1 2
 0.519615 -0.375154 1 3
 0.519615 -0.366135 1 4
 0.519615 -0.296758 1 5
 0.519615 -0.296308 1 6
 0.519615 -0.130967 1 7
 0.519615 -0.115672 1 8
 0.519615 -0.105941 1 9
 0.519615 -0.065826 1 10
 0.519615 -0.059170 1 11
 0.519615 -0.037457 1 12
 0.519615 -0.016313 1 13
 0.519615 -0.009881 1 14
 0.519615  0.074715 1 15
 0.519615  0.078194 1 16
 0.541266 -0.536996 1 1
 0.541266 -0.402503 1 2
 0.541266 -0.368304 1 3
 0.541266 -0.360663 1 4
 0.541266 -0.290065 1 5
 0.541266 -0.289919 1 6
 0.541266 -0.130558 1 7
 0.541266 -0.117483 1 8
 0.541266 -0.107681 1 9
 0.541266 -0.065151 1 10
 0.541266 -0.061150 1 11
 0.541266 -0.039555 1 12
 0.541266 -0.018375 1 13
 0.541266 -0.013798 1 14
 0.541266  0.077112 1 15
 0.541266  0.081565 1 16
 0.562917 -0.542604 1 1
 0.562917 -0.401251 1 2
 0.562917 -0.370480 1 3
 0.562917 -0.346085 1 4
 0.562917 -0.283291 1 5
 0.562917 -0.283196 1 6
 0.562917 -0.130434 1 7
 0.562917 -0.119243 1 8
 0.562917 -0.109434 1 9
 0.562917 -0.064486 1 10
 0.562917 -0.063487 1 11
 0.562917 -0.042214 1 12
 0.562917 -0.020356 1 13
 0.562917 -0.018028 1 14
 0.562917  0.080250 1 15
 0.562917  0.085366 1 16
 0.584567 -0.548045 1 1
 0.584567 -0.399855 1 2
 0.584567 -0.372643 1 3
 0.584567 -0.331511 1 4
 0.584567 -0.276458 1 5
 0.584567 -0.276159 1 6
 0.584567 -0.130553 1 7
 0.584567 -0.120943 1 8
 0.584567 -0.111203 1 9
 0.584567 -0.066250 1 10
 0.584567 -0.064106 1 11
 0.584567 -0.045282 1 12
 0.584567 -0.022334 1 13
 0.584567 -0.022067 1 14
 0.584567  0.083965 1 15
 0.584567  0.089425 1 16
 0.606218 -0.553254 1 1
 0.606218 -0.398370 1 2
 0.606218 -0.374762 1 3
 0.606218 -0.317033 1 4
 0.606218 -0.269451 1 5
 0.606218 -0.268969 1 6
 0.606218 -0.130868 1 7
 0.606218 -0.122577 1 8
 0.606218 -0.112998 1 9
 0.606218 -0.069516 1 10
 0.606218 -0.064542 1 11
 0.606218 -0.048258 1 12
 0.606218 -0.026510 1 13
 0.606218 -0.023424 1 14
 0.606218  0.088094 1 15
 0.606218  0.093601 1 16
 0.627868 -0.558180 1 1
 0.627868 -0.396849 1 2
 0.627868 -0.376799 1 3
 0.627868 -0.302748 1 4
 0.627868 -0.262305 1 5
 0.627868 -0.261654 1 6
 0.627868 -0.131335 1 7
 0.627868 -0.124145 1 8
 0.627868 -0.114836 1 9
 0.627868 -0.073348 1 10
 0.627868 -0.066563 1 11
 0.627868 -0.050317 1 12
 0.627868 -0.030383 1 13
 0.627868 -0.024430 1 14
 0.627868  0.092477 1 15
 0.627868  0.097779 1 16
 0.649519 -0.562789 1 1
 0.649519 -0.395334 1 2
 0.649519 -0.378713 1 3
 0.649519 -0.288765 1 4
 0.649519 -0.255060 1 5
 0.649519 -0.254250 1 6
 0.649519 -0.131907 1 7
 0.649519 -0.125650 1 8
 0.649519 -0.116741 1 9
 0.649519 -0.077771 1 10
 0.649519 -0.070497 1 11
 0.649519 -0.051040 1 12
 0.649519 -0.033832 1 13
 0.649519 -0.025127 1 14
 0.649519  0.096967 1 15
 0.649519  0.101867 1 16
 0.671170 -0.567055 1 1
 0.671170 -0.393866 1 2
 0.671170 -0.380463 1 3
 0.671170 -0.275201 1 4
 0.671170 -0.247766 1 5
 0.671170 -0.246812 1 6
 0.671170 -0.132546 1 7
 0.671170 -0.127103 1 8
 0.671170 -0.118737 1 9
 0.671170 -0.082747 1 10
 0.671170 -0.075841 1 11
 0.671170 -0.050830 1 12
 0.671170 -0.036797 1 13
 0.671170 -0.025560 1 14
 0.671170  0.101433 1 15
 0.671170  0.105785 1 16
 0.692820 -0.570957 1 1
 0.692820 -0.392479 1 2
 0.692820 -0.382013 1 3
 0.692820 -0.262182 1 4
 0.692820 -0.240485 1 5
 0.692820 -0.239408 1 6
 0.692820 -0.133222 1 7
 0.692820 -0.128520 1 8
 0.692820 -0.120850 1 9
 0.692820 -0.088170 1 10
 0.692820 -0.081962 1 11
 0.692820 -0.050205 1 12
 0.692820 -0.039274 1 13
 0.692820 -0.025774 1 14
 0.692820  0.105752 1 15
 0.692820  0.109465 1 16
 0.714471 -0.574478 1 1
 0.714471 -0.391204 1 2
 0.714471 -0.383339 1 3
 0.714471 -0.249846 1 4
 0.714471 -0.233294 1 5
 0.714471 -0.232124 1 6
 0.714471 -0.133915 1 7
 0.714471 -0.129929 1 8
 0.714471 -0.123091 1 9
 0.714471 -0.093867 1 10
 0.714471 -0.088435 1 11
 0.714471 -0.049465 1 12
 0.714471 -0.041299 1 13
 0.714471 -0.025807 1 14
 0.714471  0.109818 1 15
 0.714471  0.112848 1 16
 0.736122 -0.577600 1 1
 0.736122 -0.390065 1 2
 0.736122 -0.384428 1 3
 0.736122 -0.238346 1 4
 0.736122 -0.226291 1 5
 0.736122 -0.225067 1 6
 0.736122 -0.134624 1 7
 0.736122 -0.131370 1 8
 0.736122 -0.125450 1 9
 0.736122 -0.099612 1 10
 0.736122 -0.094956 1 11
 0.736122 -0.048756 1 12
 0.736122 -0.042926 1 13
 0.736122 -0.025703 1 14
 0.736122  0.113535 1 15
 0.736122  0.115881 1 16
 0.757772 -0.580301 1 1
 0.757772 -0.389081 1 2
 0.757772 -0.385283 1 3
 0.757772 -0.227855 1 4
 0.757772 -0.219604 1 5
 0.757772 -0.218374 1 6
 0.757772 -0.135375 1 7
 0.757772 -0.132900 1 8
 0.757772 -0.127869 1 9
 0.757772 -0.105123 1 10
 0.757772 -0.101264 1 11
 0.757772 -0.048143 1 12
 0.757772 -0.044210 1 13
 0.757772 -0.025504 1 14
 0.757772  0.116820 1 15
 0.757772  0.118521 1 16
 0.779423 -0.582559 1 1
 0.779423 -0.388266 1 2
 0.779423 -0.385919 1 3
 0.779423 -0.218580 1 4
 0.779423 -0.213410 1 5
 0.779423 -0.212228 1 6
 0.779423 -0.136237 1 7
 0.779423 -0.134577 1 8
 0.779423 -0.130205 1 9
 0.779423 -0.110080 1 10
 0.779423 -0.107089 1 11
 0.779423 -0.047650 1 12
 0.779423 -0.045199 1 13
 0.779423 -0.025257 1 14
 0.779423  0.119604 1 15
 0.779423  0.120730 1 16
 0.801073 -0.584347 1 1
 0.801073 -0.387626 1 2
 0.801073 -0.386359 1 3
 0.801073 -0.210779 1 4
 0.801073 -0.207952 1 5
 0.801073 -0.206869 1 6
 0.801073 -0.137316 1 7
 0.801073 -0.136401 1 8
 0.801073 -0.132207 1 9
 0.801073 -0.114153 1 10
 0.801073 -0.112130 1 11
 0.801073 -0.047280 1 12
 0.801073 -0.045932 1 13
 0.801073 -0.025009 1 14
 0.801073  0.121829 1 15
 0.801073  0.122479 1 16
 0.822724 -0.585644 1 1
 0.822724 -0.387165 1 2
 0.822724 -0.386632 1 3
 0.822724 -0.204777 1 4
 0.822724 -0.203567 1 5
 0.822724 -0.202610 1 6
 0.822724 -0.138597 1 7
 0.822724 -0.138211 1 8
 0.822724 -0.133627 1 9
 0.822724 -0.117100 1 10
 0.822724 -0.116058 1 11
 0.822724 -0.047027 1 12
 0.822724 -0.046437 1 13
 0.822724 -0.024799 1 14
 0.822724  0.123450 1 15
 0.822724  0.123744 1 16
 0.844375 -0.586427 1 1
 0.844375 -0.386883 1 2
 0.844375 -0.386765 1 3
 0.844375 -0.200957 1 4
 0.844375 -0.200670 1 5
 0.844375 -0.199815 1 6
 0.844375 -0.139710 1 7
 0.844375 -0.139616 1 8
 0.844375 -0.134434 1 9
 0.844375 -0.118844 1 10
 0.844375 -0.118561 1 11
 0.844375 -0.046879 1 12
 0.844375 -0.046733 1 13
 0.844375 -0.024659 1 14
 0.844375  0.124436 1 15
 0.844375  0.124510 1 16
 0.866025 -0.586686 1 1
 0.866025 -0.386780 1 2
 0.866025 -0.386780 1 3
 0.866025 -0.199649 1 4
 0.866025 -0.199649 1 5
 0.866025 -0.198825 1 6
 0.866025 -0.140155 1 7
 0.866025 -0.140155 1 8
 0.866025 -0.134697 1 9
 0.866025 -0.119425 1 10
 0.866025 -0.119425 1 11
 0.866025 -0.046831 1 12
 0.866025 -0.046831 1 13
 0.866025 -0.024609 1 14
 0.866025  0.124767 1 15
 0.866025  0.124767 1 16
 0.866025 -0.586686 1 1
 0.866025 -0.386780 1 2
 0.866025 -0.386780 1 3
 0.866025 -0.199649 1 4
 0.866025 -0.199649 1 5
 0.866025 -0.198825 1 6
 0.866025 -0.140155 1 7
 0.866025 -0.140155 1 8
 0.866025 -0.134697 1 9
 0.866025 -0.119425 1 10
 0.866025 -0.119425 1 11
 0.866025 -0.046831 1 12
 0.866025 -0.046831 1 13
 0.866025 -0.024609 1 14
 0.866025  0.124767 1 15
 0.866025  0.124767 1 16
 0.886754 -0.586476 1 1
 0.886754 -0.386905 1 2
 0.886754 -0.386738 1 3
 0.886754 -0.201336 1 4
 0.886754 -0.200265 1 5
 0.886754 -0.199569 1 6
 0.886754 -0.139725 1 7
 0.886754 -0.139612 1 8
 0.886754 -0.134479 1 9
 0.886754 -0.119330 1 10
 0.886754 -0.118276 1 11
 0.886754 -0.046813 1 12
 0.886754 -0.046789 1 13
 0.886754 -0.024640 1 14
 0.886754  0.124320 1 15
 0.886754  0.124670 1 16
 0.907483 -0.585843 1 1
 0.907483 -0.387222 1 2
 0.907483 -0.386610 1 3
 0.907483 -0.206325 1 4
 0.907483 -0.202046 1 5
 0.907483 -0.201455 1 6
 0.907483 -0.138792 1 7
 0.907483 -0.138062 1 8
 0.907483 -0.133690 1 9
 0.907483 -0.119043 1 10
 0.907483 -0.115048 1 11
 0.907483 -0.046757 1 12
 0.907483 -0.046662 1 13
 0.907483 -0.024732 1 14
 0.907483  0.122990 1 15
 0.907483  0.124380 1 16
 0.928212 -0.584789 1 1
 0.928212 -0.387723 1 2
 0.928212 -0.386403 1 3
 0.928212 -0.213820 1 4
 0.928212 -0.204816 1 5
 0.928212 -0.204361 1 6
 0.928212 -0.138017 1 7
 0.928212 -0.135709 1 8
 0.928212 -0.132085 1 9
 0.928212 -0.118542 1 10
 0.928212 -0.110252 1 11
 0.928212 -0.046650 1 12
 0.928212 -0.046444 1 13
 0.928212 -0.024878 1 14
 0.928212  0.120803 1 15
 0.928212  0.123901 1 16
 0.948941 -0.583319 1 1
 0.948941 -0.388395 1 2
 0.948941 -0.386123 1 3
 0.948941 -0.223074 1 4
 0.948941 -0.208364 1 5
 0.948941 -0.208121 1 6
 0.948941 -0.137636 1 7
 0.948941 -0.132819 1 8
 0.948941 -0.129743 1 9
 0.948941 -0.117784 1 10
 0.948941 -0.104492 1 11
 0.948941 -0.046473 1 12
 0.948941 -0.046129 1 13
 0.948941 -0.025070 1 14
 0.948941  0.117807 1 15
 0.948941  0.123239 1 16
 0.969670 -0.581442 1 1
 0.969670 -0.389222 1 2
 0.969670 -0.385780 1 3
 0.969670 -0.233560 1 4
 0.969670 -0.212554 1 5
 0.969670 -0.212496 1 6
 0.969670 -0.137524 1 7
 0.969670 -0.129680 1 8
 0.969670 -0.126989 1 9
 0.969670 -0.116688 1 10
 0.969670 -0.098291 1 11
 0.969670 -0.046196 1 12
 0.969670 -0.045707 1 13
 0.969670 -0.025298 1 14
 0.969670  0.114065 1 15
 0.969670  0.122402 1 16
 0.990399 -0.579168 1 1
 0.990399 -0.390189 1 2
 0.990399 -0.385381 1 3
 0.990399 -0.244932 1 4
 0.990399 -0.217505 1 5
 0.990399 -0.217055 1 6
 0.990399 -0.137561 1 7
 0.990399 -0.126594 1 8
 0.990399 -0.124072 1 9
 0.990399 -0.115131 1 10
 0.990399 -0.092043 1 11
 0.990399 -0.045780 1 12
 0.990399 -0.045164 1 13
 0.990399 -0.025543 1 14
 0.990399  0.109663 1 15
 0.990399  0.121401 1 16
 1.011128 -0.576510 1 1
 1.011128 -0.391283 1 2
 1.011128 -0.384938 1 3
 1.011128 -0.256947 1 4
 1.011128 -0.222854 1 5
 1.011128 -0.221918 1 6
 1.011128 -0.137688 1 7
 1.011128 -0.123838 1 8
 1.011128 -0.121138 1 9
 1.011128 -0.112977 1 10
 1.011128 -0.086047 1 11
 1.011128 -0.045174 1 12
 1.011128 -0.044486 1 13
 1.011128 -0.025783 1 14
 1.011128  0.104701 1 15
 1.011128  0.120247 1 16
 1.031857 -0.573484 1 1
 1.031857 -0.392494 1 2
 1.031857 -0.384457 1 3
 1.031857 -0.269431 1 4
 1.031857 -0.228508 1 5
 1.031857 -0.226996 1 6
 1.031857 -0.137879 1 7
 1.031857 -0.121558 1 8
 1.031857 -0.118277 1 9
 1.031857 -0.110195 1 10
 1.031857 -0.080540 1 11
 1.031857 -0.044323 1 12
 1.031857 -0.043660 1 13
 1.031857 -0.025986 1 14
 1.031857  0.099303 1 15
 1.031857  0.118953 1 16
 1.052586 -0.570109 1 1
 1.052586 -0.393818 1 2
 1.052586 -0.383945 1 3
 1.052586 -0.282240 1 4
 1.052586 -0.234398 1 5
 1.052586 -0.232218 1 6
 1.052586 -0.138119 1 7
 1.052586 -0.119695 1 8
 1.052586 -0.115541 1 9
 1.052586 -0.106935 1 10
 1.052586 -0.075715 1 11
 1.052586 -0.043190 1 12
 1.052586 -0.042670 1 13
 1.052586 -0.026106 1 14
 1.052586  0.093608 1 15
 1.052586  0.117531 1 16
 1.073314 -0.566404 1 1
 1.073314 -0.395259 1 2
 1.073314 -0.383405 1 3
 1.073314 -0.295253 1 4
 1.073314 -0.240472 1 5
 1.073314 -0.237529 1 6
 1.073314 -0.138403 1 7
 1.073314 -0.118099 1 8
 1.073314 -0.112956 1 9
 1.073314 -0.103421 1 10
 1.073314 -0.071709 1 11
 1.073314 -0.041786 1 12
 1.073314 -0.041505 1 13
 1.073314 -0.026081 1 14
 1.073314  0.087775 1 15
 1.073314  0.115995 1 16
 1.094043 -0.562392 1 1
 1.094043 -0.396828 1 2
 1.094043 -0.382837 1 3
 1.094043 -0.308361 1 4
 1.094043 -0.246686 1 5
 1.094043 -0.242885 1 6
 1.094043 -0.138725 1 7
 1.094043 -0.116646 1 8
 1.094043 -0.110530 1 9
 1.094043 -0.099840 1 10
 1.094043 -0.068572 1 11
 1.094043 -0.040224 1 12
 1.094043 -0.040155 1 13
 1.094043 -0.025825 1 14
 1.094043  0.081974 1 15
 1.094043  0.114357 1 16
 1.114772 -0.558093 1 1
 1.114772 -0.398543 1 2
 1.114772 -0.382240 1 3
 1.114772 -0.321460 1 4
 1.114772 -0.253006 1 5
 1.114772 -0.248246 1 6
 1.114772 -0.139083 1 7
 1.114772 -0.115260 1 8
 1.114772 -0.108256 1 9
 1.114772 -0.096313 1 10
 1.114772 -0.066256 1 11
 1.114772 -0.038716 1 12
 1.114772 -0.038619 1 13
 1.114772 -0.025250 1 14
 1.114772  0.076392 1 15
 1.114772  0.112631 1 16
 1.135501 -0.553530 1 1
 1.135501 -0.400432 1 2
 1.135501 -0.381612 1 3
 1.135501 -0.334456 1 4
 1.135501 -0.259400 1 5
 1.135501 -0.253581 1 6
 1.135501 -0.139471 1 7
 1.135501 -0.113904 1 8
 1.135501 -0.106117 1 9
 1.135501 -0.092910 1 10
 1.135501 -0.064638 1 11
 1.135501 -0.037500 1 12
 1.135501 -0.036903 1 13
 1.135501 -0.024320 1 14
 1.135501  0.071216 1 15
 1.135501  0.110829 1 16
 1.156230 -0.548726 1 1
 1.156230 -0.402526 1 2
 1.156230 -0.380949 1 3
 1.156230 -0.347260 1 4
 1.156230 -0.265839 1 5
 1.156230 -0.258859 1 6
 1.156230 -0.139887 1 7
 1.156230 -0.112562 1 8
 1.156230 -0.104088 1 9
 1.156230 -0.089669 1 10
 1.156230 -0.063575 1 11
 1.156230 -0.036713 1 12
 1.156230 -0.035021 1 13
 1.156230 -0.023117 1 14
 1.156230  0.066634 1 15
 1.156230  0.108962 1 16
 1.176959 -0.543704 1 1
 1.176959 -0.404860 1 2
 1.176959 -0.380250 1 3
 1.176959 -0.359788 1 4
 1.176959 -0.272294 1 5
 1.176959 -0.264056 1 6
 1.176959 -0.140325 1 7
 1.176959 -0.111228 1 8
 1.176959 -0.102141 1 9
 1.176959 -0.086598 1 10
 1.176959 -0.062943 1 11
 1.176959 -0.036353 1 12
 1.176959 -0.032996 1 13
 1.176959 -0.021833 1 14
 1.176959  0.062809 1 15
 1.176959  0.107040 1 16
 1.197688 -0.538490 1 1
 1.197688 -0.407472 1 2
 1.197688 -0.379514 1 3
 1.197688 -0.371964 1 4
 1.197688 -0.278735 1 5
 1.197688 -0.269146 1 6
 1.197688 -0.140779 1 7
 1.197688 -0.109904 1 8
 1.197688 -0.100247 1 9
 1.197688 -0.083690 1 10
 1.197688 -0.062646 1 11
 1.197688 -0.036356 1 12
 1.197688 -0.030862 1 13
 1.197688 -0.020664 1 14
 1.197688  0.059867 1 15
 1.197688  0.105075 1 16
 1.218417 -0.533110 1 1
 1.218417 -0.410406 1 2
 1.218417 -0.383706 1 3
 1.218417 -0.378743 1 4
 1.218417 -0.285134 1 5
 1.218417 -0.274111 1 6
 1.218417 -0.141241 1 7
 1.218417 -0.108596 1 8
 1.218417 -0.098379 1 9
 1.218417 -0.080924 1 10
 1.218417 -0.062621 1 11
 1.218417 -0.036668 1 12
 1.218417 -0.028655 1 13
 1.218417 -0.019720 1 14
 1.218417  0.057868 1 15
 1.218417  0.103077 1 16
 1.239146 -0.527598 1 1
 1.239146 -0.413730 1 2
 1.239146 -0.394909 1 3
 1.239146 -0.377943 1 4
 1.239146 -0.291461 1 5
 1.239146 -0.278929 1 6
 1.239146 -0.141706 1 7
 1.239146 -0.107309 1 8
 1.239146 -0.096511 1 9
 1.239146 -0.078272 1 10
 1.239146 -0.062821 1 11
 1.239146 -0.037267 1 12
 1.239146 -0.026417 1 13
 1.239146 -0.019004 1 14
 1.239146  0.056800 1 15
 1.239146  0.101054 1 16
 1.259875 -0.521993 1 1
 1.259875 -0.417613 1 2
 1.259875 -0.405366 1 3
 1.259875 -0.377122 1 4
 1.259875 -0.297687 1 5
 1.259875 -0.283586 1 6
 1.259875 -0.142164 1 7
 1.259875 -0.106052 1 8
 1.259875 -0.094628 1 9
 1.259875 -0.075701 1 10
 1.259875 -0.063215 1 11
 1.259875 -0.038144 1 12
 1.259875 -0.024191 1 13
 1.259875 -0.018435 1 14
 1.259875  0.056580 1 15
 1.259875  0.099017 1 16
 1.280604 -0.516343 1 1
 1.280604 -0.422616 1 2
 1.280604 -0.414461 1 3
 1.280604 -0.376292 1 4
 1.280604 -0.303788 1 5
 1.280604 -0.288068 1 6
 1.280604 -0.142610 1 7
 1.280604 -0.104830 1 8
 1.280604 -0.092717 1 9
 1.280604 -0.073179 1 10
 1.280604 -0.063774 1 11
 1.280604 -0.039287 1 12
 1.280604 -0.022017 1 13
 1.280604 -0.017901 1 14
 1.280604  0.057073 1 15
 1.280604  0.096977 1 16
 1.301332 -0.510713 1 1
 1.301332 -0.429723 1 2
 1.301332 -0.421148 1 3
 1.301332 -0.375465 1 4
 1.301332 -0.309740 1 5
 1.301332 -0.292361 1 6
 1.301332 -0.143036 1 7
 1.301332 -0.103649 1 8
 1.301332 -0.090778 1 9
 1.301332 -0.070675 1 10
 1.301332 -0.064474 1 11
 1.301332 -0.040650 1 12
 1.301332 -0.019935 1 13
 1.301332 -0.017302 1 14
 1.301332  0.058123 1 15
 1.301332  0.094945 1 16
 1.322061 -0.505183 1 1
 1.322061 -0.438174 1 2
 1.322061 -0.426096 1 3
 1.322061 -0.374656 1 4
 1.322061 -0.315526 1 5
 1.322061 -0.296459 1 6
 1.322061 -0.143436 1 7
 1.322061 -0.102514 1 8
 1.322061 -0.088822 1 9
 1.322061 -0.068165 1 10
 1.322061 -0.065287 1 11
 1.322061 -0.042160 1 12
 1.322061 -0.017978 1 13
 1.322061 -0.016582 1 14
 1.322061  0.059576 1 15
 1.322061  0.092931 1 16
 1.342790 -0.499864 1 1
 1.342790 -0.446714 1 2
 1.342790 -0.430440 1 3
 1.342790 -0.373875 1 4
 1.342790 -0.321136 1 5
 1.342790 -0.300354 1 6
 1.342790 -0.143806 1 7
 1.342790 -0.101427 1 8
 1.342790 -0.086870 1 9
 1.342790 -0.066180 1 10
 1.342790 -0.065629 1 11
 1.342790 -0.043719 1 12
 1.342790 -0.016178 1 13
 1.342790 -0.015723 1 14
 1.342790  0.061290 1 15
 1.342790  0.090949 1 16
 1.363519 -0.494909 1 1
 1.363519 -0.454918 1 2
 1.363519 -0.434437 1 3
 1.363519 -0.373135 1 4
 1.363519 -0.326562 1 5
 1.363519 -0.304043 1 6
 1.363519 -0.144142 1 7
 1.363519 -0.100391 1 8
 1.363519 -0.084963 1 9
 1.363519 -0.067118 1 10
 1.363519 -0.063055 1 11
 1.363519 -0.045218 1 12
 1.363519 -0.014742 1 13
 1.363519 -0.014560 1 14
 1.363519  0.063148 1 15
 1.363519  0.089011 1 16
 1.384248 -0.490531 1 1
 1.384248 -0.462649 1 2
 1.384248 -0.437985 1 3
 1.384248 -0.372441 1 4
 1.384248 -0.331805 1 5
 1.384248 -0.307527 1 6
 1.384248 -0.144441 1 7
 1.384248 -0.099406 1 8
 1.384248 -0.083163 1 9
 1.384248 -0.068052 1 10
 1.384248 -0.060435 1 11
 1.384248 -0.046547 1 12
 1.384248 -0.013671 1 13
 1.384248 -0.013146 1 14
 1.384248  0.065051 1 15
 1.384248  0.087132 1 16
 1.404977 -0.487043 1 1
 1.404977 -0.469826 1 2
 1.404977 -0.440829 1 3
 1.404977 -0.371795 1 4
 1.404977 -0.336872 1 5
 1.404977 -0.310807 1 6
 1.404977 -0.144701 1 7
 1.404977 -0.098474 1 8
 1.404977 -0.081560 1 9
 1.404977 -0.068922 1 10
 1.404977 -0.057767 1 11
 1.404977 -0.047598 1 12
 1.404977 -0.012552 1 13
 1.404977 -0.011955 1 14
 1.404977  0.066920 1 15
 1.404977  0.085324 1 16
 1.425706 -0.484899 1 1
 1.425706 -0.476297 1 2
 1.425706 -0.442626 1 3
 1.425706 -0.371193 1 4
 1.425706 -0.341774 1 5
 1.425706 -0.313890 1 6
 1.425706 -0.144921 1 7
 1.425706 -0.097595 1 8
 1.425706 -0.080270 1 9
 1.425706 -0.069652 1 10
 1.425706 -0.055055 1 11
 1.425706 -0.048266 1 12
 1.425706 -0.011428 1 13
 1.425706 -0.011001 1 14
 1.425706  0.068695 1 15
 1.425706  0.083603 1 16
 1.446435 -0.485246 1 1
 1.446435 -0.481165 1 2
 1.446435 -0.443086 1 3
 1.446435 -0.370629 1 4
 1.446435 -0.346525 1 5
 1.446435 -0.316782 1 6
 1.446435 -0.145102 1 7
 1.446435 -0.096770 1 8
 1.446435 -0.079421 1 9
 1.446435 -0.070163 1 10
 1.446435 -0.052307 1 11
 1.446435 -0.048460 1 12
 1.446435 -0.010338 1 13
 1.446435 -0.010293 1 14
 1.446435  0.070330 1 15
 1.446435  0.081981 1 16
 1.467164 -0.489354 1 1
 1.467164 -0.483162 1 2
 1.467164 -0.442161 1 3
 1.467164 -0.370091 1 4
 1.467164 -0.351145 1 5
 1.467164 -0.319492 1 6
 1.467164 -0.145245 1 7
 1.467164 -0.095999 1 8
 1.467164 -0.079083 1 9
 1.467164 -0.070421 1 10
 1.467164 -0.049534 1 11
 1.467164 -0.048118 1 12
 1.467164 -0.009840 1 13
 1.467164 -0.009322 1 14
 1.467164  0.071789 1 15
 1.467164  0.080471 1 16
 1.487893 -0.494101 1 1
 1.487893 -0.485112 1 2
 1.487893 -0.440094 1 3
 1.487893 -0.369565 1 4
 1.487893 -0.355651 1 5
 1.487893 -0.322029 1 6
 1.487893 -0.145352 1 7
 1.487893 -0.095285 1 8
 1.487893 -0.079208 1 9
 1.487893 -0.070480 1 10
 1.487893 -0.047225 1 11
 1.487893 -0.046749 1 12
 1.487893 -0.009643 1 13
 1.487893 -0.008411 1 14
 1.487893  0.073054 1 15
 1.487893  0.079082 1 16
 1.508621 -0.498433 1 1
 1.508621 -0.487649 1 2
 1.508621 -0.437256 1 3
 1.508621 -0.369038 1 4
 1.508621 -0.360062 1 5
 1.508621 -0.324399 1 6
 1.508621 -0.145426 1 7
 1.508621 -0.094629 1 8
 1.508621 -0.079657 1 9
 1.508621 -0.070446 1 10
 1.508621 -0.045824 1 11
 1.508621 -0.043968 1 12
 1.508621 -0.009703 1 13
 1.508621 -0.007633 1 14
 1.508621  0.074115 1 15
 1.508621  0.077823 1 16
 1.529350 -0.502208 1 1
 1.529350 -0.490539 1 2
 1.529350 -0.433964 1 3
 1.529350 -0.368501 1 4
 1.529350 -0.364393 1 5
 1.529350 -0.326606 1 6
 1.529350 -0.145471 1 7
 1.529350 -0.094033 1 8
 1.529350 -0.080282 1 9
 1.529350 -0.070400 1 10
 1.529350 -0.044012 1 11
 1.529350 -0.041207 1 12
 1.529350 -0.010014 1 13
 1.529350 -0.007008 1 14
 1.529350  0.074972 1 15
 1.529350  0.076700 1 16
 1.550079 -0.505393 1 1
 1.550079 -0.493550 1 2
 1.550079 -0.430437 1 3
 1.550079 -0.368654 1 4
 1.550079 -0.367949 1 5
 1.550079 -0.328646 1 6
 1.550079 -0.145492 1 7
 1.550079 -0.093500 1 8
 1.550079 -0.080975 1 9
 1.550079 -0.070372 1 10
 1.550079 -0.041913 1 11
 1.550079 -0.038483 1 12
 1.550079 -0.010569 1 13
 1.550079 -0.006549 1 14
 1.550079  0.075636 1 15
 1.550079  0.075716 1 16
 1.570808 -0.507982 1 1
 1.570808 -0.496514 1 2
 1.570808 -0.426807 1 3
 1.570808 -0.372843 1 4
 1.570808 -0.367385 1 5
 1.570808 -0.330511 1 6
 1.570808 -0.145494 1 7
 1.570808 -0.093032 1 8
 1.570808 -0.081663 1 9
 1.570808 -0.070365 1 10
 1.570808 -0.039664 1 11
 1.570808 -0.035816 1 12
 1.570808 -0.011354 1 13
 1.570808 -0.006259 1 14
 1.570808  0.074871 1 15
 1.570808  0.076127 1 16
 1.591537 -0.509986 1 1
 1.591537 -0.499312 1 2
 1.591537 -0.423161 1 3
 1.591537 -0.376943 1 4
 1.591537 -0.366822 1 5
 1.591537 -0.332181 1 6
 1.591537 -0.145482 1 7
 1.591537 -0.092631 1 8
 1.591537 -0.082300 1 9
 1.591537 -0.070369 1 10
 1.591537 -0.037404 1 11
 1.591537 -0.033227 1 12
 1.591537 -0.012352 1 13
 1.591537 -0.006130 1 14
 1.591537  0.074165 1 15
 1.591537  0.076469 1 16
 1.612266 -0.511430 1 1
 1.612266 -0.501848 1 2
 1.612266 -0.419572 1 3
 1.612266 -0.380911 1 4
 1.612266 -0.366283 1 5
 1.612266 -0.333630 1 6
 1.612266 -0.145463 1 7
 1.612266 -0.092300 1 8
 1.612266 -0.082855 1 9
 1.612266 -0.070375 1 10
 1.612266 -0.035271 1 11
 1.612266 -0.030741 1 12
 1.612266 -0.013538 1 13
 1.612266 -0.006139 1 14
 1.612266  0.073594 1 15
 1.612266  0.076691 1 16
 1.632995 -0.512364 1 1
 1.632995 -0.504038 1 2
 1.632995 -0.416139 1 3
 1.632995 -0.384651 1 4
 1.632995 -0.365802 1 5
 1.632995 -0.334821 1 6
 1.632995 -0.145442 1 7
 1.632995 -0.092041 1 8
 1.632995 -0.083305 1 9
 1.632995 -0.070380 1 10
 1.632995 -0.033404 1 11
 1.632995 -0.028397 1 12
 1.632995 -0.014874 1 13
 1.632995 -0.006245 1 14
 1.632995  0.073156 1 15
 1.632995  0.076824 1 16
 1.653724 -0.512864 1 1
 1.653724 -0.505779 1 2
 1.653724 -0.413057 1 3
 1.653724 -0.387966 1 4
 1.653724 -0.365418 1 5
 1.653724 -0.335714 1 6
 1.653724 -0.145423 1 7
 1.653724 -0.091855 1 8
 1.653724 -0.083636 1 9
 1.653724 -0.070382 1 10
 1.653724 -0.031939 1 11
 1.653724 -0.026272 1 12
 1.653724 -0.016280 1 13
 1.653724 -0.006393 1 14
 1.653724  0.072846 1 15
 1.653724  0.076896 1 16
 1.674453 -0.513056 1 1
 1.674453 -0.506936 1 2
 1.674453 -0.410724 1 3
 1.674453 -0.390445 1 4
 1.674453 -0.365169 1 5
 1.674453 -0.336269 1 6
 1.674453 -0.145409 1 7
 1.674453 -0.091743 1 8
 1.674453 -0.083839 1 9
 1.674453 -0.070384 1 10
 1.674453 -0.030998 1 11
 1.674453 -0.024564 1 12
 1.674453 -0.017559 1 13
 1.674453 -0.006518 1 14
 1.674453  0.072661 1 15
 1.674453  0.076929 1 16
 1.695182 -0.513094 1 1
 1.695182 -0.507350 1 2
 1.695182 -0.409808 1 3
 1.695182 -0.391414 1 4
 1.695182 -0.365084 1 5
 1.695182 -0.336458 1 6
 1.695182 -0.145405 1 7
 1.695182 -0.091705 1 8
 1.695182 -0.083907 1 9
 1.695182 -0.070384 1 10
 1.695182 -0.030671 1 11
 1.695182 -0.023818 1 12
 1.695182 -0.018162 1 13
 1.695182 -0.006566 1 14
 1.695182  0.072600 1 15
 1.695182  0.076938 1 16
 1.695182 -0.513094 1 1
 1.695182 -0.507350 1 2
 1.695182 -0.409808 1 3
 1.695182 -0.391414 1 4
 1.695182 -0.365084 1 5
 1.695182 -0.336458 1 6
 1.695182 -0.145405 1 7
 1.695182 -0.091705 1 8
 1.695182 -0.083907 1 9
 1.695182 -0.070384 1 10
 1.695182 -0.030671 1 11
 1.695182 -0.023818 1 12
 1.695182 -0.018162 1 13
 1.695182 -0.006566 1 14
 1.695182  0.072600 1 15
 1.695182  0.076938 1 16
 1.719688 -0.514386 1 1
 1.719688 -0.505892 1 2
 1.719688 -0.409997 1 3
 1.719688 -0.391169 1 4
 1.719688 -0.365281 1 5
 1.719688 -0.336672 1 6
 1.719688 -0.145252 1 7
 1.719688 -0.091719 1 8
 1.719688 -0.083782 1 9
 1.719688 -0.070353 1 10
 1.719688 -0.031131 1 11
 1.719688 -0.024198 1 12
 1.719688 -0.017872 1 13
 1.719688 -0.006594 1 14
 1.719688  0.072636 1 15
 1.719688  0.077331 1 16
 1.744195 -0.516804 1 1
 1.744195 -0.502954 1 2
 1.744195 -0.410467 1 3
 1.744195 -0.390516 1 4
 1.744195 -0.365843 1 5
 1.744195 -0.337320 1 6
 1.744195 -0.144787 1 7
 1.744195 -0.091760 1 8
 1.744195 -0.083425 1 9
 1.744195 -0.070259 1 10
 1.744195 -0.032406 1 11
 1.744195 -0.025249 1 12
 1.744195 -0.017155 1 13
 1.744195 -0.006681 1 14
 1.744195  0.072535 1 15
 1.744195  0.078685 1 16
 1.768702 -0.519371 1 1
 1.768702 -0.499462 1 2
 1.768702 -0.411036 1 3
 1.768702 -0.389642 1 4
 1.768702 -0.366707 1 5
 1.768702 -0.338410 1 6
 1.768702 -0.144007 1 7
 1.768702 -0.091832 1 8
 1.768702 -0.082892 1 9
 1.768702 -0.070111 1 10
 1.768702 -0.034271 1 11
 1.768702 -0.026837 1 12
 1.768702 -0.016258 1 13
 1.768702 -0.006842 1 14
 1.768702  0.072055 1 15
 1.768702  0.081150 1 16
 1.793209 -0.521829 1 1
 1.793209 -0.495615 1 2
 1.793209 -0.411522 1 3
 1.793209 -0.388734 1 4
 1.793209 -0.367787 1 5
 1.793209 -0.339945 1 6
 1.793209 -0.142917 1 7
 1.793209 -0.091939 1 8
 1.793209 -0.082263 1 9
 1.793209 -0.069910 1 10
 1.793209 -0.036517 1 11
 1.793209 -0.028852 1 12
 1.793209 -0.015341 1 13
 1.793209 -0.007089 1 14
 1.793209  0.071196 1 15
 1.793209  0.084594 1 16
 1.817716 -0.524020 1 1
 1.817716 -0.491525 1 2
 1.817716 -0.411799 1 3
 1.817716 -0.387916 1 4
 1.817716 -0.368988 1 5
 1.817716 -0.341925 1 6
 1.817716 -0.141527 1 7
 1.817716 -0.092087 1 8
 1.817716 -0.081629 1 9
 1.817716 -0.069643 1 10
 1.817716 -0.038991 1 11
 1.817716 -0.031181 1 12
 1.817716 -0.014486 1 13
 1.817716 -0.007436 1 14
 1.817716  0.070030 1 15
 1.817716  0.088782 1 16
 1.842223 -0.525811 1 1
 1.842223 -0.487316 1 2
 1.842223 -0.411810 1 3
 1.842223 -0.387221 1 4
 1.842223 -0.370232 1 5
 1.842223 -0.344340 1 6
 1.842223 -0.139860 1 7
 1.842223 -0.092285 1 8
 1.842223 -0.081078 1 9
 1.842223 -0.069280 1 10
 1.842223 -0.041604 1 11
 1.842223 -0.033682 1 12
 1.842223 -0.013740 1 13
 1.842223 -0.007886 1 14
 1.842223  0.068619 1 15
 1.842223  0.093482 1 16
 1.866730 -0.527112 1 1
 1.866730 -0.483127 1 2
 1.866730 -0.411553 1 3
 1.866730 -0.386595 1 4
 1.866730 -0.371471 1 5
 1.866730 -0.347163 1 6
 1.866730 -0.137952 1 7
 1.866730 -0.092539 1 8
 1.866730 -0.080683 1 9
 1.866730 -0.068788 1 10
 1.866730 -0.044303 1 11
 1.866730 -0.036190 1 12
 1.866730 -0.013142 1 13
 1.866730 -0.008427 1 14
 1.866730  0.067015 1 15
 1.866730  0.098471 1 16
 1.891236 -0.527882 1 1
 1.891236 -0.479083 1 2
 1.891236 -0.411066 1 3
 1.891236 -0.385926 1 4
 1.891236 -0.372705 1 5
 1.891236 -0.350362 1 6
 1.891236 -0.135842 1 7
 1.891236 -0.092854 1 8
 1.891236 -0.080481 1 9
 1.891236 -0.068156 1 10
 1.891236 -0.047060 1 11
 1.891236 -0.038531 1 12
 1.891236 -0.012743 1 13
 1.891236 -0.009015 1 14
 1.891236  0.065265 1 15
 1.891236  0.103539 1 16
 1.915743 -0.528146 1 1
 1.915743 -0.475287 1 2
 1.915743 -0.410375 1 3
 1.915743 -0.385103 1 4
 1.915743 -0.373981 1 5
 1.915743 -0.353899 1 6
 1.915743 -0.133568 1 7
 1.915743 -0.093238 1 8
 1.915743 -0.080470 1 9
 1.915743 -0.067411 1 10
 1.915743 -0.049836 1 11
 1.915743 -0.040543 1 12
 1.915743 -0.012642 1 13
 1.915743 -0.009547 1 14
 1.915743  0.063418 1 15
 1.915743  0.108491 1 16
 1.940250 -0.527972 1 1
 1.940250 -0.471812 1 2
 1.940250 -0.409468 1 3
 1.940250 -0.384078 1 4
 1.940250 -0.375369 1 5
 1.940250 -0.357722 1 6
 1.940250 -0.131165 1 7
 1.940250 -0.093696 1 8
 1.940250 -0.080630 1 9
 1.940250 -0.066612 1 10
 1.940250 -0.052572 1 11
 1.940250 -0.042092 1 12
 1.940250 -0.012975 1 13
 1.940250 -0.009867 1 14
 1.940250  0.061530 1 15
 1.940250  0.113138 1 16
 1.964757 -0.527446 1 1
 1.964757 -0.468700 1 2
 1.964757 -0.408287 1 3
 1.964757 -0.382943 1 4
 1.964757 -0.376909 1 5
 1.964757 -0.361753 1 6
 1.964757 -0.128664 1 7
 1.964757 -0.094231 1 8
 1.964757 -0.080938 1 9
 1.964757 -0.065826 1 10
 1.964757 -0.055183 1 11
 1.964757 -0.043090 1 12
 1.964757 -0.013751 1 13
 1.964757 -0.009938 1 14
 1.964757  0.059661 1 15
 1.964757  0.117303 1 16
 1.989264 -0.526648 1 1
 1.989264 -0.465975 1 2
 1.989264 -0.406758 1 3
 1.989264 -0.382177 1 4
 1.989264 -0.378350 1 5
 1.989264 -0.365837 1 6
 1.989264 -0.126103 1 7
 1.989264 -0.094840 1 8
 1.989264 -0.081378 1 9
 1.989264 -0.065101 1 10
 1.989264 -0.057579 1 11
 1.989264 -0.043504 1 12
 1.989264 -0.014820 1 13
 1.989264 -0.009871 1 14
 1.989264  0.057881 1 15
 1.989264  0.120820 1 16
 2.013771 -0.525622 1 1
 2.013771 -0.463655 1 2
 2.013771 -0.404851 1 3
 2.013771 -0.383335 1 4
 2.013771 -0.378459 1 5
 2.013771 -0.369701 1 6
 2.013771 -0.123526 1 7
 2.013771 -0.095519 1 8
 2.013771 -0.081948 1 9
 2.013771 -0.064461 1 10
 2.013771 -0.059658 1 11
 2.013771 -0.043371 1 12
 2.013771 -0.016050 1 13
 2.013771 -0.009758 1 14
 2.013771  0.056256 1 15
 2.013771  0.123542 1 16
 2.038278 -0.524366 1 1
 2.038278 -0.461771 1 2
 2.038278 -0.402629 1 3
 2.038278 -0.386531 1 4
 2.038278 -0.377435 1 5
 2.038278 -0.372957 1 6
 2.038278 -0.120994 1 7
 2.038278 -0.096257 1 8
 2.038278 -0.082642 1 9
 2.038278 -0.063984 1 10
 2.038278 -0.061247 1 11
 2.038278 -0.042780 1 12
 2.038278 -0.017351 1 13
 2.038278 -0.009641 1 14
 2.038278  0.054853 1 15
 2.038278  0.125343 1 16
 2.062784 -0.522852 1 1
 2.062784 -0.460382 1 2
 2.062784 -0.400316 1 3
 2.062784 -0.390785 1 4
 2.062784 -0.376412 1 5
 2.062784 -0.375131 1 6
 2.062784 -0.118589 1 7
 2.062784 -0.097050 1 8
 2.062784 -0.083449 1 9
 2.062784 -0.064067 1 10
 2.062784 -0.061873 1 11
 2.062784 -0.041843 1 12
 2.062784 -0.018662 1 13
 2.062784 -0.009539 1 14
 2.062784  0.053738 1 15
 2.062784  0.126131 1 16
 2.087291 -0.521050 1 1
 2.087291 -0.459584 1 2
 2.087291 -0.399132 1 3
 2.087291 -0.394556 1 4
 2.087291 -0.377175 1 5
 2.087291 -0.374589 1 6
 2.087291 -0.116400 1 7
 2.087291 -0.097894 1 8
 2.087291 -0.084342 1 9
 2.087291 -0.064740 1 10
 2.087291 -0.061478 1 11
 2.087291 -0.040668 1 12
 2.087291 -0.019925 1 13
 2.087291 -0.009461 1 14
 2.087291  0.052973 1 15
 2.087291  0.125854 1 16
 2.111798 -0.518973 1 1
 2.111798 -0.459509 1 2
 2.111798 -0.402744 1 3
 2.111798 -0.393834 1 4
 2.111798 -0.377985 1 5
 2.111798 -0.373156 1 6
 2.111798 -0.114528 1 7
 2.111798 -0.098777 1 8
 2.111798 -0.085280 1 9
 2.111798 -0.065354 1 10
 2.111798 -0.060743 1 11
 2.111798 -0.039337 1 12
 2.111798 -0.021091 1 13
 2.111798 -0.009411 1 14
 2.111798  0.052620 1 15
 2.111798  0.124512 1 16
 2.136305 -0.516681 1 1
 2.136305 -0.460305 1 2
 2.136305 -0.407750 1 3
 2.136305 -0.391662 1 4
 2.136305 -0.378286 1 5
 2.136305 -0.371449 1 6
 2.136305 -0.113096 1 7
 2.136305 -0.099643 1 8
 2.136305 -0.086215 1 9
 2.136305 -0.065726 1 10
 2.136305 -0.059928 1 11
 2.136305 -0.037909 1 12
 2.136305 -0.022106 1 13
 2.136305 -0.009385 1 14
 2.136305  0.052732 1 15
 2.136305  0.122153 1 16
 2.160812 -0.514276 1 1
 2.160812 -0.462109 1 2
 2.160812 -0.412324 1 3
 2.160812 -0.389493 1 4
 2.160812 -0.378180 1 5
 2.160812 -0.369440 1 6
 2.160812 -0.112267 1 7
 2.160812 -0.100364 1 8
 2.160812 -0.087107 1 9
 2.160812 -0.065865 1 10
 2.160812 -0.059128 1 11
 2.160812 -0.036430 1 12
 2.160812 -0.022914 1 13
 2.160812 -0.009378 1 14
 2.160812  0.053359 1 15
 2.160812  0.118872 1 16
 2.185319 -0.511886 1 1
 2.185319 -0.464992 1 2
 2.185319 -0.415988 1 3
 2.185319 -0.387472 1 4
 2.185319 -0.377759 1 5
 2.185319 -0.367166 1 6
 2.185319 -0.112235 1 7
 2.185319 -0.100737 1 8
 2.185319 -0.087934 1 9
 2.185319 -0.065821 1 10
 2.185319 -0.058397 1 11
 2.185319 -0.034950 1 12
 2.185319 -0.023446 1 13
 2.185319 -0.009379 1 14
 2.185319  0.054536 1 15
 2.185319  0.114808 1 16
 2.209826 -0.509616 1 1
 2.209826 -0.468916 1 2
 2.209826 -0.418542 1 3
 2.209826 -0.385593 1 4
 2.209826 -0.377069 1 5
 2.209826 -0.364738 1 6
 2.209826 -0.113102 1 7
 2.209826 -0.100612 1 8
 2.209826 -0.088700 1 9
 2.209826 -0.065656 1 10
 2.209826 -0.057764 1 11
 2.209826 -0.033525 1 12
 2.209826 -0.023621 1 13
 2.209826 -0.009380 1 14
 2.209826  0.056277 1 15
 2.209826  0.110121 1 16
 2.234332 -0.507527 1 1
 2.234332 -0.473753 1 2
 2.234332 -0.419974 1 3
 2.234332 -0.383827 1 4
 2.234332 -0.376094 1 5
 2.234332 -0.362293 1 6
 2.234332 -0.114779 1 7
 2.234332 -0.100016 1 8
 2.234332 -0.089418 1 9
 2.234332 -0.065435 1 10
 2.234332 -0.057239 1 11
 2.234332 -0.032220 1 12
 2.234332 -0.023365 1 13
 2.234332 -0.009369 1 14
 2.234332  0.058576 1 15
 2.234332  0.104994 1 16
 2.258839 -0.505626 1 1
 2.258839 -0.479337 1 2
 2.258839 -0.420396 1 3
 2.258839 -0.382179 1 4
 2.258839 -0.374741 1 5
 2.258839 -0.359930 1 6
 2.258839 -0.117085 1 7
 2.258839 -0.099088 1 8
 2.258839 -0.090096 1 9
 2.258839 -0.065219 1 10
 2.258839 -0.056825 1 11
 2.258839 -0.031086 1 12
 2.258839 -0.022646 1 13
 2.258839 -0.009334 1 14
 2.258839  0.061395 1 15
 2.258839  0.099626 1 16
 2.283346 -0.503877 1 1
 2.283346 -0.485526 1 2
 2.283346 -0.419971 1 3
 2.283346 -0.380726 1 4
 2.283346 -0.372834 1 5
 2.283346 -0.357662 1 6
 2.283346 -0.119886 1 7
 2.283346 -0.097973 1 8
 2.283346 -0.090721 1 9
 2.283346 -0.065052 1 10
 2.283346 -0.056526 1 11
 2.283346 -0.030130 1 12
 2.283346 -0.021527 1 13
 2.283346 -0.009261 1 14
 2.283346  0.064674 1 15
 2.283346  0.094228 1 16
 2.307853 -0.502255 1 1
 2.307853 -0.492188 1 2
 2.307853 -0.418874 1 3
 2.307853 -0.379573 1 4
 2.307853 -0.370200 1 5
 2.307853 -0.355419 1 6
 2.307853 -0.123112 1 7
 2.307853 -0.096823 1 8
 2.307853 -0.091229 1 9
 2.307853 -0.064946 1 10
 2.307853 -0.056356 1 11
 2.307853 -0.029324 1 12
 2.307853 -0.020169 1 13
 2.307853 -0.009132 1 14
 2.307853  0.068329 1 15
 2.307853  0.089036 1 16
 2.332360 -0.501088 1 1
 2.332360 -0.498871 1 2
 2.332360 -0.417265 1 3
 2.332360 -0.378751 1 4
 2.332360 -0.366775 1 5
 2.332360 -0.353080 1 6
 2.332360 -0.126736 1 7
 2.332360 -0.095842 1 8
 2.332360 -0.091481 1 9
 2.332360 -0.064883 1 10
 2.332360 -0.056333 1 11
 2.332360 -0.028636 1 12
 2.332360 -0.018789 1 13
 2.332360 -0.008927 1 14
 2.332360  0.072239 1 15
 2.332360  0.084327 1 16
 2.356867 -0.506779 1 1
 2.356867 -0.499054 1 2
 2.356867 -0.415289 1 3
 2.356867 -0.378228 1 4
 2.356867 -0.362622 1 5
 2.356867 -0.350527 1 6
 2.356867 -0.130742 1 7
 2.356867 -0.095289 1 8
 2.356867 -0.091277 1 9
 2.356867 -0.064829 1 10
 2.356867 -0.056466 1 11
 2.356867 -0.028061 1 12
 2.356867 -0.017603 1 13
 2.356867 -0.008635 1 14
 2.356867  0.076053 1 15
 2.356867  0.080617 1 16
 2.381374 -0.514077 1 1
 2.381374 -0.497875 1 2
 2.381374 -0.413073 1 3
 2.381374 -0.377958 1 4
 2.381374 -0.357862 1 5
 2.381374 -0.347691 1 6
 2.381374 -0.135114 1 7
 2.381374 -0.095220 1 8
 2.381374 -0.090611 1 9
 2.381374 -0.064750 1 10
 2.381374 -0.056750 1 11
 2.381374 -0.027611 1 12
 2.381374 -0.016765 1 13
 2.381374 -0.008281 1 14
 2.381374  0.076355 1 15
 2.381374  0.081473 1 16
 2.405880 -0.521264 1 1
 2.405880 -0.496932 1 2
 2.405880 -0.410730 1 3
 2.405880 -0.377913 1 4
 2.405880 -0.352656 1 5
 2.405880 -0.344599 1 6
 2.405880 -0.139811 1 7
 2.405880 -0.095428 1 8
 2.405880 -0.089720 1 9
 2.405880 -0.064630 1 10
 2.405880 -0.057150 1 11
 2.405880 -0.027317 1 12
 2.405880 -0.016317 1 13
 2.405880 -0.007936 1 14
 2.405880  0.074598 1 15
 2.405880  0.085557 1 16
 2.430387 -0.528146 1 1
 2.430387 -0.496297 1 2
 2.430387 -0.408350 1 3
 2.430387 -0.378077 1 4
 2.430387 -0.347169 1 5
 2.430387 -0.341355 1 6
 2.430387 -0.144779 1 7
 2.430387 -0.095747 1 8
 2.430387 -0.088781 1 9
 2.430387 -0.064481 1 10
 2.430387 -0.057618 1 11
 2.430387 -0.027220 1 12
 2.430387 -0.016203 1 13
 2.430387 -0.007681 1 14
 2.430387  0.073864 1 15
 2.430387  0.089834 1 16
 2.454894 -0.534623 1 1
 2.454894 -0.495957 1 2
 2.454894 -0.406002 1 3
 2.454894 -0.378440 1 4
 2.454894 -0.341545 1 5
 2.454894 -0.338085 1 6
 2.454894 -0.149957 1 7
 2.454894 -0.096115 1 8
 2.454894 -0.087859 1 9
 2.454894 -0.064346 1 10
 2.454894 -0.058091 1 11
 2.454894 -0.027370 1 12
 2.454894 -0.016318 1 13
 2.454894 -0.007551 1 14
 2.454894  0.074352 1 15
 2.454894  0.094067 1 16
 2.479401 -0.540675 1 1
 2.479401 -0.495839 1 2
 2.479401 -0.403732 1 3
 2.479401 -0.378987 1 4
 2.479401 -0.335991 1 5
 2.479401 -0.334821 1 6
 2.479401 -0.155274 1 7
 2.479401 -0.096514 1 8
 2.479401 -0.086962 1 9
 2.479401 -0.064303 1 10
 2.479401 -0.058502 1 11
 2.479401 -0.027815 1 12
 2.479401 -0.016543 1 13
 2.479401 -0.007526 1 14
 2.479401  0.076017 1 15
 2.479401  0.098169 1 16
 2.503908 -0.546355 1 1
 2.503908 -0.495832 1 2
 2.503908 -0.401564 1 3
 2.503908 -0.379686 1 4
 2.503908 -0.332216 1 5
 2.503908 -0.329996 1 6
 2.503908 -0.160666 1 7
 2.503908 -0.096938 1 8
 2.503908 -0.086097 1 9
 2.503908 -0.064455 1 10
 2.503908 -0.058780 1 11
 2.503908 -0.028576 1 12
 2.503908 -0.016772 1 13
 2.503908 -0.007558 1 14
 2.503908  0.078731 1 15
 2.503908  0.102078 1 16
 2.528415 -0.551734 1 1
 2.528415 -0.495827 1 2
 2.528415 -0.399501 1 3
 2.528415 -0.380488 1 4
 2.528415 -0.329452 1 5
 2.528415 -0.324430 1 6
 2.528415 -0.166057 1 7
 2.528415 -0.097384 1 8
 2.528415 -0.085279 1 9
 2.528415 -0.064898 1 10
 2.528415 -0.058880 1 11
 2.528415 -0.029622 1 12
 2.528415 -0.016935 1 13
 2.528415 -0.007595 1 14
 2.528415  0.082313 1 15
 2.528415  0.105732 1 16
 2.552922 -0.556857 1 1
 2.552922 -0.495744 1 2
 2.552922 -0.397536 1 3
 2.552922 -0.381330 1 4
 2.552922 -0.326828 1 5
 2.552922 -0.318978 1 6
 2.552922 -0.171363 1 7
 2.552922 -0.097850 1 8
 2.552922 -0.084541 1 9
 2.552922 -0.065660 1 10
 2.552922 -0.058823 1 11
 2.552922 -0.030857 1 12
 2.552922 -0.017013 1 13
 2.552922 -0.007604 1 14
 2.552922  0.086552 1 15
 2.552922  0.109072 1 16
 2.577428 -0.561701 1 1
 2.577428 -0.495545 1 2
 2.577428 -0.395670 1 3
 2.577428 -0.382150 1 4
 2.577428 -0.324193 1 5
 2.577428 -0.313823 1 6
 2.577428 -0.176461 1 7
 2.577428 -0.098338 1 8
 2.577428 -0.083919 1 9
 2.577428 -0.066685 1 10
 2.577428 -0.058688 1 11
 2.577428 -0.032143 1 12
 2.577428 -0.017019 1 13
 2.577428 -0.007572 1 14
 2.577428  0.091216 1 15
 2.577428  0.112042 1 16
 2.601935 -0.566178 1 1
 2.601935 -0.495226 1 2
 2.601935 -0.393919 1 3
 2.601935 -0.382896 1 4
 2.601935 -0.321462 1 5
 2.601935 -0.309179 1 6
 2.601935 -0.181189 1 7
 2.601935 -0.098842 1 8
 2.601935 -0.083443 1 9
 2.601935 -0.067863 1 10
 2.601935 -0.058563 1 11
 2.601935 -0.033344 1 12
 2.601935 -0.016981 1 13
 2.601935 -0.007508 1 14
 2.601935  0.096078 1 15
 2.601935  0.114597 1 16
 2.626442 -0.570153 1 1
 2.626442 -0.494798 1 2
 2.626442 -0.392326 1 3
 2.626442 -0.383534 1 4
 2.626442 -0.318644 1 5
 2.626442 -0.305317 1 6
 2.626442 -0.185345 1 7
 2.626442 -0.099343 1 8
 2.626442 -0.083124 1 9
 2.626442 -0.069062 1 10
 2.626442 -0.058503 1 11
 2.626442 -0.034354 1 12
 2.626442 -0.016921 1 13
 2.626442 -0.007432 1 14
 2.626442  0.100924 1 15
 2.626442  0.116710 1 16
 2.650949 -0.573494 1 1
 2.650949 -0.494275 1 2
 2.650949 -0.390953 1 3
 2.650949 -0.384046 1 4
 2.650949 -0.315840 1 5
 2.650949 -0.302524 1 6
 2.650949 -0.188721 1 7
 2.650949 -0.099800 1 8
 2.650949 -0.082955 1 9
 2.650949 -0.070167 1 10
 2.650949 -0.058524 1 11
 2.650949 -0.035114 1 12
 2.650949 -0.016858 1 13
 2.650949 -0.007373 1 14
 2.650949  0.105549 1 15
 2.650949  0.118385 1 16
 2.675456 -0.576118 1 1
 2.675456 -0.493669 1 2
 2.675456 -0.389863 1 3
 2.675456 -0.384424 1 4
 2.675456 -0.313225 1 5
 2.675456 -0.301062 1 6
 2.675456 -0.191127 1 7
 2.675456 -0.100153 1 8
 2.675456 -0.082908 1 9
 2.675456 -0.071084 1 10
 2.675456 -0.058609 1 11
 2.675456 -0.035607 1 12
 2.675456 -0.016801 1 13
 2.675456 -0.007360 1 14
 2.675456  0.109745 1 15
 2.675456  0.119672 1 16
 2.675456 -0.576118 1 1
 2.675456 -0.493669 1 2
 2.675456 -0.389863 1 3
 2.675456 -0.384424 1 4
 2.675456 -0.313225 1 5
 2.675456 -0.301062 1 6
 2.675456 -0.191127 1 7
 2.675456 -0.100153 1 8
 2.675456 -0.082908 1 9
 2.675456 -0.071084 1 10
 2.675456 -0.058609 1 11
 2.675456 -0.035607 1 12
 2.675456 -0.016801 1 13
 2.675456 -0.007360 1 14
 2.675456  0.109745 1 15
 2.675456  0.119672 1 16
 2.694592 -0.574972 1 1
 2.694592 -0.494443 1 2
 2.694592 -0.389598 1 3
 2.694592 -0.384627 1 4
 2.694592 -0.309262 1 5
 2.694592 -0.299603 1 6
 2.694592 -0.192803 1 7
 2.694592 -0.100988 1 8
 2.694592 -0.083234 1 9
 2.694592 -0.072351 1 10
 2.694592 -0.058253 1 11
 2.694592 -0.034740 1 12
 2.694592 -0.016826 1 13
 2.694592 -0.007560 1 14
 2.694592  0.106638 1 15
 2.694592  0.120621 1 16
 2.713729 -0.573254 1 1
 2.713729 -0.495108 1 2
 2.713729 -0.389116 1 3
 2.713729 -0.384673 1 4
 2.713729 -0.305669 1 5
 2.713729 -0.298276 1 6
 2.713729 -0.194199 1 7
 2.713729 -0.101719 1 8
 2.713729 -0.083651 1 9
 2.713729 -0.073666 1 10
 2.713729 -0.057908 1 11
 2.713729 -0.033908 1 12
 2.713729 -0.016888 1 13
 2.713729 -0.007829 1 14
 2.713729  0.103209 1 15
 2.713729  0.121427 1 16
 2.732866 -0.570988 1 1
 2.732866 -0.495651 1 2
 2.732866 -0.388416 1 3
 2.732866 -0.384566 1 4
 2.732866 -0.302488 1 5
 2.732866 -0.297092 1 6
 2.732866 -0.195271 1 7
 2.732866 -0.102324 1 8
 2.732866 -0.084170 1 9
 2.732866 -0.075042 1 10
 2.732866 -0.057579 1 11
 2.732866 -0.033143 1 12
 2.732866 -0.016987 1 13
 2.732866 -0.008148 1 14
 2.732866  0.099495 1 15
 2.732866  0.122093 1 16
 2.752002 -0.568194 1 1
 2.752002 -0.496059 1 2
 2.752002 -0.387500 1 3
 2.752002 -0.384306 1 4
 2.752002 -0.299770 1 5
 2.752002 -0.296061 1 6
 2.752002 -0.195970 1 7
 2.752002 -0.102786 1 8
 2.752002 -0.084798 1 9
 2.752002 -0.076487 1 10
 2.752002 -0.057273 1 11
 2.752002 -0.032471 1 12
 2.752002 -0.017123 1 13
 2.752002 -0.008503 1 14
 2.752002  0.095525 1 15
 2.752002  0.122619 1 16
 2.771139 -0.564906 1 1
 2.771139 -0.496321 1 2
 2.771139 -0.386370 1 3
 2.771139 -0.383897 1 4
 2.771139 -0.297546 1 5
 2.771139 -0.295186 1 6
 2.771139 -0.196263 1 7
 2.771139 -0.103093 1 8
 2.771139 -0.085540 1 9
 2.771139 -0.078007 1 10
 2.771139 -0.056997 1 11
 2.771139 -0.031915 1 12
 2.771139 -0.017294 1 13
 2.771139 -0.008880 1 14
 2.771139  0.091342 1 15
 2.771139  0.123008 1 16
 2.790276 -0.561150 1 1
 2.790276 -0.496425 1 2
 2.790276 -0.385027 1 3
 2.790276 -0.383343 1 4
 2.790276 -0.295840 1 5
 2.790276 -0.294470 1 6
 2.790276 -0.196120 1 7
 2.790276 -0.103235 1 8
 2.790276 -0.086394 1 9
 2.790276 -0.079606 1 10
 2.790276 -0.056757 1 11
 2.790276 -0.031491 1 12
 2.790276 -0.017497 1 13
 2.790276 -0.009268 1 14
 2.790276  0.086981 1 15
 2.790276  0.123262 1 16
 2.809412 -0.556965 1 1
 2.809412 -0.496359 1 2
 2.809412 -0.383478 1 3
 2.809412 -0.382648 1 4
 2.809412 -0.294666 1 5
 2.809412 -0.293912 1 6
 2.809412 -0.195527 1 7
 2.809412 -0.103208 1 8
 2.809412 -0.087354 1 9
 2.809412 -0.081281 1 10
 2.809412 -0.056560 1 11
 2.809412 -0.031208 1 12
 2.809412 -0.017731 1 13
 2.809412 -0.009664 1 14
 2.809412  0.082490 1 15
 2.809412  0.123381 1 16
 2.828549 -0.552393 1 1
 2.828549 -0.496110 1 2
 2.828549 -0.381817 1 3
 2.828549 -0.381728 1 4
 2.828549 -0.294015 1 5
 2.828549 -0.293506 1 6
 2.828549 -0.194488 1 7
 2.828549 -0.103009 1 8
 2.828549 -0.088408 1 9
 2.828549 -0.083030 1 10
 2.828549 -0.056416 1 11
 2.828549 -0.031066 1 12
 2.828549 -0.017991 1 13
 2.828549 -0.010070 1 14
 2.828549  0.077919 1 15
 2.828549  0.123367 1 16
 2.847686 -0.547473 1 1
 2.847686 -0.495666 1 2
 2.847686 -0.380856 1 3
 2.847686 -0.379783 1 4
 2.847686 -0.293863 1 5
 2.847686 -0.293245 1 6
 2.847686 -0.193021 1 7
 2.847686 -0.102637 1 8
 2.847686 -0.089538 1 9
 2.847686 -0.084846 1 10
 2.847686 -0.056334 1 11
 2.847686 -0.031061 1 12
 2.847686 -0.018275 1 13
 2.847686 -0.010492 1 14
 2.847686  0.073319 1 15
 2.847686  0.123219 1 16
 2.866822 -0.542251 1 1
 2.866822 -0.495013 1 2
 2.866822 -0.379770 1 3
 2.866822 -0.377649 1 4
 2.866822 -0.294174 1 5
 2.866822 -0.293117 1 6
 2.866822 -0.191159 1 7
 2.866822 -0.102096 1 8
 2.866822 -0.090719 1 9
 2.866822 -0.086719 1 10
 2.866822 -0.056326 1 11
 2.866822 -0.031182 1 12
 2.866822 -0.018580 1 13
 2.866822 -0.010942 1 14
 2.866822  0.068746 1 15
 2.866822  0.122938 1 16
 2.885959 -0.536776 1 1
 2.885959 -0.494138 1 2
 2.885959 -0.378568 1 3
 2.885959 -0.375332 1 4
 2.885959 -0.294902 1 5
 2.885959 -0.293113 1 6
 2.885959 -0.188948 1 7
 2.885959 -0.101393 1 8
 2.885959 -0.091922 1 9
 2.885959 -0.088635 1 10
 2.885959 -0.056405 1 11
 2.885959 -0.031418 1 12
 2.885959 -0.018904 1 13
 2.885959 -0.011435 1 14
 2.885959  0.064268 1 15
 2.885959  0.122520 1 16
 2.905095 -0.531109 1 1
 2.905095 -0.493029 1 2
 2.905095 -0.377258 1 3
 2.905095 -0.372845 1 4
 2.905095 -0.295988 1 5
 2.905095 -0.293218 1 6
 2.905095 -0.186441 1 7
 2.905095 -0.100547 1 8
 2.905095 -0.093108 1 9
 2.905095 -0.090562 1 10
 2.905095 -0.056592 1 11
 2.905095 -0.031757 1 12
 2.905095 -0.019242 1 13
 2.905095 -0.011981 1 14
 2.905095  0.059962 1 15
 2.905095  0.121964 1 16
 2.924232 -0.525302 1 1
 2.924232 -0.491672 1 2
 2.924232 -0.375850 1 3
 2.924232 -0.370191 1 4
 2.924232 -0.297379 1 5
 2.924232 -0.293419 1 6
 2.924232 -0.183693 1 7
 2.924232 -0.099608 1 8
 2.924232 -0.094237 1 9
 2.924232 -0.092442 1 10
 2.924232 -0.056908 1 11
 2.924232 -0.032190 1 12
 2.924232 -0.019592 1 13
 2.924232 -0.012596 1 14
 2.924232  0.055903 1 15
 2.924232  0.121268 1 16
 2.943369 -0.519414 1 1
 2.943369 -0.490052 1 2
 2.943369 -0.374354 1 3
 2.943369 -0.367377 1 4
 2.943369 -0.299020 1 5
 2.943369 -0.293702 1 6
 2.943369 -0.180757 1 7
 2.943369 -0.098763 1 8
 2.943369 -0.095264 1 9
 2.943369 -0.094082 1 10
 2.943369 -0.057383 1 11
 2.943369 -0.032709 1 12
 2.943369 -0.019950 1 13
 2.943369 -0.013288 1 14
 2.943369  0.052175 1 15
 2.943369  0.120427 1 16
 2.962505 -0.513508 1 1
 2.962505 -0.488159 1 2
 2.962505 -0.372780 1 3
 2.962505 -0.364404 1 4
 2.962505 -0.300864 1 5
 2.962505 -0.294056 1 6
 2.962505 -0.177686 1 7
 2.962505 -0.098711 1 8
 2.962505 -0.096143 1 9
 2.962505 -0.094769 1 10
 2.962505 -0.058050 1 11
 2.962505 -0.033307 1 12
 2.962505 -0.020312 1 13
 2.962505 -0.014066 1 14
 2.962505  0.048872 1 15
 2.962505  0.119439 1 16
 2.981642 -0.507660 1 1
 2.981642 -0.485982 1 2
 2.981642 -0.371143 1 3
 2.981642 -0.361286 1 4
 2.981642 -0.302859 1 5
 2.981642 -0.294468 1 6
 2.981642 -0.174533 1 7
 2.981642 -0.099983 1 8
 2.981642 -0.096823 1 9
 2.981642 -0.093968 1 10
 2.981642 -0.058945 1 11
 2.981642 -0.033979 1 12
 2.981642 -0.020673 1 13
 2.981642 -0.014933 1 14
 2.981642  0.046082 1 15
 2.981642  0.118304 1 16
 3.000779 -0.501932 1 1
 3.000779 -0.483506 1 2
 3.000779 -0.369454 1 3
 3.000779 -0.358025 1 4
 3.000779 -0.304965 1 5
 3.000779 -0.294927 1 6
 3.000779 -0.171340 1 7
 3.000779 -0.101800 1 8
 3.000779 -0.097255 1 9
 3.000779 -0.092452 1 10
 3.000779 -0.060109 1 11
 3.000779 -0.034715 1 12
 3.000779 -0.021028 1 13
 3.000779 -0.015890 1 14
 3.000779  0.043881 1 15
 3.000779  0.117017 1 16
 3.019915 -0.496399 1 1
 3.019915 -0.480729 1 2
 3.019915 -0.367726 1 3
 3.019915 -0.354627 1 4
 3.019915 -0.307148 1 5
 3.019915 -0.295425 1 6
 3.019915 -0.168150 1 7
 3.019915 -0.103754 1 8
 3.019915 -0.097391 1 9
 3.019915 -0.090629 1 10
 3.019915 -0.061572 1 11
 3.019915 -0.035503 1 12
 3.019915 -0.021369 1 13
 3.019915 -0.016931 1 14
 3.019915  0.042335 1 15
 3.019915  0.115581 1 16
 3.039052 -0.491117 1 1
 3.039052 -0.477649 1 2
 3.039052 -0.365972 1 3
 3.039052 -0.351100 1 4
 3.039052 -0.309381 1 5
 3.039052 -0.295955 1 6
 3.039052 -0.164994 1 7
 3.039052 -0.105737 1 8
 3.039052 -0.097188 1 9
 3.039052 -0.088608 1 10
 3.039052 -0.063358 1 11
 3.039052 -0.036330 1 12
 3.039052 -0.021687 1 13
 3.039052 -0.018048 1 14
 3.039052  0.041476 1 15
 3.039052  0.113993 1 16
 3.058189 -0.486139 1 1
 3.058189 -0.474289 1 2
 3.058189 -0.364209 1 3
 3.058189 -0.347469 1 4
 3.058189 -0.311630 1 5
 3.058189 -0.296507 1 6
 3.058189 -0.161910 1 7
 3.058189 -0.107706 1 8
 3.058189 -0.096608 1 9
 3.058189 -0.086444 1 10
 3.058189 -0.065469 1 11
 3.058189 -0.037176 1 12
 3.058189 -0.021973 1 13
 3.058189 -0.019225 1 14
 3.058189  0.041311 1 15
 3.058189  0.112261 1 16
 3.077325 -0.481470 1 1
 3.077325 -0.470704 1 2
 3.077325 -0.362447 1 3
 3.077325 -0.343751 1 4
 3.077325 -0.313875 1 5
 3.077325 -0.297077 1 6
 3.077325 -0.158918 1 7
 3.077325 -0.109639 1 8
 3.077325 -0.095621 1 9
 3.077325 -0.084171 1 10
 3.077325 -0.067888 1 11
 3.077325 -0.038024 1 12
 3.077325 -0.022212 1 13
 3.077325 -0.020442 1 14
 3.077325  0.041813 1 15
 3.077325  0.110388 1 16
 3.096462 -0.477076 1 1
 3.096462 -0.466981 1 2
 3.096462 -0.360699 1 3
 3.096462 -0.339975 1 4
 3.096462 -0.316103 1 5
 3.096462 -0.297661 1 6
 3.096462 -0.156035 1 7
 3.096462 -0.111525 1 8
 3.096462 -0.094211 1 9
 3.096462 -0.081822 1 10
 3.096462 -0.070572 1 11
 3.096462 -0.038861 1 12
 3.096462 -0.022388 1 13
 3.096462 -0.021682 1 14
 3.096462  0.042928 1 15
 3.096462  0.108382 1 16
 3.115598 -0.472907 1 1
 3.115598 -0.463234 1 2
 3.115598 -0.358982 1 3
 3.115598 -0.336192 1 4
 3.115598 -0.318288 1 5
 3.115598 -0.298251 1 6
 3.115598 -0.153279 1 7
 3.115598 -0.113350 1 8
 3.115598 -0.092381 1 9
 3.115598 -0.079441 1 10
 3.115598 -0.073456 1 11
 3.115598 -0.039675 1 12
 3.115598 -0.022916 1 13
 3.115598 -0.022486 1 14
 3.115598  0.044575 1 15
 3.115598  0.106257 1 16
 3.134735 -0.468904 1 1
 3.134735 -0.459568 1 2
 3.134735 -0.357305 1 3
 3.134735 -0.332450 1 4
 3.134735 -0.320421 1 5
 3.134735 -0.298846 1 6
 3.134735 -0.150658 1 7
 3.134735 -0.115106 1 8
 3.134735 -0.090167 1 9
 3.134735 -0.077067 1 10
 3.134735 -0.076445 1 11
 3.134735 -0.040457 1 12
 3.134735 -0.024117 1 13
 3.134735 -0.022483 1 14
 3.134735  0.046664 1 15
 3.134735  0.104027 1 16
 3.153872 -0.465024 1 1
 3.153872 -0.456063 1 2
 3.153872 -0.355680 1 3
 3.153872 -0.328824 1 4
 3.153872 -0.322474 1 5
 3.153872 -0.299439 1 6
 3.153872 -0.148173 1 7
 3.153872 -0.116786 1 8
 3.153872 -0.087684 1 9
 3.153872 -0.079385 1 10
 3.153872 -0.074745 1 11
 3.153872 -0.041204 1 12
 3.153872 -0.025250 1 13
 3.153872 -0.022359 1 14
 3.153872  0.049091 1 15
 3.153872  0.101707 1 16
 3.173008 -0.461242 1 1
 3.173008 -0.452773 1 2
 3.173008 -0.354119 1 3
 3.173008 -0.325693 1 4
 3.173008 -0.324120 1 5
 3.173008 -0.300027 1 6
 3.173008 -0.145825 1 7
 3.173008 -0.118384 1 8
 3.173008 -0.085597 1 9
 3.173008 -0.081594 1 10
 3.173008 -0.072521 1 11
 3.173008 -0.041914 1 12
 3.173008 -0.026267 1 13
 3.173008 -0.022094 1 14
 3.173008  0.051753 1 15
 3.173008  0.099319 1 16
 3.192145 -0.457552 1 1
 3.192145 -0.449726 1 2
 3.192145 -0.352628 1 3
 3.192145 -0.326667 1 4
 3.192145 -0.321804 1 5
 3.192145 -0.300608 1 6
 3.192145 -0.143616 1 7
 3.192145 -0.119895 1 8
 3.192145 -0.086656 1 9
 3.192145 -0.080340 1 10
 3.192145 -0.070438 1 11
 3.192145 -0.042589 1 12
 3.192145 -0.027106 1 13
 3.192145 -0.021669 1 14
 3.192145  0.054552 1 15
 3.192145  0.096882 1 16
 3.211282 -0.453964 1 1
 3.211282 -0.446940 1 2
 3.211282 -0.351221 1 3
 3.211282 -0.328512 1 4
 3.211282 -0.318812 1 5
 3.211282 -0.301173 1 6
 3.211282 -0.141552 1 7
 3.211282 -0.121313 1 8
 3.211282 -0.089231 1 9
 3.211282 -0.077309 1 10
 3.211282 -0.068540 1 11
 3.211282 -0.043233 1 12
 3.211282 -0.027683 1 13
 3.211282 -0.021077 1 14
 3.211282  0.057384 1 15
 3.211282  0.094430 1 16
 3.230418 -0.450488 1 1
 3.230418 -0.444413 1 2
 3.230418 -0.349903 1 3
 3.230418 -0.330324 1 4
 3.230418 -0.316086 1 5
 3.230418 -0.301718 1 6
 3.230418 -0.139635 1 7
 3.230418 -0.122634 1 8
 3.230418 -0.091828 1 9
 3.230418 -0.074087 1 10
 3.230418 -0.066855 1 11
 3.230418 -0.043860 1 12
 3.230418 -0.027894 1 13
 3.230418 -0.020314 1 14
 3.230418  0.060166 1 15
 3.230418  0.091988 1 16
 3.249555 -0.447142 1 1
 3.249555 -0.442135 1 2
 3.249555 -0.348679 1 3
 3.249555 -0.332076 1 4
 3.249555 -0.313679 1 5
 3.249555 -0.302240 1 6
 3.249555 -0.137871 1 7
 3.249555 -0.123856 1 8
 3.249555 -0.094242 1 9
 3.249555 -0.071002 1 10
 3.249555 -0.065398 1 11
 3.249555 -0.044491 1 12
 3.249555 -0.027628 1 13
 3.249555 -0.019392 1 14
 3.249555  0.062823 1 15
 3.249555  0.089584 1 16
 3.268692 -0.443955 1 1
 3.268692 -0.440102 1 2
 3.268692 -0.347560 1 3
 3.268692 -0.333749 1 4
 3.268692 -0.311619 1 5
 3.268692 -0.302730 1 6
 3.268692 -0.136273 1 7
 3.268692 -0.124974 1 8
 3.268692 -0.096405 1 9
 3.268692 -0.068246 1 10
 3.268692 -0.064179 1 11
 3.268692 -0.045142 1 12
 3.268692 -0.026786 1 13
 3.268692 -0.018339 1 14
 3.268692  0.065286 1 15
 3.268692  0.087256 1 16
 3.287828 -0.440962 1 1
 3.287828 -0.438292 1 2
 3.287828 -0.346547 1 3
 3.287828 -0.335338 1 4
 3.287828 -0.309900 1 5
 3.287828 -0.303186 1 6
 3.287828 -0.134851 1 7
 3.287828 -0.125985 1 8
 3.287828 -0.098285 1 9
 3.287828 -0.065948 1 10
 3.287828 -0.063187 1 11
 3.287828 -0.045827 1 12
 3.287828 -0.025340 1 13
 3.287828 -0.017190 1 14
 3.287828  0.067509 1 15
 3.287828  0.085038 1 16
 3.306965 -0.438218 1 1
 3.306965 -0.436673 1 2
 3.306965 -0.345644 1 3
 3.306965 -0.336829 1 4
 3.306965 -0.308506 1 5
 3.306965 -0.303601 1 6
 3.306965 -0.133612 1 7
 3.306965 -0.126886 1 8
 3.306965 -0.099871 1 9
 3.306965 -0.064155 1 10
 3.306965 -0.062402 1 11
 3.306965 -0.046538 1 12
 3.306965 -0.023350 1 13
 3.306965 -0.015994 1 14
 3.306965  0.069458 1 15
 3.306965  0.082964 1 16
 3.326102 -0.435917 1 1
 3.326102 -0.435078 1 2
 3.326102 -0.344856 1 3
 3.326102 -0.338205 1 4
 3.326102 -0.307411 1 5
 3.326102 -0.303971 1 6
 3.326102 -0.132562 1 7
 3.326102 -0.127675 1 8
 3.326102 -0.101168 1 9
 3.326102 -0.062841 1 10
 3.326102 -0.061800 1 11
 3.326102 -0.047253 1 12
 3.326102 -0.020974 1 13
 3.326102 -0.014807 1 14
 3.326102  0.071112 1 15
 3.326102  0.081070 1 16
 3.345238 -0.434467 1 1
 3.345238 -0.433132 1 2
 3.345238 -0.344183 1 3
 3.345238 -0.339446 1 4
 3.345238 -0.306575 1 5
 3.345238 -0.304293 1 6
 3.345238 -0.131700 1 7
 3.345238 -0.128348 1 8
 3.345238 -0.102189 1 9
 3.345238 -0.061927 1 10
 3.345238 -0.061352 1 11
 3.345238 -0.047940 1 12
 3.345238 -0.018437 1 13
 3.345238 -0.013681 1 14
 3.345238  0.072470 1 15
 3.345238  0.079390 1 16
 3.364375 -0.433477 1 1
 3.364375 -0.431269 1 2
 3.364375 -0.343629 1 3
 3.364375 -0.340520 1 4
 3.364375 -0.305964 1 5
 3.364375 -0.304562 1 6
 3.364375 -0.131022 1 7
 3.364375 -0.128902 1 8
 3.364375 -0.102960 1 9
 3.364375 -0.061322 1 10
 3.364375 -0.061029 1 11
 3.364375 -0.048559 1 12
 3.364375 -0.015976 1 13
 3.364375 -0.012676 1 14
 3.364375  0.073535 1 15
 3.364375  0.077961 1 16
 3.383511 -0.432735 1 1
 3.383511 -0.429737 1 2
 3.383511 -0.343194 1 3
 3.383511 -0.341400 1 4
 3.383511 -0.305536 1 5
 3.383511 -0.304774 1 6
 3.383511 -0.130516 1 7
 3.383511 -0.129336 1 8
 3.383511 -0.103511 1 9
 3.383511 -0.060940 1 10
 3.383511 -0.060806 1 11
 3.383511 -0.049079 1 12
 3.383511 -0.013812 1 13
 3.383511 -0.011838 1 14
 3.383511  0.074327 1 15
 3.383511  0.076814 1 16
 3.402648 -0.432212 1 1
 3.402648 -0.428603 1 2
 3.402648 -0.342879 1 3
 3.402648 -0.342059 1 4
 3.402648 -0.305257 1 5
 3.402648 -0.304928 1 6
 3.402648 -0.130167 1 7
 3.402648 -0.129647 1 8
 3.402648 -0.103877 1 9
 3.402648 -0.060712 1 10
 3.402648 -0.060663 1 11
 3.402648 -0.049471 1 12
 3.402648 -0.012127 1 13
 3.402648 -0.011208 1 14
 3.402648  0.074870 1 15
 3.402648  0.075972 1 16
 3.421785 -0.431899 1 1
 3.421785 -0.427909 1 2
 3.421785 -0.342686 1 3
 3.421785 -0.342469 1 4
 3.421785 -0.305102 1 5
 3.421785 -0.305021 1 6
 3.421785 -0.129964 1 7
 3.421785 -0.129835 1 8
 3.421785 -0.104083 1 9
 3.421785 -0.060594 1 10
 3.421785 -0.060583 1 11
 3.421785 -0.049714 1 12
 3.421785 -0.011058 1 13
 3.421785 -0.010819 1 14
 3.421785  0.075184 1 15
 3.421785  0.075460 1 16
 3.440921 -0.431794 1 1
 3.440921 -0.427674 1 2
 3.440921 -0.342614 1 3
 3.440921 -0.342614 1 4
 3.440921 -0.305052 1 5
 3.440921 -0.305052 1 6
 3.440921 -0.129897 1 7
 3.440921 -0.129897 1 8
 3.440921 -0.104150 1 9
 3.440921 -0.060557 1 10
 3.440921 -0.060557 1 11
 3.440921 -0.049797 1 12
 3.440921 -0.010690 1 13
 3.440921 -0.010690 1 14
 3.440921  0.075287 1 15
 3.440921  0.075287 1 16
 3.440921 -0.431794 1 1
 3.440921 -0.427674 1 2
 3.440921 -0.342614 1 3
 3.440921 -0.342614 1 4
 3.440921 -0.305052 1 5
 3.440921 -0.305052 1 6
 3.440921 -0.129897 1 7
 3.440921 -0.129897 1 8
 3.440921 -0.104150 1 9
 3.440921 -0.060557 1 10
 3.440921 -0.060557 1 11
 3.440921 -0.049797 1 12
 3.440921 -0.010690 1 13
 3.440921 -0.010690 1 14
 3.440921  0.075287 1 15
 3.440921  0.075287 1 16
 3.451747 -0.436092 1 1
 3.451747 -0.423346 1 2
 3.451747 -0.342798 1 3
 3.451747 -0.342798 1 4
 3.451747 -0.304810 1 5
 3.451747 -0.304810 1 6
 3.451747 -0.129916 1 7
 3.451747 -0.129916 1 8
 3.451747 -0.104134 1 9
 3.451747 -0.060536 1 10
 3.451747 -0.060536 1 11
 3.451747 -0.049754 1 12
 3.451747 -0.010868 1 13
 3.451747 -0.010868 1 14
 3.451747  0.075428 1 15
 3.451747  0.075428 1 16
 3.462572 -0.442007 1 1
 3.462572 -0.417383 1 2
 3.462572 -0.343302 1 3
 3.462572 -0.343302 1 4
 3.462572 -0.304098 1 5
 3.462572 -0.304098 1 6
 3.462572 -0.129971 1 7
 3.462572 -0.129971 1 8
 3.462572 -0.104120 1 9
 3.462572 -0.060475 1 10
 3.462572 -0.060475 1 11
 3.462572 -0.049627 1 12
 3.462572 -0.011421 1 13
 3.462572 -0.011421 1 14
 3.462572  0.075844 1 15
 3.462572  0.075844 1 16
 3.473397 -0.448143 1 1
 3.473397 -0.411150 1 2
 3.473397 -0.344099 1 3
 3.473397 -0.344099 1 4
 3.473397 -0.302947 1 5
 3.473397 -0.302947 1 6
 3.473397 -0.130062 1 7
 3.473397 -0.130062 1 8
 3.473397 -0.104127 1 9
 3.473397 -0.060374 1 10
 3.473397 -0.060374 1 11
 3.473397 -0.049414 1 12
 3.473397 -0.012338 1 13
 3.473397 -0.012338 1 14
 3.473397  0.076522 1 15
 3.473397  0.076522 1 16
 3.484223 -0.454435 1 1
 3.484223 -0.404664 1 2
 3.484223 -0.345153 1 3
 3.484223 -0.345153 1 4
 3.484223 -0.301403 1 5
 3.484223 -0.301403 1 6
 3.484223 -0.130189 1 7
 3.484223 -0.130189 1 8
 3.484223 -0.104181 1 9
 3.484223 -0.060237 1 10
 3.484223 -0.060237 1 11
 3.484223 -0.049116 1 12
 3.484223 -0.013596 1 13
 3.484223 -0.013596 1 14
 3.484223  0.077440 1 15
 3.484223  0.077440 1 16
 3.495048 -0.460851 1 1
 3.495048 -0.397903 1 2
 3.495048 -0.346427 1 3
 3.495048 -0.346427 1 4
 3.495048 -0.299518 1 5
 3.495048 -0.299518 1 6
 3.495048 -0.130350 1 7
 3.495048 -0.130350 1 8
 3.495048 -0.104311 1 9
 3.495048 -0.060065 1 10
 3.495048 -0.060065 1 11
 3.495048 -0.048736 1 12
 3.495048 -0.015168 1 13
 3.495048 -0.015168 1 14
 3.495048  0.078570 1 15
 3.495048  0.078570 1 16
 3.505873 -0.467341 1 1
 3.505873 -0.390865 1 2
 3.505873 -0.347884 1 3
 3.505873 -0.347884 1 4
 3.505873 -0.297343 1 5
 3.505873 -0.297343 1 6
 3.505873 -0.130543 1 7
 3.505873 -0.130543 1 8
 3.505873 -0.104541 1 9
 3.505873 -0.059863 1 10
 3.505873 -0.059863 1 11
 3.505873 -0.048277 1 12
 3.505873 -0.017022 1 13
 3.505873 -0.017022 1 14
 3.505873  0.079881 1 15
 3.505873  0.079881 1 16
 3.516699 -0.473839 1 1
 3.516699 -0.383576 1 2
 3.516699 -0.349494 1 3
 3.516699 -0.349494 1 4
 3.516699 -0.294928 1 5
 3.516699 -0.294928 1 6
 3.516699 -0.130767 1 7
 3.516699 -0.130767 1 8
 3.516699 -0.104885 1 9
 3.516699 -0.059636 1 10
 3.516699 -0.059636 1 11
 3.516699 -0.047747 1 12
 3.516699 -0.019127 1 13
 3.516699 -0.019127 1 14
 3.516699  0.081344 1 15
 3.516699  0.081344 1 16
 3.527524 -0.480271 1 1
 3.527524 -0.376086 1 2
 3.527524 -0.351227 1 3
 3.527524 -0.351227 1 4
 3.527524 -0.292314 1 5
 3.527524 -0.292314 1 6
 3.527524 -0.131020 1 7
 3.527524 -0.131020 1 8
 3.527524 -0.105347 1 9
 3.527524 -0.059387 1 10
 3.527524 -0.059387 1 11
 3.527524 -0.047153 1 12
 3.527524 -0.021449 1 13
 3.527524 -0.021449 1 14
 3.527524  0.082931 1 15
 3.527524  0.082931 1 16
 3.538349 -0.486563 1 1
 3.538349 -0.368468 1 2
 3.538349 -0.353057 1 3
 3.538349 -0.353057 1 4
 3.538349 -0.289541 1 5
 3.538349 -0.289541 1 6
 3.538349 -0.131300 1 7
 3.538349 -0.131300 1 8
 3.538349 -0.105915 1 9
 3.538349 -0.059123 1 10
 3.538349 -0.059123 1 11
 3.538349 -0.046506 1 12
 3.538349 -0.023959 1 13
 3.538349 -0.023959 1 14
 3.538349  0.084618 1 15
 3.538349  0.084618 1 16
 3.549175 -0.492656 1 1
 3.549175 -0.360803 1 2
 3.549175 -0.354957 1 3
 3.549175 -0.354957 1 4
 3.549175 -0.286640 1 5
 3.549175 -0.286640 1 6
 3.549175 -0.131604 1 7
 3.549175 -0.131604 1 8
 3.549175 -0.106569 1 9
 3.549175 -0.058850 1 10
 3.549175 -0.058850 1 11
 3.549175 -0.045812 1 12
 3.549175 -0.026627 1 13
 3.549175 -0.026627 1 14
 3.549175  0.086383 1 15
 3.549175  0.086383 1 16
 3.560000 -0.498505 1 1
 3.560000 -0.356901 1 2
 3.560000 -0.356901 1 3
 3.560000 -0.353178 1 4
 3.560000 -0.283638 1 5
 3.560000 -0.283638 1 6
 3.560000 -0.131931 1 7
 3.560000 -0.131931 1 8
 3.560000 -0.107278 1 9
 3.560000 -0.058578 1 10
 3.560000 -0.058578 1 11
 3.560000 -0.045080 1 12
 3.560000 -0.029426 1 13
 3.560000 -0.029426 1 14
 3.560000  0.088210 1 15
 3.560000  0.088210 1 16
 3.570825 -0.504090 1 1
 3.570825 -0.358863 1 2
 3.570825 -0.358863 1 3
 3.570825 -0.345667 1 4
 3.570825 -0.280557 1 5
 3.570825 -0.280557 1 6
 3.570825 -0.132278 1 7
 3.570825 -0.132278 1 8
 3.570825 -0.108012 1 9
 3.570825 -0.058318 1 10
 3.570825 -0.058318 1 11
 3.570825 -0.044312 1 12
 3.570825 -0.032330 1 13
 3.570825 -0.032330 1 14
 3.570825  0.090086 1 15
 3.570825  0.090086 1 16
 3.581650 -0.509412 1 1
 3.581650 -0.360816 1 2
 3.581650 -0.360816 1 3
 3.581650 -0.338329 1 4
 3.581650 -0.277411 1 5
 3.581650 -0.277411 1 6
 3.581650 -0.132642 1 7
 3.581650 -0.132642 1 8
 3.581650 -0.108741 1 9
 3.581650 -0.058091 1 10
 3.581650 -0.058091 1 11
 3.581650 -0.043510 1 12
 3.581650 -0.035306 1 13
 3.581650 -0.035306 1 14
 3.581650  0.091998 1 15
 3.581650  0.091998 1 16
 3.592476 -0.514492 1 1
 3.592476 -0.362736 1 2
 3.592476 -0.362736 1 3
 3.592476 -0.331196 1 4
 3.592476 -0.274212 1 5
 3.592476 -0.274212 1 6
 3.592476 -0.133021 1 7
 3.592476 -0.133021 1 8
 3.592476 -0.109446 1 9
 3.592476 -0.057929 1 10
 3.592476 -0.057929 1 11
 3.592476 -0.042673 1 12
 3.592476 -0.038316 1 13
 3.592476 -0.038316 1 14
 3.592476  0.093937 1 15
 3.592476  0.093937 1 16
 3.603301 -0.519367 1 1
 3.603301 -0.364598 1 2
 3.603301 -0.364598 1 3
 3.603301 -0.324269 1 4
 3.603301 -0.270966 1 5
 3.603301 -0.270966 1 6
 3.603301 -0.133411 1 7
 3.603301 -0.133411 1 8
 3.603301 -0.110118 1 9
 3.603301 -0.057886 1 10
 3.603301 -0.057886 1 11
 3.603301 -0.041797 1 12
 3.603301 -0.041294 1 13
 3.603301 -0.041294 1 14
 3.603301  0.095892 1 15
 3.603301  0.095892 1 16
 3.614126 -0.524078 1 1
 3.614126 -0.366384 1 2
 3.614126 -0.366384 1 3
 3.614126 -0.317523 1 4
 3.614126 -0.267676 1 5
 3.614126 -0.267676 1 6
 3.614126 -0.133809 1 7
 3.614126 -0.133809 1 8
 3.614126 -0.110762 1 9
 3.614126 -0.058063 1 10
 3.614126 -0.058063 1 11
 3.614126 -0.044134 1 12
 3.614126 -0.044134 1 13
 3.614126 -0.040880 1 14
 3.614126  0.097853 1 15
 3.614126  0.097853 1 16
 3.624952 -0.528670 1 1
 3.624952 -0.368080 1 2
 3.624952 -0.368080 1 3
 3.624952 -0.310909 1 4
 3.624952 -0.264341 1 5
 3.624952 -0.264341 1 6
 3.624952 -0.134212 1 7
 3.624952 -0.134212 1 8
 3.624952 -0.111396 1 9
 3.624952 -0.058634 1 10
 3.624952 -0.058634 1 11
 3.624952 -0.046654 1 12
 3.624952 -0.046654 1 13
 3.624952 -0.039923 1 14
 3.624952  0.099807 1 15
 3.624952  0.099807 1 16
 3.635777 -0.533173 1 1
 3.635777 -0.369678 1 2
 3.635777 -0.369678 1 3
 3.635777 -0.304365 1 4
 3.635777 -0.260959 1 5
 3.635777 -0.260959 1 6
 3.635777 -0.134618 1 7
 3.635777 -0.134618 1 8
 3.635777 -0.112045 1 9
 3.635777 -0.059840 1 10
 3.635777 -0.059840 1 11
 3.635777 -0.048607 1 12
 3.635777 -0.048607 1 13
 3.635777 -0.038927 1 14
 3.635777  0.101740 1 15
 3.635777  0.101740 1 16
 3.646602 -0.537606 1 1
 3.646602 -0.371175 1 2
 3.646602 -0.371175 1 3
 3.646602 -0.297825 1 4
 3.646602 -0.257530 1 5
 3.646602 -0.257530 1 6
 3.646602 -0.135022 1 7
 3.646602 -0.135022 1 8
 3.646602 -0.112742 1 9
 3.646602 -0.061827 1 10
 3.646602 -0.061827 1 11
 3.646602 -0.049836 1 12
 3.646602 -0.049836 1 13
 3.646602 -0.037902 1 14
 3.646602  0.103639 1 15
 3.646602  0.103639 1 16
 3.657428 -0.541967 1 1
 3.657428 -0.372575 1 2
 3.657428 -0.372575 1 3
 3.657428 -0.291238 1 4
 3.657428 -0.254051 1 5
 3.657428 -0.254051 1 6
 3.657428 -0.135422 1 7
 3.657428 -0.135422 1 8
 3.657428 -0.113512 1 9
 3.657428 -0.064492 1 10
 3.657428 -0.064492 1 11
 3.657428 -0.050431 1 12
 3.657428 -0.050431 1 13
 3.657428 -0.036858 1 14
 3.657428  0.105488 1 15
 3.657428  0.105488 1 16
 3.668253 -0.546233 1 1
 3.668253 -0.373887 1 2
 3.668253 -0.373887 1 3
 3.668253 -0.284571 1 4
 3.668253 -0.250525 1 5
 3.668253 -0.250525 1 6
 3.668253 -0.135816 1 7
 3.668253 -0.135816 1 8
 3.668253 -0.114377 1 9
 3.668253 -0.067603 1 10
 3.668253 -0.067603 1 11
 3.668253 -0.050615 1 12
 3.668253 -0.050615 1 13
 3.668253 -0.035812 1 14
 3.668253  0.107274 1 15
 3.668253  0.107274 1 16
 3.679078 -0.550369 1 1
 3.679078 -0.375120 1 2
 3.679078 -0.375120 1 3
 3.679078 -0.277819 1 4
 3.679078 -0.246955 1 5
 3.679078 -0.246955 1 6
 3.679078 -0.136202 1 7
 3.679078 -0.136202 1 8
 3.679078 -0.115349 1 9
 3.679078 -0.070970 1 10
 3.679078 -0.070970 1 11
 3.679078 -0.050564 1 12
 3.679078 -0.050564 1 13
 3.679078 -0.034781 1 14
 3.679078  0.108982 1 15
 3.679078  0.108982 1 16
 3.689904 -0.554331 1 1
 3.689904 -0.376288 1 2
 3.689904 -0.376288 1 3
 3.689904 -0.271003 1 4
 3.689904 -0.243350 1 5
 3.689904 -0.243350 1 6
 3.689904 -0.136576 1 7
 3.689904 -0.136576 1 8
 3.689904 -0.116426 1 9
 3.689904 -0.074476 1 10
 3.689904 -0.074476 1 11
 3.689904 -0.050381 1 12
 3.689904 -0.050381 1 13
 3.689904 -0.033784 1 14
 3.689904  0.110603 1 15
 3.689904  0.110603 1 16
 3.700729 -0.558072 1 1
 3.700729 -0.377403 1 2
 3.700729 -0.377403 1 3
 3.700729 -0.264172 1 4
 3.700729 -0.239721 1 5
 3.700729 -0.239721 1 6
 3.700729 -0.136938 1 7
 3.700729 -0.136938 1 8
 3.700729 -0.117596 1 9
 3.700729 -0.078050 1 10
 3.700729 -0.078050 1 11
 3.700729 -0.050126 1 12
 3.700729 -0.050126 1 13
 3.700729 -0.032835 1 14
 3.700729  0.112131 1 15
 3.700729  0.112131 1 16
 3.711554 -0.561555 1 1
 3.711554 -0.378473 1 2
 3.711554 -0.378473 1 3
 3.711554 -0.257394 1 4
 3.711554 -0.236085 1 5
 3.711554 -0.236085 1 6
 3.711554 -0.137285 1 7
 3.711554 -0.137285 1 8
 3.711554 -0.118840 1 9
 3.711554 -0.081646 1 10
 3.711554 -0.081646 1 11
 3.711554 -0.049831 1 12
 3.711554 -0.049831 1 13
 3.711554 -0.031946 1 14
 3.711554  0.113561 1 15
 3.711554  0.113561 1 16
 3.722380 -0.564756 1 1
 3.722380 -0.379504 1 2
 3.722380 -0.379504 1 3
 3.722380 -0.250749 1 4
 3.722380 -0.232463 1 5
 3.722380 -0.232463 1 6
 3.722380 -0.137618 1 7
 3.722380 -0.137618 1 8
 3.722380 -0.120131 1 9
 3.722380 -0.085233 1 10
 3.722380 -0.085233 1 11
 3.722380 -0.049518 1 12
 3.722380 -0.049518 1 13
 3.722380 -0.031122 1 14
 3.722380  0.114893 1 15
 3.722380  0.114893 1 16
 3.733205 -0.567668 1 1
 3.733205 -0.380496 1 2
 3.733205 -0.380496 1 3
 3.733205 -0.244321 1 4
 3.733205 -0.228879 1 5
 3.733205 -0.228879 1 6
 3.733205 -0.137934 1 7
 3.733205 -0.137934 1 8
 3.733205 -0.121443 1 9
 3.733205 -0.088786 1 10
 3.733205 -0.088786 1 11
 3.733205 -0.049200 1 12
 3.733205 -0.049200 1 13
 3.733205 -0.030364 1 14
 3.733205  0.116132 1 15
 3.733205  0.116132 1 16
 3.744030 -0.570301 1 1
 3.744030 -0.381445 1 2
 3.744030 -0.381445 1 3
 3.744030 -0.238187 1 4
 3.744030 -0.225358 1 5
 3.744030 -0.225358 1 6
 3.744030 -0.138234 1 7
 3.744030 -0.138234 1 8
 3.744030 -0.122752 1 9
 3.744030 -0.092285 1 10
 3.744030 -0.092285 1 11
 3.744030 -0.048886 1 12
 3.744030 -0.048886 1 13
 3.744030 -0.029667 1 14
 3.744030  0.117283 1 15
 3.744030  0.117283 1 16
 3.754856 -0.572678 1 1
 3.754856 -0.382343 1 2
 3.754856 -0.382343 1 3
 3.754856 -0.232409 1 4
 3.754856 -0.221930 1 5
 3.754856 -0.221930 1 6
 3.754856 -0.138515 1 7
 3.754856 -0.138515 1 8
 3.754856 -0.124042 1 9
 3.754856 -0.095711 1 10
 3.754856 -0.095711 1 11
 3.754856 -0.048583 1 12
 3.754856 -0.048583 1 13
 3.754856 -0.029022 1 14
 3.754856  0.118352 1 15
 3.754856  0.118352 1 16
 3.765681 -0.574831 1 1
 3.765681 -0.383181 1 2
 3.765681 -0.383181 1 3
 3.765681 -0.227035 1 4
 3.765681 -0.218624 1 5
 3.765681 -0.218624 1 6
 3.765681 -0.138779 1 7
 3.765681 -0.138779 1 8
 3.765681 -0.125305 1 9
 3.765681 -0.099044 1 10
 3.765681 -0.099044 1 11
 3.765681 -0.048296 1 12
 3.765681 -0.048296 1 13
 3.765681 -0.028419 1 14
 3.765681  0.119345 1 15
 3.765681  0.119345 1 16
 3.776506 -0.576796 1 1
 3.776506 -0.383946 1 2
 3.776506 -0.383946 1 3
 3.776506 -0.222089 1 4
 3.776506 -0.215472 1 5
 3.776506 -0.215472 1 6
 3.776506 -0.139023 1 7
 3.776506 -0.139023 1 8
 3.776506 -0.126541 1 9
 3.776506 -0.102262 1 10
 3.776506 -0.102262 1 11
 3.776506 -0.048028 1 12
 3.776506 -0.048028 1 13
 3.776506 -0.027849 1 14
 3.776506  0.120267 1 15
 3.776506  0.120267 1 16
 3.787332 -0.578600 1 1
 3.787332 -0.384628 1 2
 3.787332 -0.384628 1 3
 3.787332 -0.217583 1 4
 3.787332 -0.212505 1 5
 3.787332 -0.212505 1 6
 3.787332 -0.139247 1 7
 3.787332 -0.139247 1 8
 3.787332 -0.127757 1 9
 3.787332 -0.105336 1 10
 3.787332 -0.105336 1 11
 3.787332 -0.047784 1 12
 3.787332 -0.047784 1 13
 3.787332 -0.027305 1 14
 3.787332  0.121119 1 15
 3.787332  0.121119 1 16
 3.798157 -0.580263 1 1
 3.798157 -0.385217 1 2
 3.798157 -0.385217 1 3
 3.798157 -0.213516 1 4
 3.798157 -0.209757 1 5
 3.798157 -0.209757 1 6
 3.798157 -0.139449 1 7
 3.798157 -0.139449 1 8
 3.798157 -0.128958 1 9
 3.798157 -0.108231 1 10
 3.798157 -0.108231 1 11
 3.798157 -0.047564 1 12
 3.798157 -0.047564 1 13
 3.798157 -0.026784 1 14
 3.798157  0.121902 1 15
 3.798157  0.121902 1 16
 3.808982 -0.581787 1 1
 3.808982 -0.385710 1 2
 3.808982 -0.385710 1 3
 3.808982 -0.209889 1 4
 3.808982 -0.207263 1 5
 3.808982 -0.207263 1 6
 3.808982 -0.139629 1 7
 3.808982 -0.139629 1 8
 3.808982 -0.130140 1 9
 3.808982 -0.110905 1 10
 3.808982 -0.110905 1 11
 3.808982 -0.047372 1 12
 3.808982 -0.047372 1 13
 3.808982 -0.026291 1 14
 3.808982  0.122609 1 15
 3.808982  0.122609 1 16
 3.819807 -0.583161 1 1
 3.819807 -0.386103 1 2
 3.819807 -0.386103 1 3
 3.819807 -0.206709 1 4
 3.819807 -0.205057 1 5
 3.819807 -0.205057 1 6
 3.819807 -0.139785 1 7
 3.819807 -0.139785 1 8
 3.819807 -0.131286 1 9
 3.819807 -0.113310 1 10
 3.819807 -0.113310 1 11
 3.819807 -0.047207 1 12
 3.819807 -0.047207 1 13
 3.819807 -0.025834 1 14
 3.819807  0.123234 1 15
 3.819807  0.123234 1 16
 3.830633 -0.584360 1 1
 3.830633 -0.386401 1 2
 3.830633 -0.386401 1 3
 3.830633 -0.204000 1 4
 3.830633 -0.203180 1 5
 3.830633 -0.203180 1 6
 3.830633 -0.139915 1 7
 3.830633 -0.139915 1 8
 3.830633 -0.132358 1 9
 3.830633 -0.115392 1 10
 3.830633 -0.115392 1 11
 3.830633 -0.047072 1 12
 3.830633 -0.047072 1 13
 3.830633 -0.025428 1 14
 3.830633  0.123765 1 15
 3.830633  0.123765 1 16
 3.841458 -0.585346 1 1
 3.841458 -0.386609 1 2
 3.841458 -0.386609 1 3
 3.841458 -0.201804 1 4
 3.841458 -0.201668 1 5
 3.841458 -0.201668 1 6
 3.841458 -0.140019 1 7
 3.841458 -0.140019 1 8
 3.841458 -0.133301 1 9
 3.841458 -0.117093 1 10
 3.841458 -0.117093 1 11
 3.841458 -0.046966 1 12
 3.841458 -0.046966 1 13
 3.841458 -0.025087 1 14
 3.841458  0.124194 1 15
 3.841458  0.124194 1 16
 3.852283 -0.586084 1 1
 3.852283 -0.386736 1 2
 3.852283 -0.386736 1 3
 3.852283 -0.200557 1 4
 3.852283 -0.200557 1 5
 3.852283 -0.200174 1 6
 3.852283 -0.140094 1 7
 3.852283 -0.140094 1 8
 3.852283 -0.134048 1 9
 3.852283 -0.118360 1 10
 3.852283 -0.118360 1 11
 3.852283 -0.046891 1 12
 3.852283 -0.046891 1 13
 3.852283 -0.024829 1 14
 3.852283  0.124509 1 15
 3.852283  0.124509 1 16
 3.863109 -0.586538 1 1
 3.863109 -0.386790 1 2
 3.863109 -0.386790 1 3
 3.863109 -0.199878 1 4
 3.863109 -0.199878 1 5
 3.863109 -0.199167 1 6
 3.863109 -0.140139 1 7
 3.863109 -0.140139 1 8
 3.863109 -0.134530 1 9
 3.863109 -0.119147 1 10
 3.863109 -0.119147 1 11
 3.863109 -0.046846 1 12
 3.863109 -0.046846 1 13
 3.863109 -0.024666 1 14
 3.863109  0.124702 1 15
 3.863109  0.124702 1 16
 3.873934 -0.586686 1 1
 3.873934 -0.386780 1 2
 3.873934 -0.386780 1 3
 3.873934 -0.199649 1 4
 3.873934 -0.199649 1 5
 3.873934 -0.198825 1 6
 3.873934 -0.140155 1 7
 3.873934 -0.140155 1 8
 3.873934 -0.134697 1 9
 3.873934 -0.119425 1 10
 3.873934 -0.119425 1 11
 3.873934 -0.046831 1 12
 3.873934 -0.046831 1 13
 3.873934 -0.024609 1 14
 3.873934  0.124767 1 15
 3.873934  0.124767 1 16
