        0.00000       -0.58897   2   1
        0.00000       -0.39163   2   2
        0.00000       -0.39163   2   3
        0.00000       -0.20452   2   4
        0.00000       -0.20452   2   5
        0.00000       -0.20386   2   6
        0.00000       -0.14804   2   7
        0.00000       -0.14804   2   8
        0.00000       -0.14259   2   9
        0.00000       -0.12744   2  10
        0.00000       -0.12744   2  11
        0.00000       -0.05583   2  12
        0.00000       -0.05583   2  13
        0.00000       -0.03333   2  14
        0.00000        0.11612   2  15
        0.00000        0.11612   2  16
        0.06186       -0.58479   2   1
        0.06186       -0.39040   2   2
        0.06186       -0.39040   2   3
        0.06186       -0.21200   2   4
        0.06186       -0.21200   2   5
        0.06186       -0.21144   2   6
        0.06186       -0.14760   2   7
        0.06186       -0.14760   2   8
        0.06186       -0.13829   2   9
        0.06186       -0.11963   2  10
        0.06186       -0.11963   2  11
        0.06186       -0.05633   2  12
        0.06186       -0.05633   2  13
        0.06186       -0.03422   2  14
        0.06186        0.11441   2  15
        0.06186        0.11441   2  16
        0.12372       -0.57243   2   1
        0.12372       -0.38678   2   2
        0.12372       -0.38678   2   3
        0.12372       -0.23054   2   4
        0.12372       -0.22889   2   5
        0.12372       -0.22889   2   6
        0.12372       -0.14632   2   7
        0.12372       -0.14632   2   8
        0.12372       -0.12921   2   9
        0.12372       -0.10192   2  10
        0.12372       -0.10192   2  11
        0.12372       -0.05768   2  12
        0.12372       -0.05768   2  13
        0.12372       -0.03673   2  14
        0.12372        0.10940   2  15
        0.12372        0.10940   2  16
        0.18558       -0.55253   2   1
        0.18558       -0.38088   2   2
        0.18558       -0.38088   2   3
        0.18558       -0.25720   2   4
        0.18558       -0.24880   2   5
        0.18558       -0.24880   2   6
        0.18558       -0.14443   2   7
        0.18558       -0.14443   2   8
        0.18558       -0.12002   2   9
        0.18558       -0.08146   2  10
        0.18558       -0.08146   2  11
        0.18558       -0.05924   2  12
        0.18558       -0.05924   2  13
        0.18558       -0.04048   2  14
        0.18558        0.10146   2  15
        0.18558        0.10146   2  16
        0.24744       -0.52620   2   1
        0.24744       -0.37285   2   2
        0.24744       -0.37285   2   3
        0.24744       -0.29033   2   4
        0.24744       -0.26893   2   5
        0.24744       -0.26893   2   6
        0.24744       -0.14222   2   7
        0.24744       -0.14222   2   8
        0.24744       -0.11294   2   9
        0.24744       -0.06713   2  10
        0.24744       -0.06713   2  11
        0.24744       -0.05489   2  12
        0.24744       -0.05489   2  13
        0.24744       -0.04483   2  14
        0.24744        0.09128   2  15
        0.24744        0.09128   2  16
        0.30929       -0.49447   2   1
        0.30929       -0.36307   2   2
        0.30929       -0.36307   2   3
        0.30929       -0.32939   2   4
        0.30929       -0.28767   2   5
        0.30929       -0.28767   2   6
        0.30929       -0.14009   2   7
        0.30929       -0.14009   2   8
        0.30929       -0.10860   2   9
        0.30929       -0.06720   2  10
        0.30929       -0.06720   2  11
        0.30929       -0.04896   2  12
        0.30929       -0.03795   2  13
        0.30929       -0.03795   2  14
        0.30929        0.08012   2  15
        0.30929        0.08012   2  16
        0.37115       -0.45778   2   1
        0.37115       -0.37256   2   2
        0.37115       -0.35300   2   3
        0.37115       -0.35300   2   4
        0.37115       -0.30313   2   5
        0.37115       -0.30313   2   6
        0.37115       -0.13853   2   7
        0.37115       -0.13853   2   8
        0.37115       -0.10653   2   9
        0.37115       -0.06869   2  10
        0.37115       -0.06869   2  11
        0.37115       -0.05196   2  12
        0.37115       -0.02356   2  13
        0.37115       -0.02356   2  14
        0.37115        0.07041   2  15
        0.37115        0.07041   2  16
        0.43301       -0.41860   2   1
        0.43301       -0.41443   2   2
        0.43301       -0.34766   2   3
        0.43301       -0.34766   2   4
        0.43301       -0.31024   2   5
        0.43301       -0.31024   2   6
        0.43301       -0.13794   2   7
        0.43301       -0.13794   2   8
        0.43301       -0.10595   2   9
        0.43301       -0.06930   2  10
        0.43301       -0.06930   2  11
        0.43301       -0.05306   2  12
        0.43301       -0.01778   2  13
        0.43301       -0.01778   2  14
        0.43301        0.06626   2  15
        0.43301        0.06626   2  16
        0.43301       -0.41860   2   1
        0.43301       -0.41443   2   2
        0.43301       -0.34766   2   3
        0.43301       -0.34766   2   4
        0.43301       -0.31024   2   5
        0.43301       -0.31024   2   6
        0.43301       -0.13794   2   7
        0.43301       -0.13794   2   8
        0.43301       -0.10595   2   9
        0.43301       -0.06930   2  10
        0.43301       -0.06930   2  11
        0.43301       -0.05306   2  12
        0.43301       -0.01778   2  13
        0.43301       -0.01778   2  14
        0.43301        0.06626   2  15
        0.43301        0.06626   2  16
        0.48826       -0.41940   2   1
        0.48826       -0.41661   2   2
        0.48826       -0.34821   2   3
        0.48826       -0.34660   2   4
        0.48826       -0.31079   2   5
        0.48826       -0.31006   2   6
        0.48826       -0.13834   2   7
        0.48826       -0.13748   2   8
        0.48826       -0.10568   2   9
        0.48826       -0.06956   2  10
        0.48826       -0.06952   2  11
        0.48826       -0.05252   2  12
        0.48826       -0.02065   2  13
        0.48826       -0.01889   2  14
        0.48826        0.06597   2  15
        0.48826        0.06773   2  16
        0.54350       -0.42268   2   1
        0.54350       -0.42196   2   2
        0.54350       -0.34967   2   3
        0.54350       -0.34380   2   4
        0.54350       -0.31240   2   5
        0.54350       -0.30980   2   6
        0.54350       -0.13929   2   7
        0.54350       -0.13650   2   8
        0.54350       -0.10447   2   9
        0.54350       -0.07093   2  10
        0.54350       -0.07037   2  11
        0.54350       -0.05113   2  12
        0.54350       -0.02735   2  13
        0.54350       -0.02187   2  14
        0.54350        0.06514   2  15
        0.54350        0.07117   2  16
        0.59874       -0.43174   2   1
        0.59874       -0.42670   2   2
        0.59874       -0.35163   2   3
        0.59874       -0.34009   2   4
        0.59874       -0.31502   2   5
        0.59874       -0.31022   2   6
        0.59874       -0.14011   2   7
        0.59874       -0.13596   2   8
        0.59874       -0.10144   2   9
        0.59874       -0.07512   2  10
        0.59874       -0.07230   2  11
        0.59874       -0.04953   2  12
        0.59874       -0.03327   2  13
        0.59874       -0.02582   2  14
        0.59874        0.06391   2  15
        0.59874        0.07486   2  16
        0.65398       -0.44283   2   1
        0.65398       -0.43398   2   2
        0.65398       -0.35358   2   3
        0.65398       -0.33622   2   4
        0.65398       -0.31863   2   5
        0.65398       -0.31237   2   6
        0.65398       -0.13991   2   7
        0.65398       -0.13650   2   8
        0.65398       -0.09606   2   9
        0.65398       -0.08341   2  10
        0.65398       -0.07566   2  11
        0.65398       -0.04824   2  12
        0.65398       -0.03455   2  13
        0.65398       -0.02956   2  14
        0.65398        0.06246   2  15
        0.65398        0.07754   2  16
        0.70923       -0.45514   2   1
        0.70923       -0.44385   2   2
        0.70923       -0.35520   2   3
        0.70923       -0.33285   2   4
        0.70923       -0.32324   2   5
        0.70923       -0.31711   2   6
        0.70923       -0.13810   2   7
        0.70923       -0.13793   2   8
        0.70923       -0.09376   2   9
        0.70923       -0.08874   2  10
        0.70923       -0.08029   2  11
        0.70923       -0.04675   2  12
        0.70923       -0.03219   2  13
        0.70923       -0.03203   2  14
        0.70923        0.06096   2  15
        0.70923        0.07871   2  16
        0.76447       -0.46787   2   1
        0.76447       -0.45575   2   2
        0.76447       -0.35665   2   3
        0.76447       -0.33138   2   4
        0.76447       -0.32882   2   5
        0.76447       -0.32387   2   6
        0.76447       -0.13968   2   7
        0.76447       -0.13525   2   8
        0.76447       -0.10227   2   9
        0.76447       -0.08532   2  10
        0.76447       -0.08040   2  11
        0.76447       -0.04479   2  12
        0.76447       -0.03334   2  13
        0.76447       -0.02795   2  14
        0.76447        0.05953   2  15
        0.76447        0.07829   2  16
        0.81971       -0.48018   2   1
        0.81971       -0.46865   2   2
        0.81971       -0.35855   2   3
        0.81971       -0.33812   2   4
        0.81971       -0.33504   2   5
        0.81971       -0.32637   2   6
        0.81971       -0.14128   2   7
        0.81971       -0.13400   2   8
        0.81971       -0.10464   2   9
        0.81971       -0.08957   2  10
        0.81971       -0.07206   2  11
        0.81971       -0.04257   2  12
        0.81971       -0.03297   2  13
        0.81971       -0.02358   2  14
        0.81971        0.05825   2  15
        0.81971        0.07650   2  16
        0.87495       -0.49128   2   1
        0.87495       -0.48135   2   2
        0.87495       -0.36196   2   3
        0.87495       -0.35033   2   4
        0.87495       -0.34110   2   5
        0.87495       -0.32676   2   6
        0.87495       -0.14247   2   7
        0.87495       -0.13567   2   8
        0.87495       -0.09949   2   9
        0.87495       -0.09230   2  10
        0.87495       -0.06458   2  11
        0.87495       -0.04015   2  12
        0.87495       -0.03119   2  13
        0.87495       -0.01965   2  14
        0.87495        0.05723   2  15
        0.87495        0.07372   2  16
        0.93020       -0.50049   2   1
        0.93020       -0.49274   2   2
        0.93020       -0.36779   2   3
        0.93020       -0.36374   2   4
        0.93020       -0.34611   2   5
        0.93020       -0.32846   2   6
        0.93020       -0.14296   2   7
        0.93020       -0.13750   2   8
        0.93020       -0.09345   2   9
        0.93020       -0.09053   2  10
        0.93020       -0.05858   2  11
        0.93020       -0.03737   2  12
        0.93020       -0.02833   2  13
        0.93020       -0.01675   2  14
        0.93020        0.05677   2  15
        0.93020        0.07046   2  16
        0.98544       -0.50734   2   1
        0.98544       -0.50195   2   2
        0.98544       -0.37716   2   3
        0.98544       -0.37589   2   4
        0.98544       -0.35011   2   5
        0.98544       -0.33178   2   6
        0.98544       -0.14247   2   7
        0.98544       -0.13755   2   8
        0.98544       -0.09357   2   9
        0.98544       -0.08125   2  10
        0.98544       -0.05415   2  11
        0.98544       -0.03385   2  12
        0.98544       -0.02525   2  13
        0.98544       -0.01534   2  14
        0.98544        0.05727   2  15
        0.98544        0.06730   2  16
        1.04068       -0.51162   2   1
        1.04068       -0.50840   2   2
        1.04068       -0.38994   2   3
        1.04068       -0.38534   2   4
        1.04068       -0.35379   2   5
        1.04068       -0.33655   2   6
        1.04068       -0.14077   2   7
        1.04068       -0.13550   2   8
        1.04068       -0.09336   2   9
        1.04068       -0.07367   2  10
        1.04068       -0.05094   2  11
        1.04068       -0.02937   2  12
        1.04068       -0.02302   2  13
        1.04068       -0.01573   2  14
        1.04068        0.05898   2  15
        1.04068        0.06487   2  16
        1.09593       -0.51333   2   1
        1.09593       -0.51181   2   2
        1.09593       -0.40170   2   3
        1.09593       -0.39542   2   4
        1.09593       -0.35764   2   5
        1.09593       -0.34237   2   6
        1.09593       -0.13786   2   7
        1.09593       -0.13166   2   8
        1.09593       -0.09336   2   9
        1.09593       -0.06863   2  10
        1.09593       -0.04858   2  11
        1.09593       -0.02433   2  12
        1.09593       -0.02226   2  13
        1.09593       -0.01805   2  14
        1.09593        0.06165   2  15
        1.09593        0.06373   2  16
        1.15117       -0.51261   2   1
        1.15117       -0.51217   2   2
        1.15117       -0.41218   2   3
        1.15117       -0.40568   2   4
        1.15117       -0.36182   2   5
        1.15117       -0.34881   2   6
        1.15117       -0.13387   2   7
        1.15117       -0.12662   2   8
        1.15117       -0.09381   2   9
        1.15117       -0.06596   2  10
        1.15117       -0.04687   2  11
        1.15117       -0.02285   2  12
        1.15117       -0.02208   2  13
        1.15117       -0.01989   2  14
        1.15117        0.06427   2  15
        1.15117        0.06456   2  16
        1.20641       -0.50976   2   1
        1.20641       -0.50972   2   2
        1.20641       -0.42116   2   3
        1.20641       -0.41569   2   4
        1.20641       -0.36630   2   5
        1.20641       -0.35545   2   6
        1.20641       -0.12905   2   7
        1.20641       -0.12101   2   8
        1.20641       -0.09476   2   9
        1.20641       -0.06512   2  10
        1.20641       -0.04587   2  11
        1.20641       -0.02723   2  12
        1.20641       -0.02423   2  13
        1.20641       -0.01723   2  14
        1.20641        0.06651   2  15
        1.20641        0.06689   2  16
        1.26165       -0.50524   2   1
        1.26165       -0.50495   2   2
        1.26165       -0.42827   2   3
        1.26165       -0.42489   2   4
        1.26165       -0.37097   2   5
        1.26165       -0.36193   2   6
        1.26165       -0.12368   2   7
        1.26165       -0.11546   2   8
        1.26165       -0.09613   2   9
        1.26165       -0.06573   2  10
        1.26165       -0.04586   2  11
        1.26165       -0.03263   2  12
        1.26165       -0.02567   2  13
        1.26165       -0.01689   2  14
        1.26165        0.06815   2  15
        1.26165        0.07001   2  16
        1.31690       -0.49993   2   1
        1.31690       -0.49882   2   2
        1.31690       -0.43289   2   3
        1.31690       -0.43235   2   4
        1.31690       -0.37563   2   5
        1.31690       -0.36799   2   6
        1.31690       -0.11806   2   7
        1.31690       -0.11051   2   8
        1.31690       -0.09779   2   9
        1.31690       -0.06758   2  10
        1.31690       -0.04724   2  11
        1.31690       -0.03731   2  12
        1.31690       -0.02646   2  13
        1.31690       -0.01859   2  14
        1.31690        0.06827   2  15
        1.31690        0.07402   2  16
        1.31690       -0.49993   2   1
        1.31690       -0.49882   2   2
        1.31690       -0.43289   2   3
        1.31690       -0.43235   2   4
        1.31690       -0.37563   2   5
        1.31690       -0.36799   2   6
        1.31690       -0.11806   2   7
        1.31690       -0.11051   2   8
        1.31690       -0.09779   2   9
        1.31690       -0.06758   2  10
        1.31690       -0.04724   2  11
        1.31690       -0.03731   2  12
        1.31690       -0.02646   2  13
        1.31690       -0.01859   2  14
        1.31690        0.06827   2  15
        1.31690        0.07402   2  16
        1.37582       -0.49502   2   1
        1.37582       -0.49277   2   2
        1.37582       -0.43662   2   3
        1.37582       -0.43403   2   4
        1.37582       -0.38031   2   5
        1.37582       -0.37370   2   6
        1.37582       -0.11238   2   7
        1.37582       -0.10640   2   8
        1.37582       -0.09957   2   9
        1.37582       -0.07032   2  10
        1.37582       -0.05030   2  11
        1.37582       -0.04115   2  12
        1.37582       -0.02622   2  13
        1.37582       -0.02156   2  14
        1.37582        0.06741   2  15
        1.37582        0.07793   2  16
        1.43475       -0.49270   2   1
        1.43475       -0.49018   2   2
        1.43475       -0.43469   2   3
        1.43475       -0.43029   2   4
        1.43475       -0.38424   2   5
        1.43475       -0.37841   2   6
        1.43475       -0.10913   2   7
        1.43475       -0.10389   2   8
        1.43475       -0.09981   2   9
        1.43475       -0.07250   2  10
        1.43475       -0.05418   2  11
        1.43475       -0.04483   2  12
        1.43475       -0.02505   2  13
        1.43475       -0.02391   2  14
        1.43475        0.06605   2  15
        1.43475        0.08073   2  16
        1.49367       -0.49352   2   1
        1.49367       -0.49218   2   2
        1.49367       -0.42672   2   3
        1.49367       -0.42228   2   4
        1.49367       -0.38654   2   5
        1.49367       -0.38192   2   6
        1.49367       -0.11166   2   7
        1.49367       -0.10283   2   8
        1.49367       -0.09599   2   9
        1.49367       -0.07324   2  10
        1.49367       -0.05744   2  11
        1.49367       -0.04915   2  12
        1.49367       -0.02424   2  13
        1.49367       -0.02348   2  14
        1.49367        0.06463   2  15
        1.49367        0.08196   2  16
        1.55260       -0.49693   2   1
        1.55260       -0.49648   2   2
        1.55260       -0.41739   2   3
        1.55260       -0.41232   2   4
        1.55260       -0.38503   2   5
        1.55260       -0.38394   2   6
        1.55260       -0.11809   2   7
        1.55260       -0.10246   2   8
        1.55260       -0.09081   2   9
        1.55260       -0.07389   2  10
        1.55260       -0.05865   2  11
        1.55260       -0.05221   2  12
        1.55260       -0.02286   2  13
        1.55260       -0.02203   2  14
        1.55260        0.06352   2  15
        1.55260        0.08144   2  16
        1.61152       -0.50247   2   1
        1.61152       -0.50032   2   2
        1.61152       -0.41244   2   3
        1.61152       -0.40332   2   4
        1.61152       -0.38377   2   5
        1.61152       -0.37690   2   6
        1.61152       -0.12674   2   7
        1.61152       -0.10208   2   8
        1.61152       -0.08612   2   9
        1.61152       -0.07708   2  10
        1.61152       -0.05704   2  11
        1.61152       -0.05077   2  12
        1.61152       -0.02120   2  13
        1.61152       -0.02076   2  14
        1.61152        0.06287   2  15
        1.61152        0.07928   2  16
        1.67045       -0.50763   2   1
        1.67045       -0.50406   2   2
        1.67045       -0.41183   2   3
        1.67045       -0.39802   2   4
        1.67045       -0.38037   2   5
        1.67045       -0.36447   2   6
        1.67045       -0.13617   2   7
        1.67045       -0.10153   2   8
        1.67045       -0.08261   2   9
        1.67045       -0.08222   2  10
        1.67045       -0.05281   2  11
        1.67045       -0.04533   2  12
        1.67045       -0.02144   2  13
        1.67045       -0.01868   2  14
        1.67045        0.06270   2  15
        1.67045        0.07585   2  16
        1.72938       -0.51173   2   1
        1.72938       -0.50710   2   2
        1.72938       -0.41266   2   3
        1.72938       -0.39613   2   4
        1.72938       -0.37524   2   5
        1.72938       -0.35254   2   6
        1.72938       -0.14471   2   7
        1.72938       -0.10093   2   8
        1.72938       -0.08714   2   9
        1.72938       -0.08035   2  10
        1.72938       -0.04701   2  11
        1.72938       -0.03867   2  12
        1.72938       -0.02298   2  13
        1.72938       -0.01703   2  14
        1.72938        0.06284   2  15
        1.72938        0.07194   2  16
        1.78830       -0.51435   2   1
        1.78830       -0.50905   2   2
        1.78830       -0.41350   2   3
        1.78830       -0.39555   2   4
        1.78830       -0.37127   2   5
        1.78830       -0.34420   2   6
        1.78830       -0.15071   2   7
        1.78830       -0.10042   2   8
        1.78830       -0.09059   2   9
        1.78830       -0.07914   2  10
        1.78830       -0.04121   2  11
        1.78830       -0.03331   2  12
        1.78830       -0.02558   2  13
        1.78830       -0.01600   2  14
        1.78830        0.06308   2  15
        1.78830        0.06872   2  16
        1.84723       -0.51525   2   1
        1.84723       -0.50972   2   2
        1.84723       -0.41382   2   3
        1.84723       -0.39542   2   4
        1.84723       -0.36984   2   5
        1.84723       -0.34122   2   6
        1.84723       -0.15288   2   7
        1.84723       -0.10019   2   8
        1.84723       -0.09186   2   9
        1.84723       -0.07875   2  10
        1.84723       -0.03823   2  11
        1.84723       -0.03125   2  12
        1.84723       -0.02739   2  13
        1.84723       -0.01565   2  14
        1.84723        0.06318   2  15
        1.84723        0.06745   2  16
        1.84723       -0.51525   2   1
        1.84723       -0.50972   2   2
        1.84723       -0.41382   2   3
        1.84723       -0.39542   2   4
        1.84723       -0.36984   2   5
        1.84723       -0.34122   2   6
        1.84723       -0.15288   2   7
        1.84723       -0.10019   2   8
        1.84723       -0.09186   2   9
        1.84723       -0.07875   2  10
        1.84723       -0.03823   2  11
        1.84723       -0.03125   2  12
        1.84723       -0.02739   2  13
        1.84723       -0.01565   2  14
        1.84723        0.06318   2  15
        1.84723        0.06745   2  16
        1.90250       -0.51492   2   1
        1.90250       -0.50661   2   2
        1.90250       -0.41882   2   3
        1.90250       -0.39041   2   4
        1.90250       -0.37026   2   5
        1.90250       -0.34018   2   6
        1.90250       -0.15293   2   7
        1.90250       -0.10044   2   8
        1.90250       -0.09139   2   9
        1.90250       -0.07879   2  10
        1.90250       -0.04043   2  11
        1.90250       -0.03568   2  12
        1.90250       -0.02400   2  13
        1.90250       -0.01523   2  14
        1.90250        0.06370   2  15
        1.90250        0.06734   2  16
        1.95778       -0.51160   2   1
        1.95778       -0.49975   2   2
        1.95778       -0.42815   2   3
        1.95778       -0.38088   2   4
        1.95778       -0.37137   2   5
        1.95778       -0.33718   2   6
        1.95778       -0.15300   2   7
        1.95778       -0.10118   2   8
        1.95778       -0.09009   2   9
        1.95778       -0.07882   2  10
        1.95778       -0.04566   2  11
        1.95778       -0.04229   2  12
        1.95778       -0.02048   2  13
        1.95778       -0.01488   2  14
        1.95778        0.06521   2  15
        1.95778        0.06696   2  16
        2.01306       -0.50341   2   1
        2.01306       -0.49171   2   2
        2.01306       -0.43792   2   3
        2.01306       -0.37286   2   4
        2.01306       -0.36995   2   5
        2.01306       -0.33237   2   6
        2.01306       -0.15295   2   7
        2.01306       -0.10242   2   8
        2.01306       -0.08837   2   9
        2.01306       -0.07877   2  10
        2.01306       -0.05142   2  11
        2.01306       -0.04947   2  12
        2.01306       -0.01842   2  13
        2.01306       -0.01567   2  14
        2.01306        0.06608   2  15
        2.01306        0.06765   2  16
        2.06833       -0.49003   2   1
        2.06833       -0.48538   2   2
        2.06833       -0.44529   2   3
        2.06833       -0.37449   2   4
        2.06833       -0.35797   2   5
        2.06833       -0.32587   2   6
        2.06833       -0.15263   2   7
        2.06833       -0.10412   2   8
        2.06833       -0.08728   2   9
        2.06833       -0.07851   2  10
        2.06833       -0.05683   2  11
        2.06833       -0.05517   2  12
        2.06833       -0.01811   2  13
        2.06833       -0.01772   2  14
        2.06833        0.06443   2  15
        2.06833        0.07092   2  16
        2.12361       -0.48822   2   1
        2.12361       -0.46936   2   2
        2.12361       -0.44548   2   3
        2.12361       -0.37619   2   4
        2.12361       -0.34487   2   5
        2.12361       -0.31779   2   6
        2.12361       -0.15196   2   7
        2.12361       -0.10625   2   8
        2.12361       -0.08859   2   9
        2.12361       -0.07722   2  10
        2.12361       -0.06410   2  11
        2.12361       -0.05514   2  12
        2.12361       -0.02044   2  13
        2.12361       -0.01966   2  14
        2.12361        0.06180   2  15
        2.12361        0.07491   2  16
        2.17889       -0.49814   2   1
        2.17889       -0.44474   2   2
        2.17889       -0.43835   2   3
        2.17889       -0.37799   2   4
        2.17889       -0.33056   2   5
        2.17889       -0.30827   2   6
        2.17889       -0.15097   2   7
        2.17889       -0.10876   2   8
        2.17889       -0.09209   2   9
        2.17889       -0.07480   2  10
        2.17889       -0.07110   2  11
        2.17889       -0.05182   2  12
        2.17889       -0.02301   2  13
        2.17889       -0.02296   2  14
        2.17889        0.05839   2  15
        2.17889        0.07952   2  16
        2.23417       -0.51178   2   1
        2.23417       -0.42956   2   2
        2.23417       -0.41537   2   3
        2.23417       -0.37993   2   4
        2.23417       -0.31510   2   5
        2.23417       -0.29754   2   6
        2.23417       -0.14980   2   7
        2.23417       -0.11161   2   8
        2.23417       -0.09611   2   9
        2.23417       -0.07783   2  10
        2.23417       -0.07234   2  11
        2.23417       -0.04740   2  12
        2.23417       -0.02785   2  13
        2.23417       -0.02427   2  14
        2.23417        0.05496   2  15
        2.23417        0.08466   2  16
        2.28944       -0.52647   2   1
        2.28944       -0.42010   2   2
        2.28944       -0.38441   2   3
        2.28944       -0.38201   2   4
        2.28944       -0.29872   2   5
        2.28944       -0.28588   2   6
        2.28944       -0.14862   2   7
        2.28944       -0.11475   2   8
        2.28944       -0.09998   2   9
        2.28944       -0.08453   2  10
        2.28944       -0.07069   2  11
        2.28944       -0.04417   2  12
        2.28944       -0.03361   2  13
        2.28944       -0.02402   2  14
        2.28944        0.05312   2  15
        2.28944        0.09018   2  16
        2.34472       -0.54094   2   1
        2.34472       -0.41161   2   2
        2.34472       -0.38414   2   3
        2.34472       -0.35277   2   4
        2.34472       -0.28181   2   5
        2.34472       -0.27351   2   6
        2.34472       -0.14756   2   7
        2.34472       -0.11810   2   8
        2.34472       -0.10404   2   9
        2.34472       -0.09164   2  10
        2.34472       -0.07042   2  11
        2.34472       -0.04272   2  12
        2.34472       -0.03956   2  13
        2.34472       -0.02441   2  14
        2.34472        0.05524   2  15
        2.34472        0.09585   2  16
        2.40000       -0.55437   2   1
        2.40000       -0.40451   2   2
        2.40000       -0.38619   2   3
        2.40000       -0.32162   2   4
        2.40000       -0.26482   2   5
        2.40000       -0.26055   2   6
        2.40000       -0.14667   2   7
        2.40000       -0.12157   2   8
        2.40000       -0.10908   2   9
        2.40000       -0.09958   2  10
        2.40000       -0.07181   2  11
        2.40000       -0.04494   2  12
        2.40000       -0.04252   2  13
        2.40000       -0.02828   2  14
        2.40000        0.06301   2  15
        2.40000        0.10137   2  16
        2.45527       -0.56615   2   1
        2.45527       -0.39906   2   2
        2.45527       -0.38803   2   3
        2.45527       -0.29159   2   4
        2.45527       -0.24825   2   5
        2.45527       -0.24711   2   6
        2.45527       -0.14596   2   7
        2.45527       -0.12518   2   8
        2.45527       -0.11574   2   9
        2.45527       -0.10845   2  10
        2.45527       -0.07584   2  11
        2.45527       -0.04926   2  12
        2.45527       -0.04523   2  13
        2.45527       -0.03320   2  14
        2.45527        0.07555   2  15
        2.45527        0.10637   2  16
        2.51055       -0.57582   2   1
        2.51055       -0.39531   2   2
        2.51055       -0.38956   2   3
        2.51055       -0.26305   2   4
        2.51055       -0.23339   2   5
        2.51055       -0.23260   2   6
        2.51055       -0.14545   2   7
        2.51055       -0.12950   2   8
        2.51055       -0.12397   2   9
        2.51055       -0.11738   2  10
        2.51055       -0.08556   2  11
        2.51055       -0.05237   2  12
        2.51055       -0.05100   2  13
        2.51055       -0.03443   2  14
        2.51055        0.09007   2  15
        2.51055        0.11053   2  16
        2.56583       -0.58302   2   1
        2.56583       -0.39306   2   2
        2.56583       -0.39070   2   3
        2.56583       -0.23661   2   4
        2.56583       -0.22012   2   5
        2.56583       -0.21871   2   6
        2.56583       -0.14524   2   7
        2.56583       -0.13619   2   8
        2.56583       -0.13292   2   9
        2.56583       -0.12378   2  10
        2.56583       -0.10198   2  11
        2.56583       -0.05443   2  12
        2.56583       -0.05438   2  13
        2.56583       -0.03403   2  14
        2.56583        0.10342   2  15
        2.56583        0.11361   2  16
        2.62111       -0.58746   2   1
        2.62111       -0.39195   2   2
        2.62111       -0.39139   2   3
        2.62111       -0.21449   2   4
        2.62111       -0.20918   2   5
        2.62111       -0.20821   2   6
        2.62111       -0.14599   2   7
        2.62111       -0.14420   2   8
        2.62111       -0.14041   2   9
        2.62111       -0.12665   2  10
        2.62111       -0.11934   2  11
        2.62111       -0.05559   2  12
        2.62111       -0.05549   2  13
        2.62111       -0.03353   2  14
        2.62111        0.11276   2  15
        2.62111        0.11549   2  16
        2.67638       -0.58897   2   1
        2.67638       -0.39163   2   2
        2.67638       -0.39163   2   3
        2.67638       -0.20452   2   4
        2.67638       -0.20452   2   5
        2.67638       -0.20386   2   6
        2.67638       -0.14804   2   7
        2.67638       -0.14804   2   8
        2.67638       -0.14259   2   9
        2.67638       -0.12744   2  10
        2.67638       -0.12744   2  11
        2.67638       -0.05583   2  12
        2.67638       -0.05583   2  13
        2.67638       -0.03333   2  14
        2.67638        0.11612   2  15
        2.67638        0.11612   2  16
        2.67638       -0.58897   2   1
        2.67638       -0.39163   2   2
        2.67638       -0.39163   2   3
        2.67638       -0.20452   2   4
        2.67638       -0.20452   2   5
        2.67638       -0.20386   2   6
        2.67638       -0.14804   2   7
        2.67638       -0.14804   2   8
        2.67638       -0.14259   2   9
        2.67638       -0.12744   2  10
        2.67638       -0.12744   2  11
        2.67638       -0.05583   2  12
        2.67638       -0.05583   2  13
        2.67638       -0.03333   2  14
        2.67638        0.11612   2  15
        2.67638        0.11612   2  16
        2.73040       -0.58758   2   1
        2.73040       -0.39208   2   2
        2.73040       -0.39132   2   3
        2.73040       -0.21198   2   4
        2.73040       -0.21165   2   5
        2.73040       -0.20762   2   6
        2.73040       -0.14531   2   7
        2.73040       -0.14495   2   8
        2.73040       -0.14061   2   9
        2.73040       -0.12583   2  10
        2.73040       -0.12043   2  11
        2.73040       -0.05573   2  12
        2.73040       -0.05534   2  13
        2.73040       -0.03350   2  14
        2.73040        0.11319   2  15
        2.73040        0.11520   2  16
        2.78441       -0.58347   2   1
        2.78441       -0.39350   2   2
        2.78441       -0.39044   2   3
        2.78441       -0.22953   2   4
        2.78441       -0.22833   2   5
        2.78441       -0.21647   2   6
        2.78441       -0.14329   2   7
        2.78441       -0.13833   2   8
        2.78441       -0.13444   2   9
        2.78441       -0.12023   2  10
        2.78441       -0.10437   2  11
        2.78441       -0.05503   2  12
        2.78441       -0.05400   2  13
        2.78441       -0.03390   2  14
        2.78441        0.10499   2  15
        2.78441        0.11245   2  16
        2.83843       -0.57671   2   1
        2.83843       -0.39602   2   2
        2.83843       -0.38912   2   3
        2.83843       -0.25209   2   4
        2.83843       -0.24786   2   5
        2.83843       -0.22853   2   6
        2.83843       -0.14171   2   7
        2.83843       -0.13082   2   8
        2.83843       -0.12921   2   9
        2.83843       -0.11161   2  10
        2.83843       -0.08726   2  11
        2.83843       -0.05226   2  12
        2.83843       -0.05200   2  13
        2.83843       -0.03415   2  14
        2.83843        0.09323   2  15
        2.83843        0.10790   2  16
        2.89244       -0.56744   2   1
        2.89244       -0.39972   2   2
        2.89244       -0.38758   2   3
        2.89244       -0.27800   2   4
        2.89244       -0.26778   2   5
        2.89244       -0.24241   2   6
        2.89244       -0.13981   2   7
        2.89244       -0.12458   2   8
        2.89244       -0.12367   2   9
        2.89244       -0.10336   2  10
        2.89244       -0.07572   2  11
        2.89244       -0.05105   2  12
        2.89244       -0.04332   2  13
        2.89244       -0.03363   2  14
        2.89244        0.08035   2  15
        2.89244        0.10163   2  16
        2.94646       -0.55588   2   1
        2.94646       -0.40446   2   2
        2.94646       -0.38613   2   3
        2.94646       -0.30668   2   4
        2.94646       -0.28710   2   5
        2.94646       -0.25737   2   6
        2.94646       -0.13756   2   7
        2.94646       -0.11986   2   8
        2.94646       -0.11760   2   9
        2.94646       -0.09680   2  10
        2.94646       -0.07064   2  11
        2.94646       -0.05114   2  12
        2.94646       -0.03188   2  13
        2.94646       -0.03050   2  14
        2.94646        0.06949   2  15
        2.94646        0.09381   2  16
        3.00047       -0.54228   2   1
        3.00047       -0.40990   2   2
        3.00047       -0.38532   2   3
        3.00047       -0.33737   2   4
        3.00047       -0.30535   2   5
        3.00047       -0.27302   2   6
        3.00047       -0.13502   2   7
        3.00047       -0.11513   2   8
        3.00047       -0.11297   2   9
        3.00047       -0.09177   2  10
        3.00047       -0.06768   2  11
        3.00047       -0.05242   2  12
        3.00047       -0.02924   2  13
        3.00047       -0.02087   2  14
        3.00047        0.06445   2  15
        3.00047        0.08474   2  16
        3.05449       -0.52699   2   1
        3.05449       -0.41559   2   2
        3.05449       -0.38732   2   3
        3.05449       -0.36724   2   4
        3.05449       -0.32214   2   5
        3.05449       -0.28914   2   6
        3.05449       -0.13229   2   7
        3.05449       -0.11075   2   8
        3.05449       -0.10971   2   9
        3.05449       -0.08774   2  10
        3.05449       -0.06475   2  11
        3.05449       -0.05418   2  12
        3.05449       -0.02633   2  13
        3.05449       -0.01899   2  14
        3.05449        0.06790   2  15
        3.05449        0.07492   2  16
        3.10850       -0.51040   2   1
        3.10850       -0.42109   2   2
        3.10850       -0.40644   2   3
        3.10850       -0.38086   2   4
        3.10850       -0.33722   2   5
        3.10850       -0.30555   2   6
        3.10850       -0.12945   2   7
        3.10850       -0.10732   2   8
        3.10850       -0.10716   2   9
        3.10850       -0.08426   2  10
        3.10850       -0.06171   2  11
        3.10850       -0.05579   2  12
        3.10850       -0.02353   2  13
        3.10850       -0.02348   2  14
        3.10850        0.06501   2  15
        3.10850        0.07783   2  16
        3.16252       -0.49307   2   1
        3.16252       -0.43504   2   2
        3.16252       -0.42607   2   3
        3.16252       -0.38450   2   4
        3.16252       -0.35034   2   5
        3.16252       -0.32210   2   6
        3.16252       -0.12653   2   7
        3.16252       -0.10517   2   8
        3.16252       -0.10463   2   9
        3.16252       -0.08113   2  10
        3.16252       -0.05944   2  11
        3.16252       -0.05681   2  12
        3.16252       -0.03005   2  13
        3.16252       -0.02113   2  14
        3.16252        0.05583   2  15
        3.16252        0.08994   2  16
        3.21653       -0.47582   2   1
        3.21653       -0.46080   2   2
        3.21653       -0.43031   2   3
        3.21653       -0.38904   2   4
        3.21653       -0.36136   2   5
        3.21653       -0.33866   2   6
        3.21653       -0.12354   2   7
        3.21653       -0.10315   2   8
        3.21653       -0.10271   2   9
        3.21653       -0.07835   2  10
        3.21653       -0.05959   2  11
        3.21653       -0.05703   2  12
        3.21653       -0.03492   2  13
        3.21653       -0.01935   2  14
        3.21653        0.04822   2  15
        3.21653        0.10122   2  16
        3.27055       -0.48265   2   1
        3.27055       -0.45852   2   2
        3.27055       -0.43362   2   3
        3.27055       -0.39549   2   4
        3.27055       -0.37017   2   5
        3.27055       -0.35503   2   6
        3.27055       -0.12046   2   7
        3.27055       -0.10245   2   8
        3.27055       -0.09978   2   9
        3.27055       -0.07605   2  10
        3.27055       -0.06306   2  11
        3.27055       -0.05642   2  12
        3.27055       -0.03611   2  13
        3.27055       -0.01842   2  14
        3.27055        0.04288   2  15
        3.27055        0.10997   2  16
        3.32456       -0.49835   2   1
        3.32456       -0.44418   2   2
        3.32456       -0.43580   2   3
        3.32456       -0.40327   2   4
        3.32456       -0.37672   2   5
        3.32456       -0.37098   2   6
        3.32456       -0.11737   2   7
        3.32456       -0.10208   2   8
        3.32456       -0.09676   2   9
        3.32456       -0.07441   2  10
        3.32456       -0.06778   2  11
        3.32456       -0.05506   2  12
        3.32456       -0.03479   2  13
        3.32456       -0.01838   2  14
        3.32456        0.04017   2  15
        3.32456        0.11520   2  16
        3.37858       -0.50846   2   1
        3.37858       -0.43670   2   2
        3.37858       -0.43660   2   3
        3.37858       -0.40838   2   4
        3.37858       -0.38660   2   5
        3.37858       -0.38070   2   6
        3.37858       -0.11448   2   7
        3.37858       -0.10161   2   8
        3.37858       -0.09489   2   9
        3.37858       -0.07347   2  10
        3.37858       -0.07066   2  11
        3.37858       -0.05313   2  12
        3.37858       -0.03261   2  13
        3.37858       -0.01913   2  14
        3.37858        0.04006   2  15
        3.37858        0.11640   2  16
        3.43259       -0.51299   2   1
        3.43259       -0.44260   2   2
        3.43259       -0.43624   2   3
        3.43259       -0.40427   2   4
        3.43259       -0.40126   2   5
        3.43259       -0.38255   2   6
        3.43259       -0.11210   2   7
        3.43259       -0.10094   2   8
        3.43259       -0.09562   2   9
        3.43259       -0.07300   2  10
        3.43259       -0.06950   2  11
        3.43259       -0.05083   2  12
        3.43259       -0.03027   2  13
        3.43259       -0.02046   2  14
        3.43259        0.04237   2  15
        3.43259        0.11344   2  16
        3.48661       -0.51212   2   1
        3.48661       -0.45647   2   2
        3.48661       -0.43453   2   3
        3.48661       -0.41505   2   4
        3.48661       -0.39648   2   5
        3.48661       -0.38201   2   6
        3.48661       -0.11029   2   7
        3.48661       -0.10068   2   8
        3.48661       -0.09817   2   9
        3.48661       -0.07256   2  10
        3.48661       -0.06495   2  11
        3.48661       -0.04831   2  12
        3.48661       -0.02790   2  13
        3.48661       -0.02217   2  14
        3.48661        0.04686   2  15
        3.48661        0.10665   2  16
        3.54062       -0.50603   2   1
        3.54062       -0.47292   2   2
        3.54062       -0.43249   2   3
        3.54062       -0.42707   2   4
        3.54062       -0.38982   2   5
        3.54062       -0.37923   2   6
        3.54062       -0.10921   2   7
        3.54062       -0.10169   2   8
        3.54062       -0.10086   2   9
        3.54062       -0.07166   2  10
        3.54062       -0.05902   2  11
        3.54062       -0.04561   2  12
        3.54062       -0.02536   2  13
        3.54062       -0.02401   2  14
        3.54062        0.05326   2  15
        3.54062        0.09682   2  16
        3.59464       -0.49517   2   1
        3.59464       -0.49000   2   2
        3.59464       -0.44072   2   3
        3.59464       -0.42684   2   4
        3.59464       -0.38526   2   5
        3.59464       -0.37436   2   6
        3.59464       -0.11082   2   7
        3.59464       -0.10282   2   8
        3.59464       -0.10265   2   9
        3.59464       -0.07025   2  10
        3.59464       -0.05332   2  11
        3.59464       -0.04268   2  12
        3.59464       -0.02576   2  13
        3.59464       -0.02240   2  14
        3.59464        0.06123   2  15
        3.59464        0.08525   2  16
        3.64865       -0.50773   2   1
        3.64865       -0.47892   2   2
        3.64865       -0.45153   2   3
        3.64865       -0.42221   2   4
        3.64865       -0.38279   2   5
        3.64865       -0.36764   2   6
        3.64865       -0.11722   2   7
        3.64865       -0.10385   2   8
        3.64865       -0.10142   2   9
        3.64865       -0.06873   2  10
        3.64865       -0.04904   2  11
        3.64865       -0.03961   2  12
        3.64865       -0.02718   2  13
        3.64865       -0.01924   2  14
        3.64865        0.07027   2  15
        3.64865        0.07401   2  16
        3.64865       -0.50773   2   1
        3.64865       -0.47892   2   2
        3.64865       -0.45153   2   3
        3.64865       -0.42221   2   4
        3.64865       -0.38279   2   5
        3.64865       -0.36764   2   6
        3.64865       -0.11722   2   7
        3.64865       -0.10385   2   8
        3.64865       -0.10142   2   9
        3.64865       -0.06873   2  10
        3.64865       -0.04904   2  11
        3.64865       -0.03961   2  12
        3.64865       -0.02718   2  13
        3.64865       -0.01924   2  14
        3.64865        0.07027   2  15
        3.64865        0.07401   2  16
        3.71179       -0.52711   2   1
        3.71179       -0.46299   2   2
        3.71179       -0.45517   2   3
        3.71179       -0.41588   2   4
        3.71179       -0.38205   2   5
        3.71179       -0.35784   2   6
        3.71179       -0.12854   2   7
        3.71179       -0.10406   2   8
        3.71179       -0.09893   2   9
        3.71179       -0.06735   2  10
        3.71179       -0.04681   2  11
        3.71179       -0.03645   2  12
        3.71179       -0.02802   2  13
        3.71179       -0.01726   2  14
        3.71179        0.06530   2  15
        3.71179        0.08146   2  16
        3.77492       -0.54482   2   1
        3.77492       -0.47292   2   2
        3.77492       -0.42703   2   3
        3.77492       -0.40921   2   4
        3.77492       -0.38283   2   5
        3.77492       -0.34650   2   6
        3.77492       -0.14228   2   7
        3.77492       -0.10363   2   8
        3.77492       -0.09638   2   9
        3.77492       -0.06660   2  10
        3.77492       -0.04845   2  11
        3.77492       -0.03542   2  12
        3.77492       -0.02686   2  13
        3.77492       -0.01947   2  14
        3.77492        0.06580   2  15
        3.77492        0.09243   2  16
        3.83806       -0.56018   2   1
        3.83806       -0.48116   2   2
        3.83806       -0.40292   2   3
        3.83806       -0.39691   2   4
        3.83806       -0.38375   2   5
        3.83806       -0.33434   2   6
        3.83806       -0.15750   2   7
        3.83806       -0.10315   2   8
        3.83806       -0.09424   2   9
        3.83806       -0.06644   2  10
        3.83806       -0.05552   2  11
        3.83806       -0.03684   2  12
        3.83806       -0.02402   2  13
        3.83806       -0.02335   2  14
        3.83806        0.07534   2  15
        3.83806        0.10234   2  16
        3.90119       -0.57266   2   1
        3.90119       -0.48758   2   2
        3.90119       -0.39774   2   3
        3.90119       -0.38753   2   4
        3.90119       -0.36356   2   5
        3.90119       -0.32224   2   6
        3.90119       -0.17364   2   7
        3.90119       -0.10343   2   8
        3.90119       -0.09272   2   9
        3.90119       -0.06684   2  10
        3.90119       -0.06668   2  11
        3.90119       -0.03937   2  12
        3.90119       -0.02539   2  13
        3.90119       -0.02109   2  14
        3.90119        0.08959   2  15
        3.90119        0.11057   2  16
        3.96433       -0.58185   2   1
        3.96433       -0.49212   2   2
        3.96433       -0.39413   2   3
        3.96433       -0.38894   2   4
        3.96433       -0.33433   2   5
        3.96433       -0.31143   2   6
        3.96433       -0.19005   2   7
        3.96433       -0.10550   2   8
        3.96433       -0.09186   2   9
        3.96433       -0.07740   2  10
        3.96433       -0.06713   2  11
        3.96433       -0.04207   2  12
        3.96433       -0.02592   2  13
        3.96433       -0.01878   2  14
        3.96433        0.10396   2  15
        3.96433        0.11668   2  16
        4.02746       -0.58747   2   1
        4.02746       -0.49482   2   2
        4.02746       -0.39213   2   3
        4.02746       -0.39003   2   4
        4.02746       -0.31094   2   5
        4.02746       -0.30365   2   6
        4.02746       -0.20459   2   7
        4.02746       -0.10917   2   8
        4.02746       -0.09150   2   9
        4.02746       -0.08335   2  10
        4.02746       -0.06754   2  11
        4.02746       -0.04411   2  12
        4.02746       -0.02593   2  13
        4.02746       -0.01733   2  14
        4.02746        0.11452   2  15
        4.02746        0.12043   2  16
        4.09060       -0.58936   2   1
        4.09060       -0.49570   2   2
        4.09060       -0.39151   2   3
        4.09060       -0.39042   2   4
        4.09060       -0.30115   2   5
        4.09060       -0.30077   2   6
        4.09060       -0.21123   2   7
        4.09060       -0.11114   2   8
        4.09060       -0.09142   2   9
        4.09060       -0.08498   2  10
        4.09060       -0.06772   2  11
        4.09060       -0.04487   2  12
        4.09060       -0.02590   2  13
        4.09060       -0.01683   2  14
        4.09060        0.11840   2  15
        4.09060        0.12169   2  16
        4.09060       -0.58936   2   1
        4.09060       -0.49570   2   2
        4.09060       -0.39151   2   3
        4.09060       -0.39042   2   4
        4.09060       -0.30115   2   5
        4.09060       -0.30077   2   6
        4.09060       -0.21123   2   7
        4.09060       -0.11114   2   8
        4.09060       -0.09142   2   9
        4.09060       -0.08498   2  10
        4.09060       -0.06772   2  11
        4.09060       -0.04487   2  12
        4.09060       -0.02590   2  13
        4.09060       -0.01683   2  14
        4.09060        0.11840   2  15
        4.09060        0.12169   2  16
        4.14472       -0.58614   2   1
        4.14472       -0.49534   2   2
        4.14472       -0.39058   2   3
        4.14472       -0.38944   2   4
        4.14472       -0.30567   2   5
        4.14472       -0.30244   2   6
        4.14472       -0.20780   2   7
        4.14472       -0.10988   2   8
        4.14472       -0.09151   2   9
        4.14472       -0.08484   2  10
        4.14472       -0.06745   2  11
        4.14472       -0.04488   2  12
        4.14472       -0.02603   2  13
        4.14472       -0.01724   2  14
        4.14472        0.11730   2  15
        4.14472        0.12042   2  16
        4.19885       -0.57664   2   1
        4.19885       -0.49435   2   2
        4.19885       -0.38781   2   3
        4.19885       -0.38655   2   4
        4.19885       -0.31833   2   5
        4.19885       -0.30616   2   6
        4.19885       -0.19928   2   7
        4.19885       -0.10677   2   8
        4.19885       -0.09186   2   9
        4.19885       -0.08397   2  10
        4.19885       -0.06683   2  11
        4.19885       -0.04482   2  12
        4.19885       -0.02634   2  13
        4.19885       -0.01837   2  14
        4.19885        0.11390   2  15
        4.19885        0.11665   2  16
        4.25298       -0.56128   2   1
        4.25298       -0.49309   2   2
        4.25298       -0.38331   2   3
        4.25298       -0.38192   2   4
        4.25298       -0.33513   2   5
        4.25298       -0.31186   2   6
        4.25298       -0.18855   2   7
        4.25298       -0.10389   2   8
        4.25298       -0.09269   2   9
        4.25298       -0.08104   2  10
        4.25298       -0.06633   2  11
        4.25298       -0.04441   2  12
        4.25298       -0.02653   2  13
        4.25298       -0.01991   2  14
        4.25298        0.10797   2  15
        4.25298        0.11053   2  16
        4.30710       -0.54057   2   1
        4.30710       -0.49217   2   2
        4.30710       -0.37726   2   3
        4.30710       -0.37641   2   4
        4.30710       -0.35258   2   5
        4.30710       -0.31883   2   6
        4.30710       -0.17735   2   7
        4.30710       -0.10329   2   8
        4.30710       -0.09415   2   9
        4.30710       -0.07527   2  10
        4.30710       -0.06652   2  11
        4.30710       -0.04341   2  12
        4.30710       -0.02603   2  13
        4.30710       -0.02137   2  14
        4.30710        0.09953   2  15
        4.30710        0.10235   2  16
        4.36123       -0.51505   2   1
        4.36123       -0.49248   2   2
        4.36123       -0.37796   2   3
        4.36123       -0.37010   2   4
        4.36123       -0.36059   2   5
        4.36123       -0.32604   2   6
        4.36123       -0.16658   2   7
        4.36123       -0.10497   2   8
        4.36123       -0.09629   2   9
        4.36123       -0.06856   2  10
        4.36123       -0.06763   2  11
        4.36123       -0.04195   2  12
        4.36123       -0.02390   2  13
        4.36123       -0.02207   2  14
        4.36123        0.08909   2  15
        4.36123        0.09265   2  16
        4.41536       -0.49544   2   1
        4.41536       -0.48502   2   2
        4.41536       -0.39091   2   3
        4.41536       -0.36306   2   4
        4.41536       -0.35273   2   5
        4.41536       -0.33165   2   6
        4.41536       -0.15685   2   7
        4.41536       -0.10806   2   8
        4.41536       -0.09903   2   9
        4.41536       -0.06935   2  10
        4.41536       -0.06374   2  11
        4.41536       -0.04069   2  12
        4.41536       -0.02144   2  13
        4.41536       -0.01943   2  14
        4.41536        0.07791   2  15
        4.41536        0.08229   2  16
        4.46948       -0.50182   2   1
        4.46948       -0.45154   2   2
        4.46948       -0.40149   2   3
        4.46948       -0.35967   2   4
        4.46948       -0.34093   2   5
        4.46948       -0.33171   2   6
        4.46948       -0.14870   2   7
        4.46948       -0.11199   2   8
        4.46948       -0.10214   2   9
        4.46948       -0.07107   2  10
        4.46948       -0.06200   2  11
        4.46948       -0.04034   2  12
        4.46948       -0.01974   2  13
        4.46948       -0.01389   2  14
        4.46948        0.06815   2  15
        4.46948        0.07266   2  16
        4.52361       -0.51213   2   1
        4.52361       -0.41542   2   2
        4.52361       -0.40689   2   3
        4.52361       -0.36227   2   4
        4.52361       -0.32718   2   5
        4.52361       -0.32361   2   6
        4.52361       -0.14264   2   7
        4.52361       -0.11639   2   8
        4.52361       -0.10533   2   9
        4.52361       -0.07216   2  10
        4.52361       -0.06277   2  11
        4.52361       -0.04106   2  12
        4.52361       -0.01883   2  13
        4.52361       -0.01093   2  14
        4.52361        0.06295   2  15
        4.52361        0.06588   2  16
        4.57774       -0.52515   2   1
        4.57774       -0.40830   2   2
        4.57774       -0.37750   2   3
        4.57774       -0.36754   2   4
        4.57774       -0.31194   2   5
        4.57774       -0.31063   2   6
        4.57774       -0.13901   2   7
        4.57774       -0.12098   2   8
        4.57774       -0.10840   2   9
        4.57774       -0.07217   2  10
        4.57774       -0.06530   2  11
        4.57774       -0.04301   2  12
        4.57774       -0.02104   2  13
        4.57774       -0.01389   2  14
        4.57774        0.06430   2  15
        4.57774        0.06472   2  16
        4.63186       -0.53918   2   1
        4.63186       -0.40642   2   2
        4.63186       -0.37316   2   3
        4.63186       -0.34034   2   4
        4.63186       -0.29550   2   5
        4.63186       -0.29521   2   6
        4.63186       -0.13770   2   7
        4.63186       -0.12553   2   8
        4.63186       -0.11151   2   9
        4.63186       -0.07117   2  10
        4.63186       -0.06943   2  11
        4.63186       -0.04719   2  12
        4.63186       -0.02624   2  13
        4.63186       -0.02217   2  14
        4.63186        0.06864   2  15
        4.63186        0.07232   2  16
        4.68599       -0.55279   2   1
        4.68599       -0.40307   2   2
        4.68599       -0.37838   2   3
        4.68599       -0.30541   2   4
        4.68599       -0.27836   2   5
        4.68599       -0.27811   2   6
        4.68599       -0.13812   2   7
        4.68599       -0.12985   2   8
        4.68599       -0.11521   2   9
        4.68599       -0.07573   2  10
        4.68599       -0.07077   2  11
        4.68599       -0.05452   2  12
        4.68599       -0.03259   2  13
        4.68599       -0.03100   2  14
        4.68599        0.07727   2  15
        4.68599        0.08264   2  16
        4.74012       -0.56499   2   1
        4.74012       -0.39935   2   2
        4.74012       -0.38291   2   3
        4.74012       -0.27417   2   4
        4.74012       -0.26067   2   5
        4.74012       -0.26001   2   6
        4.74012       -0.13947   2   7
        4.74012       -0.13379   2   8
        4.74012       -0.12015   2   9
        4.74012       -0.08525   2  10
        4.74012       -0.07757   2  11
        4.74012       -0.05902   2  12
        4.74012       -0.04206   2  13
        4.74012       -0.03342   2  14
        4.74012        0.08793   2  15
        4.74012        0.09325   2  16
        4.79424       -0.57512   2   1
        4.79424       -0.39606   2   2
        4.79424       -0.38661   2   3
        4.79424       -0.24761   2   4
        4.79424       -0.24271   2   5
        4.79424       -0.24158   2   6
        4.79424       -0.14117   2   7
        4.79424       -0.13737   2   8
        4.79424       -0.12666   2   9
        4.79424       -0.09817   2  10
        4.79424       -0.09238   2  11
        4.79424       -0.05825   2  12
        4.79424       -0.04884   2  13
        4.79424       -0.03417   2  14
        4.79424        0.09865   2  15
        4.79424        0.10267   2  16
        4.84837       -0.58269   2   1
        4.84837       -0.39359   2   2
        4.84837       -0.38936   2   3
        4.84837       -0.22634   2   4
        4.84837       -0.22539   2   5
        4.84837       -0.22378   2   6
        4.84837       -0.14297   2   7
        4.84837       -0.14091   2   8
        4.84837       -0.13431   2   9
        4.84837       -0.11238   2  10
        4.84837       -0.10858   2  11
        4.84837       -0.05690   2  12
        4.84837       -0.05297   2  13
        4.84837       -0.03400   2  14
        4.84837        0.10779   2  15
        4.84837        0.10997   2  16
        4.90249       -0.58738   2   1
        4.90249       -0.39212   2   2
        4.90249       -0.39105   2   3
        4.90249       -0.21090   2   4
        4.90249       -0.21084   2   5
        4.90249       -0.20963   2   6
        4.90249       -0.14557   2   7
        4.90249       -0.14517   2   8
        4.90249       -0.14071   2   9
        4.90249       -0.12353   2  10
        4.90249       -0.12197   2  11
        4.90249       -0.05609   2  12
        4.90249       -0.05515   2  13
        4.90249       -0.03355   2  14
        4.90249        0.11395   2  15
        4.90249        0.11456   2  16
        4.95662       -0.58897   2   1
        4.95662       -0.39163   2   2
        4.95662       -0.39163   2   3
        4.95662       -0.20452   2   4
        4.95662       -0.20452   2   5
        4.95662       -0.20386   2   6
        4.95662       -0.14804   2   7
        4.95662       -0.14804   2   8
        4.95662       -0.14259   2   9
        4.95662       -0.12744   2  10
        4.95662       -0.12744   2  11
        4.95662       -0.05583   2  12
        4.95662       -0.05583   2  13
        4.95662       -0.03333   2  14
        4.95662        0.11612   2  15
        4.95662        0.11612   2  16
