0 0.0 1258119.953472112 0.0
1 1.015e-05 1243590.6918034093 4615924419.17041
2 3.076e-05 1215583.8866346804 0.0
3 5.2e-05 1198476.267956645 0.0
4 7.389e-05 1170897.6986769568 0.0
5 9.644e-05 1142818.9766803503 0.0
6 0.0001197 1123174.488161232 0.0
7 0.0001436 1104467.1858900085 0.0
8 0.0001683 1086369.0221079583 0.0
9 0.0001937 1070295.7066930407 0.0
10 0.0002199 1051679.0669135367 0.0
11 0.0002469 1033391.0902526091 0.0
12 0.0002748 1019006.6244529611 0.0
13 0.0003034 1016978.7121923286 0.0
14 0.000333 1019633.258594109 0.0
15 0.0003634 1017828.8988010212 0.0
16 0.0003948 995209.5765931985 0.0
17 0.0004271 971367.4438162402 0.0
18 0.0004604 996940.0468031878 0.0
19 0.0004948 1092766.5185668154 0.0
20 0.0005301 1595202.0039689091 0.0
21 0.0005666 891661.4294631454 0.0
22 0.0006041 12630.437050811197 0.0
23 0.0006428 255002.2580585336 0.0
24 0.0006827 216981.39464047694 0.0
25 0.0007238 244372.00360351164 0.0
26 0.0007662 264801.18102439336 0.0
27 0.0008098 337140.9883735997 0.0
28 0.0008548 720775.7577339385 0.0
29 0.0009011 559519.9552103303 0.0
30 0.0009488 -1412524.9618192422 0.0
31 0.000998 -2103753.0490939924 0.0
32 0.001049 -1216107.2967762856 0.0
33 0.001101 -969899.8569098527 0.0
34 0.001155 -690876.953416827 0.0
35 0.00121 -549759.4781714883 0.0
36 0.001267 -454615.4280083439 0.0
37 0.001326 -384747.03631283407 0.0
38 0.001387 -330877.0238146908 0.0
39 0.00145 -287955.39302969916 0.0
40 0.001514 -252928.75790645118 0.0
41 0.00158 -223816.70696373962 0.0
42 0.001649 -199267.1433875373 0.0
43 0.001719 -178319.73201707937 0.0
44 0.001792 -160270.53623180484 0.0
45 0.001867 -144590.06741668872 0.0
46 0.001944 -130871.37556132322 0.0
47 0.002024 -118795.91994372715 0.0
48 0.002106 -108110.41548350482 0.0
49 0.00219 -98610.6989440646 0.0
50 0.002277 -90130.22327018407 0.0
51 0.002367 -82531.68458145253 0.0
52 0.002459 -75700.81903615568 0.0
53 0.002554 -69541.7336385032 0.0
54 0.002652 -63973.34131293995 0.0
55 0.002753 -58926.60398711482 0.0
56 0.002858 -54342.375663359635 0.0
57 0.002965 -50169.69699550374 0.0
58 0.003075 -46364.433788241855 0.0
59 0.003189 -42888.18040211345 0.0
60 0.003307 -39707.36929667617 0.0
61 0.003428 -36792.542501785596 0.0
62 0.003553 -34117.751400657646 0.0
63 0.003681 -31660.05901462852 0.0
64 0.003813 -29399.124787656936 0.0
65 0.00395 -27316.856240942547 0.0
66 0.00409 -25397.115185569317 0.0
67 0.004235 -23625.468721374382 0.0
68 0.004385 -21988.977214463248 0.0
69 0.004538 -20476.012972640914 0.0
70 0.004697 -19076.104535335093 0.0
71 0.00486 -17779.802439938812 0.0
72 0.005029 -16578.56307749931 0.0
73 0.005202 -15464.647851044887 0.0
74 0.005381 -14431.035331053889 0.0
75 0.005565 -13471.344496140047 0.0
76 0.005755 -12579.76745786622 0.0
77 0.00595 -11751.010334998015 0.0
78 0.006152 -10980.241148855892 0.0
79 0.00636 -10263.04378842182 0.0
80 0.006574 -9595.377240278327 0.0
81 0.006794 -8973.539396981045 0.0
82 0.007021 -8394.134858291842 0.0
83 0.007255 -7854.046224084519 0.0
84 0.007497 -7350.408448687796 0.0
85 0.007745 -6880.585886096228 0.0
86 0.008001 -6442.15170497637 0.0
87 0.008265 -6032.869396609494 0.0
88 0.008537 -5650.676134701754 0.0
89 0.008818 -5293.667776722519 0.0
90 0.009107 -4960.085324792309 0.0
91 0.009404 -4648.302684149007 0.0
92 0.009711 -4356.81558100955 0.0
93 0.01003 -4084.2315137366063 0.0
94 0.01035 -3829.260631503183 0.0
95 0.01069 -3590.7074418853426 0.0
96 0.01103 -3367.4632645845227 0.0
97 0.01139 -3158.4993550338654 0.0
98 0.01176 -2962.860631787956 0.0
99 0.01214 -2779.6599486585883 0.0
100 0.01253 -2608.0728576700367 0.0
101 0.01293 -2447.332817836959 0.0
102 0.01334 -2296.7268056287107 0.0
103 0.01377 -2155.5912908034106 0.0
104 0.01421 -2023.308544081681 0.0
105 0.01466 -1899.303245175413 0.0
106 0.01513 -1783.03936514157 0.0
107 0.01561 -1674.0172984776348 0.0
108 0.0161 -1571.7712227203892 0.0
109 0.01662 -1475.866665138542 0.0
110 0.01714 -1385.8982592628704 0.0
111 0.01768 -1301.487676268634 0.0
112 0.01824 -1222.2817127886733 0.0
113 0.01882 -1147.950526059632 0.0
114 0.01941 -1078.1860013765408 0.0
115 0.02002 -1012.7002426416653 0.0
116 0.02065 -951.2241744901293 0.0
117 0.0213 -893.5062483174826 0.0
118 0.02197 -839.3112436926162 0.0
119 0.02266 -788.4191554562075 0.0
120 0.02337 -740.6241640872178 0.0
121 0.0241 -695.7336775554463 0.0
122 0.02486 -653.5674432628979 0.0
123 0.02564 -613.9567229163017 0.0
124 0.02644 -576.7435257394663 0.0
125 0.02726 -541.779894928694 0.0
126 0.02811 -508.9272453990472 0.0
127 0.02899 -478.0557460145056 0.0
128 0.02989 -449.04374561500924 0.0
129 0.03082 -421.77723809306315 0.0
130 0.03178 -396.14936446752864 0.0
131 0.03277 -372.0599485387099 0.0
132 0.03379 -349.4150639433774 0.0
133 0.03484 -328.1266311169214 0.0
134 0.03592 -308.1120394014436 0.0
135 0.03703 -289.293797768181 0.0
136 0.03818 -271.59920605524377 0.0
137 0.03936 -254.96004799438708 0.0
138 0.04058 -239.31230615909845 0.0
139 0.04184 -224.5958939618688 0.0
140 0.04313 -210.75440636849464 0.0
141 0.04447 -197.7348861597683 0.0
142 0.04584 -185.48760357940117 0.0
143 0.04726 -173.96585504349548 0.0
144 0.04872 -163.12576791996017 0.0
145 0.05022 -152.92612322980827 0.0
146 0.05177 -143.32818614376632 0.0
147 0.05337 -134.29554849670075 0.0
148 0.05501 -125.7939788104476 0.0
149 0.05671 -117.79128503632407 0.0
150 0.05846 -110.25718006967824 0.0
151 0.06026 -103.16315919222579 0.0
152 0.06211 -96.48238121710334 0.0
153 0.06403 -90.18955847197401 0.0
154 0.066 -84.2608468458667 0.0
155 0.06803 -78.67374607164618 0.0
156 0.07012 -73.40699866812281 0.0
157 0.07227 -68.44049353352841 0.0
158 0.0745 -63.755169220268705 0.0
159 0.07678 -59.3329154087052 0.0
160 0.07914 -55.156474667706306 0.0
161 0.08157 -51.2093316878125 0.0
162 0.08408 -47.4755971483733 0.0
163 0.08666 -43.939870592646 0.0
164 0.08932 -40.5870762179851 0.0
165 0.09206 -37.402256356297 0.0
166 0.09488 -34.3702958457642 0.0
167 0.09779 -31.475534434877503 0.0
168 0.1008 -28.7011982382655 0.0
169 0.1039 -26.0284990332717 0.0
170 0.1071 -23.435140747868402 0.0
171 0.1103 -20.8926247402053 0.0
172 0.1137 -18.3609283463077 0.0
173 0.1172 -15.776525901419499 0.0
174 0.1208 -13.019299180236398 0.0
175 0.1245 -9.749837624477902 0.0
176 0.1283 -4.7677985556452 0.377868295397835
177 0.1322 -1.0494319200434994 6.31712525368772
178 0.1363 -1.773531630580699 11.750742729942
179 0.1405 -4.454512485394002 14.0095286106318
180 0.1448 -6.4688513077721 13.8179711416952
181 0.1492 -7.415903432559398 13.4223718644034
182 0.1537 -7.923643797736791 12.868180119307
183 0.1585 -8.11229907544577 12.2585095118973
184 0.1633 -8.10196845732941 11.6876764822773
185 0.1683 -7.959189468906789 11.1105148050596
186 0.1734 -7.714363272550941 10.5853950715377
187 0.1787 -7.40560621211636 10.0883686067436
188 0.1842 -7.048257772652209 9.63586443127754
189 0.1898 -6.63203063667632 9.20335084860673
190 0.1956 -6.142810908367619 8.86914131090242
191 0.2016 -5.7196564348430305 8.75777220797339
192 0.2078 -5.512466657297961 8.68136997476124
193 0.2141 -5.34292024114716 8.36814721924373
194 0.2207 -5.20672661485158 8.18996491472191
195 0.2274 -5.11917713885086 7.75281522573962
196 0.2343 -4.79363551013809 7.20278731084
197 0.2415 -4.396939139884619 6.9972702775569
198 0.2489 -4.17115015003247 6.81184323436247
199 0.2565 -3.98378742091893 6.49295393709232
200 0.2643 -3.76170640277993 6.17255278212877
201 0.2724 -3.51642791581874 5.8132900780725
202 0.2807 -3.21752714469819 5.43051442228732
203 0.2893 -2.8317949007500403 5.02454696245121
204 0.2981 -2.28799443996766 4.61761759305178
205 0.3072 -1.45579199489453 4.31764382925165
206 0.3166 -0.59594012711894 4.65921091508117
207 0.3262 -0.09841498181712005 5.28490947390664
208 0.3362 -0.013311497848759846 5.95920310134151
209 0.3464 0.009210793996559996 6.30140537839808
210 0.357 -0.27621110043696007 7.23874276291744
211 0.3679 -1.2335069968252201 7.69727289400283
212 0.3791 -2.245470438043713 7.35905899651072
213 0.3907 -2.837774488292451 6.61021879254074
214 0.4026 -3.090321864454047 5.97621944886095
215 0.4149 -3.251875341645989 5.39889600711705
216 0.4276 -3.33806430396338 4.7619804254372
217 0.4406 -3.22448637563752 4.0506538039886
218 0.454 -2.933840854700647 3.53455894327599
219 0.4679 -2.650083831489467 3.19758301906073
220 0.4822 -2.469802842152725 2.90265312554171
221 0.4969 -2.0654897261589777 2.32801763262293
222 0.512 -1.5864212878760005 2.39462816275825
223 0.5276 -1.363765869966854 2.39902069523886
224 0.5437 -1.241914990263641 2.42269197880709
225 0.5603 -1.171933729211907 2.3453125459851
226 0.5774 -1.104958797004123 2.27299031869508
227 0.595 -1.0632962311744572 2.16933934071714
228 0.6131 -1.0028370267268936 2.0072527615923
229 0.6318 -0.8777241129323005 1.83974748961852
230 0.6511 -0.7282054763318637 1.75658753543847
231 0.6709 -0.6027176112058565 1.71284879102565
232 0.6914 -0.573436113452913 1.74402299324187
233 0.7125 -0.598332111116155 1.61786633920199
234 0.7342 -0.560284366004576 1.45381812706335
235 0.7565 -0.47071174050424003 1.29522892599137
236 0.7796 -0.3430479576407419 1.16000276012998
237 0.8034 -0.19895311957448603 1.06792670637586
238 0.8279 -0.035325894908406985 0.994059207620058
239 0.8531 0.12813638680314798 1.00975565552342
240 0.8791 0.173628401299885 1.11277045437559
241 0.9059 0.19890335144077698 1.02273250657389
242 0.9335 0.2848791628289029 1.02709247258884
243 0.9619 0.3189963845079209 1.06064446195706
244 0.9913 0.31900573050957615 1.05303703347915
245 1.021 0.32686648996258993 1.02169819412546
246 1.053 0.34089601414969506 1.00021902220686
247 1.085 0.34383196932649085 0.985879823127794
248 1.118 0.2995140213790628 0.98236224634792
249 1.152 0.2624484741364861 0.861850972286227
250 1.187 0.3003438676552541 0.752057175944318
251 1.223 0.345684892224684 0.704361245631954
252 1.26 0.38156709216087603 0.635875637131373
253 1.299 0.425133706567725 0.584929760207018
254 1.338 0.467370943618473 0.533207612478189
255 1.379 0.514020717888068 0.485282553406583
256 1.421 0.5649196104133729 0.442998660659169
257 1.464 0.6154126792025392 0.410714959867537
258 1.509 0.666571169131394 0.377075219068731
259 1.555 0.7253506461353769 0.348414368087093
260 1.602 0.791603893896969 0.331746586723379
261 1.651 0.862045575713946 0.332863372034314
262 1.701 0.9349468239596941 0.356454717017068
263 1.753 0.9917238672656641 0.427132686184789
264 1.807 0.9783905767734951 0.543220537667645
265 1.862 0.8746117071278681 0.610285163512231
266 1.919 0.7806205376271098 0.542361649714498
267 1.977 0.7261255251337371 0.493382166109695
268 2.037 0.690193554460603 0.388004286144639
269 2.099 0.7243253341451559 0.265456382841075
270 2.163 0.802834052305788 0.209280563234936
271 2.229 0.868037437690472 0.200110211035466
272 2.297 0.913164212255368 0.196121952206135
273 2.367 0.9524499995842279 0.195777472688158
274 2.439 0.9910251877294058 0.2061664041347
275 2.513 0.9856698383485982 0.257965788242591
276 2.59 0.960073507540657 0.222466398865158
277 2.669 0.978159414503458 0.179523988503959
278 2.75 1.0172872198133929 0.164520944504861
279 2.834 1.039064796109388 0.180535615121122
280 2.92 1.0444586329197332 0.17120821690176
281 3.009 1.06886921384574 0.147890833922389
282 3.101 1.096605677798319 0.157733088896774
283 3.195 1.114565105937689 0.156149086647477
284 3.293 1.142038269514039 0.154735687776467
285 3.393 1.1647922672032531 0.176919729935938
286 3.496 1.176521555965238 0.189981035522777
287 3.603 1.202009485277761 0.198324960481334
288 3.713 1.203549099792057 0.263682597123571
289 3.826 1.163416191906788 0.285440571933595
290 3.942 1.1375217700418823 0.270055800252385
291 4.062 1.09132967581071 0.287338146521369
292 4.186 1.0779366419540182 0.180762670923756
293 4.313 1.1188278086022914 0.163896678724296
294 4.445 1.160811115162657 0.13093799665132
295 4.58 1.204315523096383 0.148003223869115
296 4.72 1.2283791057714222 0.153696169337335
297 4.863 1.2488513130522079 0.153713020896722
298 5.012 1.3046149169676151 0.114507954679714
299 5.164 1.4094767699980602 0.130094529295578
300 5.322 1.4850868675834392 0.220348346807936
301 5.484 1.6319935325324448 0.215401227396685
302 5.651 1.8647030279699424 0.48942154124385
303 5.823 1.7499049696974471 1.1556990227983
304 6.0 0.9706250998796491 1.60004215705934
305 6.183 0.39476837009102295 0.786930538352562
306 6.371 0.623938464495742 0.191646737555824
307 6.565 1.0584526498742508 0.132207307241179
308 6.765 1.5652358772258772 0.26697544228838
309 6.971 1.5219697768375338 1.38877710309127
310 7.184 0.2710903526312691 1.9712102239434
311 7.402 -0.287773369605264 0.317783860447125
312 7.628 0.22048159668 0.0612227841684335
313 7.86 0.45895289218136903 0.0333318097752315
314 8.1 0.578029559108129 0.0245430500460258
315 8.346 0.6529530117569031 0.0223189527748981
316 8.6 0.707767544187881 0.0186001280480647
317 8.862 0.75056458820365 0.0239261313102626
318 9.132 0.770745884066868 0.0373949807570368
319 9.41 0.7878958428593719 0.0204720387323201
320 9.697 0.8082419193912771 0.0242185832154985
321 9.992 0.819974669524433 0.0181924503992657
322 10.3 0.8331148382252889 0.0105311985848552
323 10.61 0.849934856142244 0.00151757233007398
324 10.93 0.866669258353101 0.00134943895918619
325 11.27 0.878955408247678 0.00119876213309436
326 11.61 0.8896224965556949 0.000660715222568388
327 11.96 0.8990194331486849 0.000670992658590088
328 12.33 0.907026732342676 0.000946441722380012
329 12.7 0.914012825791481 0.000628349002650345
330 13.09 0.9205755124421229 0.000206423056025155
331 13.49 0.9266677917306358 2.11825955321493e-05
332 13.9 0.932111733180272 0.0
333 14.32 0.937110898934008 0.0
334 14.76 0.9416225510233152 0.0
335 15.21 0.945677625572267 0.0
