#  0 [0.0, 0.0, 1.082e-05, 0.0] EPS0001.nlfc.dat.intrabandonly
#  1 [0.0, 0.0, 0.00108194, 0.0] EPS0002.nlfc.dat.intrabandonly
#  2 [0.0, 0.0, 0.00153007, 0.0] EPS0003.nlfc.dat.intrabandonly
#  3 [0.0, 0.0, 0.00216387, 0.0] EPS0004.nlfc.dat.intrabandonly
#  4 [0.0, 0.0, 0.00306015, 0.0] EPS0005.nlfc.dat.intrabandonly
#  5 [0.0, 0.0, 0.00432774, 0.0] EPS0006.nlfc.dat.intrabandonly
# recid omega eps1.... eps2... where num of eps is the number of EPSfiles
0 0.0 4862205261.49185 1258118.96561772 631451.998455755 316804.769213996 158881.111912449 79531.5699452833 0.0 0.0 0.0 0.0 0.0 0.0
1 1.015e-05 2065739650.03588 1243589.85188641 625166.990310122 314739.099161456 158272.651053415 79353.3695272196 4615509738.92385 53201.4301120257 22151.6659957057 8636.46980564756 3263.62748425022 1210.08179164365
2 3.076e-05 -1263356215.91796 1215583.05012167 611654.253331886 307820.096161932 155494.872597301 78471.8815216313 -0.0 94707.2618913238 38757.3971510409 17903.6569759325 7832.02072924956 3127.2873938867
3 5.2e-05 -260129014.68464 1198475.41258551 605578.804247481 304160.273320442 152904.007632757 77228.1448252605 -0.0 148877.041282973 55045.9810246611 20553.9231763833 9243.71834862796 4319.91989611326
4 7.389e-05 -120016140.63606 1170897.35183662 599173.104208101 303201.629439706 152190.468985208 76313.0547469149 -0.0 197770.651374215 74778.1159838287 27714.0105403356 10279.6604238475 4608.36377562584
5 9.644e-05 -68631093.8936607 1142817.25519972 589361.277908334 300797.1410098 152013.388617158 76067.5714594391 -0.0 231155.901647053 93355.4974205213 34951.5616407393 12866.1092781734 4917.28103459679
6 0.0001197 -44010013.5771978 1123171.06550933 577435.602559004 297562.949189048 151250.767355673 76097.7002451905 -0.0 260552.601760823 108504.293533562 42046.9169571882 15665.5815361945 5668.4733897746
7 0.0001436 -30345640.4527317 1104463.22129211 567933.576498385 293548.361733523 150218.049702645 75966.3916839948 -0.0 296871.220834847 117918.56352263 48600.9216979309 18277.7131879557 6775.63427729827
8 0.0001683 -22005695.7088376 1086364.30939413 561963.343329756 288999.88882051 149000.65075692 75627.5811266559 -0.0 325586.218879913 129752.983179864 54173.1224006809 20961.678473134 7805.89072377877
9 0.0001937 -16562078.8565995 1070290.6277082 554518.748087248 284584.240731287 147490.144562134 75246.7669709323 -0.0 360342.141146854 144287.945309519 58274.1723985797 23508.6548969195 8792.2400563178
10 0.0002199 -12826351.3564016 1051673.56037906 546824.714206311 282462.668993601 145824.027673592 74827.0438518494 -0.0 393083.958693759 154874.461565028 60668.4203079381 25739.4027568518 9809.6986873865
11 0.0002469 -10160941.7142852 1033385.08406289 541026.002807803 280528.203583276 144033.402390022 74309.9601779531 -0.0 422838.5927199 166956.56558088 67354.1267964248 27782.1553789476 10844.9327906591
12 0.0002748 -8199068.26718192 1019000.01214481 534631.606707531 276945.090002679 142245.395714094 73702.0317166008 -0.0 448418.469214599 180457.404349041 72154.8014241657 29252.2113600672 11801.0604794402
13 0.0003034 -6717771.5007569 1016972.0651719 527326.444745384 273962.441191905 141285.344924889 73060.7626928432 -0.0 471540.407481075 193245.121845314 76296.3694024914 30024.3406076533 12675.5360493428
14 0.000333 -5575320.741479 1019627.38799543 519989.640974409 271780.658579104 141024.186849457 72390.8257254816 -0.0 516177.380342907 205228.513474675 80539.658280456 31925.0142363913 13506.2487023977
15 0.0003634 -4678220.07900693 1017823.74163801 513069.593074769 269593.350448304 139793.894528971 71638.2131227087 -0.0 565811.634934885 216309.265263326 85920.586162362 34964.1701403161 14269.8516848012
16 0.0003948 -3962836.24557232 995204.058038778 507870.27260704 266855.824638852 138139.443108667 70926.9061609459 -0.0 634557.587722768 225761.898833337 91183.2616937204 36337.6334420919 14733.8100200457
17 0.0004271 -3384688.6986699 971365.768965195 507759.836248811 263940.358461826 137089.044450287 70572.2030634821 -0.0 652245.035093336 234492.311199274 96248.3098273472 37950.6204601513 15017.3081351286
18 0.0004604 -2911958.52569081 996943.638799988 509444.264794302 260998.854966339 136275.872439004 70546.1134186217 -0.0 659857.413039222 252059.942771229 101087.58692294 39594.6182997294 15685.2421691452
19 0.0004948 -2521420.2617889 1092776.11676781 508433.867635114 258159.928334039 135479.587917286 70093.3556200408 -0.0 686895.730105511 271702.563546318 105670.717812524 41735.0767724858 17047.6636176553
20 0.0005301 -2195816.77919785 1595255.4604493 506777.045327069 255524.433105297 134448.523535871 69365.5774736318 -0.0 708921.285989953 293332.15042008 109960.594481388 43901.3514271664 17609.5927487857
21 0.0005666 -1922121.390596 891630.411957772 493681.223908132 253747.066924205 133307.450881537 68886.1243977064 -0.0 2565023.30761848 324275.077181574 113484.333843951 46019.5478522169 18265.7950227085
22 0.0006041 -1690360.89076464 12512.8979533932 480915.130653457 254135.167027633 132117.870865312 68472.125370296 -0.0 1097924.62497067 325804.19620364 117061.268801372 48081.1510480902 18898.6440833348
23 0.0006428 -1492802.16746894 254927.745630153 489572.762956759 255113.516367068 130916.479675879 68167.1637178233 -0.0 1150248.88535725 328164.680824415 124317.575241743 50076.9510230115 19582.3774699795
24 0.0006827 -1323379.74878242 216924.723494186 515883.434615735 254826.888678377 129739.492557674 67857.4870823304 -0.0 1043556.67304087 338810.90107786 132377.424456221 51996.9923088532 20463.8137214391
25 0.0007238 -1177286.24080365 244346.290071051 580856.486488264 254287.648520745 128625.534720487 67450.1031003515 -0.0 992123.147778022 350132.639106261 140734.366566043 53830.5245574414 21370.1852848533
26 0.0007662 -1050674.89997209 264791.489564483 869209.342970291 253317.584143307 127614.240185613 66989.758267255 -0.0 1012288.75046105 382421.623046765 150992.395958309 55542.8312028705 22265.5226127031
27 0.0008098 -940440.678291346 337138.643664649 439021.260761606 246261.462245917 127039.339731532 66501.0936482361 -0.0 983883.344926765 1447026.21479714 164569.084311601 56913.1386536811 23147.0996899157
28 0.0008548 -844057.016034694 720803.897281499 -60481.4495326689 240371.933011023 127384.745950394 65996.2484067901 -0.0 1052871.84513971 544893.869184956 162870.03399865 58472.4356897321 24011.9582467016
29 0.0009011 -759452.785882081 559472.130676315 119229.196677417 244504.334218775 127905.123253354 65485.5921441425 -0.0 2376766.63541784 571521.77898769 163694.866800217 61568.7182832967 24856.8963770247
30 0.0009488 -684918.525227146 -1412566.18386443 109341.207077549 254706.225955705 127871.025003127 64980.1383034853 -0.0 3294871.90865813 537705.538489827 167806.846130593 64979.0610669511 25678.447009286
31 0.000998 -619034.282979275 -2103719.0468204 111101.048189644 275330.862768323 127615.585699349 64492.8091338538 -0.0 251895.70139084 509345.060957618 172764.553909221 68508.8684211206 26472.8604958077
32 0.001049 -560613.593238272 -1216105.74265483 125471.583806064 348144.585548316 127532.768481857 64035.1129954743 -0.0 320719.998036568 494306.048383495 177039.470172391 72196.8627436614 27236.0851733103
33 0.001101 -508659.601044481 -969895.67419708 135828.780393638 407887.643072581 126950.854404585 63634.4165215315 -0.0 1302.72408037937 507692.612177767 350253.275493928 77331.4061578542 27935.345464812
34 0.001155 -462330.433546172 -690874.237547367 177539.345026513 150820.476566461 123227.928838467 63462.7017854375 -0.0 -0.0 488681.010493723 660794.707283915 83200.8760954803 28494.8216441845
35 0.00121 -420911.666049514 -549760.794456507 353055.250555889 -25458.1488600709 120629.322963763 63666.1378834777 -0.0 -0.0 527225.340023511 271513.674074015 81515.7809874407 29235.5890436753
36 0.001267 -383794.277212747 -454618.36676351 472940.696886416 61822.2723262373 122744.908854554 63896.277946332 -0.0 -0.0 1011337.81429405 282215.326568578 81864.1162242082 30595.311086433
37 0.001326 -350456.88448074 -384750.98527726 -570691.969270248 57447.5700786635 127129.109090267 63886.6787318671 -0.0 -0.0 2063195.24624326 276708.259844997 83425.914900563 32083.1089498883
38 0.001387 -320451.341461416 -330881.674216346 -1220452.46854803 52984.722447303 134983.537763543 63767.9168398994 -0.0 -0.0 277269.002332984 258911.643169464 85625.5295156561 33622.3318390399
39 0.00145 -293390.992897618 -287960.560278397 -687756.961111771 59199.7725466274 151991.448891974 63636.4370410468 -0.0 -0.0 117702.688078286 247361.230195135 87749.4560892435 35215.4636728465
40 0.001514 -268941.045435224 -252934.321202042 -534258.888303088 66285.0798698 229410.666665358 63608.4952260585 -0.0 -0.0 118525.5000184 250042.184073563 89032.3663056102 36976.1286735343
41 0.00158 -246810.632044619 -223822.582488036 -440638.205481641 69817.687837554 149311.509872529 63118.3779614066 -0.0 -0.0 -0.0 253089.302754191 350901.920348011 39566.6300443387
42 0.001649 -226746.240222775 -199273.27049587 -329829.174239369 95657.6087174002 -2598.3163840657 61059.6804269419 -0.0 -0.0 -0.0 243155.828152053 204486.365724517 42029.6798165121
43 0.001719 -208526.244979312 -178326.065410531 -269942.305500594 181603.37332565 15147.6503869382 59857.5715140427 -0.0 -0.0 -0.0 268314.920599876 135027.265299951 40805.2563142188
44 0.001792 -191956.340316631 -160277.041207362 -227709.457190853 273744.700500064 35716.4567594064 60827.2054330065 -0.0 -0.0 -0.0 478336.291897487 140830.1252719 41038.7427576225
45 0.001867 -176865.705932516 -144596.716833102 -195711.562662123 -221323.137000197 30758.2823778677 62495.2657606008 -0.0 -0.0 -0.0 1084214.87480745 140137.304591122 41674.9374209141
46 0.001944 -163103.778186348 -130878.147820869 -170445.658117002 -629868.124978146 27292.7582389066 65245.9072359826 -0.0 -0.0 -0.0 266024.712654039 130046.05487332 42657.2008055966
47 0.002024 -150537.519554436 -118802.797604839 -149927.039351837 -400953.468619518 29343.9277385781 70262.326852462 -0.0 -0.0 -0.0 60882.9373817655 125204.766226275 43625.3539632978
48 0.002106 -139049.100737466 -108117.384280595 -132915.474832582 -297216.111710545 32857.7078402995 82582.5108996897 -0.0 -0.0 -0.0 84236.5298009982 123315.540167701 44443.2608138332
49 0.00219 -128533.92823915 -98617.7470787676 -118584.340239097 -253211.146479836 34488.7278310366 128600.237130411 -0.0 -0.0 -0.0 2586.83141270867 126943.57918046 52139.3808625783
50 0.002277 -118898.957579206 -90137.3408885219 -106356.249954732 -187408.445722747 38277.0843337106 59218.4027267487 -0.0 -0.0 -0.0 -0.0 123996.165566347 219156.156610561
51 0.002367 -110061.248781387 -82538.8633813652 -95813.0830968151 -152391.806801629 57922.5447701791 -22296.2043166015 -0.0 -0.0 -0.0 -0.0 122293.033089227 75339.7623528804
52 0.002459 -101946.723817392 -75708.0519683356 -86643.1797294924 -128406.029981267 115699.106807977 11608.7276383008 -0.0 -0.0 -0.0 -0.0 140739.493449831 67309.5266175994
53 0.002554 -94489.0958765523 -69549.0146752151 -78608.6546750038 -110406.545629218 125392.848705183 16856.7763197047 -0.0 -0.0 -0.0 -0.0 310361.905244318 71247.9829602445
54 0.002652 -87628.9430445326 -63980.6652671765 -71524.2847453179 -96262.6445238506 -156448.658978986 14233.6221490783 -0.0 -0.0 -0.0 -0.0 537209.527922077 69102.7486569799
55 0.002753 -81312.9064378321 -58933.9663695564 -65243.3858250832 -84804.7733292787 -327868.055870353 13379.96390275 -0.0 -0.0 -0.0 -0.0 109026.662756134 64867.1501191079
56 0.002858 -75492.9919765231 -54349.7725680957 -59648.0836295183 -75315.6143294706 -200333.813588775 14296.1005321506 -0.0 -0.0 -0.0 -0.0 30539.9677808208 62642.4889850934
57 0.002965 -70125.9631389007 -50177.1250078917 -54642.4405618846 -67323.1129256379 -148140.913646242 16100.5800534543 -0.0 -0.0 -0.0 -0.0 37055.0075737146 61305.7933463681
58 0.003075 -65172.8101971636 -46371.8899099902 -50147.4932732931 -60500.5848612005 -128520.279913182 17367.1493139532 -0.0 -0.0 -0.0 -0.0 11700.0923730847 63017.6050226918
59 0.003189 -60598.2856427341 -42895.6619898964 -46097.6007002344 -54613.1064752643 -101455.201685323 18058.408216766 -0.0 -0.0 -0.0 -0.0 -0.0 63048.9497905623
60 0.003307 -56370.4971351699 -39714.8740114746 -42437.7107565123 -49486.5114007138 -81087.3025720803 24196.7779918136 -0.0 -0.0 -0.0 -0.0 -0.0 60740.6271477491
61 0.003428 -52460.5490364344 -36800.0682668036 -39121.2835812486 -44988.4181646256 -68352.0099123711 40196.7272894557 -0.0 -0.0 -0.0 -0.0 -0.0 65587.4766787285
62 0.003553 -48842.2273359524 -34125.2963661467 -36108.6921886835 -41016.0884451548 -58892.4944635778 81556.0604769439 -0.0 -0.0 -0.0 -0.0 -0.0 87054.2960243463
63 0.003681 -45491.7209167774 -31667.621528316 -33365.9756736699 -37488.3669974206 -51474.0394842771 11192.3335484001 -0.0 -0.0 -0.0 -0.0 -0.0 257196.14434937
64 0.003813 -42387.3756837357 -29406.7033697541 -30863.8564479434 -34340.164634591 -45461.6542126351 -145161.187129032 -0.0 -0.0 -0.0 -0.0 -0.0 186617.074172362
65 0.00395 -39509.4763082449 -27324.4495629158 -28576.9577439153 -31518.58200435 -40475.2798224312 -148691.951566394 -0.0 -0.0 -0.0 -0.0 -0.0 17077.5673028309
66 0.00409 -36840.0535127995 -25404.7220520241 -26483.1747964868 -28980.1240295307 -36267.6230220715 -83691.2632488414 -0.0 -0.0 -0.0 -0.0 -0.0 14760.9127252384
67 0.004235 -34362.7106385323 -23633.0880545265 -24563.1652141727 -26688.6582501781 -32668.5398513437 -71895.9968130448 -0.0 -0.0 -0.0 -0.0 -0.0 20976.6644625974
68 0.004385 -32062.4717863249 -21996.608040775 -22799.9327026426 -24613.8921196358 -29556.0600100874 -63414.9062558588 -0.0 -0.0 -0.0 -0.0 -0.0 241.953782719062
69 0.004538 -29925.6445092825 -20483.6544112738 -21178.4845681411 -22730.2196108643 -26839.9078096685 -47792.9747233291 -0.0 -0.0 -0.0 -0.0 -0.0 -0.0
70 0.004697 -27939.6982520554 -19083.7557881378 -19685.5480238267 -21015.8353445141 -24451.5196421074 -39574.9370700374 -0.0 -0.0 -0.0 -0.0 -0.0 -0.0
71 0.00486 -26093.154965178 -17787.4627827363 -18309.333728595 -19452.0456144021 -22337.6967437322 -33782.1005487974 -0.0 -0.0 -0.0 -0.0 -0.0 -0.0
72 0.005029 -24375.4916312266 -16586.2318524898 -17039.337541187 -18022.7264280559 -20456.4097917322 -29355.0227081235 -0.0 -0.0 -0.0 -0.0 -0.0 -0.0
73 0.005202 -22777.0520960669 -15472.3244601447 -15866.1734042069 -16713.8927585591 -18773.9356290324 -25825.1871988535 -0.0 -0.0 -0.0 -0.0 -0.0 -0.0
74 0.005381 -21288.9686784561 -14438.7192300562 -14781.4317480813 -15513.3529301657 -17262.8496529948 -22930.6774711561 -0.0 -0.0 -0.0 -0.0 -0.0 -0.0
75 0.005565 -19903.0912754257 -13479.035189575 -13777.5589402004 -14410.4288893467 -15900.5851616524 -20508.25934771 -0.0 -0.0 -0.0 -0.0 -0.0 -0.0
76 0.005755 -18611.9233277509 -12587.4644944677 -12847.7541882351 -13395.7279782464 -14668.3784997751 -18448.9906251329 -0.0 -0.0 -0.0 -0.0 -0.0 -0.0
77 0.00595 -17408.5644343312 -11758.7133036974 -11985.880993409 -12460.9553417551 -13550.4828792096 -16676.546593414 -0.0 -0.0 -0.0 -0.0 -0.0 -0.0
78 0.006152 -16286.6583645375 -10987.9496752346 -11186.3907959623 -11598.7586687215 -12533.5731536393 -15135.4466397184 -0.0 -0.0 -0.0 -0.0 -0.0 -0.0
79 0.00636 -15240.3458765844 -10270.7575315658 -10444.2568833967 -10802.5988686226 -11606.2887838413 -13784.165142998 -0.0 -0.0 -0.0 -0.0 -0.0 -0.0
80 0.006574 -14264.2225060182 -9603.09588998403 -9754.91697670972 -10066.6417056624 -10758.8784384576 -12590.8691786874 -0.0 -0.0 -0.0 -0.0 -0.0 -0.0
81 0.006794 -13353.3001005996 -8981.26267127161 -9114.22318539161 -9385.66648595414 -9982.92044122679 -11530.6631741372 -0.0 -0.0 -0.0 -0.0 -0.0 -0.0
82 0.007021 -12502.9713670841 -8401.86250120726 -8518.39824508815 -8754.98871009938 -9271.10057072994 -10583.7429839341 -0.0 -0.0 -0.0 -0.0 -0.0 -0.0
83 0.007255 -11708.978584724 -7861.77800371421 -7963.99713157344 -8170.39423295085 -8617.03375254966 -9734.12182268489 -0.0 -0.0 -0.0 -0.0 -0.0 -0.0
84 0.007497 -10967.3850942514 -7358.14415541899 -7447.87329277327 -7628.08295885991 -8015.11971366883 -8968.72832253285 -0.0 -0.0 -0.0 -0.0 -0.0 -0.0
85 0.007745 -10274.5482179781 -6888.32533105501 -6967.14886100278 -7124.62048149137 -7460.4251826406 -8276.75389587629 -0.0 -0.0 -0.0 -0.0 -0.0 -0.0
86 0.008001 -9627.09579776268 -6449.89471864112 -6519.18830698532 -6656.89637612259 -6948.58703252954 -7649.17136955183 -0.0 -0.0 -0.0 -0.0 -0.0 -0.0
87 0.008265 -9021.90490240987 -6040.61582757932 -6101.57507969098 -6222.08808934832 -6475.73208948572 -7078.37389387947 -0.0 -0.0 -0.0 -0.0 -0.0 -0.0
88 0.008537 -8456.08151414221 -5658.42584860491 -5712.09084361163 -5817.62956010911 -6038.41030985183 -6557.89996810565 -0.0 -0.0 -0.0 -0.0 -0.0 -0.0
89 0.008818 -7926.94215583171 -5301.42065525148 -5348.69698306695 -5441.1838568275 -5633.53876108389 -6082.2211990332 -0.0 -0.0 -0.0 -0.0 -0.0 -0.0
90 0.009107 -7431.99811795519 -4967.84126485423 -5009.51808967985 -5090.61923777898 -5258.35439489327 -5646.57647276906 -0.0 -0.0 -0.0 -0.0 -0.0 -0.0
91 0.009404 -6968.93941193789 -4656.06159712153 -4692.82718985123 -4763.98814073834 -4910.37402219889 -5246.84094916291 -0.0 -0.0 -0.0 -0.0 -0.0 -0.0
92 0.009711 -6535.62126449521 -4364.57739209343 -4397.03250267598 -4459.50868827266 -4587.36022324442 -4879.42151715545 -0.0 -0.0 -0.0 -0.0 -0.0 -0.0
93 0.01003 -6130.05264033657 -4091.99616139766 -4120.66554689175 -4175.54836141626 -4287.29217732336 -4541.17259174478 -0.0 -0.0 -0.0 -0.0 -0.0 -0.0
94 0.01035 -5750.38155632523 -3837.02806699709 -3862.37044036812 -3910.60954838578 -4008.34059220758 -4229.32771560787 -0.0 -0.0 -0.0 -0.0 -0.0 -0.0
95 0.01069 -5394.8878532715 -3598.47762885983 -3620.89425545792 -3663.31672012079 -3748.84606763366 -3941.44356107134 -0.0 -0.0 -0.0 -0.0 -0.0 -0.0
96 0.01103 -5061.97125246149 -3375.23617875405 -3395.07831161342 -3432.40502154945 -3507.30034917541 -3675.35374981751 -0.0 -0.0 -0.0 -0.0 -0.0 -0.0
97 0.01139 -4750.14295199654 -3166.274983923 -3183.85030189768 -3216.71009863581 -3282.3300260056 -3429.13051090972 -0.0 -0.0 -0.0 -0.0 -0.0 -0.0
98 0.01176 -4458.01770218585 -2970.63897453986 -2986.21716220005 -3015.15900655582 -3072.6823038146 -3201.0526457918 -0.0 -0.0 -0.0 -0.0 -0.0 -0.0
99 0.01214 -4184.30515738318 -2787.441015906 -2801.25860389429 -2826.76206769899 -2877.21254763575 -2989.57860502535 -0.0 -0.0 -0.0 -0.0 -0.0 -0.0
100 0.01253 -3927.80405516979 -2615.8566714664 -2628.12123999547 -2650.60556423054 -2694.87333913421 -2793.32373617616 -0.0 -0.0 -0.0 -0.0 -0.0 -0.0
101 0.01293 -3687.39516356834 -2455.11941164605 -2466.01324288947 -2485.84516799779 -2524.70483591458 -2611.04095720069 -0.0 -0.0 -0.0 -0.0 -0.0 -0.0
102 0.01334 -3462.03511761382 -2304.51622437151 -2314.1994798146 -2331.70002132484 -2365.82625278212 -2441.60425954817 -0.0 -0.0 -0.0 -0.0 -0.0 -0.0
103 0.01377 -3250.75171322793 -2163.38359096129 -2171.99707692501 -2187.44739559424 -2217.42831446038 -2283.99456225708 -0.0 -0.0 -0.0 -0.0 -0.0 -0.0
104 0.01421 -3052.63821672687 -2031.10379385574 -2038.77137064353 -2052.41786243235 -2078.76655091675 -2137.28752945446 -0.0 -0.0 -0.0 -0.0 -0.0 -0.0
105 0.01466 -2866.84825499708 -1907.10152470173 -1913.93220671882 -1925.9909212103 -1949.15532694264 -2000.64303589371 -0.0 -0.0 -0.0 -0.0 -0.0 -0.0
106 0.01513 -2692.59262751863 -1790.84076676302 -1796.93055519386 -1807.59103386771 -1827.96251246571 -1873.29602234276 -0.0 -0.0 -0.0 -0.0 -0.0 -0.0
107 0.01561 -2529.13489375187 -1681.82192707293 -1687.25540905046 -1696.6840234312 -1714.6047144069 -1754.54852840033 -0.0 -0.0 -0.0 -0.0 -0.0 -0.0
108 0.0161 -2375.78691298392 -1579.57919609178 -1584.43094226572 -1592.77379819014 -1608.5430014684 -1643.76272690007 -0.0 -0.0 -0.0 -0.0 -0.0 -0.0
109 0.01662 -2231.90621296018 -1483.67811445952 -1488.01390023918 -1495.39936816628 -1509.27906300253 -1540.35481398585 -0.0 -0.0 -0.0 -0.0 -0.0 -0.0
110 0.01714 -2096.89308481591 -1393.71332958819 -1397.59120405391 -1404.13212406208 -1416.35175109789 -1443.78963282838 -0.0 -0.0 -0.0 -0.0 -0.0 -0.0
111 0.01768 -1970.18702777356 -1309.30652710906 -1312.77774731374 -1318.57335250835 -1329.333961675 -1353.57592874 -0.0 -0.0 -0.0 -0.0 -0.0 -0.0
112 0.01824 -1851.2642441838 -1230.10451875329 -1233.21436907419 -1238.35196439674 -1247.82981635366 -1269.2621496883 -0.0 -0.0 -0.0 -0.0 -0.0 -0.0
113 0.01882 -1739.63463129135 -1155.7774775693 -1158.56598680828 -1163.12241549053 -1171.47211160341 -1190.4327193104 -0.0 -0.0 -0.0 -0.0 -0.0 -0.0
114 0.01941 -1634.84062715188 -1086.01730545235 -1088.51987589781 -1092.56280106386 -1099.92000603226 -1116.70472081557 -0.0 -0.0 -0.0 -0.0 -0.0 -0.0
115 0.02002 -1536.45409735479 -1020.53612377292 -1022.78408284816 -1026.37310808238 -1032.85692024673 -1047.72493907317 -0.0 -0.0 -0.0 -0.0 -0.0 -0.0
116 0.02065 -1444.07431654104 -959.064875586916 -961.085960122527 -964.273610280372 -969.98862684667 -983.167216035453 -0.0 -0.0 -0.0 -0.0 -0.0 -0.0
117 0.0213 -1357.32661809732 -901.352031753648 -903.170812891343 -906.003392898603 -911.04151084697 -922.730080968073 -0.0 -0.0 -0.0 -0.0 -0.0 -0.0
118 0.02197 -1275.86069275883 -847.162392445669 -848.800649052542 -851.318995534305 -855.760982975653 -866.134622270185 -0.0 -0.0 -0.0 -0.0 -0.0 -0.0
119 0.02266 -1199.34823028545 -796.275974351308 -797.753021476822 -799.993162442424 -803.910030829437 -813.122572475717 -0.0 -0.0 -0.0 -0.0 -0.0 -0.0
120 0.02337 -1127.48197000049 -748.486981153619 -749.819958128896 -751.813690580494 -755.267893691966 -763.454581466808 -0.0 -0.0 -0.0 -0.0 -0.0 -0.0
121 0.0241 -1059.97468722582 -703.602845504392 -704.80697003476 -706.58236733313 -709.62884951555 -716.908656712044 -0.0 -0.0 -0.0 -0.0 -0.0 -0.0
122 0.02486 -996.557023922186 -661.443341097399 -662.532132848323 -664.113989568561 -666.801102902241 -673.27875158038 -0.0 -0.0 -0.0 -0.0 -0.0 -0.0
123 0.02564 -936.976009690811 -621.839757684259 -622.825234958246 -624.235457702672 -626.605764754049 -632.373485680665 -0.0 -0.0 -0.0 -0.0 -0.0 -0.0
124 0.02644 -880.996455628372 -584.634134443136 -585.526987196251 -586.784937965453 -588.875914827841 -594.01498281952 -0.0 -0.0 -0.0 -0.0 -0.0 -0.0
125 0.02726 -828.396160366701 -549.67854660506 -550.48828961932 -551.611087461707 -553.45573982293 -558.037814171213 -0.0 -0.0 -0.0 -0.0 -0.0 -0.0
126 0.02811 -778.967906537378 -516.834443387351 -517.569550469969 -518.572336635453 -520.199739922731 -524.288035647699 -0.0 -0.0 -0.0 -0.0 -0.0 -0.0
127 0.02899 -732.517510467253 -485.97203042961 -486.640053394354 -487.536224740626 -488.971997779183 -492.622309817528 -0.0 -0.0 -0.0 -0.0 -0.0 -0.0
128 0.02989 -688.863449717505 -456.969696047139 -457.577369542968 -458.378783695345 -459.645504357274 -462.907103851653 -0.0 -0.0 -0.0 -0.0 -0.0 -0.0
129 0.03082 -647.832498510559 -429.713476557607 -430.266810651639 -430.983966689831 -432.101536759571 -435.017955866312 -0.0 -0.0 -0.0 -0.0 -0.0 -0.0
130 0.03178 -609.268076830526 -404.096558631342 -404.600920238212 -405.243117689439 -406.229083557799 -408.83880312461 -0.0 -0.0 -0.0 -0.0 -0.0 -0.0
131 0.03277 -573.017179620318 -380.018815253615 -380.479000605168 -381.054479497317 -381.924313256738 -384.261365907361 -0.0 -0.0 -0.0 -0.0 -0.0 -0.0
132 0.03379 -538.939828015401 -357.386373120557 -357.806671617474 -358.322735750798 -359.0900829659 -361.184582106076 -0.0 -0.0 -0.0 -0.0 -0.0 -0.0
133 0.03484 -506.903432840356 -336.111209981952 -336.495460028201 -336.958586181046 -337.635483167969 -339.514087435407 -0.0 -0.0 -0.0 -0.0 -0.0 -0.0
134 0.03592 -476.784989169214 -316.110777174736 -316.462417377719 -316.878350937862 -317.47541614098 -319.161737312794 -0.0 -0.0 -0.0 -0.0 -0.0 -0.0
135 0.03703 -448.467109169862 -297.30765082216 -297.629763149661 -298.003602754527 -298.530205006887 -300.045166552327 -0.0 -0.0 -0.0 -0.0 -0.0 -0.0
136 0.03818 -421.841970664859 -279.629203607544 -279.924552437756 -280.260824544608 -280.725231209136 -282.087383478312 -0.0 -0.0 -0.0 -0.0 -0.0 -0.0
137 0.03936 -396.807610544085 -263.007298405305 -263.278365808675 -263.581090628167 -263.990597772199 -265.216395388211 -0.0 -0.0 -0.0 -0.0 -0.0 -0.0
138 0.04058 -373.266566548399 -247.378003912409 -247.627019950937 -247.899769468477 -248.260816852849 -249.364862712797 -0.0 -0.0 -0.0 -0.0 -0.0 -0.0
139 0.04184 -351.128637006575 -232.681327420863 -232.910297821256 -233.156247162407 -233.474519097819 -234.469779352218 -0.0 -0.0 -0.0 -0.0 -0.0 -0.0
140 0.04313 -330.309923625357 -218.860966414085 -219.07169627125 -219.293669045567 -219.574183529942 -220.4721769751 -0.0 -0.0 -0.0 -0.0 -0.0 -0.0
141 0.04447 -310.73152546899 -205.864075836224 -206.058190779177 -206.258699187026 -206.505886390206 -207.316851264318 -0.0 -0.0 -0.0 -0.0 -0.0 -0.0
142 0.04584 -292.31758718796 -193.6410488948 -193.8200157288 -194.001295788461 -194.219067053888 -194.952108309169 -0.0 -0.0 -0.0 -0.0 -0.0 -0.0
143 0.04726 -274.999234857645 -182.145317098343 -182.310458484445 -182.474501521829 -182.66631047031 -183.329529488903 -0.0 -0.0 -0.0 -0.0 -0.0 -0.0
144 0.04872 -258.709716693755 -171.333156570357 -171.485668014221 -171.634248028003 -171.80314419335 -172.403753385665 -0.0 -0.0 -0.0 -0.0 -0.0 -0.0
145 0.05022 -243.38822381697 -161.163512529642 -161.304474606983 -161.439173071536 -161.587849248793 -162.132273209416 -0.0 -0.0 -0.0 -0.0 -0.0 -0.0
146 0.05177 -228.974475579016 -151.597831860053 -151.72822237216 -151.850449844469 -151.981284026901 -152.47524882932 -0.0 -0.0 -0.0 -0.0 -0.0 -0.0
147 0.05337 -215.41744911705 -142.59990805013 -142.720612519561 -142.83162764445 -142.946719690359 -143.395331820058 -0.0 -0.0 -0.0 -0.0 -0.0 -0.0
148 0.05501 -202.664340164861 -134.13573406914 -134.247556048541 -134.348482564778 -134.449686913216 -134.857503002904 -0.0 -0.0 -0.0 -0.0 -0.0 -0.0
149 0.05671 -190.665736160971 -126.173368481624 -126.27703641797 -126.368878231095 -126.457832520652 -126.828921108185 -0.0 -0.0 -0.0 -0.0 -0.0 -0.0
150 0.05846 -179.379701904775 -118.682804971094 -118.778981073887 -118.862635528788 -118.940785915683 -119.27878195416 -0.0 -0.0 -0.0 -0.0 -0.0 -0.0
151 0.06026 -168.760460714943 -111.635854576968 -111.725140935366 -111.801410594022 -111.870034177701 -112.178187317825 -0.0 -0.0 -0.0 -0.0 -0.0 -0.0
152 0.06211 -158.770384386501 -105.006032608355 -105.088977712039 -105.158580877857 -105.218805296586 -105.500022652845 -0.0 -0.0 -0.0 -0.0 -0.0 -0.0
153 0.06403 -149.368643765961 -98.7684556183813 -98.8455580971266 -98.9091381358327 -98.9619591276236 -99.2188431583403 -0.0 -0.0 -0.0 -0.0 -0.0 -0.0
154 0.066 -140.524131859099 -92.8997399831076 -92.9714554515474 -93.0295887442068 -93.075885583581 -93.3107675839072 -0.0 -0.0 -0.0 -0.0 -0.0 -0.0
155 0.06803 -132.203036577343 -87.3779126808925 -87.4446565985608 -87.4978600686997 -87.5384091034345 -87.7533789171738 -0.0 -0.0 -0.0 -0.0 -0.0 -0.0
156 0.07012 -124.372494478526 -82.1823232590581 -82.2444755509229 -82.2932129339248 -82.3286994780182 -82.5256319591553 -0.0 -0.0 -0.0 -0.0 -0.0 -0.0
157 0.07227 -117.005814765961 -77.2935637398149 -77.351471733452 -77.396159596999 -77.4271885628537 -77.6077668316191 -0.0 -0.0 -0.0 -0.0 -0.0 -0.0
158 0.0745 -110.072426179566 -72.6933925339799 -72.7473740613303 -72.788386582949 -72.8154920720082 -72.9812283114951 -0.0 -0.0 -0.0 -0.0 -0.0 -0.0
159 0.07678 -103.549552149772 -68.3646623207738 -68.4150091486485 -68.452683138685 -68.476336397907 -68.6285903162398 -0.0 -0.0 -0.0 -0.0 -0.0 -0.0
160 0.07914 -97.4105449407544 -64.2912560117733 -64.3382352778151 -64.3728733731692 -64.3934903588059 -64.5334853967763 -0.0 -0.0 -0.0 -0.0 -0.0 -0.0
161 0.08157 -91.6322715066211 -60.4580208943154 -60.5018780557561 -60.5337533100754 -60.5517009730165 -60.6805389602007 -0.0 -0.0 -0.0 -0.0 -0.0 -0.0
162 0.08408 -86.1959281429685 -56.8507123726049 -56.8916730128759 -56.9210313180312 -56.9366333413947 -57.0553073984139 -0.0 -0.0 -0.0 -0.0 -0.0 -0.0
163 0.08666 -81.0785413251855 -53.4559380404762 -53.4942091204053 -53.5212726679802 -53.534814573754 -53.6442205539522 -0.0 -0.0 -0.0 -0.0 -0.0 -0.0
164 0.08932 -76.263833185555 -50.2611057363867 -50.2968785331614 -50.3218473148939 -50.3335809861182 -50.4345277040481 -0.0 -0.0 -0.0 -0.0 -0.0 -0.0
165 0.09206 -71.7323363259612 -47.2543757075702 -47.2878260594528 -47.3108813344114 -47.3210286615465 -47.4142469551485 -0.0 -0.0 -0.0 -0.0 -0.0 -0.0
166 0.09488 -67.466360347944 -44.4246150630506 -44.4559052879494 -44.4772103601671 -44.4859671979915 -44.5721180665118 -0.0 -0.0 -0.0 -0.0 -0.0 -0.0
167 0.09779 -63.4529951115627 -41.7613538569322 -41.7906338477632 -41.8103375892391 -41.8178762205354 -41.897558020631 -0.0 -0.0 -0.0 -0.0 -0.0 -0.0
168 0.1008 -59.6758071424066 -39.2547483413124 -39.2821558953126 -39.3003923978239 -39.3068647274726 -39.3806196018536 -0.0 -0.0 -0.0 -0.0 -0.0 -0.0
169 0.1039 -56.1199101438561 -36.8955389545486 -36.9212019169344 -36.9380931281991 -36.9436329563352 -37.0119525209864 -0.0 -0.0 -0.0 -0.0 -0.0 -0.0
170 0.1071 -52.7723522200025 -34.6750182632432 -34.6990549339965 -34.7147111445417 -34.7194363289631 -34.7827669195235 -0.0 -0.0 -0.0 -0.0 -0.0 -0.0
171 0.1103 -49.6241262035117 -32.5849960374388 -32.6075161419931 -32.6220380761902 -32.6260521729545 -32.6847992052942 -0.0 -0.0 -0.0 -0.0 -0.0 -0.0
172 0.1137 -46.6561595851009 -30.6177697358192 -30.6388748775643 -30.6523536538239 -30.6557479164367 -30.7102801219952 -0.0 -0.0 -0.0 -0.0 -0.0 -0.0
173 0.1172 -43.8670454612831 -28.7660945005345 -28.7858781748213 -28.7983970904176 -28.8012517275817 -28.8519047625544 -0.0 -0.0 -0.0 -0.0 -0.0 -0.0
174 0.1208 -41.2390089426643 -27.0231545033058 -27.0417044352099 -27.0533391043953 -27.0557244991692 -27.1028041408366 -0.0 -0.0 -0.0 -0.0 -0.0 -0.0
175 0.1245 -38.768366194683 -25.3825401123507 -25.3999365765695 -25.410756041217 -25.4127340067164 -25.4565191900681 -0.0 -0.0 -0.0 -0.0 -0.0 -0.0
176 0.1283 -36.4370935854684 -23.8382179240867 -23.8545382564152 -23.8646052067107 -23.8662303652996 -23.9069756675171 -0.0 -0.0 -0.0 -0.0 -0.0 -0.0
177 0.1322 -34.2450074533971 -22.3845176222329 -22.3998306830143 -22.4092031708983 -22.4105230397017 -22.4484611099711 -0.0 -0.0 -0.0 -0.0 -0.0 -0.0
178 0.1363 -32.1841270811538 -21.0161017373735 -21.0304722244312 -21.0392029812252 -21.0402593565947 -21.0756028778074 -0.0 -0.0 -0.0 -0.0 -0.0 -0.0
179 0.1405 -30.2421280561063 -19.7279483435413 -19.741437187959 -19.7495746667886 -19.750404061208 -19.7833478289427 -0.0 -0.0 -0.0 -0.0 -0.0 -0.0
180 0.1448 -28.4156502349803 -18.5153352712567 -18.5279975388214 -18.5355859610358 -18.5362205543944 -18.5669429524608 -0.0 -0.0 -0.0 -0.0 -0.0 -0.0
181 0.1492 -26.6940722344875 -17.3738160166269 -17.385705649083 -17.3927849622032 -17.3932527600469 -17.4219175008382 -0.0 -0.0 -0.0 -0.0 -0.0 -0.0
182 0.1537 -25.0722612342162 -16.2992092138697 -16.3103751177569 -16.3169830569287 -16.3173086482808 -16.3440659214567 -0.0 -0.0 -0.0 -0.0 -0.0 -0.0
183 0.1585 -23.5485825478474 -15.28758103586 -15.2980691395999 -15.3042395444057 -15.3044441215456 -15.3294320355533 -0.0 -0.0 -0.0 -0.0 -0.0 -0.0
184 0.1633 -22.1130605437224 -14.3352299330615 -14.3450817907372 -14.350846280855 -14.3509486804304 -14.3742940599142 -0.0 -0.0 -0.0 -0.0 -0.0 -0.0
185 0.1683 -20.7620758155927 -13.4386714653823 -13.4479268455519 -13.4533146785615 -13.4533309075628 -13.4751505953025 -0.0 -0.0 -0.0 -0.0 -0.0 -0.0
186 0.1734 -19.4911412946762 -12.5946272599611 -12.6033241503691 -12.6083612682757 -12.6083058833595 -12.6287075341817 -0.0 -0.0 -0.0 -0.0 -0.0 -0.0
187 0.1787 -18.2914638953226 -11.8000126646667 -11.8081867097117 -11.8128978583261 -11.8127827339372 -11.8318655655409 -0.0 -0.0 -0.0 -0.0 -0.0 -0.0
188 0.1842 -17.1640901299373 -11.0519279800323 -11.0596095805418 -11.0640171203599 -11.0638529907285 -11.0817086092284 -0.0 -0.0 -0.0 -0.0 -0.0 -0.0
189 0.1898 -16.1019221128998 -10.347637545034 -10.3548579990483 -10.3589838275397 -10.3587800094296 -10.3754928959424 -0.0 -0.0 -0.0 -0.0 -0.0 -0.0
190 0.1956 -15.1031834154646 -9.68457386769851 -9.69136119892691 -9.6952240334857 -9.69498823937044 -9.71063665179238 -0.0 -0.0 -0.0 -0.0 -0.0 -0.0
191 0.2016 -14.1634884231805 -9.06031649124283 -9.06669802135025 -9.07031537001912 -9.07005451865429 -9.08471065425914 -0.0 -0.0 -0.0 -0.0 -0.0 -0.0
192 0.2078 -13.2784030779319 -8.4725894699588 -8.47858938450556 -8.48197804241804 -8.48169796643525 -8.49542879202884 -0.0 -0.0 -0.0 -0.0 -0.0 -0.0
193 0.2141 -12.4419658800219 -7.91924978116734 -7.92489100434669 -7.92806661789422 -7.92777256082792 -7.9406399561517 -0.0 -0.0 -0.0 -0.0 -0.0 -0.0
194 0.2207 -11.6578733866145 -7.39828040461671 -7.40358589935108 -7.40656236777783 -7.40625827258176 -7.41831984701887 -0.0 -0.0 -0.0 -0.0 -0.0 -0.0
195 0.2274 -10.9139626637919 -6.90778386928525 -6.91277431143709 -6.91556460693276 -6.91525438716717 -6.92656331015548 -0.0 -0.0 -0.0 -0.0 -0.0 -0.0
196 0.2343 -10.2225935189781 -6.44597457396769 -6.45066849303501 -6.45328515023148 -6.45297176976391 -6.46357759384216 -0.0 -0.0 -0.0 -0.0 -0.0 -0.0
197 0.2415 -9.56404907764397 -6.011171303993 -6.01558546512075 -6.01804047105752 -6.01772670840687 -6.02767536825069 -0.0 -0.0 -0.0 -0.0 -0.0 -0.0
198 0.2489 -8.94724443159386 -5.60179081975097 -5.60594437245064 -5.60824673971474 -5.60793443597744 -5.617268622619 -0.0 -0.0 -0.0 -0.0 -0.0 -0.0
199 0.2565 -8.36605350333323 -5.2163463919486 -5.22025156520947 -5.22241255808551 -5.22210336394356 -5.23086306924444 -0.0 -0.0 -0.0 -0.0 -0.0 -0.0
200 0.2643 -7.81662013275625 -4.85343181693358 -4.85710586757672 -4.85913395875791 -4.85882989375342 -4.86705174645753 -0.0 -0.0 -0.0 -0.0 -0.0 -0.0
201 0.2724 -7.3092701482362 -4.51172987636797 -4.51518638572653 -4.51709028683452 -4.51679231801933 -4.52451089217678 -0.0 -0.0 -0.0 -0.0 -0.0 -0.0
202 0.2807 -6.82310649435095 -4.18999806190015 -4.19325029907651 -4.19503838472161 -4.19474714478537 -4.201994434144 -0.0 -0.0 -0.0 -0.0 -0.0 -0.0
203 0.2893 -6.36533568784153 -3.88706925318432 -3.89012710187952 -3.8918066623556 -3.89152363517488 -3.89832949998538 -0.0 -0.0 -0.0 -0.0 -0.0 -0.0
204 0.2981 -5.93712274037788 -3.60183828240095 -3.60471704183603 -3.60629433415946 -3.60601979332875 -3.61241211995859 -0.0 -0.0 -0.0 -0.0 -0.0 -0.0
205 0.3072 -5.52920733832836 -3.33327364106724 -3.33598311847434 -3.33746422546886 -3.33719831246914 -3.34320318759529 -0.0 -0.0 -0.0 -0.0 -0.0 -0.0
206 0.3166 -5.14689054981767 -3.08039841062638 -3.08294792236463 -3.08433966025507 -3.08408287129522 -3.08972453704109 -0.0 -0.0 -0.0 -0.0 -0.0 -0.0
207 0.3262 -4.78976362174541 -2.84229464457573 -2.84469474233171 -2.84600194240527 -2.8457544012311 -2.85105542923699 -0.0 -0.0 -0.0 -0.0 -0.0 -0.0
208 0.3362 -4.45638588689507 -2.61809923035925 -2.62035668065988 -2.62158556710973 -2.62134754063159 -2.62632931270716 -0.0 -0.0 -0.0 -0.0 -0.0 -0.0
209 0.3464 -4.13271261366214 -2.40699703202609 -2.40912160778786 -2.4102766885257 -2.41004803898334 -2.41473030816259 -0.0 -0.0 -0.0 -0.0 -0.0 -0.0
210 0.357 -3.83235311205095 -2.20822302954149 -2.21022288132157 -2.21130837722874 -2.21108911800306 -2.21549030356738 -0.0 -0.0 -0.0 -0.0 -0.0 -0.0
211 0.3679 -3.549344659023 -2.02105602660817 -2.02293912871784 -2.02395920284189 -2.02374913184689 -2.02788651784779 -0.0 -0.0 -0.0 -0.0 -0.0 -0.0
212 0.3791 -3.28679987871709 -1.84481890725853 -1.84659020417563 -1.84754936825894 -1.84734847716334 -1.85123831901456 -0.0 -0.0 -0.0 -0.0 -0.0 -0.0
213 0.3907 -3.03483529648585 -1.67887011503984 -1.68053837683682 -1.68143956997637 -1.68124765900394 -1.68490506952264 -0.0 -0.0 -0.0 -0.0 -0.0 -0.0
214 0.4026 -2.79568037851876 -1.52260988025395 -1.5241797601617 -1.52502733242336 -1.52484438066122 -1.52828356954207 -0.0 -0.0 -0.0 -0.0 -0.0 -0.0
215 0.4149 -2.57105201845032 -1.37547122169651 -1.37694926960679 -1.37774681340923 -1.37757192865731 -1.38080610481545 -0.0 -0.0 -0.0 -0.0 -0.0 -0.0
216 0.4276 -2.36863138252638 -1.23692313609633 -1.23831235383324 -1.23906264379907 -1.2388964574038 -1.24193811845758 -0.0 -0.0 -0.0 -0.0 -0.0 -0.0
217 0.4406 -2.17568783317905 -1.10645849279352 -1.1077683634273 -1.10847382656418 -1.10831549470533 -1.11117642611649 -0.0 -0.0 -0.0 -0.0 -0.0 -0.0
218 0.454 -1.9880482879825 -0.983609223496809 -0.984842400806319 -0.985506870723693 -0.98535617856238 -0.988047266691167 -0.0 -0.0 -0.0 -0.0 -0.0 -0.0
219 0.4679 -1.81667307239682 -0.867931670525171 -0.869092644202885 -0.869716111103222 -0.869573162753772 -0.872104571351164 -0.0 -0.0 -0.0 -0.0 -0.0 -0.0
220 0.4822 -1.64564617776836 -0.759001587497755 -0.760096612694213 -0.760682912568072 -0.760547083593332 -0.762928404666768 -0.0 -0.0 -0.0 -0.0 -0.0 -0.0
221 0.4969 -1.49645788982487 -0.656430783898542 -0.657460066205505 -0.658012649936867 -0.657883179084954 -0.660123576737073 -0.0 -0.0 -0.0 -0.0 -0.0 -0.0
222 0.512 -1.37481354435669 -0.559848107913612 -0.560812825728046 -0.561331942857543 -0.561210106609916 -0.563317724825198 -0.0 -0.0 -0.0 -0.0 -0.0 -0.0
223 0.5276 -1.22608392114413 -0.468895854424397 -0.469803014281463 -0.470292682045927 -0.470177477459855 -0.472160561306297 -0.0 -0.0 -0.0 -0.0 -0.0 -0.0
224 0.5437 -1.1107842202894 -0.383252133750736 -0.38410680653069 -0.384565566150115 -0.384456136311837 -0.386322174626169 -0.0 -0.0 -0.0 -0.0 -0.0 -0.0
225 0.5603 -0.982817657803546 -0.302602960953763 -0.303406832047686 -0.303839572045799 -0.3037360477324 -0.305491784199818 -0.0 -0.0 -0.0 -0.0 -0.0 -0.0
226 0.5774 -0.868742585258153 -0.226658310891557 -0.227415186194245 -0.227822810062882 -0.227724763303249 -0.229377070172096 -0.0 -0.0 -0.0 -0.0 -0.0 -0.0
227 0.595 -0.758932018167084 -0.155143387655212 -0.155857360176421 -0.156240678334571 -0.156147775701125 -0.157702701957032 -0.0 -0.0 -0.0 -0.0 -0.0 -0.0
228 0.6131 -0.662763953922731 -0.0878034640406953 -0.0884742039014799 -0.0888336599013286 -0.0887459128299188 -0.0902092909695049 -0.0 -0.0 -0.0 -0.0 -0.0 -0.0
229 0.6318 -0.565973218052436 -0.0243857625583437 -0.025019343367874 -0.0253586714150016 -0.0252754409653537 -0.0266528508800734 -0.0 -0.0 -0.0 -0.0 -0.0 -0.0
230 0.6511 -0.480635317650572 0.0353292404930187 0.0347336542123922 0.0344142047681912 0.0344925036015171 0.0331963928908465 -0.0 0.0 0.0 0.0 0.0 0.0
231 0.6709 -0.386561338446943 0.0915620316736994 0.0910013386466902 0.0907006517130382 0.090774953245692 0.0895550768541881 -0.0 0.0 0.0 0.0 0.0 0.0
232 0.6914 -0.310464178535542 0.144511153525223 0.143988464401522 0.143704851371791 0.143775167770369 0.142626790813782 -0.0 0.0 0.0 0.0 0.0 0.0
233 0.7125 -0.236084156941827 0.194379835516214 0.193884533424105 0.193617592132816 0.193684103794146 0.192603192385146 -0.0 0.0 0.0 0.0 0.0 0.0
234 0.7342 -0.168476209163077 0.241335880199644 0.240872193685476 0.240620506837312 0.240682799440234 0.239665332740981 -0.0 0.0 0.0 0.0 0.0 0.0
235 0.7565 -0.105469425454526 0.285555149977006 0.285116182506855 0.28488219935946 0.284940656200926 0.283982991134061 -0.0 0.0 0.0 0.0 0.0 0.0
236 0.7796 -0.0385063322377723 0.327194863480324 0.326784870769049 0.326562053372595 0.326618018014424 0.325716394462604 -0.0 0.0 0.0 0.0 0.0 0.0
237 0.8034 0.01889257377899 0.366411767569679 0.366021262777714 0.365812298827347 0.365864804290823 0.365016265496524 0.0 0.0 0.0 0.0 0.0 0.0
238 0.8279 0.07445078580974 0.403335929433555 0.40297131123226 0.402774083090754 0.402823369101021 0.402024769653225 0.0 0.0 0.0 0.0 0.0 0.0
239 0.8531 0.136294678273017 0.438108626458714 0.437764899855293 0.437580249245362 0.437627274670338 0.436875321452381 0.0 0.0 0.0 0.0 0.0 0.0
240 0.8791 0.163792868450297 0.470856426011726 0.470532875512495 0.470358495074183 0.470402195056567 0.469694133114985 0.0 0.0 0.0 0.0 0.0 0.0
241 0.9059 0.221054762244396 0.501695185174511 0.501386943363381 0.501224294799875 0.501266222337041 0.500599503708347 0.0 0.0 0.0 0.0 0.0 0.0
242 0.9335 0.267681082169757 0.530734972395607 0.530446947962981 0.530291686516978 0.530330679551691 0.529703112828893 0.0 0.0 0.0 0.0 0.0 0.0
243 0.9619 0.32115907349726 0.558078979817362 0.557810234915245 0.557663727365881 0.557700988339124 0.557110020238169 0.0 0.0 0.0 0.0 0.0 0.0
244 0.9913 0.359061466305109 0.583828127890867 0.58357873375943 0.583440516436041 0.583475658023631 0.582919324773334 0.0 0.0 0.0 0.0 0.0 0.0
245 1.021 0.417685979277903 0.608092177298332 0.607838502918947 0.607714360848425 0.607747886237614 0.607224178977387 0.0 0.0 0.0 0.0 0.0 0.0
246 1.053 0.462495663918221 0.630931097972048 0.630690877207627 0.630573370129869 0.63060510256467 0.630112221981804 0.0 0.0 0.0 0.0 0.0 0.0
247 1.085 0.492710039882971 0.652435247544318 0.652209246463904 0.652100461337282 0.652130229465978 0.651665952626725 0.0 0.0 0.0 0.0 0.0 0.0
248 1.118 0.52054276823976 0.672686992366644 0.672474996058934 0.672372662805849 0.672400776516404 0.671963459265529 0.0 0.0 0.0 0.0 0.0 0.0
249 1.152 0.555119597092479 0.69176036196706 0.691556995393751 0.691463549445995 0.691489267773473 0.691077918993741 0.0 0.0 0.0 0.0 0.0 0.0
250 1.187 0.576840683171362 0.709719706821412 0.709530915248784 0.709440610391769 0.709465729608732 0.709078105642797 0.0 0.0 0.0 0.0 0.0 0.0
251 1.223 0.594320506934518 0.726635434316808 0.726453515698144 0.726370570402659 0.726394283663424 0.726029193862455 0.0 0.0 0.0 0.0 0.0 0.0
252 1.26 0.617997524065252 0.742567832246233 0.74239307776349 0.74231354832371 0.742336280626486 0.741992467280408 0.0 0.0 0.0 0.0 0.0 0.0
253 1.299 0.641088569272753 0.757566848071751 0.757402803591388 0.757327983488499 0.757348916281249 0.757025408750773 0.0 0.0 0.0 0.0 0.0 0.0
254 1.338 0.678196209626666 0.771690149482601 0.771534793079527 0.771467414408574 0.77148699734385 0.771182251247371 0.0 0.0 0.0 0.0 0.0 0.0
255 1.379 0.697587190800109 0.784995333779234 0.784847791101187 0.784781838772164 0.784800716860038 0.784513741830831 0.0 0.0 0.0 0.0 0.0 0.0
256 1.421 0.683421350194843 0.797517643352077 0.797380866247344 0.797321054519899 0.797338807264741 0.79706863765906 0.0 0.0 0.0 0.0 0.0 0.0
257 1.464 0.711587311857151 0.809319198240133 0.809188403948843 0.809130198871129 0.809146123265524 0.808891802120739 0.0 0.0 0.0 0.0 0.0 0.0
258 1.509 0.748058579365201 0.820422065370074 0.820302673305784 0.820248423929324 0.820265453769961 0.820025991385283 0.0 0.0 0.0 0.0 0.0 0.0
259 1.555 0.756819043081547 0.830886016001963 0.83077429801624 0.830722032285402 0.83073649676753 0.830511293280398 0.0 0.0 0.0 0.0 0.0 0.0
260 1.602 0.780907259990008 0.840738522425466 0.840632887864459 0.840583546136554 0.840597268490963 0.840385732501034 0.0 0.0 0.0 0.0 0.0 0.0
261 1.651 0.804487308349433 0.850016137606267 0.849917738732305 0.849872175504818 0.8498847225622 0.849684822901663 0.0 0.0 0.0 0.0 0.0 0.0
262 1.701 0.835260824668952 0.858758543978091 0.858656513718029 0.858617777417974 0.85863054901508 0.858441761014335 0.0 0.0 0.0 0.0 0.0 0.0
263 1.753 0.801226091206345 0.86698180104811 0.866890129284151 0.866853605738542 0.86686593540064 0.866688694964515 0.0 0.0 0.0 0.0 0.0 0.0
264 1.807 0.793732419675322 0.874741297214162 0.874650221720286 0.87461044892751 0.874621650823582 0.87445493486773 0.0 0.0 0.0 0.0 0.0 0.0
265 1.862 0.829513243440896 0.882030023937881 0.881946217402654 0.881914809907964 0.881925509792037 0.881768661261826 0.0 0.0 0.0 0.0 0.0 0.0
266 1.919 0.807814340292203 0.888905663480171 0.888825072146115 0.888793370158741 0.888804514317163 0.888656264503899 0.0 0.0 0.0 0.0 0.0 0.0
267 1.977 0.863577010446584 0.895379265823396 0.895300488798824 0.895271892679915 0.895281799982744 0.895142686875104 0.0 0.0 0.0 0.0 0.0 0.0
268 2.037 0.907785717067801 0.901468802230151 0.901410141510716 0.901371944208129 0.901382410009087 0.90125094774142 0.0 0.0 0.0 0.0 0.0 0.0
269 2.099 0.881217415798296 0.907213296486021 0.907155245826786 0.907118124516709 0.907127078324722 0.907004074188907 0.0 0.0 0.0 0.0 0.0 0.0
270 2.163 0.898330487199953 0.912614861810293 0.912566645683096 0.912529306128319 0.912536885180474 0.912421603879983 0.0 0.0 0.0 0.0 0.0 0.0
271 2.229 0.90472985514897 0.917698681759122 0.917656134530375 0.917624172029452 0.91763234574438 0.917523061005829 0.0 0.0 0.0 0.0 0.0 0.0
272 2.297 0.944152186533224 0.92250094072094 0.92245676296421 0.922422504768463 0.922430509764276 0.922327600058262 0.0 0.0 0.0 0.0 0.0 0.0
273 2.367 0.952603638752805 0.927015840949063 0.926972129777693 0.926942316228273 0.92694870686191 0.926852210129582 0.0 0.0 0.0 0.0 0.0 0.0
274 2.439 0.903423427285661 0.931271086148171 0.931225666109975 0.931198027479963 0.93120443004712 0.931113446520526 0.0 0.0 0.0 0.0 0.0 0.0
275 2.513 0.966351999848602 0.935266982111432 0.935230832658772 0.935205238732422 0.935211301312341 0.935125795392285 0.0 0.0 0.0 0.0 0.0 0.0
276 2.59 0.953364790588071 0.939040585478802 0.939003923530276 0.938979056107404 0.93898555769469 0.938904752450693 0.0 0.0 0.0 0.0 0.0 0.0
277 2.669 0.947988284132496 0.942588285583573 0.942563042957368 0.942533438631495 0.942539235480724 0.942463900949024 0.0 0.0 0.0 0.0 0.0 0.0
278 2.75 0.963074879501203 0.945930838350871 0.945900950845215 0.945881374031147 0.945886174142255 0.945815493785145 0.0 0.0 0.0 0.0 0.0 0.0
279 2.834 0.973694876379241 0.949088396047706 0.949052041795567 0.949032862872927 0.949038314318306 0.94897152738382 0.0 0.0 0.0 0.0 0.0 0.0
280 2.92 0.986303834036878 0.952052737644143 0.952025081414135 0.952002371566426 0.952007413977801 0.95194400967549 0.0 0.0 0.0 0.0 0.0 0.0
281 3.009 0.969382987522662 0.954843478147451 0.954819374331468 0.95479826144654 0.954802548197989 0.954743108888573 0.0 0.0 0.0 0.0 0.0 0.0
282 3.101 0.955929121153066 0.957481529751187 0.957455828919744 0.95743196116372 0.957434567107601 0.957378867356159 0.0 0.0 0.0 0.0 0.0 0.0
283 3.195 0.978079593755201 0.959941952750029 0.959925560204446 0.959908790141832 0.959913889208064 0.95986150360564 0.0 0.0 0.0 0.0 0.0 0.0
284 3.293 0.973668207928333 0.962273170979458 0.962263238860182 0.962246578422237 0.962249122022991 0.96219984629286 0.0 0.0 0.0 0.0 0.0 0.0
285 3.393 1.00024800843532 0.964484744594129 0.964460455877322 0.964445800757098 0.964447680399039 0.96440121084786 0.0 0.0 0.0 0.0 0.0 0.0
286 3.496 1.02737292186159 0.96655566827212 0.966523461400776 0.966514998344411 0.96651910690041 0.966474477365936 0.0 0.0 0.0 0.0 0.0 0.0
287 3.603 0.943924729931692 0.968488288747236 0.968480060769354 0.968463858265712 0.968469176928796 0.968428390328519 0.0 0.0 0.0 0.0 0.0 0.0
288 3.713 1.03973949837181 0.970338229108432 0.970317229603425 0.970302988496802 0.970306343863525 0.970266205887777 0.0 0.0 0.0 0.0 0.0 0.0
289 3.826 1.03581654480986 0.972050086839982 0.972054307979689 0.972030769322796 0.972035220866471 0.971998795120607 0.0 0.0 0.0 0.0 0.0 0.0
290 3.942 1.04342806316448 0.973696389440532 0.973671978953389 0.973662009484848 0.973663799412209 0.973629880737588 0.0 0.0 0.0 0.0 0.0 0.0
291 4.062 0.947086286992799 0.975189321871979 0.975196823670187 0.975193022612745 0.975197389412226 0.975164265071261 0.0 0.0 0.0 0.0 0.0 0.0
292 4.186 1.03920457981505 0.976645626258691 0.976638186559382 0.976637231112232 0.976643443141001 0.97661102945348 0.0 0.0 0.0 0.0 0.0 0.0
293 4.313 0.911876755266247 0.977981560355345 0.978001858220152 0.977999506883233 0.978003845248811 0.977972806535988 0.0 0.0 0.0 0.0 0.0 0.0
294 4.445 0.910494481351456 0.979277560784012 0.979283273857068 0.979280549605782 0.979284680320386 0.979255954078096 0.0 0.0 0.0 0.0 0.0 0.0
295 4.58 0.968538241920441 0.980482664236696 0.98048404932238 0.980486499437759 0.980490326180248 0.98046395292182 0.0 0.0 0.0 0.0 0.0 0.0
296 4.72 1.0011847479599 0.981600823028239 0.981631569467466 0.981619729602869 0.981628095663245 0.981602063921583 0.0 0.0 0.0 0.0 0.0 0.0
297 4.863 0.943878162086921 0.982693149462977 0.982698086141784 0.9826926378155 0.98269787086302 0.982673089028657 0.0 0.0 0.0 0.0 0.0 0.0
298 5.012 0.924183388928319 0.983698619606947 0.983704654327408 0.983698968426159 0.983704948014198 0.983682508691634 0.0 0.0 0.0 0.0 0.0 0.0
299 5.164 0.984080484487987 0.984621776690229 0.984658266013239 0.98465240436879 0.984656172676288 0.98463255045431 0.0 0.0 0.0 0.0 0.0 0.0
300 5.322 0.994832600295091 0.985550943089692 0.98555092757049 0.98554110228326 0.985548061126394 0.985528192776918 0.0 0.0 0.0 0.0 0.0 0.0
301 5.484 0.929623997531331 0.986354932907056 0.986384882398798 0.986386477944556 0.986389587313627 0.986371296176506 0.0 0.0 0.0 0.0 0.0 0.0
302 5.651 1.01203685006895 0.987164628290927 0.987177143851645 0.987177582779958 0.987180646258823 0.98716524308328 0.0 0.0 0.0 0.0 0.0 0.0
303 5.823 0.969825015054006 0.987902073160372 0.987918247004944 0.987922961816222 0.987928931352515 0.987912106938242 0.0 0.0 0.0 0.0 0.0 0.0
304 6.0 1.0292249519734 0.98861903596281 0.988638453296473 0.988630845399004 0.988632260049521 0.988615983057669 0.0 0.0 0.0 0.0 0.0 0.0
305 6.183 0.943510267955303 0.989277468531087 0.989281908709233 0.989290426932695 0.989293777973992 0.989279181025182 0.0 0.0 0.0 0.0 0.0 0.0
306 6.371 0.987951976910599 0.989898037460635 0.989915667430045 0.9899123180925 0.989918295896273 0.989903416015311 0.0 0.0 0.0 0.0 0.0 0.0
307 6.565 0.948403235438587 0.990488773228095 0.990508116602271 0.990501002523051 0.990504128389194 0.99049097822464 0.0 0.0 0.0 0.0 0.0 0.0
308 6.765 1.00713319889491 0.991034164281889 0.991061092795117 0.991057021035285 0.991058739191799 0.991045549022917 0.0 0.0 0.0 0.0 0.0 0.0
309 6.971 1.07367082022847 0.991579952779165 0.991572895356496 0.99157471703954 0.991579574511252 0.991566754866335 0.0 0.0 0.0 0.0 0.0 0.0
310 7.184 1.05394668730731 0.992050340897782 0.992064966418412 0.992067619288776 0.99207117042194 0.99205732263587 0.0 0.0 0.0 0.0 0.0 0.0
311 7.402 1.01255080901758 0.992486482614972 0.992523380663257 0.992524417560591 0.992529099928208 0.992520455363447 0.0 0.0 0.0 0.0 0.0 0.0
312 7.628 0.963863760001161 0.992950355634994 0.992954817260977 0.992963972720754 0.992965717251984 0.992955926201911 0.0 0.0 0.0 0.0 0.0 0.0
313 7.86 0.905355381194344 0.99333863431617 0.993361203655912 0.99337257788582 0.993375318857954 0.993366809159187 0.0 0.0 0.0 0.0 0.0 0.0
314 8.1 0.752606895861818 0.993699222450833 0.993748393992813 0.993765649117644 0.993765515084227 0.993752613935599 0.0 0.0 0.0 0.0 0.0 0.0
315 8.346 0.698896065310461 0.994067676616076 0.994110881139741 0.994127985350069 0.994127692301572 0.994116258716844 0.0 0.0 0.0 0.0 0.0 0.0
316 8.6 0.628699891386236 0.994418137847346 0.994448371747098 0.994469008910582 0.994468933085555 0.99445800008572 0.0 0.0 0.0 0.0 0.0 0.0
317 8.862 0.688882755297718 0.994712570033857 0.994757537540338 0.994791256003913 0.994795091623448 0.99478100561949 0.0 0.0 0.0 0.0 0.0 0.0
318 9.132 0.65649510449456 0.995044566626464 0.995059250168168 0.995097144503156 0.995095283846818 0.9950845231574 0.0 0.0 0.0 0.0 0.0 0.0
319 9.41 0.615832241601059 0.995348401062554 0.995351018368843 0.995378817673417 0.995384750596266 0.995372131343203 0.0 0.0 0.0 0.0 0.0 0.0
320 9.697 0.761817216378383 0.995576736744827 0.995628966489197 0.995652822362049 0.995652009136327 0.995641314348143 0.0 0.0 0.0 0.0 0.0 0.0
321 9.992 0.683808980612541 0.99588744064158 0.995887241232344 0.995902936619088 0.995905488844175 0.995895574554691 0.0 0.0 0.0 0.0 0.0 0.0
322 10.3 0.598318817220455 0.996080791439274 0.996140951135919 0.99614657735923 0.996141927959975 0.996134328478888 0.0 0.0 0.0 0.0 0.0 0.0
323 10.61 0.670448249932243 0.996316154243201 0.996349309049652 0.996374580003713 0.996367289335021 0.996359729543991 0.0 0.0 0.0 0.0 0.0 0.0
324 10.93 0.763203975813648 0.996506077115282 0.996546674781872 0.996582132453852 0.996580283941867 0.996571394313946 0.0 0.0 0.0 0.0 0.0 0.0
325 11.27 0.763220205237924 0.996682771640663 0.996753088328159 0.996779333564943 0.996778580277172 0.996771726406788 0.0 0.0 0.0 0.0 0.0 0.0
326 11.61 0.627537244802391 0.996922782685072 0.99694994840347 0.996970118595293 0.996966054353737 0.996959455090397 0.0 0.0 0.0 0.0 0.0 0.0
327 11.96 0.713876149986982 0.997034103328875 0.997135109388589 0.997139686164911 0.997146984829411 0.99713446529589 0.0 0.0 0.0 0.0 0.0 0.0
328 12.33 0.833731099502666 0.997226474899641 0.997286572870526 0.997311356339768 0.997309647080781 0.997302328043241 0.0 0.0 0.0 0.0 0.0 0.0
329 12.7 0.729055473271619 0.997416231317528 0.997448331698114 0.997468576388784 0.99747027975917 0.997460457945747 0.0 0.0 0.0 0.0 0.0 0.0
330 13.09 0.499280836219077 0.997581350007098 0.997590523994711 0.997622653816352 0.997614650910782 0.997606832829566 0.0 0.0 0.0 0.0 0.0 0.0
331 13.49 0.638000900946032 0.997718516620853 0.997722774420308 0.997754764872098 0.997752140299602 0.997746985218233 0.0 0.0 0.0 0.0 0.0 0.0
332 13.9 0.821164142615923 0.997788729128126 0.997874584652969 0.997882252524615 0.997885744553178 0.997877334192949 0.0 0.0 0.0 0.0 0.0 0.0
333 14.32 0.711029721040248 0.99796016660634 0.997980127109699 0.998011453043041 0.998009916961038 0.998001938151722 0.0 0.0 0.0 0.0 0.0 0.0
334 14.76 0.769884545040847 0.998092079576176 0.998106157247167 0.998129743554185 0.998121366012167 0.998118065234833 0.0 0.0 0.0 0.0 0.0 0.0
335 15.21 0.647500741339844 0.998151136308215 0.99821164186119 0.998228320184769 0.99823308595555 0.998226463273987 0.0 0.0 0.0 0.0 0.0 0.0
