#  0 [0.0, 0.0, 0.00108194, 0.0] EPS0002.nlfc.dat.interbandonly
#  1 [0.0, 0.0, 0.00153007, 0.0] EPS0003.nlfc.dat.interbandonly
#  2 [0.0, 0.0, 0.00216387, 0.0] EPS0004.nlfc.dat.interbandonly
#  3 [0.0, 0.0, 0.00306015, 0.0] EPS0005.nlfc.dat.interbandonly
#  4 [0.0, 0.0, 0.00432774, 0.0] EPS0006.nlfc.dat.interbandonly
# recid omega eps1.... eps2... where num of eps is the number of EPSfiles
0 0.0 8.89943379222257 8.77405022315074 8.70787415481077 8.66411138931297 8.63934087948562 0.0 0.0 0.0 0.0 0.0
1 1.015e-05 8.89943380944251 8.77405024041701 8.70787417210327 8.66411140661315 8.63934089678597 0.0 0.0 0.0 0.0 0.0
2 3.076e-05 8.89943395036483 8.77405038171846 8.70787431361937 8.66411154819207 8.63934103836628 0.0 0.0 0.0 0.0 0.0
3 5.2e-05 8.89943424411809 8.77405067626202 8.70787460861038 8.66411184331405 8.63934133349117 0.0 0.0 0.0 0.0 0.0
4 7.389e-05 8.89943470454189 8.77405113792453 8.70787507097421 8.66411230588314 8.63934179606483 0.0 0.0 0.0 0.0 0.0
5 9.644e-05 8.89943534646534 8.774051781575 8.70787571560246 8.66411295079757 8.63934244098562 0.0 0.0 0.0 0.0 0.0
6 0.0001197 8.89943618577229 8.77405262314 8.7078765584459 8.6641137940152 8.63934328421156 0.0 0.0 0.0 0.0 0.0
7 0.0001436 8.89943723947087 8.77405367967343 8.70787761658432 8.66411485262338 8.63934434283018 0.0 0.0 0.0 0.0 0.0
8 0.0001683 8.89943852576714 8.77405496943032 8.7078789083005 8.66411614491301 8.63934563513256 0.0 0.0 0.0 0.0 0.0
9 0.0001937 8.89944006414384 8.77405651194583 8.70788045315926 8.66411769045761 8.6393471806924 0.0 0.0 0.0 0.0 0.0
10 0.0002199 8.89944187544382 8.77405832811888 8.70788227209128 8.66411951019715 8.63934900044989 0.0 0.0 0.0 0.0 0.0
11 0.0002469 8.89944398195889 8.77406044030126 8.7078843874823 8.66412162652729 8.63935111680091 0.0 0.0 0.0 0.0 0.0
12 0.0002748 8.89944640752444 8.77406287239249 8.70788682326815 8.66412406339451 8.63935355369216 0.0 0.0 0.0 0.0 0.0
13 0.0003034 8.89944917761981 8.77406564994043 8.70788960503549 8.66412684639682 8.63935633672192 0.0 0.0 0.0 0.0 0.0
14 0.000333 8.89945231947519 8.77406880024856 8.70789276012927 8.6641300028913 8.63935949324753 0.0 0.0 0.0 0.0 0.0
15 0.0003634 8.89945586218526 8.77407235248981 8.70789631776676 8.66413356210819 8.63936305249953 0.0 0.0 0.0 0.0 0.0
16 0.0003948 8.89945983683003 8.77407633782781 8.70790030915892 8.66413755527232 8.63936704570304 0.0 0.0 0.0 0.0 0.0
17 0.0004271 8.89946427660325 8.77408078954563 8.70790476763936 8.66414201573209 8.6393715062068 0.0 0.0 0.0 0.0 0.0
18 0.0004604 8.89946921694917 8.77408574318283 8.70790972880165 8.66414697909687 8.63937646962052 0.0 0.0 0.0 0.0 0.0
19 0.0004948 8.89947469570754 8.774091236681 8.707915230645 8.66415248338274 8.63938197396068 0.0 0.0 0.0 0.0 0.0
20 0.0005301 8.89948075326818 8.7740973105386 8.70792131372939 8.66415856916769 8.63938805980564 0.0 0.0 0.0 0.0 0.0
21 0.0005666 8.89948743273511 8.77410400797562 8.70792802134047 8.66416527975659 8.63939477046071 0.0 0.0 0.0 0.0 0.0
22 0.0006041 8.89949478010103 8.77411137510847 8.70793539966469 8.66417266135637 8.63940215213328 0.0 0.0 0.0 0.0 0.0
23 0.0006428 8.89950284443276 8.77411946113597 8.7079434979756 8.66418076326248 8.63941025411927 0.0 0.0 0.0 0.0 0.0
24 0.0006827 8.89951167806859 8.77412831853722 8.70795236883203 8.66418963805705 8.63941912900135 0.0 0.0 0.0 0.0 0.0
25 0.0007238 8.89952133682782 8.77413800328167 8.70796206828843 8.66419934181945 8.63942883285941 0.0 0.0 0.0 0.0 0.0
26 0.0007662 8.89953188023356 8.77414857505255 8.7079726561187 8.66420993435009 8.63943942549448 0.0 0.0 0.0 0.0 0.0
27 0.0008098 8.8995433717497 8.77416009748448 8.7079841960541 8.66422147940852 8.63945097066672 0.0 0.0 0.0 0.0 0.0
28 0.0008548 8.89955587903259 8.7741726384158 8.70799675603602 8.66423404496629 8.63946353634835 0.0 0.0 0.0 0.0 0.0
29 0.0009011 8.89956947419872 8.77418627015698 8.70801040848475 8.66424770347585 8.63947719499253 0.0 0.0 0.0 0.0 0.0
30 0.0009488 8.89958423410896 8.77420106977567 8.70802523058501 8.66426253215616 8.63949202381899 0.0 0.0 0.0 0.0 0.0
31 0.000998 8.89960024067115 8.7742171194 8.70804130458966 8.6642786132966 8.6395081051179 0.0 0.0 0.0 0.0 0.0
32 0.001049 8.89961758116118 8.77423450654065 8.70805871814228 8.66429603457966 8.63952552657263 0.0 0.0 0.0 0.0 0.0
33 0.001101 8.89963634856467 8.77425332443332 8.7080775646202 8.66431488942409 8.63954438160283 0.0 0.0 0.0 0.0 0.0
34 0.001155 8.89965664193978 8.77427367240264 8.70809794349888 8.66433527734953 8.63956476972912 0.0 0.0 0.0 0.0 0.0
35 0.00121 8.89967856680304 8.77429565624893 8.70811996073933 8.664357304364 8.63958679696057 0.0 0.0 0.0 0.0 0.0
36 0.001267 8.89970223553925 8.77431938865928 8.70814372919976 8.66438108337581 8.63961057620657 0.0 0.0 0.0 0.0 0.0
37 0.001326 8.89972776783728 8.77434498964445 8.70816936907321 8.66440673463133 8.6396362277147 0.0 0.0 0.0 0.0 0.0
38 0.001387 8.8997552911531 8.77437258700321 8.7081970083525 8.66443438618019 8.63966387953582 0.0 0.0 0.0 0.0 0.0
39 0.00145 8.89978494120177 8.77440231681562 8.70822678332436 8.66446417436961 8.63969366801849 0.0 0.0 0.0 0.0 0.0
40 0.001514 8.89981686248068 8.77443432396769 8.70825883909477 8.66449624436996 8.63972573833449 0.0 0.0 0.0 0.0 0.0
41 0.00158 8.8998512088252 8.77446876270846 8.70829333014704 8.66453075073309 8.63976024503719 0.0 0.0 0.0 0.0 0.0
42 0.001649 8.89988814399937 8.77450579724238 8.70833042093493 8.66456785798574 8.63979735265494 0.0 0.0 0.0 0.0 0.0
43 0.001719 8.89992784232382 8.77454560235883 8.70837028651321 8.66460774126037 8.63983723632188 0.0 0.0 0.0 0.0 0.0
44 0.001792 8.8999704893428 8.774588364101 8.70841311320752 8.66465058696529 8.63988008244815 0.0 0.0 0.0 0.0 0.0
45 0.001867 8.90001628253324 8.77463428047679 8.70845909932642 8.66469659349704 8.63992608943222 0.0 0.0 0.0 0.0 0.0
46 0.001944 8.9000654320583 8.77468356221445 8.70850845591805 8.66474597199739 8.63997546841791 0.0 0.0 0.0 0.0 0.0
47 0.002024 8.90011816156814 8.77473643356544 8.70856140757432 8.66479894715791 8.64002844409896 0.0 0.0 0.0 0.0 0.0
48 0.002106 8.90017470905111 8.77479313315792 8.70861819328561 8.66485575807497 8.64008525557406 0.0 0.0 0.0 0.0 0.0
49 0.00219 8.90023532773812 8.77485391490361 8.70867906734907 8.66491665915856 8.64014615725567 0.0 0.0 0.0 0.0 0.0
50 0.002277 8.90030028706415 8.77491904896173 8.70874430033398 8.66498192109795 8.64021141983566 0.0 0.0 0.0 0.0 0.0
51 0.002367 8.90036987368975 8.77498882276341 8.70881418010769 8.6650518318882 8.64028133131187 0.0 0.0 0.0 0.0 0.0
52 0.002459 8.90044439258709 8.77506354210054 8.7088890129262 8.66512669792109 8.64035619807905 0.0 0.0 0.0 0.0 0.0
53 0.002554 8.90052416819408 8.77514353228297 8.70896912459301 8.66520684514466 8.64043634608833 0.0 0.0 0.0 0.0 0.0
54 0.002652 8.90060954564096 8.77522913936849 8.709054861691 8.66529262029545 8.64052212207961 0.0 0.0 0.0 0.0 0.0
55 0.002753 8.90070089205428 8.77532073147018 8.70914659289181 8.66538439220857 8.6406138948915 0.0 0.0 0.0 0.0 0.0
56 0.002858 8.90079859794281 8.77541870014611 8.70924471034754 8.66548255321 8.64071205685375 0.0 0.0 0.0 0.0 0.0
57 0.002965 8.90090307867055 8.77552346187626 8.70934963116998 8.66558752059644 8.64081702526702 0.0 0.0 0.0 0.0 0.0
58 0.003075 8.9010147760228 8.7756354596328 8.70946179900319 8.66569973820861 8.64092924397624 0.0 0.0 0.0 0.0 0.0
59 0.003189 8.90113415987075 8.77575516454905 8.70958168569508 8.66581967810355 8.64104918504294 0.0 0.0 0.0 0.0 0.0
60 0.003307 8.90126172994103 8.77588307769392 8.70970979307442 8.66594784233243 8.64117735052302 0.0 0.0 0.0 0.0 0.0
61 0.003428 8.90139801769712 8.77601973195814 8.70984665483999 8.66608476483053 8.64131427435677 0.0 0.0 0.0 0.0 0.0
62 0.003553 8.90154358833933 8.77616569405973 8.70999283856899 8.66623101342652 8.64146052437821 0.0 0.0 0.0 0.0 0.0
63 0.003681 8.90169904293141 8.77632156667624 8.71014894785261 8.66638719197899 8.64161670445157 0.0 0.0 0.0 0.0 0.0
64 0.003813 8.90186502066162 8.77648799071185 8.7103156245664 8.66655394264781 8.64178345674267 0.0 0.0 0.0 0.0 0.0
65 0.00395 8.90204220124691 8.7766656477079 8.71049355128457 8.66673194830944 8.64196146413435 0.0 0.0 0.0 0.0 0.0
66 0.00409 8.90223130748966 8.77685526240655 8.71068345384742 8.6669219351256 8.64215145279499 0.0 0.0 0.0 0.0 0.0
67 0.004235 8.90243310799656 8.77705760547682 8.71088610409141 8.66712467527446 8.64235419490986 0.0 0.0 0.0 0.0 0.0
68 0.004385 8.9026484200702 8.77727349641385 8.71110232275297 8.66734098985571 8.64257051158617 0.0 0.0 0.0 0.0 0.0
69 0.004538 8.90287811278482 8.7775038066229 8.71133298255691 8.66757175198036 8.64280127594286 0.0 0.0 0.0 0.0 0.0
70 0.004697 8.90312311025773 8.7777494626994 8.71157901150154 8.66781789005731 8.64304741639722 0.0 0.0 0.0 0.0 0.0
71 0.00486 8.90338439512957 8.77801144991845 8.71184139635329 8.66808039128947 8.64330992016101 0.0 0.0 0.0 0.0 0.0
72 0.005029 8.90366301226705 8.77829081594738 8.71212118636489 8.66836030539358 8.64358983696033 0.0 0.0 0.0 0.0 0.0
73 0.005202 8.90396007270236 8.77858867479561 8.71241949723114 8.66865874855766 8.64388828299311 0.0 0.0 0.0 0.0 0.0
74 0.005381 8.90427675782544 8.77890621101799 8.71273751529844 8.66897690765248 8.64420644514053 0.0 0.0 0.0 0.0 0.0
75 0.005565 8.90461432384549 8.77924468418807 8.71307650204482 8.66931604471343 8.64454558544896 0.0 0.0 0.0 0.0 0.0
76 0.005755 8.90497410653942 8.77960543365916 8.71343779884806 8.66967750171077 8.64490704590028 0.0 0.0 0.0 0.0 0.0
77 0.00595 8.90535752630671 8.77998988363244 8.71382283206129 8.67006270562746 8.64529225348964 0.0 0.0 0.0 0.0 0.0
78 0.006152 8.90576609355134 8.78039954855307 8.71423311841722 8.67047317386568 8.64570272563204 0.0 0.0 0.0 0.0 0.0
79 0.00636 8.90620141441175 8.78083603885526 8.71467027078163 8.67091052000281 8.6461400759184 0.0 0.0 0.0 0.0 0.0
80 0.006574 8.90666519686381 8.78130106708122 8.71513600428142 8.67137645992222 8.64660602024627 0.0 0.0 0.0 0.0 0.0
81 0.006794 8.90715925722078 8.78179645439816 8.71563214283128 8.67187281834264 8.64710238334929 0.0 0.0 0.0 0.0 0.0
82 0.007021 8.90768552705836 8.78232413754145 8.716160626087 8.67240153577456 8.64763110575356 0.0 0.0 0.0 0.0 0.0
83 0.007255 8.90824606059295 8.78288617621222 8.71672351685411 8.67296467593198 8.64819425118945 0.0 0.0 0.0 0.0 0.0
84 0.007497 8.90884304254552 8.7834847609616 8.71732300898356 8.6735644336316 8.6487940144908 0.0 0.0 0.0 0.0 0.0
85 0.007745 8.90947879652381 8.78412222159486 8.71796143578834 8.67420314321288 8.64943273001497 0.0 0.0 0.0 0.0 0.0
86 0.008001 8.91015579395949 8.78480103613169 8.71864127901675 8.6748832875153 8.65011288062011 0.0 0.0 0.0 0.0 0.0
87 0.008265 8.9108766636392 8.78552384036197 8.7193651784222 8.67560750745217 8.65083710723901 0.0 0.0 0.0 0.0 0.0
88 0.008537 8.91164420187156 8.78629343803904 8.72013594197135 8.67637861222309 8.65160821909152 0.0 0.0 0.0 0.0 0.0
89 0.008818 8.91246138333517 8.78711281175569 8.72095655673582 8.67719959021036 8.65242920458095 0.0 0.0 0.0 0.0 0.0
90 0.009107 8.91333137265694 8.78798513455221 8.72183020051717 8.67807362060883 8.65330324292393 0.0 0.0 0.0 0.0 0.0
91 0.009404 8.91425753677315 8.78891378230919 8.72276025425753 8.67900408584176 8.65423371656622 0.0 0.0 0.0 0.0 0.0
92 0.009711 8.91524345813055 8.78990234698235 8.72375031529353 8.67999458482035 8.6552242244422 0.0 0.0 0.0 0.0 0.0
93 0.01003 8.91629294878933 8.79095465074142 8.72480421151551 8.68104894710885 8.65627859613995 0.0 0.0 0.0 0.0 0.0
94 0.01035 8.91741006549477 8.7920747610801 8.72592601649903 8.68217124806246 8.65740090703906 0.0 0.0 0.0 0.0 0.0
95 0.01069 8.91859912579029 8.79326700696986 8.72712006568177 8.68336582501087 8.65859549449409 0.0 0.0 0.0 0.0 0.0
96 0.01103 8.91986472525035 8.79453599613633 8.72839097366443 8.68463729456642 8.65986697514261 0.0 0.0 0.0 0.0 0.0
97 0.01139 8.92121175591932 8.79588663354441 8.72974365272197 8.6859905711429 8.66122026342389 0.0 0.0 0.0 0.0 0.0
98 0.01176 8.92264542604869 8.79732414118492 8.73118333261812 8.68743088677826 8.66266059140141 0.0 0.0 0.0 0.0 0.0
99 0.01214 8.92417128123464 8.79885407926465 8.73271558182521 8.68896381236309 8.66419352999117 0.0 0.0 0.0 0.0 0.0
100 0.01253 8.92579522706577 8.8004823689104 8.73434633025974 8.69059528038545 8.66582501170624 0.0 0.0 0.0 0.0 0.0
101 0.01293 8.92752355340196 8.80221531650752 8.73608189365485 8.69233160931319 8.66756135503886 0.0 0.0 0.0 0.0 0.0
102 0.01334 8.92936296041625 8.80405963980581 8.73792899970211 8.69417952974627 8.66940929061233 0.0 0.0 0.0 0.0 0.0
103 0.01377 8.93132058654305 8.80602249593583 8.7398948161064 8.69614621248285 8.67137598924679 0.0 0.0 0.0 0.0 0.0
104 0.01421 8.93340403849168 8.80811151149518 8.74198698071312 8.69823929865851 8.67346909209788 0.0 0.0 0.0 0.0 0.0
105 0.01466 8.93562142349749 8.81033481487749 8.74421363388107 8.70046693213185 8.67569674304183 0.0 0.0 0.0 0.0 0.0
106 0.01513 8.93798138400172 8.81270107103518 8.74658345329194 8.70283779430771 8.67806762349801 0.0 0.0 0.0 0.0 0.0
107 0.01561 8.94049313496859 8.81521951888537 8.7491056914063 8.70536114160762 8.6805909898986 0.0 0.0 0.0 0.0 0.0
108 0.0161 8.94316650407109 8.81790001159051 8.75179021579757 8.70804684581948 8.68327671403742 0.0 0.0 0.0 0.0 0.0
109 0.01662 8.94601197499951 8.82075305996846 8.75464755261928 8.71090543758133 8.68613532655256 0.0 0.0 0.0 0.0 0.0
110 0.01714 8.94904073417413 8.82378987931365 8.75768893348729 8.71394815328146 8.68917806382537 0.0 0.0 0.0 0.0 0.0
111 0.01768 8.95226472117367 8.82702243994185 8.76092634609005 8.7171869856876 8.69241691860821 0.0 0.0 0.0 0.0 0.0
112 0.01824 8.95569668322417 8.83046352180349 8.76437258887173 8.72063473865052 8.69586469472635 0.0 0.0 0.0 0.0 0.0
113 0.01882 8.9593502341324 8.83412677355048 8.76804133017417 8.72430508626768 8.6995350662398 0.0 0.0 0.0 0.0 0.0
114 0.01941 8.96323991808993 8.83802677648315 8.77194717226407 8.72821263693375 8.70344264149155 0.0 0.0 0.0 0.0 0.0
115 0.02002 8.96738127882304 8.84217911385372 8.77610572072257 8.73237300275522 8.70760303251966 0.0 0.0 0.0 0.0 0.0
116 0.02065 8.97179093461978 8.84660044605781 8.7805336597292 8.73680287486113 8.71203293036498 0.0 0.0 0.0 0.0 0.0
117 0.0213 8.97648665982728 8.85130859230862 8.78524883383514 8.74152010520502 8.71675018686968 0.0 0.0 0.0 0.0 0.0
118 0.02197 8.98148747348494 8.85632261946002 8.79027033689282 8.74654379552531 8.72177390363367 0.0 0.0 0.0 0.0 0.0
119 0.02266 8.98681373584027 8.86166293872677 8.79561860889059 8.75189439421313 8.72712452887775 0.0 0.0 0.0 0.0 0.0
120 0.02337 8.99248725358846 8.86735141114384 8.80131554153504 8.75759380193004 8.73282396305599 0.0 0.0 0.0 0.0 0.0
121 0.0241 8.99853139478254 8.87341146271332 8.80738459353044 8.76366548692565 8.73889567416719 0.0 0.0 0.0 0.0 0.0
122 0.02486 9.00497121448576 8.87986821031204 8.81385091662883 8.77013461112877 8.74536482383878 0.0 0.0 0.0 0.0 0.0
123 0.02564 9.01183359237813 8.88674859957323 8.8207414936655 8.77702816822692 8.75225840539798 0.0 0.0 0.0 0.0 0.0
124 0.02644 9.0191473836933 8.89408155612063 8.8280852899588 8.7843751351137 8.75960539530951 0.0 0.0 0.0 0.0 0.0
125 0.02726 9.02694358505106 8.90189815172204 8.83591341964269 8.79220663827238 8.76743691954788 0.0 0.0 0.0 0.0 0.0
126 0.02811 9.03525551697007 8.91023178714943 8.84425932872023 8.80055613688457 8.77578643669299 0.0 0.0 0.0 0.0 0.0
127 0.02899 9.0441190251012 8.91911839378829 8.85315899688207 8.80945962470806 8.78468993979271 0.0 0.0 0.0 0.0 0.0
128 0.02989 9.05357270251884 8.92859665633656 8.86265116043182 8.81895585306629 8.7941861793346 0.0 0.0 0.0 0.0 0.0
129 0.03082 9.06365813575682 8.93870825928287 8.8727775590096 8.82908657764108 8.80431691001792 0.0 0.0 0.0 0.0 0.0
130 0.03178 9.07442017768334 8.94949816026198 8.88358320921373 8.8398968321691 8.81512716442596 0.0 0.0 0.0 0.0 0.0
131 0.03277 9.085907250791 8.96101489386745 8.89511670870245 8.85143523262429 8.82666555718011 0.0 0.0 0.0 0.0 0.0
132 0.03379 9.09817168504485 8.97331091006886 8.9074305749255 8.86375431603678 8.83898462372569 0.0 0.0 0.0 0.0 0.0
133 0.03484 9.11127009510475 8.98644295205502 8.9205816233095 8.87691091877289 8.85214119857307 0.0 0.0 0.0 0.0 0.0
134 0.03592 9.12526380253738 9.00047247912384 8.93463139052086 8.89096659990015 8.86619683861703 0.0 0.0 0.0 0.0 0.0
135 0.03703 9.14021930958697 9.01546614119453 8.94964660938506 8.90598811621748 8.88121829811315 0.0 0.0 0.0 0.0 0.0
136 0.03818 9.1562088322167 9.03149631266111 8.96569974318512 8.92204795667358 8.89727806303274 0.0 0.0 0.0 0.0 0.0
137 0.03936 9.17331090150533 9.04864169468022 8.98286958843636 8.93922494527175 8.91445495389261 0.0 0.0 0.0 0.0 0.0
138 0.04058 9.19161104414307 9.06698799664606 9.00124195689518 8.95760492321945 8.93283480781571 0.0 0.0 0.0 0.0 0.0
139 0.04184 9.21120255478155 9.08662870961863 9.02091044957317 8.9772815230951 8.95251125259223 0.0 0.0 0.0 0.0 0.0
140 0.04313 9.23218737544273 9.10766598692157 9.04197733797926 8.99835705025546 8.97358658796104 0.0 0.0 0.0 0.0 0.0
141 0.04447 9.25467710019256 9.13021165012988 9.06455457081689 9.02094348971175 8.99617279233535 0.0 0.0 0.0 0.0 0.0
142 0.04584 9.27879412697432 9.15438834235828 9.08876492805503 9.04516366039412 9.02039267688685 0.0 0.0 0.0 0.0 0.0
143 0.04726 9.30467298306433 9.18033085533137 9.11474334886319 9.07115254329559 9.04638121347273 0.0 0.0 0.0 0.0 0.0
144 0.04872 9.33246185629035 9.20818766239747 9.14263846558259 9.09905881566835 9.07428706857025 0.0 0.0 0.0 0.0 0.0
145 0.05022 9.36232437126171 9.23812269676013 9.17261438301939 9.12904663055886 9.1042743824949 0.0 0.0 0.0 0.0 0.0
146 0.05177 9.39444165881029 9.27031742315509 9.20485275130125 9.16129768992334 9.13652484213024 0.0 0.0 0.0 0.0 0.0
147 0.05337 9.42901477818701 9.30497326255181 9.23955519189185 9.19601367091789 9.17124010674723 0.0 0.0 0.0 0.0 0.0
148 0.05501 9.46626756604559 9.34231444395028 9.27694615085202 9.23341907945084 9.20864466097878 0.0 0.0 0.0 0.0 0.0
149 0.05671 9.50645000487649 9.38259137598379 9.31727627207877 9.27376462372634 9.24898918765096 0.0 0.0 0.0 0.0 0.0
150 0.05846 9.54984222771732 9.42608465520832 9.36082640742626 9.31733122467906 9.2925545773347 0.0 0.0 0.0 0.0 0.0
151 0.06026 9.59675930756027 9.4731098595654 9.40791241222303 9.36443481180786 9.33965672307869 0.0 0.0 0.0 0.0 0.0
152 0.06211 9.64755702158049 9.52402331722045 9.45889091641825 9.41543209463048 9.39065229048351 0.0 0.0 0.0 0.0 0.0
153 0.06403 9.70263883588681 9.5792290965714 9.51416631718784 9.47072755557433 9.4459457088495 0.0 0.0 0.0 0.0 0.0
154 0.066 9.76246443135617 9.63918753810227 9.57419931371513 9.53078198499366 9.50599770397776 0.0 0.0 0.0 0.0 0.0
155 0.06803 9.82756019309636 9.70442575076184 9.63951740687232 9.59612298100325 9.57133579516418 0.0 0.0 0.0 0.0 0.0
156 0.07012 9.89853222673089 9.77555063622755 9.71072792721314 9.66735797748514 9.64256731953697 0.0 0.0 0.0 0.0 0.0
157 0.07227 9.97608266129105 9.85326520104138 9.7885343513192 9.7451905602299 9.72039574341334 0.0 0.0 0.0 0.0 0.0
158 0.0745 10.0610302773001 9.93838919545171 9.87375694539109 9.83044110998304 9.80564129904408 0.0 0.0 0.0 0.0 0.0
159 0.07678 10.1543369003729 10.0318855195908 9.96735917677056 9.92407321290058 9.89926738667753 0.0 0.0 0.0 0.0 0.0
160 0.07914 10.2571415897496 10.1348944267894 10.0704819232413 10.0272278679842 10.0024147706842 0.0 0.0 0.0 0.0 0.0
161 0.08157 10.370805531879 10.2487784346181 10.1844883907199 10.141268401682 10.1164464787071 0.0 0.0 0.0 0.0 0.0
162 0.08408 10.4969718943603 10.3751821995653 10.3110239952155 10.2678403448688 10.2430076572186 0.0 0.0 0.0 0.0 0.0
163 0.08666 10.6376470001761 10.516113716036 10.4520975696048 10.4089526317008 10.3841067401695 0.0 0.0 0.0 0.0 0.0
164 0.08932 10.7953125651548 10.674056583561 10.6101936387743 10.5670898621932 10.5422276681684 0.0 0.0 0.0 0.0 0.0
165 0.09206 10.9730843491253 10.8521286938776 10.7884311140604 10.745370976638 10.7204884991961 0.0 0.0 0.0 0.0 0.0
166 0.09488 11.1749421992865 11.0543123178912 10.9907933855291 10.9477793156162 10.9228713727923 0.0 0.0 0.0 0.0 0.0
167 0.09779 11.4060736855022 11.2857977940309 11.2224720106722 11.1795062557853 11.15456599755 0.0 0.0 0.0 0.0 0.0
168 0.1008 11.6734058483133 11.5535153408133 11.4903985164704 11.4474829230808 11.4225011271 0.0 0.0 0.0 0.0 0.0
169 0.1039 11.9864638399584 11.8669937757271 11.8041030849131 11.7612387242324 11.736202696978 0.0 0.0 0.0 0.0 0.0
170 0.1071 12.358832338203 12.2398220204709 12.1771759764524 12.1343624922916 12.1092542818704 0.0 0.0 0.0 0.0 0.0
171 0.1103 12.8108153471522 12.6923090009985 12.629927242532 12.5871616708681 12.5619550082507 0.0 0.0 0.0 0.0 0.0
172 0.1137 13.3747282925772 13.2567758246511 13.1946784716362 13.1519529868061 13.126607703674 0.0 0.0 0.0 0.0 0.0
173 0.1172 14.1068476678004 13.9895054019657 13.9277113761936 13.8850086656773 13.8594596434604 0.0 0.0 0.0 0.0 0.0
174 0.1208 15.1204747116002 15.0038057267237 14.9423284589562 14.8996114192374 14.8737445996541 0.0 0.0 0.0 0.0 0.0
175 0.1245 16.7486339928792 16.6327113824995 16.5715564278621 16.5287609304167 16.5023914007903 0.0 0.0 0.0 0.0 0.0
176 0.1283 20.1857050473894 20.0704815460234 20.0093659789705 19.9658366225125 19.9375616390529 0.377949749579267 0.378001595550416 0.378105132265888 0.378311929239194 0.378725055971822
177 0.1322 22.4493020602896 22.3350151987707 22.2740915075667 22.2300207414093 22.2000330685902 6.31788608058655 6.317483916155 6.31667761523404 6.31506735298289 6.3118546573433
178 0.1363 20.3549641626826 20.2422829109938 20.1823358050158 20.1391278034501 20.1082093797172 11.7518073946339 11.7510365285908 11.7492356221923 11.7456417546161 11.7387236287865
179 0.1405 16.3837021785453 16.2731120291147 16.215676018399 16.1762403264704 16.1586293434431 14.010155665046 14.0096478279294 14.0066480773312 14.0005691336683 13.9789819045538
180 0.1448 13.155150445584 13.0461702592655 12.9907330597959 12.9537330125903 12.9407073232343 13.8172952212569 13.8181272249456 13.817562559602 13.8163196764584 13.8224585101807
181 0.1492 11.0651438076323 10.9575162393732 10.9027174533487 10.8652594165809 10.843998352716 13.4212689862281 13.4225066725201 13.4225535819752 13.4219602836552 13.4202372561586
182 0.1537 9.48099883928289 9.37516386840237 9.32132915248754 9.2840761851375 9.26428534337815 12.866163724875 12.868160846984 12.869081890564 12.8696207690442 12.869697572157
183 0.1585 8.27900639340178 8.17494898568329 8.12173924323945 8.08392494916242 8.0626428335306 12.2554394279613 12.2584757775161 12.2603757267492 12.2620683782529 12.2636331674572
184 0.1633 7.33500565967651 7.23296287185391 7.18064990415473 7.14261974984784 7.12022646696108 11.6838039126954 11.6876534531592 11.6896018927986 11.6905987603611 11.6905098463445
185 0.1683 6.57885519803677 6.47918203126091 6.42835151288528 6.39105755824549 6.36932796791672 11.1053652518392 11.110522110773 11.1130734640694 11.1141498692899 11.1131560946266
186 0.1734 5.97688524268109 5.87996665071815 5.83105743752942 5.79497994916036 5.77470989531635 10.5787871183785 10.5853802861514 10.5885550405558 10.5897774992801 10.5885529708526
187 0.1787 5.48811020955699 5.39410251295124 5.34709640022735 5.3118319259427 5.2921942790488 10.079370739522 10.088397575971 10.0933929958755 10.0963942096267 10.0970443285881
188 0.1842 5.09427875964606 5.00333934881518 4.95822055796677 4.92336673884576 4.90379878042662 9.62446183919457 9.63587476302364 9.64218259152483 9.64582590503032 9.64653724651688
189 0.1898 4.80188065250176 4.71526649331378 4.6729849410865 4.63892722177788 4.61980184529249 9.1891375877794 9.20335566531151 9.21149349991225 9.21648423719251 9.21827713233231
190 0.1956 4.62196298025706 4.54141396139527 4.50297049817172 4.46949024826733 4.45023285585423 8.84958017223366 8.86913747814192 8.88078712391233 8.88757270632138 8.89040922278497
191 0.2016 4.41758954758452 4.34028704470803 4.30376689601068 4.27018559088836 4.25093336195306 8.72571474386914 8.75777726517651 8.77749363283039 8.78669364073767 8.78994510891697
192 0.2078 4.04151821541272 3.95970280322545 3.92034553310387 3.88642362398097 3.86811379454574 8.63650363146227 8.68134762327844 8.709105747139 8.72011096651979 8.72427439819455
193 0.2141 3.66537336587219 3.57590655483658 3.53089507816344 3.49423685169134 3.47247627298732 8.3184997891445 8.36802805997277 8.39973394132685 8.41463887267221 8.42406362460689
194 0.2207 3.28452995001978 3.1911969121198 3.14340502980689 3.10590513525546 3.08396792766035 8.13976607280643 8.1897923423307 8.22003241029107 8.23106769451761 8.23198221067791
195 0.2274 2.88206603985599 2.78828694143134 2.74064592626016 2.70491185494292 2.68730388922869 7.6994680871825 7.75268009407884 7.78557926214982 7.80015776754017 7.80593817352901
196 0.2343 2.74601119016873 2.65204989468769 2.60406649457658 2.56751896847717 2.54886112148472 7.14304264633774 7.2026071695527 7.23955960163909 7.25751285762847 7.26760530681338
197 0.2415 2.71296762020708 2.6139956934574 2.56186160514414 2.52135347139312 2.49838693271321 6.92607280184195 6.99711991064948 7.04214973320639 7.06503953774994 7.07832946462704
198 0.2489 2.54025090167849 2.4304378074352 2.37039955099984 2.32513888814625 2.29984434477195 6.73431440522371 6.81171524395113 6.85940237196648 6.88121773961103 6.89078531572065
199 0.2565 2.35311914017362 2.23237218183865 2.16489055306012 2.116180396496 2.09032540307354 6.41509909619693 6.49287983444078 6.54025541218547 6.56227250460083 6.57382094503215
200 0.2643 2.22076788911812 2.09152242236023 2.01825457489058 1.96636140226606 1.93861835033018 6.09689772957949 6.17251674802 6.21695383183798 6.23701657438919 6.24794680470353
201 0.2724 2.13087543868214 1.99508194217914 1.91797844531951 1.86381064405253 1.83430117326523 5.74047629029086 5.81325952750418 5.85447151204006 5.87311070975732 5.88455989611372
202 0.2807 2.11323332109289 1.97224452721994 1.89270646955389 1.83674803986676 1.8051815646083 5.3610821283059 5.43049096178522 5.46825522084644 5.48475731986387 5.49523659776849
203 0.2893 2.20021129128159 2.05504412699754 1.97387863652222 1.91652940625725 1.88312380066374 4.95861599835423 5.02452759766157 5.05953512759874 5.07452657874266 5.08424103090782
204 0.2981 2.46267501387483 2.31362467370639 2.23101552936644 2.17251788083779 2.13843564598955 4.55536685514796 4.61759632757788 4.64973767325314 4.66278498789735 4.6703279658211
205 0.3072 3.03081069989272 2.8772675036528 2.79235386594677 2.73103358708623 2.69420028001578 4.26057023136026 4.31766065124978 4.34682753477721 4.35951194979744 4.36920378812577
206 0.3166 3.63882251603887 3.48422558812476 3.39915264642996 3.33555534990189 3.29543134780343 4.6142278599463 4.65925228147533 4.67970342445647 4.68582290262537 4.68993257642832
207 0.3262 3.89059287476528 3.74361290642708 3.66441985606191 3.60227973640416 3.56179893909652 5.25358087836317 5.28497014386225 5.29625766774572 5.29627945691706 5.29657404817248
208 0.3362 3.72786037717397 3.60449551165286 3.54220968121229 3.48692792029473 3.44967236035471 5.94230920615903 5.95923998404431 5.96021405955455 5.9523991639432 5.94615039173461
209 0.3464 3.49391371027808 3.41590776977009 3.38507184739579 3.34176208083405 3.30696197227428 6.27738749960422 6.30143623477362 6.30788552216334 6.3004670634469 6.29654210796624
210 0.357 2.98925360903562 2.93170591061763 2.91514337905096 2.88220625784739 2.85222363365892 7.14066144127879 7.23876152293504 7.2949485299774 7.29768736642367 7.28670291972981
211 0.3679 1.88347332643482 1.78724159821337 1.74530618917086 1.70934016156642 1.685772284344 7.53836091862107 7.69728498969705 7.79445142632209 7.81833325869766 7.81537419632478
212 0.3791 0.750921196149437 0.599041261526503 0.520452868929567 0.46983817971045 0.442980372519399 7.19198171106655 7.35906284652506 7.461507115996 7.49140788089449 7.49603960354197
213 0.3907 0.0311135353884563 -0.159203360639671 -0.262403611531505 -0.323658077047695 -0.355038729579876 6.4576726502245 6.61021329229639 6.70280077056893 6.72775677269398 6.73048190275876
214 0.4026 -0.352680818010995 -0.567997274398061 -0.687002972471968 -0.754387052218088 -0.788381133287431 5.83776241863375 5.97621829501471 6.06023856950177 6.08183194094266 6.08453858933092
215 0.4149 -0.640479661049256 -0.876685433843684 -1.00916088349496 -1.08196904281174 -1.11878919656338 5.27567290643241 5.39891420869472 5.47306693459619 5.48946855167443 5.48879195529569
216 0.4276 -0.846910031811463 -1.10143290004386 -1.24506911461052 -1.31989702489004 -1.35354456887026 4.65764397073065 4.76201389543075 4.82356605760777 4.83217225421259 4.8246433584412
217 0.4406 -0.853749062223911 -1.11834258076452 -1.26828231780131 -1.34403979094567 -1.37597652164211 3.97301134360071 4.0506950760752 4.09610382095811 4.10115953337367 4.09975308399205
218 0.454 -0.684515520331346 -0.950557335014368 -1.10115752871961 -1.17680311404362 -1.21151454781954 3.4776651370377 3.53457299219017 3.56547050493354 3.56274686427513 3.55843505764399
219 0.4679 -0.51822973846469 -0.782461999331493 -0.930560340006722 -1.00262730878789 -1.03608202112529 3.1586597660122 3.19758676043023 3.21706090019184 3.20940539053115 3.20160651510267
220 0.4822 -0.45031288575898 -0.711113976009935 -0.855935185303118 -0.924317600211423 -0.955277355023304 2.87771181506361 2.90268469422823 2.91394983157186 2.904411680042 2.89649872586951
221 0.4969 -0.151406500546214 -0.409376569262759 -0.551630328504598 -0.618332264621578 -0.649341982610322 2.31521315180204 2.32802850615949 2.33237223979591 2.32246799384854 2.31626573397182
222 0.512 0.225528529821376 -0.0268988346951238 -0.164910698289342 -0.229845838678125 -0.261280927340876 2.39666153274279 2.39466375657275 2.39037670865398 2.37721861162416 2.36849401039396
223 0.5276 0.349814772438916 0.104805356739191 -0.0277996432574443 -0.0897748082635783 -0.119540885584471 2.40948113287579 2.39902014037598 2.39054813975587 2.3762472103782 2.36594633544716
224 0.5437 0.378685983869787 0.141014156849255 0.0133648129423002 -0.045619456532817 -0.0729054742663051 2.44249326699061 2.42272929905895 2.41000478177887 2.39471551840915 2.38379962141312
225 0.5603 0.360248432108927 0.13032691366433 0.00693818892020448 -0.0499785710932263 -0.0762555364542068 2.37074505856395 2.3453337333019 2.33094287534886 2.31670294440602 2.30776928061202
226 0.5774 0.342649709630378 0.121345449745789 0.00229666534781803 -0.0526369119825561 -0.0781198594884676 2.3051281725362 2.27300976048127 2.2550380150446 2.2395598868365 2.22912776999592
227 0.595 0.304268484985579 0.0914984786080512 -0.0230032959497637 -0.0754672309285953 -0.0991667609842239 2.20252107185429 2.16932170079344 2.15104165763348 2.13665415784742 2.12716720793022
228 0.6131 0.290963988527708 0.0846381808470461 -0.0266780521340182 -0.0776456478438983 -0.100342271827369 2.04208157653153 2.00724436036182 1.98810076268523 1.97460576680178 1.96584524182206
229 0.6318 0.347245852501329 0.146334511919587 0.0383507421218595 -0.0115426559840854 -0.0334871133011152 1.8750937022849 1.83975110437318 1.81932376013733 1.80665987001333 1.79870547831883
230 0.6511 0.431577858762077 0.236128036299672 0.13276120844825 0.0846098481258559 0.0636588344758877 1.79433839398853 1.75659583965648 1.73474458972222 1.72187480585279 1.71412928791289
231 0.6709 0.491561368087519 0.305381912533345 0.209124952153787 0.164790318879662 0.146766463226917 1.75260853294898 1.71284101659145 1.69159487972367 1.67985394964806 1.67245691881118
232 0.6914 0.461312965664948 0.281723159838575 0.187934819610735 0.143607366199518 0.125815144467931 1.77489637513097 1.74401896754119 1.73292834480094 1.72951155642973 1.72911928361476
233 0.7125 0.38818047878768 0.206943301538725 0.108030254904898 0.0580976102369111 0.0355199332420227 1.64274025551201 1.61787991260004 1.61082453871937 1.60982244487133 1.61175583538348
234 0.7342 0.38203473754049 0.198033638163758 0.0951410175662916 0.0415432620194026 0.0162793203487221 1.47982251554653 1.45378932741026 1.44358692190043 1.4392430299236 1.43782028936569
235 0.7565 0.426884787316802 0.243410736344391 0.140378527567092 0.0863966488541026 0.0612931766509393 1.32409839352864 1.29520753793908 1.28182311363928 1.2751388218692 1.2728390813333
236 0.7796 0.511244858618228 0.329437201603325 0.227266815768193 0.173235912675168 0.147859993812073 1.18950618245548 1.1599983265328 1.14535725168291 1.13779909610603 1.13540042892818
237 0.8034 0.615052361693806 0.434307506830929 0.33264195616031 0.27851285293219 0.252880739966667 1.09830356451357 1.06792381448722 1.05214192292627 1.04310313326149 1.03987634874284
238 0.8279 0.741328525087335 0.561006697885583 0.459476993738705 0.405480962226968 0.37977276436197 1.02522905628537 0.994050230831305 0.977207168651196 0.967117194637477 0.963709713749896
239 0.8531 0.870805141688103 0.689708723831367 0.587535916791372 0.533021742372219 0.506010860097753 1.04334258095434 1.00973256909144 0.991001314840552 0.979650731417091 0.976157992649807
240 0.8791 0.878200440356934 0.702461199260397 0.603503422815729 0.551448482764372 0.525747588887886 1.15580033756918 1.11276966661136 1.08761835678846 1.07132459075239 1.06319450078107
241 0.9059 0.864958137923364 0.696891998265678 0.602355672208651 0.553851887392468 0.53046786803863 1.06165404600015 1.02273217996364 0.999925257082201 0.985765558162026 0.979911321334465
242 0.9335 0.919139631906295 0.753832027516944 0.66145840642318 0.614632206734006 0.592085146761711 1.06401873373048 1.02709092203736 1.00392949434829 0.990194305869387 0.983741055682807
243 0.9619 0.924141304308923 0.760607109217324 0.670014922689803 0.623953352723187 0.602100582731706 1.09553119216249 1.06065499582177 1.03969345802808 1.02871041205741 1.02426930370021
244 0.9913 0.897715753914036 0.734865927250743 0.643828802574377 0.596423445102616 0.573802579158578 1.08659625161116 1.05305051666158 1.03349634658371 1.02379542106328 1.01982059919869
245 1.021 0.880837769386117 0.718460215551693 0.626918007328016 0.578615936608501 0.556323857168749 1.05526065936641 1.02172299700445 1.00107283979547 0.990228381029803 0.985213717159539
246 1.053 0.87091176802985 0.709640377147737 0.618608874859755 0.570458612991353 0.548915069702583 1.03450019360331 1.00025075402354 0.97850372732741 0.967115622845244 0.963182066982084
247 1.085 0.850188806870551 0.691071798006436 0.601069582325445 0.553006032255574 0.53107540402123 1.02097831091213 0.9859021724712 0.962961060027132 0.951148698402433 0.94794953453963
248 1.118 0.783057772671183 0.626504087421926 0.538033851774309 0.490491260903129 0.468896986960688 1.01695983285755 0.982403788144207 0.958542557923671 0.945680744049614 0.941692917942706
249 1.152 0.724944440838886 0.570339127138847 0.483342407808837 0.436580461047662 0.415629054586948 0.895339780365927 0.861913245518478 0.837785777995587 0.824807788974544 0.822206165326958
250 1.187 0.743316461991954 0.590257797909281 0.504926972193185 0.458848510712113 0.437402362060608 0.784630901370612 0.752088686885924 0.727184640539074 0.713792064736862 0.712257163408331
251 1.223 0.7703007312876 0.618685887335066 0.535262917562015 0.48989412467814 0.467560984497312 0.735877064472362 0.70439169036072 0.679702465406439 0.666340977277153 0.665270860813094
252 1.26 0.789503264757566 0.638633702597022 0.556263558841043 0.511177781683336 0.488017525709141 0.665982850973315 0.635903329513897 0.611900558631589 0.598560264204717 0.597320539735459
253 1.299 0.817206779385915 0.667197772849548 0.585785336618729 0.541197389974681 0.518001728126512 0.615166390927159 0.584960302689439 0.560242798369009 0.546011364327714 0.54403784323217
254 1.338 0.843947036308504 0.6952996868512 0.615509349987835 0.572020902679979 0.548509004616692 0.562731902895805 0.533241664659824 0.508029161388678 0.493209369562844 0.492061530955793
255 1.379 0.875694408549286 0.728632412265964 0.651269523322334 0.609355264799559 0.585390694155128 0.514533431795095 0.485303836275867 0.459345174534992 0.444004569709802 0.441813269503918
256 1.421 0.912286560823281 0.767007975780151 0.692464106459358 0.652350808528168 0.628920525917376 0.4709907150429 0.44300606869358 0.417849457815792 0.402883277158955 0.400336135123333
257 1.464 0.949478266544166 0.805703060856583 0.733471066907947 0.694861272372914 0.671859790619156 0.437479497406205 0.410716396753565 0.386756924785394 0.372590017933607 0.370452253261602
258 1.509 0.987382182821035 0.845761581898848 0.775957764273002 0.738718188470436 0.715854711008957 0.402859861507694 0.37707374440345 0.354166023045904 0.340842509523206 0.339105627326742
259 1.555 1.03314898716076 0.894078798105159 0.826934391494368 0.791100211957619 0.768150762244042 0.371384630965967 0.348412630558197 0.327529883552114 0.315379881568832 0.31428009518088
260 1.602 1.08825419057493 0.95047982797386 0.885545316051458 0.850955031677247 0.827528934156809 0.350304561259316 0.331745417603137 0.313821131284533 0.303368243007232 0.302827161553084
261 1.651 1.14958790287142 1.01164316558872 0.948169448626029 0.914454704761159 0.890569664963296 0.347154048552077 0.332863938763624 0.318363746863875 0.310019360701386 0.309491952287702
262 1.701 1.21422648960672 1.07579925876216 1.01373420762658 0.980504944651693 0.956843740486358 0.36663342908339 0.356458758801413 0.345163911704508 0.339274334765709 0.338787057113111
263 1.753 1.26668737002735 1.12434558548972 1.0644751442827 1.03078849681533 1.00615290972393 0.429879687134068 0.427141144593112 0.420463861692701 0.417844391167865 0.419605045217578
264 1.807 1.25207030291712 1.1032426259663 1.04188463760012 1.00616198038606 0.979119342825223 0.544835697408865 0.54322669205553 0.546935641768825 0.547355039564774 0.548739925729981
265 1.862 1.14673124926061 0.992170512815818 0.922171422128704 0.883579574590671 0.856106094848437 0.611649579742181 0.610283256059726 0.621587336067866 0.623535903932119 0.622711114618073
266 1.919 1.05127634264584 0.891300456236531 0.810786377602111 0.768243071502389 0.739902270156177 0.546356466202454 0.542361418344193 0.552868068092509 0.556028604092154 0.556763975293241
267 1.977 0.992673289780105 0.83032544187933 0.743287175372488 0.697464780709987 0.667276715813068 0.502788187588012 0.493379864664546 0.497820279314793 0.497999702899593 0.496491362980496
268 2.037 0.950559099025368 0.788298274899694 0.699963256545225 0.653313419733726 0.622910982121259 0.400592348280549 0.388000839179365 0.386104183034355 0.383646889330484 0.380020722815741
269 2.099 0.975305651704216 0.816677940520415 0.729718259497051 0.683769440666565 0.654700361006302 0.282610519832198 0.265454278855824 0.26047665866151 0.255623513934664 0.249513215885244
270 2.163 1.04514721346359 0.889773588872265 0.80424431743633 0.759965104128778 0.733315203959036 0.221118338853979 0.209279722129514 0.203298531806774 0.197657436765303 0.191362921421271
271 2.229 1.10787613810886 0.94987650660991 0.86560338427991 0.823168528486038 0.797780369906732 0.20775903905937 0.200110048401496 0.194084962781568 0.188902318567979 0.184453200957781
272 2.297 1.15227590889701 0.990171297158477 0.905666913901327 0.864027365930657 0.83841746256825 0.203516916619678 0.196120659548087 0.192343872387353 0.189759918232998 0.186748088823522
273 2.367 1.19008907879307 1.02491586332179 0.938067141216714 0.894930732811511 0.868596372958089 0.20448269609319 0.195741004073074 0.192881739509097 0.1930207208999 0.190963717243896
274 2.439 1.22565831752946 1.05919006346087 0.969330236153332 0.923583707764061 0.896302594839143 0.217212795224232 0.2061079379044 0.202455539657639 0.203347341342722 0.20217946486525
275 2.513 1.21534420774705 1.04992585903227 0.959237674754571 0.910189239334733 0.880369737113518 0.269974074008121 0.257703552254069 0.250277681333089 0.251373269762115 0.251828183068129
276 2.59 1.18798239020852 1.02073521515859 0.929813682452967 0.878256759688686 0.845072884637057 0.230124339540197 0.222327016576665 0.215073104478268 0.212733830659266 0.211274565097327
277 2.669 1.20461708912536 1.03521987792351 0.944886077930083 0.894625065768417 0.861062623979303 0.190651701025055 0.17963573473682 0.168898856664974 0.162539477847194 0.156769950027786
278 2.75 1.24030392313313 1.07082047544179 0.981651202901454 0.932822217080137 0.901319389471466 0.172949882784755 0.164636329355552 0.155587544663885 0.150416777374916 0.143535461397957
279 2.834 1.26276741527874 1.08935997813249 0.999907784055098 0.951981056900326 0.921232872788985 0.185421232930548 0.180538123335549 0.171087438854341 0.164182943646357 0.159169002139919
280 2.92 1.26995048328711 1.09173160014919 1.00250193857904 0.956870919476426 0.923322732955091 0.176852224930253 0.17120800105459 0.162232504353729 0.156129655822065 0.153499028636762
281 3.009 1.29468829820244 1.11328894819488 1.02424775114028 0.980925358358132 0.941836543509984 0.153843759723963 0.147765543461231 0.139635077551637 0.135432181615935 0.130987994751508
282 3.101 1.32324418928547 1.13838735374372 1.04809438683294 1.00560080252281 0.967077578754126 0.162366842727888 0.157509671254695 0.152125870821292 0.153167805951766 0.138563400653951
283 3.195 1.34476981924874 1.15389219092101 1.06058135765418 1.01608258330828 0.981261425546089 0.158583561610424 0.155836708181052 0.151178866364001 0.157261241631962 0.144034041671841
284 3.293 1.37713141517906 1.1791049053735 1.08387908881376 1.0391510791805 1.00371530163592 0.158621888777199 0.154270549892038 0.148105835080498 0.157199514943591 0.143269250992251
285 3.393 1.40236183160225 1.19979129516483 1.10426901015588 1.05262213356525 1.01815263625503 0.18335688820753 0.176409132863619 0.16994768098723 0.195818210810706 0.177729769113953
286 3.496 1.42048637487151 1.20958003869328 1.11294176182549 1.03516660936704 1.0071765936046 0.19165288419698 0.189512397453943 0.184574682605695 0.220450135011856 0.199742245481917
287 3.603 1.46076834200272 1.23315774233737 1.1356262780945 1.03380061455388 1.0044613302954 0.202715477934223 0.197992976435959 0.192051931828435 0.2045759884223 0.196988138985378
288 3.713 1.47142003937776 1.23281586944564 1.14187973401299 1.03322177065791 0.992253662193976 0.287586776992219 0.263340563531046 0.255389345103023 0.242467137081865 0.231369772692086
289 3.826 1.42266721425676 1.19097995538523 1.10594486135093 1.00854872504171 0.965984479596858 0.328011076942509 0.285107499185736 0.295928458030252 0.252538035562321 0.224402574920865
290 3.942 1.39217149181831 1.16337093002037 1.05268822548971 0.979244536057236 0.949157460498537 0.304405743162874 0.269779348714711 0.313492284185805 0.26157894638208 0.22237521322082
291 4.062 1.33526519250329 1.11561194255653 0.982963657765351 0.931045128098552 0.918039918857744 0.338463300442619 0.286884544453613 0.302545754322756 0.256305447794653 0.219602880985776
292 4.186 1.3172156301323 1.10116246264074 0.956375941923544 0.917119051715137 0.913910334986082 0.19646851148712 0.179926574076511 0.208004783858184 0.180756109686729 0.160401074488969
293 4.313 1.38075712192348 1.14091938512291 0.980310552242836 0.932547894662421 0.923334464273838 0.169177752195774 0.163837046878357 0.169250086076384 0.169065803270771 0.167448846835263
294 4.445 1.44498933987958 1.18131592546629 1.01796867379706 0.951882567844056 0.931500633963618 0.13475070829887 0.130945262125474 0.131649235819495 0.131997517841109 0.131681666649789
295 4.58 1.51219542540208 1.22345326173343 1.05147004972571 0.976832521205561 0.949901723943279 0.150729848981762 0.148039757605692 0.147522769618809 0.142751684990255 0.142771572027795
296 4.72 1.56580470103174 1.24626797677805 1.06063887943747 0.978797635131728 0.94639461085602 0.157104463781484 0.153711146016897 0.151046102751017 0.149236724872963 0.149317240833215
297 4.863 1.62630896724078 1.26553615282018 1.06222816758968 0.967105184594436 0.927238348043012 0.159948620012391 0.153723182337107 0.147159047250562 0.146213362140753 0.148154667386087
298 5.012 1.73840176910668 1.32014267954669 1.08879617788049 0.977117474480211 0.926174193917421 0.134753640090425 0.114537770169792 0.104989487385958 0.0990726614809737 0.0990779726751468
299 5.164 1.89623899436022 1.42383471039396 1.16235640348527 1.03538554041602 0.975626760119593 0.200009326359443 0.130131261017815 0.0956408541215422 0.0781480487507766 0.0686445754778193
300 5.322 2.0180467278875 1.49813605091349 1.20926743595446 1.06727324599564 1.00066320337645 0.32666620178252 0.220308472260635 0.166939065273841 0.139849782059992 0.124737334848083
301 5.484 2.32685217842311 1.64349801492869 1.26879172064432 1.08308855558674 0.996014787322747 0.313358516247944 0.215163262531595 0.163486648161813 0.136501429235231 0.118928659789063
302 5.651 2.76685479906379 1.87476459352517 1.38591747223567 1.14282359450423 1.03051501696458 0.89765190768099 0.487749237575479 0.280857231776859 0.175827699101063 0.118412651382785
303 5.823 2.47832103831171 1.76010473271033 1.33910312203262 1.12943224955429 1.03945677987026 2.19580407285836 1.15169298357519 0.615234518938696 0.345109531904745 0.206005695564565
304 6.0 0.920629239834172 0.98315155499723 0.949528390171374 0.934598007459682 0.94554261684819 2.97308911392438 1.59481184650137 0.844066150079011 0.464897100517285 0.280468975073487
305 6.183 -0.115167716684138 0.408596318493958 0.660098125857796 0.788335234904549 0.864013566101546 1.2616026527509 0.784945075212709 0.432388176532395 0.254970459972501 0.1829856529293
306 6.371 0.450200182489819 0.636374879735341 0.774024368178677 0.843351872704652 0.878427114727466 0.175152082140161 0.191496778959925 0.137202473519211 0.109175312788324 0.109105713228053
307 6.565 1.31226098365079 1.06942119458834 0.986137486817198 0.945422020133223 0.923378158077239 0.158885539469307 0.132157260943009 0.104289475330087 0.0862980109384115 0.080891463931966
308 6.765 2.28094680574814 1.57551104379924 1.24116041148745 1.07603270864668 0.996394399059428 0.455596751082951 0.266911502490907 0.159629676911721 0.103845329712512 0.0771822044104593
309 6.971 2.16463485193391 1.53144128280422 1.22785479368041 1.07743231010087 1.00745640891638 2.69607505709026 1.38934610508323 0.719254597055179 0.381843268025066 0.217114096815586
310 7.184 -0.333059167445347 0.279351506906356 0.603483836030535 0.767282347071294 0.855880497195884 3.83563410445177 1.97190605563874 1.01852875723931 0.538377717773044 0.30262291258004
311 7.402 -1.42580153567228 -0.280172210736062 0.316801706498395 0.618959483402651 0.776847641278852 0.544402147072363 0.31769707994201 0.192447093028042 0.125911157782377 0.102724536799624
312 7.628 -0.408728384102986 0.227805438252955 0.566539613624864 0.740200298395453 0.827051055823548 0.0727532257187697 0.0612124978120819 0.0549061692707214 0.0510154882811857 0.0641923302409211
313 7.86 0.0494715961184121 0.465871013274783 0.68806060642984 0.80215910685016 0.854134550588176 0.0345726573640728 0.0333125936079638 0.0329653113815727 0.0326413590092471 0.0401654801191845
314 8.1 0.271067790624564 0.584570559170039 0.752212324623122 0.838627016158049 0.877635047465995 0.0252055953340275 0.0245325122331639 0.0245398229012507 0.0240641417472032 0.0285901269467153
315 8.346 0.40866301002773 0.65910089539584 0.793099321358872 0.862434628002667 0.893863877348545 0.0231880464182851 0.0223122702046518 0.0224141624935658 0.0226471140345889 0.0263543656694054
316 8.6 0.509067016453316 0.713533862760008 0.823038615930569 0.879663044683128 0.905001287864517 0.0189639104764874 0.0186000161210831 0.0186390474734018 0.0187206620860471 0.022134003557811
317 8.862 0.586026695114622 0.756006833970086 0.847367172775131 0.894689652804167 0.915467329804768 0.0311545710142006 0.0239106836854438 0.0204626056959987 0.0188927091689029 0.0204952746092157
318 9.132 0.620473116604459 0.775855476802541 0.858904368336687 0.901751292641591 0.920446730305144 0.0565800454123822 0.0373552959692895 0.0282456622266662 0.0238888915722868 0.0237722070733056
319 9.41 0.653373558713521 0.792687910576429 0.866832250462078 0.905044648676673 0.921786753902674 0.0225461692112041 0.0204665876965426 0.019477059466766 0.0189462421372741 0.0196789930743304
320 9.697 0.691999481595555 0.812775180492205 0.877176781010057 0.910519167984212 0.925626155803189 0.0364284567799809 0.0241925446934327 0.0180219169800609 0.0148772096858922 0.014104590889702
321 9.992 0.709926461367639 0.824153288814818 0.884849840269968 0.916219435095257 0.930979635549286 0.0285765269264609 0.0181643750976267 0.0127390700519132 0.0100926238212072 0.00971360072384834
322 10.3 0.731377484444749 0.837175574635103 0.893602750337269 0.922743005506965 0.936696689709478 0.0155279596055221 0.0103426917600997 0.00721794755575331 0.00557485664057657 0.00634784620902008
323 10.61 0.759325856685921 0.853824082367699 0.904461797468429 0.930687722305768 0.942439089046632 0.00152830486178302 0.00151992275428405 0.00150510374330638 0.00149453683941808 0.00407231467619769
324 10.93 0.786756122093449 0.870303197674108 0.915012423651334 0.93818436738207 0.947248570085955 0.00137879312154889 0.00135103590898162 0.00135785575930475 0.00137225425660334 0.00321970237947361
325 11.27 0.807046539626239 0.882391399667089 0.922700239869431 0.943597445297426 0.951574229792377 0.00123452093771166 0.0011998989446205 0.00117433044095163 0.00116769581095348 0.00145710546931526
326 11.61 0.824404963367707 0.892804819314584 0.929408723323549 0.948397058066857 0.956148622188889 0.000664850276097616 0.000660729969117344 0.000654969702117047 0.000648629432511005 0.00063856746309359
327 11.96 0.839721399206367 0.902080281892332 0.935452233330398 0.952779755463977 0.960121051921137 0.000673707376261271 0.000670425044393706 0.000666132811858492 0.000660270577673042 0.000661693534866166
328 12.33 0.852832430734623 0.909888976289981 0.940430388697892 0.956294553859915 0.963106523599787 0.000951113203430365 0.000943980695528713 0.000927856289986723 0.000924568412764566 0.00097028299338394
329 12.7 0.864323784422615 0.916677937407657 0.9447087795647 0.959272920743587 0.965571739097053 0.000633751823108447 0.000631326471829627 0.000629219990440424 0.000625616040969323 0.00062843532023278
330 13.09 0.874914987287235 0.923066851092226 0.94884623925697 0.962248840958793 0.968102693327982 0.000208684587325328 0.000207179802209225 0.000205995396492309 0.000203965594709618 0.000199134993230058
331 13.49 0.88463782956478 0.929016497627677 0.952775937114346 0.965133259085816 0.970569073314555 2.15708691471267e-05 2.14740499966595e-05 2.13760653451092e-05 2.12438808580082e-05 2.09731445438595e-05
332 13.9 0.893410197175931 0.934385321695894 0.956322706526912 0.967735966989304 0.972781827628677 0.0 0.0 0.0 0.0 0.0
333 14.32 0.901314779718895 0.939208623279214 0.959496485556175 0.970054816893144 0.974742370586292 0.0 0.0 0.0 0.0 0.0
334 14.76 0.908489506162255 0.943584246674971 0.962373604277314 0.972154909297495 0.976512946077999 0.0 0.0 0.0 0.0 0.0
335 15.21 0.915032093623371 0.94757649562433 0.96500047348741 0.974073437912513 0.978128212536338 0.0 0.0 0.0 0.0 0.0
