 0.000000 -0.586251 1 1
 0.000000 -0.491485 1 2
 0.000000 -0.386301 1 3
 0.000000 -0.385383 1 4
 0.000000 -0.294847 1 5
 0.000000 -0.294775 1 6
 0.000000 -0.206499 1 7
 0.000000 -0.106770 1 8
 0.000000 -0.086627 1 9
 0.000000 -0.079368 1 10
 0.000000 -0.062175 1 11
 0.000000 -0.037551 1 12
 0.000000 -0.017337 1 13
 0.000000 -0.008055 1 14
 0.000000  0.127803 1 15
 0.000000  0.131311 1 16
 0.021651 -0.585805 1 1
 0.021651 -0.491400 1 2
 0.021651 -0.386130 1 3
 0.021651 -0.385212 1 4
 0.021651 -0.295597 1 5
 0.021651 -0.295044 1 6
 0.021651 -0.205888 1 7
 0.021651 -0.106534 1 8
 0.021651 -0.086638 1 9
 0.021651 -0.079337 1 10
 0.021651 -0.062145 1 11
 0.021651 -0.037572 1 12
 0.021651 -0.017361 1 13
 0.021651 -0.008144 1 14
 0.021651  0.127620 1 15
 0.021651  0.131107 1 16
 0.043301 -0.584470 1 1
 0.043301 -0.491156 1 2
 0.043301 -0.385623 1 3
 0.043301 -0.384706 1 4
 0.043301 -0.297988 1 5
 0.043301 -0.295630 1 6
 0.043301 -0.204128 1 7
 0.043301 -0.105850 1 8
 0.043301 -0.086675 1 9
 0.043301 -0.079236 1 10
 0.043301 -0.062061 1 11
 0.043301 -0.037631 1 12
 0.043301 -0.017431 1 13
 0.043301 -0.008406 1 14
 0.043301  0.127072 1 15
 0.043301  0.130499 1 16
 0.064952 -0.582259 1 1
 0.064952 -0.490776 1 2
 0.064952 -0.384792 1 3
 0.064952 -0.383882 1 4
 0.064952 -0.301759 1 5
 0.064952 -0.296590 1 6
 0.064952 -0.201406 1 7
 0.064952 -0.104789 1 8
 0.064952 -0.086746 1 9
 0.064952 -0.079035 1 10
 0.064952 -0.061928 1 11
 0.064952 -0.037723 1 12
 0.064952 -0.017540 1 13
 0.064952 -0.008829 1 14
 0.064952  0.126155 1 15
 0.064952  0.129490 1 16
 0.086603 -0.579189 1 1
 0.086603 -0.490296 1 2
 0.086603 -0.383654 1 3
 0.086603 -0.382767 1 4
 0.086603 -0.306664 1 5
 0.086603 -0.297905 1 6
 0.086603 -0.197960 1 7
 0.086603 -0.103468 1 8
 0.086603 -0.086863 1 9
 0.086603 -0.078682 1 10
 0.086603 -0.061761 1 11
 0.086603 -0.037835 1 12
 0.086603 -0.017676 1 13
 0.086603 -0.009388 1 14
 0.086603  0.124868 1 15
 0.086603  0.128087 1 16
 0.108253 -0.575275 1 1
 0.108253 -0.489762 1 2
 0.108253 -0.382232 1 3
 0.108253 -0.381388 1 4
 0.108253 -0.312457 1 5
 0.108253 -0.299554 1 6
 0.108253 -0.194016 1 7
 0.108253 -0.102037 1 8
 0.108253 -0.087043 1 9
 0.108253 -0.078104 1 10
 0.108253 -0.061577 1 11
 0.108253 -0.037951 1 12
 0.108253 -0.017823 1 13
 0.108253 -0.010056 1 14
 0.108253  0.123205 1 15
 0.108253  0.126300 1 16
 0.129904 -0.570528 1 1
 0.129904 -0.489229 1 2
 0.129904 -0.380549 1 3
 0.129904 -0.379770 1 4
 0.129904 -0.318914 1 5
 0.129904 -0.301513 1 6
 0.129904 -0.189765 1 7
 0.129904 -0.100671 1 8
 0.129904 -0.087303 1 9
 0.129904 -0.077212 1 10
 0.129904 -0.061401 1 11
 0.129904 -0.038047 1 12
 0.129904 -0.017959 1 13
 0.129904 -0.010795 1 14
 0.129904  0.121162 1 15
 0.129904  0.124144 1 16
 0.151554 -0.564948 1 1
 0.151554 -0.488750 1 2
 0.151554 -0.378628 1 3
 0.151554 -0.377937 1 4
 0.151554 -0.325833 1 5
 0.151554 -0.303760 1 6
 0.151554 -0.185351 1 7
 0.151554 -0.099539 1 8
 0.151554 -0.087660 1 9
 0.151554 -0.075921 1 10
 0.151554 -0.061258 1 11
 0.151554 -0.038095 1 12
 0.151554 -0.018055 1 13
 0.151554 -0.011567 1 14
 0.151554  0.118736 1 15
 0.151554  0.121635 1 16
 0.173205 -0.558523 1 1
 0.173205 -0.488379 1 2
 0.173205 -0.376492 1 3
 0.173205 -0.375917 1 4
 0.173205 -0.333014 1 5
 0.173205 -0.306271 1 6
 0.173205 -0.180879 1 7
 0.173205 -0.098769 1 8
 0.173205 -0.088127 1 9
 0.173205 -0.074192 1 10
 0.173205 -0.061179 1 11
 0.173205 -0.038067 1 12
 0.173205 -0.018074 1 13
 0.173205 -0.012329 1 14
 0.173205  0.115926 1 15
 0.173205  0.118794 1 16
 0.194856 -0.551226 1 1
 0.194856 -0.488163 1 2
 0.194856 -0.374163 1 3
 0.194856 -0.373777 1 4
 0.194856 -0.340216 1 5
 0.194856 -0.309013 1 6
 0.194856 -0.176423 1 7
 0.194856 -0.098417 1 8
 0.194856 -0.088713 1 9
 0.194856 -0.072055 1 10
 0.194856 -0.061189 1 11
 0.194856 -0.037934 1 12
 0.194856 -0.017972 1 13
 0.194856 -0.013040 1 14
 0.194856  0.112737 1 15
 0.194856  0.115645 1 16
 0.216506 -0.543017 1 1
 0.216506 -0.488143 1 2
 0.216506 -0.371733 1 3
 0.216506 -0.371658 1 4
 0.216506 -0.347058 1 5
 0.216506 -0.311936 1 6
 0.216506 -0.172034 1 7
 0.216506 -0.098473 1 8
 0.216506 -0.089420 1 9
 0.216506 -0.069614 1 10
 0.216506 -0.061307 1 11
 0.216506 -0.037680 1 12
 0.216506 -0.017694 1 13
 0.216506 -0.013656 1 14
 0.216506  0.109182 1 15
 0.216506  0.112217 1 16
 0.238157 -0.533853 1 1
 0.238157 -0.488355 1 2
 0.238157 -0.370449 1 3
 0.238157 -0.369025 1 4
 0.238157 -0.352681 1 5
 0.238157 -0.314971 1 6
 0.238157 -0.167751 1 7
 0.238157 -0.098889 1 8
 0.238157 -0.090245 1 9
 0.238157 -0.067017 1 10
 0.238157 -0.061542 1 11
 0.238157 -0.037301 1 12
 0.238157 -0.017179 1 13
 0.238157 -0.014140 1 14
 0.238157  0.105290 1 15
 0.238157  0.108546 1 16
 0.259808 -0.523691 1 1
 0.259808 -0.488829 1 2
 0.259808 -0.371604 1 3
 0.259808 -0.366298 1 4
 0.259808 -0.355252 1 5
 0.259808 -0.318015 1 6
 0.259808 -0.163603 1 7
 0.259808 -0.099604 1 8
 0.259808 -0.091178 1 9
 0.259808 -0.064437 1 10
 0.259808 -0.061886 1 11
 0.259808 -0.036815 1 12
 0.259808 -0.016368 1 13
 0.259808 -0.014456 1 14
 0.259808  0.101107 1 15
 0.259808  0.104672 1 16
 0.281458 -0.512505 1 1
 0.281458 -0.489595 1 2
 0.281458 -0.375766 1 3
 0.281458 -0.363559 1 4
 0.281458 -0.354038 1 5
 0.281458 -0.320922 1 6
 0.281458 -0.159618 1 7
 0.281458 -0.100564 1 8
 0.281458 -0.092202 1 9
 0.281458 -0.062316 1 10
 0.281458 -0.062039 1 11
 0.281458 -0.036258 1 12
 0.281458 -0.015231 1 13
 0.281458 -0.014558 1 14
 0.281458  0.096704 1 15
 0.281458  0.100648 1 16
 0.303109 -0.500320 1 1
 0.303109 -0.490658 1 2
 0.303109 -0.381128 1 3
 0.303109 -0.360944 1 4
 0.303109 -0.350707 1 5
 0.303109 -0.323485 1 6
 0.303109 -0.155819 1 7
 0.303109 -0.101723 1 8
 0.303109 -0.093298 1 9
 0.303109 -0.062799 1 10
 0.303109 -0.059967 1 11
 0.303109 -0.035680 1 12
 0.303109 -0.014558 1 13
 0.303109 -0.013630 1 14
 0.303109  0.092180 1 15
 0.303109  0.096538 1 16
 0.324760 -0.492441 1 1
 0.324760 -0.486778 1 2
 0.324760 -0.386469 1 3
 0.324760 -0.358667 1 4
 0.324760 -0.346370 1 5
 0.324760 -0.325418 1 6
 0.324760 -0.152232 1 7
 0.324760 -0.103046 1 8
 0.324760 -0.094446 1 9
 0.324760 -0.063295 1 10
 0.324760 -0.058325 1 11
 0.324760 -0.035138 1 12
 0.324760 -0.014277 1 13
 0.324760 -0.011799 1 14
 0.324760  0.087668 1 15
 0.324760  0.092418 1 16
 0.346410 -0.494274 1 1
 0.346410 -0.472668 1 2
 0.346410 -0.391294 1 3
 0.346410 -0.357030 1 4
 0.346410 -0.341439 1 5
 0.346410 -0.326356 1 6
 0.346410 -0.148883 1 7
 0.346410 -0.104504 1 8
 0.346410 -0.095624 1 9
 0.346410 -0.063762 1 10
 0.346410 -0.057162 1 11
 0.346410 -0.034687 1 12
 0.346410 -0.013860 1 13
 0.346410 -0.009755 1 14
 0.346410  0.083340 1 15
 0.346410  0.088388 1 16
 0.368061 -0.496731 1 1
 0.368061 -0.457570 1 2
 0.368061 -0.395374 1 3
 0.368061 -0.356322 1 4
 0.368061 -0.336104 1 5
 0.368061 -0.325960 1 6
 0.368061 -0.145796 1 7
 0.368061 -0.106073 1 8
 0.368061 -0.096812 1 9
 0.368061 -0.064159 1 10
 0.368061 -0.056480 1 11
 0.368061 -0.034370 1 12
 0.368061 -0.013370 1 13
 0.368061 -0.007711 1 14
 0.368061  0.079407 1 15
 0.368061  0.084568 1 16
 0.389711 -0.499771 1 1
 0.389711 -0.441714 1 2
 0.389711 -0.398596 1 3
 0.389711 -0.356636 1 4
 0.389711 -0.330481 1 5
 0.389711 -0.324106 1 6
 0.389711 -0.142995 1 7
 0.389711 -0.107730 1 8
 0.389711 -0.097990 1 9
 0.389711 -0.064450 1 10
 0.389711 -0.056248 1 11
 0.389711 -0.034222 1 12
 0.389711 -0.012917 1 13
 0.389711 -0.005931 1 14
 0.389711  0.076111 1 15
 0.389711  0.081099 1 16
 0.411362 -0.503415 1 1
 0.411362 -0.425276 1 2
 0.411362 -0.400929 1 3
 0.411362 -0.357793 1 4
 0.411362 -0.324655 1 5
 0.411362 -0.320956 1 6
 0.411362 -0.140503 1 7
 0.411362 -0.109456 1 8
 0.411362 -0.099144 1 9
 0.411362 -0.064608 1 10
 0.411362 -0.056418 1 11
 0.411362 -0.034270 1 12
 0.411362 -0.012635 1 13
 0.411362 -0.004704 1 14
 0.411362  0.073705 1 15
 0.411362  0.078144 1 16
 0.433013 -0.507654 1 1
 0.433013 -0.408467 1 2
 0.433013 -0.402400 1 3
 0.433013 -0.359495 1 4
 0.433013 -0.318682 1 5
 0.433013 -0.316810 1 6
 0.433013 -0.138338 1 7
 0.433013 -0.111232 1 8
 0.433013 -0.100262 1 9
 0.433013 -0.064612 1 10
 0.433013 -0.056939 1 11
 0.433013 -0.034544 1 12
 0.433013 -0.012661 1 13
 0.433013 -0.004284 1 14
 0.433013  0.072399 1 15
 0.433013  0.075871 1 16
 0.454663 -0.512438 1 1
 0.454663 -0.403167 1 2
 0.454663 -0.391446 1 3
 0.454663 -0.361476 1 4
 0.454663 -0.312599 1 5
 0.454663 -0.311940 1 6
 0.454663 -0.136517 1 7
 0.454663 -0.113039 1 8
 0.454663 -0.101337 1 9
 0.454663 -0.064455 1 10
 0.454663 -0.057772 1 11
 0.454663 -0.035084 1 12
 0.454663 -0.013103 1 13
 0.454663 -0.004826 1 14
 0.454663  0.072307 1 15
 0.454663  0.074432 1 16
 0.476314 -0.517677 1 1
 0.476314 -0.403282 1 2
 0.476314 -0.374523 1 3
 0.476314 -0.363550 1 4
 0.476314 -0.306559 1 5
 0.476314 -0.306407 1 6
 0.476314 -0.135050 1 7
 0.476314 -0.114859 1 8
 0.476314 -0.102371 1 9
 0.476314 -0.064140 1 10
 0.476314 -0.058889 1 11
 0.476314 -0.035946 1 12
 0.476314 -0.014008 1 13
 0.476314 -0.006347 1 14
 0.476314  0.073385 1 15
 0.476314  0.073960 1 16
 0.497965 -0.523254 1 1
 0.497965 -0.402940 1 2
 0.497965 -0.365592 1 3
 0.497965 -0.357884 1 4
 0.497965 -0.300794 1 5
 0.497965 -0.300112 1 6
 0.497965 -0.133940 1 7
 0.497965 -0.116678 1 8
 0.497965 -0.103376 1 9
 0.497965 -0.063688 1 10
 0.497965 -0.060275 1 11
 0.497965 -0.037206 1 12
 0.497965 -0.015333 1 13
 0.497965 -0.008734 1 14
 0.497965  0.074390 1 15
 0.497965  0.075593 1 16
 0.519615 -0.529034 1 1
 0.519615 -0.402281 1 2
 0.519615 -0.367519 1 3
 0.519615 -0.341748 1 4
 0.519615 -0.294765 1 5
 0.519615 -0.293666 1 6
 0.519615 -0.133178 1 7
 0.519615 -0.118479 1 8
 0.519615 -0.104380 1 9
 0.519615 -0.063142 1 10
 0.519615 -0.061932 1 11
 0.519615 -0.038946 1 12
 0.519615 -0.016951 1 13
 0.519615 -0.011799 1 14
 0.519615  0.075841 1 15
 0.519615  0.078561 1 16
 0.541266 -0.534876 1 1
 0.541266 -0.401429 1 2
 0.541266 -0.369278 1 3
 0.541266 -0.326315 1 4
 0.541266 -0.288544 1 5
 0.541266 -0.287020 1 6
 0.541266 -0.132743 1 7
 0.541266 -0.120250 1 8
 0.541266 -0.105423 1 9
 0.541266 -0.063883 1 10
 0.541266 -0.062578 1 11
 0.541266 -0.041218 1 12
 0.541266 -0.018680 1 13
 0.541266 -0.015330 1 14
 0.541266  0.078151 1 15
 0.541266  0.082130 1 16
 0.562917 -0.540650 1 1
 0.562917 -0.400471 1 2
 0.562917 -0.370845 1 3
 0.562917 -0.311762 1 4
 0.562917 -0.282186 1 5
 0.562917 -0.280110 1 6
 0.562917 -0.132603 1 7
 0.562917 -0.121979 1 8
 0.562917 -0.106560 1 9
 0.562917 -0.066150 1 10
 0.562917 -0.062163 1 11
 0.562917 -0.043967 1 12
 0.562917 -0.020348 1 13
 0.562917 -0.019126 1 14
 0.562917  0.081191 1 15
 0.562917  0.086083 1 16
 0.584567 -0.546238 1 1
 0.584567 -0.399463 1 2
 0.584567 -0.372223 1 3
 0.584567 -0.298240 1 4
 0.584567 -0.275723 1 5
 0.584567 -0.272862 1 6
 0.584567 -0.132713 1 7
 0.584567 -0.123657 1 8
 0.584567 -0.107855 1 9
 0.584567 -0.068786 1 10
 0.584567 -0.062216 1 11
 0.584567 -0.046913 1 12
 0.584567 -0.023044 1 13
 0.584567 -0.021801 1 14
 0.584567  0.084809 1 15
 0.584567  0.090245 1 16
 0.606218 -0.551548 1 1
 0.606218 -0.398424 1 2
 0.606218 -0.373442 1 3
 0.606218 -0.285862 1 4
 0.606218 -0.269169 1 5
 0.606218 -0.265213 1 6
 0.606218 -0.133024 1 7
 0.606218 -0.125277 1 8
 0.606218 -0.109373 1 9
 0.606218 -0.071851 1 10
 0.606218 -0.063346 1 11
 0.606218 -0.049428 1 12
 0.606218 -0.026871 1 13
 0.606218 -0.023045 1 14
 0.606218  0.088845 1 15
 0.606218  0.094478 1 16
 0.627868 -0.556515 1 1
 0.627868 -0.397354 1 2
 0.627868 -0.374553 1 3
 0.627868 -0.274663 1 4
 0.627868 -0.262523 1 5
 0.627868 -0.257154 1 6
 0.627868 -0.133488 1 7
 0.627868 -0.126831 1 8
 0.627868 -0.111171 1 9
 0.627868 -0.075400 1 10
 0.627868 -0.066193 1 11
 0.627868 -0.050821 1 12
 0.627868 -0.030510 1 13
 0.627868 -0.024041 1 14
 0.627868  0.093146 1 15
 0.627868  0.098673 1 16
 0.649519 -0.561100 1 1
 0.649519 -0.396241 1 2
 0.649519 -0.375624 1 3
 0.649519 -0.264542 1 4
 0.649519 -0.255775 1 5
 0.649519 -0.248797 1 6
 0.649519 -0.134058 1 7
 0.649519 -0.128318 1 8
 0.649519 -0.113290 1 9
 0.649519 -0.079477 1 10
 0.649519 -0.070679 1 11
 0.649519 -0.051109 1 12
 0.649519 -0.033848 1 13
 0.649519 -0.024806 1 14
 0.649519  0.097565 1 15
 0.649519  0.102746 1 16
 0.671170 -0.565287 1 1
 0.671170 -0.395070 1 2
 0.671170 -0.376721 1 3
 0.671170 -0.255264 1 4
 0.671170 -0.248913 1 5
 0.671170 -0.240383 1 6
 0.671170 -0.134696 1 7
 0.671170 -0.129741 1 8
 0.671170 -0.115750 1 9
 0.671170 -0.084090 1 10
 0.671170 -0.076241 1 11
 0.671170 -0.050795 1 12
 0.671170 -0.036810 1 13
 0.671170 -0.025354 1 14
 0.671170  0.101970 1 15
 0.671170  0.106628 1 16
 0.692820 -0.569073 1 1
 0.692820 -0.393841 1 2
 0.692820 -0.377898 1 3
 0.692820 -0.246565 1 4
 0.692820 -0.241930 1 5
 0.692820 -0.232190 1 6
 0.692820 -0.135373 1 7
 0.692820 -0.131108 1 8
 0.692820 -0.118545 1 9
 0.692820 -0.089197 1 10
 0.692820 -0.082433 1 11
 0.692820 -0.050257 1 12
 0.692820 -0.039361 1 13
 0.692820 -0.025699 1 14
 0.692820  0.106237 1 15
 0.692820  0.110262 1 16
 0.714471 -0.572465 1 1
 0.714471 -0.392567 1 2
 0.714471 -0.379182 1 3
 0.714471 -0.238252 1 4
 0.714471 -0.234844 1 5
 0.714471 -0.224438 1 6
 0.714471 -0.136072 1 7
 0.714471 -0.132445 1 8
 0.714471 -0.121633 1 9
 0.714471 -0.094696 1 10
 0.714471 -0.088973 1 11
 0.714471 -0.049688 1 12
 0.714471 -0.041500 1 13
 0.714471 -0.025860 1 14
 0.714471  0.110258 1 15
 0.714471  0.113600 1 16
 0.736122 -0.575464 1 1
 0.736122 -0.391282 1 2
 0.736122 -0.380561 1 3
 0.736122 -0.230245 1 4
 0.736122 -0.227706 1 5
 0.736122 -0.217281 1 6
 0.736122 -0.136795 1 7
 0.736122 -0.133793 1 8
 0.736122 -0.124931 1 9
 0.736122 -0.100420 1 10
 0.736122 -0.095644 1 11
 0.736122 -0.049176 1 12
 0.736122 -0.043250 1 13
 0.736122 -0.025865 1 14
 0.736122  0.113935 1 15
 0.736122  0.116598 1 16
 0.757772 -0.578065 1 1
 0.757772 -0.390035 1 2
 0.757772 -0.381985 1 3
 0.757772 -0.222559 1 4
 0.757772 -0.220618 1 5
 0.757772 -0.210838 1 6
 0.757772 -0.137572 1 7
 0.757772 -0.135226 1 8
 0.757772 -0.128299 1 9
 0.757772 -0.106119 1 10
 0.757772 -0.102225 1 11
 0.757772 -0.048759 1 12
 0.757772 -0.044647 1 13
 0.757772 -0.025754 1 14
 0.757772  0.117187 1 15
 0.757772  0.119215 1 16
 0.779423 -0.580253 1 1
 0.779423 -0.388888 1 2
 0.779423 -0.383370 1 3
 0.779423 -0.215305 1 4
 0.779423 -0.213764 1 5
 0.779423 -0.205238 1 6
 0.779423 -0.138492 1 7
 0.779423 -0.136847 1 8
 0.779423 -0.131500 1 9
 0.779423 -0.111452 1 10
 0.779423 -0.108450 1 11
 0.779423 -0.048441 1 12
 0.779423 -0.045729 1 13
 0.779423 -0.025574 1 14
 0.779423  0.119941 1 15
 0.779423  0.121415 1 16
 0.801073 -0.582002 1 1
 0.801073 -0.387906 1 2
 0.801073 -0.384610 1 3
 0.801073 -0.208699 1 4
 0.801073 -0.207440 1 5
 0.801073 -0.200661 1 6
 0.801073 -0.139725 1 7
 0.801073 -0.138736 1 8
 0.801073 -0.134157 1 9
 0.801073 -0.115996 1 10
 0.801073 -0.113975 1 11
 0.801073 -0.048215 1 12
 0.801073 -0.046531 1 13
 0.801073 -0.025373 1 14
 0.801073  0.122142 1 15
 0.801073  0.123167 1 16
 0.822724 -0.583282 1 1
 0.822724 -0.387152 1 2
 0.822724 -0.385594 1 3
 0.822724 -0.203078 1 4
 0.822724 -0.202112 1 5
 0.822724 -0.197367 1 6
 0.822724 -0.141311 1 7
 0.822724 -0.140794 1 8
 0.822724 -0.135922 1 9
 0.822724 -0.119361 1 10
 0.822724 -0.118377 1 11
 0.822724 -0.048072 1 12
 0.822724 -0.047078 1 13
 0.822724 -0.025194 1 14
 0.822724  0.123743 1 15
 0.822724  0.124442 1 16
 0.844375 -0.584063 1 1
 0.844375 -0.386678 1 2
 0.844375 -0.386228 1 3
 0.844375 -0.198922 1 4
 0.844375 -0.198433 1 5
 0.844375 -0.195655 1 6
 0.844375 -0.142743 1 7
 0.844375 -0.142536 1 8
 0.844375 -0.136854 1 9
 0.844375 -0.121377 1 10
 0.844375 -0.121207 1 11
 0.844375 -0.048000 1 12
 0.844375 -0.047389 1 13
 0.844375 -0.025073 1 14
 0.844375  0.124713 1 15
 0.844375  0.125219 1 16
 0.866025 -0.584326 1 1
 0.866025 -0.386520 1 2
 0.866025 -0.386443 1 3
 0.866025 -0.197099 1 4
 0.866025 -0.197099 1 5
 0.866025 -0.195413 1 6
 0.866025 -0.143322 1 7
 0.866025 -0.143237 1 8
 0.866025 -0.137148 1 9
 0.866025 -0.122232 1 10
 0.866025 -0.121987 1 11
 0.866025 -0.047982 1 12
 0.866025 -0.047486 1 13
 0.866025 -0.025030 1 14
 0.866025  0.125038 1 15
 0.866025  0.125481 1 16
 0.866025 -0.584326 1 1
 0.866025 -0.386520 1 2
 0.866025 -0.386443 1 3
 0.866025 -0.197099 1 4
 0.866025 -0.197099 1 5
 0.866025 -0.195413 1 6
 0.866025 -0.143322 1 7
 0.866025 -0.143237 1 8
 0.866025 -0.137148 1 9
 0.866025 -0.122232 1 10
 0.866025 -0.121987 1 11
 0.866025 -0.047982 1 12
 0.866025 -0.047486 1 13
 0.866025 -0.025030 1 14
 0.866025  0.125038 1 15
 0.866025  0.125481 1 16
 0.886754 -0.584138 1 1
 0.886754 -0.386624 1 2
 0.886754 -0.386435 1 3
 0.886754 -0.199208 1 4
 0.886754 -0.197904 1 5
 0.886754 -0.195632 1 6
 0.886754 -0.142697 1 7
 0.886754 -0.142586 1 8
 0.886754 -0.136912 1 9
 0.886754 -0.122013 1 10
 0.886754 -0.120744 1 11
 0.886754 -0.047936 1 12
 0.886754 -0.047439 1 13
 0.886754 -0.025056 1 14
 0.886754  0.124715 1 15
 0.886754  0.125264 1 16
 0.907483 -0.583572 1 1
 0.907483 -0.387018 1 2
 0.907483 -0.386325 1 3
 0.907483 -0.204115 1 4
 0.907483 -0.200181 1 5
 0.907483 -0.197203 1 6
 0.907483 -0.141400 1 7
 0.907483 -0.140718 1 8
 0.907483 -0.136009 1 9
 0.907483 -0.121668 1 10
 0.907483 -0.116904 1 11
 0.907483 -0.047794 1 12
 0.907483 -0.047293 1 13
 0.907483 -0.025133 1 14
 0.907483  0.123467 1 15
 0.907483  0.124903 1 16
 0.928212 -0.582626 1 1
 0.928212 -0.387660 1 2
 0.928212 -0.386136 1 3
 0.928212 -0.210818 1 4
 0.928212 -0.203608 1 5
 0.928212 -0.200063 1 6
 0.928212 -0.140399 1 7
 0.928212 -0.137975 1 8
 0.928212 -0.134067 1 9
 0.928212 -0.121077 1 10
 0.928212 -0.111147 1 11
 0.928212 -0.047543 1 12
 0.928212 -0.047036 1 13
 0.928212 -0.025252 1 14
 0.928212  0.121313 1 15
 0.928212  0.124416 1 16
 0.948941 -0.581295 1 1
 0.948941 -0.388510 1 2
 0.948941 -0.385878 1 3
 0.948941 -0.218668 1 4
 0.948941 -0.207829 1 5
 0.948941 -0.203865 1 6
 0.948941 -0.139946 1 7
 0.948941 -0.134774 1 8
 0.948941 -0.131226 1 9
 0.948941 -0.120180 1 10
 0.948941 -0.104234 1 11
 0.948941 -0.047149 1 12
 0.948941 -0.046649 1 13
 0.948941 -0.025397 1 14
 0.948941  0.118353 1 15
 0.948941  0.123761 1 16
 0.969670 -0.579575 1 1
 0.969670 -0.389524 1 2
 0.969670 -0.385561 1 3
 0.969670 -0.227237 1 4
 0.969670 -0.212549 1 5
 0.969670 -0.208341 1 6
 0.969670 -0.139807 1 7
 0.969670 -0.131496 1 8
 0.969670 -0.127942 1 9
 0.969670 -0.118884 1 10
 0.969670 -0.096880 1 11
 0.969670 -0.046570 1 12
 0.969670 -0.046103 1 13
 0.969670 -0.025542 1 14
 0.969670  0.114671 1 15
 0.969670  0.122938 1 16
 0.990399 -0.577461 1 1
 0.990399 -0.390659 1 2
 0.990399 -0.385191 1 3
 0.990399 -0.236280 1 4
 0.990399 -0.217549 1 5
 0.990399 -0.213299 1 6
 0.990399 -0.139818 1 7
 0.990399 -0.128470 1 8
 0.990399 -0.124507 1 9
 0.990399 -0.117074 1 10
 0.990399 -0.089683 1 11
 0.990399 -0.045807 1 12
 0.990399 -0.045305 1 13
 0.990399 -0.025650 1 14
 0.990399  0.110365 1 15
 0.990399  0.121953 1 16
 1.011128 -0.574950 1 1
 1.011128 -0.391871 1 2
 1.011128 -0.384774 1 3
 1.011128 -0.245670 1 4
 1.011128 -0.222678 1 5
 1.011128 -0.218606 1 6
 1.011128 -0.139912 1 7
 1.011128 -0.125911 1 8
 1.011128 -0.121081 1 9
 1.011128 -0.114683 1 10
 1.011128 -0.083133 1 11
 1.011128 -0.044952 1 12
 1.011128 -0.044074 1 13
 1.011128 -0.025662 1 14
 1.011128  0.105556 1 15
 1.011128  0.120817 1 16
 1.031857 -0.572040 1 1
 1.031857 -0.393127 1 2
 1.031857 -0.384315 1 3
 1.031857 -0.255350 1 4
 1.031857 -0.227836 1 5
 1.031857 -0.224169 1 6
 1.031857 -0.140056 1 7
 1.031857 -0.123834 1 8
 1.031857 -0.117762 1 9
 1.031857 -0.111795 1 10
 1.031857 -0.077599 1 11
 1.031857 -0.044010 1 12
 1.031857 -0.042377 1 13
 1.031857 -0.025485 1 14
 1.031857  0.100383 1 15
 1.031857  0.119541 1 16
 1.052586 -0.568734 1 1
 1.052586 -0.394404 1 2
 1.052586 -0.383816 1 3
 1.052586 -0.265308 1 4
 1.052586 -0.232959 1 5
 1.052586 -0.229925 1 6
 1.052586 -0.140239 1 7
 1.052586 -0.122111 1 8
 1.052586 -0.114619 1 9
 1.052586 -0.108608 1 10
 1.052586 -0.073271 1 11
 1.052586 -0.042942 1 12
 1.052586 -0.040392 1 13
 1.052586 -0.024983 1 14
 1.052586  0.095007 1 15
 1.052586  0.118137 1 16
 1.073314 -0.565040 1 1
 1.073314 -0.395698 1 2
 1.073314 -0.383276 1 3
 1.073314 -0.275549 1 4
 1.073314 -0.238011 1 5
 1.073314 -0.235832 1 6
 1.073314 -0.140455 1 7
 1.073314 -0.120595 1 8
 1.073314 -0.111696 1 9
 1.073314 -0.105313 1 10
 1.073314 -0.070112 1 11
 1.073314 -0.041734 1 12
 1.073314 -0.038471 1 13
 1.073314 -0.024005 1 14
 1.073314  0.089601 1 15
 1.073314  0.116618 1 16
 1.094043 -0.560971 1 1
 1.094043 -0.397022 1 2
 1.094043 -0.382692 1 3
 1.094043 -0.286090 1 4
 1.094043 -0.242977 1 5
 1.094043 -0.241865 1 6
 1.094043 -0.140700 1 7
 1.094043 -0.119188 1 8
 1.094043 -0.109023 1 9
 1.094043 -0.102032 1 10
 1.094043 -0.067911 1 11
 1.094043 -0.040381 1 12
 1.094043 -0.036997 1 13
 1.094043 -0.022502 1 14
 1.094043  0.084354 1 15
 1.094043  0.114997 1 16
 1.114772 -0.556549 1 1
 1.114772 -0.398404 1 2
 1.114772 -0.382060 1 3
 1.114772 -0.296949 1 4
 1.114772 -0.248006 1 5
 1.114772 -0.247854 1 6
 1.114772 -0.140978 1 7
 1.114772 -0.117837 1 8
 1.114772 -0.106612 1 9
 1.114772 -0.098832 1 10
 1.114772 -0.066409 1 11
 1.114772 -0.038883 1 12
 1.114772 -0.036124 1 13
 1.114772 -0.020666 1 14
 1.114772  0.079451 1 15
 1.114772  0.113286 1 16
 1.135501 -0.551801 1 1
 1.135501 -0.399889 1 2
 1.135501 -0.381375 1 3
 1.135501 -0.308139 1 4
 1.135501 -0.254245 1 5
 1.135501 -0.252655 1 6
 1.135501 -0.141290 1 7
 1.135501 -0.116516 1 8
 1.135501 -0.104459 1 9
 1.135501 -0.095742 1 10
 1.135501 -0.065386 1 11
 1.135501 -0.037248 1 12
 1.135501 -0.035769 1 13
 1.135501 -0.018859 1 14
 1.135501  0.075066 1 15
 1.135501  0.111498 1 16
 1.156230 -0.546763 1 1
 1.156230 -0.401532 1 2
 1.156230 -0.380636 1 3
 1.156230 -0.319664 1 4
 1.156230 -0.260578 1 5
 1.156230 -0.257392 1 6
 1.156230 -0.141640 1 7
 1.156230 -0.115216 1 8
 1.156230 -0.102547 1 9
 1.156230 -0.092767 1 10
 1.156230 -0.064693 1 11
 1.156230 -0.035817 1 12
 1.156230 -0.035450 1 13
 1.156230 -0.017395 1 14
 1.156230  0.071341 1 15
 1.156230  0.109644 1 16
 1.176959 -0.541481 1 1
 1.176959 -0.403391 1 2
 1.176959 -0.379841 1 3
 1.176959 -0.331519 1 4
 1.176959 -0.266995 1 5
 1.176959 -0.262081 1 6
 1.176959 -0.142029 1 7
 1.176959 -0.113934 1 8
 1.176959 -0.100838 1 9
 1.176959 -0.089899 1 10
 1.176959 -0.064241 1 11
 1.176959 -0.036084 1 12
 1.176959 -0.033588 1 13
 1.176959 -0.016437 1 14
 1.176959  0.068364 1 15
 1.176959  0.107737 1 16
 1.197688 -0.536005 1 1
 1.197688 -0.405523 1 2
 1.197688 -0.378996 1 3
 1.197688 -0.343684 1 4
 1.197688 -0.273488 1 5
 1.197688 -0.266736 1 6
 1.197688 -0.142458 1 7
 1.197688 -0.112673 1 8
 1.197688 -0.099288 1 9
 1.197688 -0.087120 1 10
 1.197688 -0.063987 1 11
 1.197688 -0.036594 1 12
 1.197688 -0.031608 1 13
 1.197688 -0.015992 1 14
 1.197688  0.066158 1 15
 1.197688  0.105786 1 16
 1.218417 -0.530393 1 1
 1.218417 -0.407978 1 2
 1.218417 -0.378110 1 3
 1.218417 -0.356121 1 4
 1.218417 -0.280040 1 5
 1.218417 -0.271365 1 6
 1.218417 -0.142926 1 7
 1.218417 -0.111439 1 8
 1.218417 -0.097843 1 9
 1.218417 -0.084411 1 10
 1.218417 -0.063918 1 11
 1.218417 -0.037323 1 12
 1.218417 -0.029554 1 13
 1.218417 -0.015947 1 14
 1.218417  0.064683 1 15
 1.218417  0.103803 1 16
 1.239146 -0.524705 1 1
 1.239146 -0.410789 1 2
 1.239146 -0.377198 1 3
 1.239146 -0.368775 1 4
 1.239146 -0.286628 1 5
 1.239146 -0.275967 1 6
 1.239146 -0.143428 1 7
 1.239146 -0.110236 1 8
 1.239146 -0.096451 1 9
 1.239146 -0.081749 1 10
 1.239146 -0.064033 1 11
 1.239146 -0.038285 1 12
 1.239146 -0.027452 1 13
 1.239146 -0.016126 1 14
 1.239146  0.063851 1 15
 1.239146  0.101798 1 16
 1.259875 -0.519009 1 1
 1.259875 -0.413976 1 2
 1.259875 -0.381561 1 3
 1.259875 -0.376279 1 4
 1.259875 -0.293220 1 5
 1.259875 -0.280536 1 6
 1.259875 -0.143958 1 7
 1.259875 -0.109071 1 8
 1.259875 -0.095062 1 9
 1.259875 -0.079113 1 10
 1.259875 -0.064334 1 11
 1.259875 -0.039493 1 12
 1.259875 -0.025332 1 13
 1.259875 -0.016339 1 14
 1.259875  0.063551 1 15
 1.259875  0.099782 1 16
 1.280604 -0.513375 1 1
 1.280604 -0.417549 1 2
 1.280604 -0.394361 1 3
 1.280604 -0.375376 1 4
 1.280604 -0.299778 1 5
 1.280604 -0.285052 1 6
 1.280604 -0.144505 1 7
 1.280604 -0.107946 1 8
 1.280604 -0.093640 1 9
 1.280604 -0.076485 1 10
 1.280604 -0.064819 1 11
 1.280604 -0.040937 1 12
 1.280604 -0.023227 1 13
 1.280604 -0.016434 1 14
 1.280604  0.063669 1 15
 1.280604  0.097765 1 16
 1.301332 -0.507876 1 1
 1.301332 -0.421547 1 2
 1.301332 -0.406972 1 3
 1.301332 -0.374512 1 4
 1.301332 -0.306263 1 5
 1.301332 -0.289492 1 6
 1.301332 -0.145060 1 7
 1.301332 -0.106865 1 8
 1.301332 -0.092160 1 9
 1.301332 -0.073848 1 10
 1.301332 -0.065478 1 11
 1.301332 -0.042570 1 12
 1.301332 -0.021173 1 13
 1.301332 -0.016317 1 14
 1.301332  0.064103 1 15
 1.301332  0.095759 1 16
 1.322061 -0.502595 1 1
 1.322061 -0.426337 1 2
 1.322061 -0.418808 1 3
 1.322061 -0.373711 1 4
 1.322061 -0.312629 1 5
 1.322061 -0.293823 1 6
 1.322061 -0.145608 1 7
 1.322061 -0.105829 1 8
 1.322061 -0.090610 1 9
 1.322061 -0.071192 1 10
 1.322061 -0.066293 1 11
 1.322061 -0.044317 1 12
 1.322061 -0.019207 1 13
 1.322061 -0.015956 1 14
 1.322061  0.064771 1 15
 1.322061  0.093776 1 16
 1.342790 -0.497628 1 1
 1.342790 -0.434264 1 2
 1.342790 -0.427253 1 3
 1.342790 -0.372991 1 4
 1.342790 -0.318836 1 5
 1.342790 -0.298009 1 6
 1.342790 -0.146138 1 7
 1.342790 -0.104840 1 8
 1.342790 -0.088997 1 9
 1.342790 -0.068510 1 10
 1.342790 -0.067236 1 11
 1.342790 -0.046083 1 12
 1.342790 -0.017371 1 13
 1.342790 -0.015359 1 14
 1.342790  0.065607 1 15
 1.342790  0.091828 1 16
 1.363519 -0.493098 1 1
 1.363519 -0.445127 1 2
 1.363519 -0.432173 1 3
 1.363519 -0.372366 1 4
 1.363519 -0.324847 1 5
 1.363519 -0.302014 1 6
 1.363519 -0.146638 1 7
 1.363519 -0.103898 1 8
 1.363519 -0.087343 1 9
 1.363519 -0.068276 1 10
 1.363519 -0.065794 1 11
 1.363519 -0.047766 1 12
 1.363519 -0.015711 1 13
 1.363519 -0.014551 1 14
 1.363519  0.066559 1 15
 1.363519  0.089929 1 16
 1.384248 -0.489176 1 1
 1.384248 -0.455966 1 2
 1.384248 -0.436133 1 3
 1.384248 -0.371839 1 4
 1.384248 -0.330633 1 5
 1.384248 -0.305805 1 6
 1.384248 -0.147096 1 7
 1.384248 -0.103002 1 8
 1.384248 -0.085689 1 9
 1.384248 -0.069365 1 10
 1.384248 -0.063051 1 11
 1.384248 -0.049268 1 12
 1.384248 -0.014285 1 13
 1.384248 -0.013558 1 14
 1.384248  0.067588 1 15
 1.384248  0.088091 1 16
 1.404977 -0.486111 1 1
 1.404977 -0.466063 1 2
 1.404977 -0.439364 1 3
 1.404977 -0.371404 1 4
 1.404977 -0.336175 1 5
 1.404977 -0.309355 1 6
 1.404977 -0.147504 1 7
 1.404977 -0.102152 1 8
 1.404977 -0.084100 1 9
 1.404977 -0.070456 1 10
 1.404977 -0.060282 1 11
 1.404977 -0.050490 1 12
 1.404977 -0.013090 1 13
 1.404977 -0.012462 1 14
 1.404977  0.068662 1 15
 1.404977  0.086329 1 16
 1.425706 -0.484357 1 1
 1.425706 -0.474997 1 2
 1.425706 -0.441620 1 3
 1.425706 -0.371046 1 4
 1.425706 -0.341462 1 5
 1.425706 -0.312646 1 6
 1.425706 -0.147855 1 7
 1.425706 -0.101349 1 8
 1.425706 -0.082665 1 9
 1.425706 -0.071490 1 10
 1.425706 -0.057492 1 11
 1.425706 -0.051339 1 12
 1.425706 -0.012044 1 13
 1.425706 -0.011421 1 14
 1.425706  0.069753 1 15
 1.425706  0.084656 1 16
 1.446435 -0.485879 1 1
 1.446435 -0.480888 1 2
 1.446435 -0.442624 1 3
 1.446435 -0.370739 1 4
 1.446435 -0.346497 1 5
 1.446435 -0.315673 1 6
 1.446435 -0.148144 1 7
 1.446435 -0.100594 1 8
 1.446435 -0.081500 1 9
 1.446435 -0.072394 1 10
 1.446435 -0.054689 1 11
 1.446435 -0.051725 1 12
 1.446435 -0.011163 1 13
 1.446435 -0.010486 1 14
 1.446435  0.070839 1 15
 1.446435  0.083084 1 16
 1.467164 -0.491819 1 1
 1.467164 -0.482553 1 2
 1.467164 -0.442271 1 3
 1.467164 -0.370450 1 4
 1.467164 -0.351291 1 5
 1.467164 -0.318440 1 6
 1.467164 -0.148371 1 7
 1.467164 -0.099888 1 8
 1.467164 -0.080727 1 9
 1.467164 -0.073090 1 10
 1.467164 -0.051886 1 11
 1.467164 -0.051579 1 12
 1.467164 -0.010559 1 13
 1.467164 -0.009601 1 14
 1.467164  0.071896 1 15
 1.467164  0.081625 1 16
 1.487893 -0.497628 1 1
 1.487893 -0.484296 1 2
 1.487893 -0.440710 1 3
 1.487893 -0.370145 1 4
 1.487893 -0.355865 1 5
 1.487893 -0.320959 1 6
 1.487893 -0.148537 1 7
 1.487893 -0.099234 1 8
 1.487893 -0.080422 1 9
 1.487893 -0.073526 1 10
 1.487893 -0.050873 1 11
 1.487893 -0.049089 1 12
 1.487893 -0.010283 1 13
 1.487893 -0.008761 1 14
 1.487893  0.072906 1 15
 1.487893  0.080288 1 16
 1.508621 -0.502469 1 1
 1.508621 -0.486613 1 2
 1.508621 -0.438239 1 3
 1.508621 -0.369792 1 4
 1.508621 -0.360247 1 5
 1.508621 -0.323252 1 6
 1.508621 -0.148647 1 7
 1.508621 -0.098634 1 8
 1.508621 -0.080546 1 9
 1.508621 -0.073730 1 10
 1.508621 -0.049631 1 11
 1.508621 -0.046313 1 12
 1.508621 -0.010316 1 13
 1.508621 -0.008016 1 14
 1.508621  0.073848 1 15
 1.508621  0.079082 1 16
 1.529350 -0.506288 1 1
 1.529350 -0.489275 1 2
 1.529350 -0.435151 1 3
 1.529350 -0.369367 1 4
 1.529350 -0.364466 1 5
 1.529350 -0.325338 1 6
 1.529350 -0.148707 1 7
 1.529350 -0.098090 1 8
 1.529350 -0.080960 1 9
 1.529350 -0.073796 1 10
 1.529350 -0.047934 1 11
 1.529350 -0.043570 1 12
 1.529350 -0.010641 1 13
 1.529350 -0.007403 1 14
 1.529350  0.074702 1 15
 1.529350  0.078014 1 16
 1.550079 -0.509139 1 1
 1.550079 -0.492066 1 2
 1.550079 -0.431667 1 3
 1.550079 -0.368856 1 4
 1.550079 -0.368553 1 5
 1.550079 -0.327237 1 6
 1.550079 -0.148726 1 7
 1.550079 -0.097605 1 8
 1.550079 -0.081518 1 9
 1.550079 -0.073806 1 10
 1.550079 -0.045905 1 11
 1.550079 -0.040874 1 12
 1.550079 -0.011236 1 13
 1.550079 -0.006944 1 14
 1.550079  0.075440 1 15
 1.550079  0.077103 1 16
 1.570808 -0.511111 1 1
 1.570808 -0.494834 1 2
 1.570808 -0.427945 1 3
 1.570808 -0.372530 1 4
 1.570808 -0.368264 1 5
 1.570808 -0.328958 1 6
 1.570808 -0.148713 1 7
 1.570808 -0.097181 1 8
 1.570808 -0.082112 1 9
 1.570808 -0.073800 1 10
 1.570808 -0.043687 1 11
 1.570808 -0.038241 1 12
 1.570808 -0.012080 1 13
 1.570808 -0.006645 1 14
 1.570808  0.075873 1 15
 1.570808  0.076528 1 16
 1.591537 -0.512315 1 1
 1.591537 -0.497484 1 2
 1.591537 -0.424105 1 3
 1.591537 -0.376406 1 4
 1.591537 -0.367614 1 5
 1.591537 -0.330500 1 6
 1.591537 -0.148679 1 7
 1.591537 -0.096820 1 8
 1.591537 -0.082680 1 9
 1.591537 -0.073792 1 10
 1.591537 -0.041431 1 11
 1.591537 -0.035692 1 12
 1.591537 -0.013142 1 13
 1.591537 -0.006502 1 14
 1.591537  0.075464 1 15
 1.591537  0.076819 1 16
 1.612266 -0.512869 1 1
 1.612266 -0.499949 1 2
 1.612266 -0.420263 1 3
 1.612266 -0.380161 1 4
 1.612266 -0.366947 1 5
 1.612266 -0.331847 1 6
 1.612266 -0.148634 1 7
 1.612266 -0.096523 1 8
 1.612266 -0.083180 1 9
 1.612266 -0.073782 1 10
 1.612266 -0.039287 1 11
 1.612266 -0.033256 1 12
 1.612266 -0.014381 1 13
 1.612266 -0.006491 1 14
 1.612266  0.074952 1 15
 1.612266  0.077232 1 16
 1.632995 -0.512904 1 1
 1.632995 -0.502167 1 2
 1.632995 -0.416566 1 3
 1.632995 -0.383718 1 4
 1.632995 -0.366320 1 5
 1.632995 -0.332967 1 6
 1.632995 -0.148588 1 7
 1.632995 -0.096292 1 8
 1.632995 -0.083590 1 9
 1.632995 -0.073771 1 10
 1.632995 -0.037405 1 11
 1.632995 -0.030986 1 12
 1.632995 -0.015736 1 13
 1.632995 -0.006573 1 14
 1.632995  0.074542 1 15
 1.632995  0.077562 1 16
 1.653724 -0.512575 1 1
 1.653724 -0.504047 1 2
 1.653724 -0.413254 1 3
 1.653724 -0.386893 1 4
 1.653724 -0.365802 1 5
 1.653724 -0.333817 1 6
 1.653724 -0.148549 1 7
 1.653724 -0.096127 1 8
 1.653724 -0.083891 1 9
 1.653724 -0.073760 1 10
 1.653724 -0.035929 1 11
 1.653724 -0.028982 1 12
 1.653724 -0.017095 1 13
 1.653724 -0.006697 1 14
 1.653724  0.074250 1 15
 1.653724  0.077796 1 16
 1.674453 -0.512116 1 1
 1.674453 -0.505414 1 2
 1.674453 -0.410771 1 3
 1.674453 -0.389278 1 4
 1.674453 -0.365459 1 5
 1.674453 -0.334351 1 6
 1.674453 -0.148523 1 7
 1.674453 -0.096027 1 8
 1.674453 -0.084076 1 9
 1.674453 -0.073752 1 10
 1.674453 -0.034983 1 11
 1.674453 -0.027466 1 12
 1.674453 -0.018226 1 13
 1.674453 -0.006804 1 14
 1.674453  0.074075 1 15
 1.674453  0.077934 1 16
 1.695182 -0.511883 1 1
 1.695182 -0.505946 1 2
 1.695182 -0.409803 1 3
 1.695182 -0.390211 1 4
 1.695182 -0.365338 1 5
 1.695182 -0.334534 1 6
 1.695182 -0.148514 1 7
 1.695182 -0.095994 1 8
 1.695182 -0.084138 1 9
 1.695182 -0.073750 1 10
 1.695182 -0.034656 1 11
 1.695182 -0.026861 1 12
 1.695182 -0.018704 1 13
 1.695182 -0.006846 1 14
 1.695182  0.074016 1 15
 1.695182  0.077980 1 16
 1.695182 -0.511884 1 1
 1.695182 -0.505948 1 2
 1.695182 -0.409807 1 3
 1.695182 -0.390264 1 4
 1.695182 -0.365332 1 5
 1.695182 -0.334456 1 6
 1.695182 -0.148530 1 7
 1.695182 -0.095989 1 8
 1.695182 -0.084473 1 9
 1.695182 -0.073738 1 10
 1.695182 -0.034670 1 11
 1.695182 -0.026848 1 12
 1.695182 -0.018586 1 13
 1.695182 -0.006596 1 14
 1.695182  0.074403 1 15
 1.695182  0.077591 1 16
 1.719688 -0.513280 1 1
 1.719688 -0.504357 1 2
 1.719688 -0.410073 1 3
 1.719688 -0.389962 1 4
 1.719688 -0.365538 1 5
 1.719688 -0.334660 1 6
 1.719688 -0.148366 1 7
 1.719688 -0.095996 1 8
 1.719688 -0.084385 1 9
 1.719688 -0.073688 1 10
 1.719688 -0.035092 1 11
 1.719688 -0.027190 1 12
 1.719688 -0.018348 1 13
 1.719688 -0.006627 1 14
 1.719688  0.074468 1 15
 1.719688  0.077963 1 16
 1.744195 -0.515869 1 1
 1.744195 -0.501173 1 2
 1.744195 -0.410730 1 3
 1.744195 -0.389189 1 4
 1.744195 -0.366129 1 5
 1.744195 -0.335276 1 6
 1.744195 -0.147872 1 7
 1.744195 -0.096020 1 8
 1.744195 -0.084139 1 9
 1.744195 -0.073540 1 10
 1.744195 -0.036275 1 11
 1.744195 -0.028165 1 12
 1.744195 -0.017727 1 13
 1.744195 -0.006724 1 14
 1.744195  0.074386 1 15
 1.744195  0.079320 1 16
 1.768702 -0.518628 1 1
 1.768702 -0.497395 1 2
 1.768702 -0.411465 1 3
 1.768702 -0.388229 1 4
 1.768702 -0.367024 1 5
 1.768702 -0.336314 1 6
 1.768702 -0.147048 1 7
 1.768702 -0.096065 1 8
 1.768702 -0.083785 1 9
 1.768702 -0.073303 1 10
 1.768702 -0.038020 1 11
 1.768702 -0.029672 1 12
 1.768702 -0.016900 1 13
 1.768702 -0.006897 1 14
 1.768702  0.073897 1 15
 1.768702  0.081818 1 16
 1.793209 -0.521303 1 1
 1.793209 -0.493246 1 2
 1.793209 -0.411989 1 3
 1.793209 -0.387337 1 4
 1.793209 -0.368115 1 5
 1.793209 -0.337784 1 6
 1.793209 -0.145901 1 7
 1.793209 -0.096138 1 8
 1.793209 -0.083395 1 9
 1.793209 -0.072977 1 10
 1.793209 -0.040125 1 11
 1.793209 -0.031608 1 12
 1.793209 -0.016014 1 13
 1.793209 -0.007156 1 14
 1.793209  0.073041 1 15
 1.793209  0.085273 1 16
 1.817716 -0.523729 1 1
 1.817716 -0.488870 1 2
 1.817716 -0.412125 1 3
 1.817716 -0.386651 1 4
 1.817716 -0.369285 1 5
 1.817716 -0.339698 1 6
 1.817716 -0.144445 1 7
 1.817716 -0.096248 1 8
 1.817716 -0.083049 1 9
 1.817716 -0.072555 1 10
 1.817716 -0.042440 1 11
 1.817716 -0.033862 1 12
 1.817716 -0.015160 1 13
 1.817716 -0.007510 1 14
 1.817716  0.071894 1 15
 1.817716  0.089441 1 16
 1.842223 -0.525747 1 1
 1.842223 -0.484430 1 2
 1.842223 -0.411834 1 3
 1.842223 -0.386170 1 4
 1.842223 -0.370445 1 5
 1.842223 -0.342062 1 6
 1.842223 -0.142702 1 7
 1.842223 -0.096404 1 8
 1.842223 -0.082813 1 9
 1.842223 -0.072026 1 10
 1.842223 -0.044885 1 11
 1.842223 -0.036299 1 12
 1.842223 -0.014401 1 13
 1.842223 -0.007959 1 14
 1.842223  0.070508 1 15
 1.842223  0.094099 1 16
 1.866730 -0.527225 1 1
 1.866730 -0.480111 1 2
 1.866730 -0.411192 1 3
 1.866730 -0.385773 1 4
 1.866730 -0.371553 1 5
 1.866730 -0.344870 1 6
 1.866730 -0.140712 1 7
 1.866730 -0.096615 1 8
 1.866730 -0.082732 1 9
 1.866730 -0.071383 1 10
 1.866730 -0.047435 1 11
 1.866730 -0.038749 1 12
 1.866730 -0.013793 1 13
 1.866730 -0.008485 1 14
 1.866730  0.068931 1 15
 1.866730  0.099033 1 16
 1.891236 -0.528078 1 1
 1.891236 -0.476084 1 2
 1.891236 -0.410352 1 3
 1.891236 -0.385270 1 4
 1.891236 -0.372623 1 5
 1.891236 -0.348103 1 6
 1.891236 -0.138522 1 7
 1.891236 -0.096887 1 8
 1.891236 -0.082813 1 9
 1.891236 -0.070648 1 10
 1.891236 -0.050088 1 11
 1.891236 -0.041030 1 12
 1.891236 -0.013403 1 13
 1.891236 -0.009040 1 14
 1.891236  0.067206 1 15
 1.891236  0.104042 1 16
 1.915743 -0.528300 1 1
 1.915743 -0.472485 1 2
 1.915743 -0.409443 1 3
 1.915743 -0.384495 1 4
 1.915743 -0.373728 1 5
 1.915743 -0.351728 1 6
 1.915743 -0.136179 1 7
 1.915743 -0.097229 1 8
 1.915743 -0.083039 1 9
 1.915743 -0.069868 1 10
 1.915743 -0.052826 1 11
 1.915743 -0.042966 1 12
 1.915743 -0.013327 1 13
 1.915743 -0.009528 1 14
 1.915743  0.065380 1 15
 1.915743  0.108932 1 16
 1.940250 -0.527963 1 1
 1.940250 -0.469383 1 2
 1.940250 -0.408491 1 3
 1.940250 -0.383406 1 4
 1.940250 -0.374969 1 5
 1.940250 -0.355690 1 6
 1.940250 -0.133728 1 7
 1.940250 -0.097643 1 8
 1.940250 -0.083388 1 9
 1.940250 -0.069108 1 10
 1.940250 -0.055590 1 11
 1.940250 -0.044415 1 12
 1.940250 -0.013663 1 13
 1.940250 -0.009833 1 14
 1.940250  0.063505 1 15
 1.940250  0.113516 1 16
 1.964757 -0.527199 1 1
 1.964757 -0.466771 1 2
 1.964757 -0.407399 1 3
 1.964757 -0.382150 1 4
 1.964757 -0.376429 1 5
 1.964757 -0.359893 1 6
 1.964757 -0.131207 1 7
 1.964757 -0.098133 1 8
 1.964757 -0.083845 1 9
 1.964757 -0.068424 1 10
 1.964757 -0.058280 1 11
 1.964757 -0.045291 1 12
 1.964757 -0.014400 1 13
 1.964757 -0.009935 1 14
 1.964757  0.061635 1 15
 1.964757  0.117614 1 16
 1.989264 -0.526168 1 1
 1.989264 -0.464577 1 2
 1.989264 -0.406009 1 3
 1.989264 -0.381264 1 4
 1.989264 -0.377909 1 5
 1.989264 -0.364160 1 6
 1.989264 -0.128656 1 7
 1.989264 -0.098696 1 8
 1.989264 -0.084409 1 9
 1.989264 -0.067842 1 10
 1.989264 -0.060776 1 11
 1.989264 -0.045573 1 12
 1.989264 -0.015420 1 13
 1.989264 -0.009912 1 14
 1.989264  0.059832 1 15
 1.989264  0.121060 1 16
 2.013771 -0.525004 1 1
 2.013771 -0.462713 1 2
 2.013771 -0.404208 1 3
 2.013771 -0.382490 1 4
 2.013771 -0.378051 1 5
 2.013771 -0.368195 1 6
 2.013771 -0.126116 1 7
 2.013771 -0.099325 1 8
 2.013771 -0.085083 1 9
 2.013771 -0.067368 1 10
 2.013771 -0.062942 1 11
 2.013771 -0.045308 1 12
 2.013771 -0.016609 1 13
 2.013771 -0.009840 1 14
 2.013771  0.058161 1 15
 2.013771  0.123708 1 16
 2.038278 -0.523774 1 1
 2.038278 -0.461126 1 2
 2.038278 -0.402012 1 3
 2.038278 -0.385843 1 4
 2.038278 -0.377178 1 5
 2.038278 -0.371563 1 6
 2.038278 -0.123636 1 7
 2.038278 -0.100010 1 8
 2.038278 -0.085870 1 9
 2.038278 -0.067114 1 10
 2.038278 -0.064529 1 11
 2.038278 -0.044596 1 12
 2.038278 -0.017885 1 13
 2.038278 -0.009758 1 14
 2.038278  0.056688 1 15
 2.038278  0.125435 1 16
 2.062784 -0.522477 1 1
 2.062784 -0.459852 1 2
 2.062784 -0.399657 1 3
 2.062784 -0.390265 1 4
 2.062784 -0.376515 1 5
 2.062784 -0.373682 1 6
 2.062784 -0.121293 1 7
 2.062784 -0.100740 1 8
 2.062784 -0.086759 1 9
 2.062784 -0.067508 1 10
 2.062784 -0.065010 1 11
 2.062784 -0.043551 1 12
 2.062784 -0.019191 1 13
 2.062784 -0.009689 1 14
 2.062784  0.055485 1 15
 2.062784  0.126154 1 16
 2.087291 -0.521060 1 1
 2.087291 -0.459023 1 2
 2.087291 -0.398602 1 3
 2.087291 -0.394061 1 4
 2.087291 -0.376879 1 5
 2.087291 -0.373741 1 6
 2.087291 -0.119168 1 7
 2.087291 -0.101506 1 8
 2.087291 -0.087721 1 9
 2.087291 -0.068318 1 10
 2.087291 -0.064587 1 11
 2.087291 -0.042279 1 12
 2.087291 -0.020477 1 13
 2.087291 -0.009642 1 14
 2.087291  0.054623 1 15
 2.087291  0.125821 1 16
 2.111798 -0.519468 1 1
 2.111798 -0.458861 1 2
 2.111798 -0.402712 1 3
 2.111798 -0.393091 1 4
 2.111798 -0.377457 1 5
 2.111798 -0.372542 1 6
 2.111798 -0.117361 1 7
 2.111798 -0.102283 1 8
 2.111798 -0.088717 1 9
 2.111798 -0.068970 1 10
 2.111798 -0.063875 1 11
 2.111798 -0.040860 1 12
 2.111798 -0.021692 1 13
 2.111798 -0.009624 1 14
 2.111798  0.054169 1 15
 2.111798  0.124440 1 16
 2.136305 -0.517677 1 1
 2.136305 -0.459617 1 2
 2.136305 -0.408072 1 3
 2.136305 -0.390914 1 4
 2.136305 -0.377583 1 5
 2.136305 -0.370816 1 6
 2.136305 -0.115996 1 7
 2.136305 -0.103008 1 8
 2.136305 -0.089701 1 9
 2.136305 -0.069344 1 10
 2.136305 -0.063085 1 11
 2.136305 -0.039356 1 12
 2.136305 -0.022779 1 13
 2.136305 -0.009632 1 14
 2.136305  0.054188 1 15
 2.136305  0.122068 1 16
 2.160812 -0.515710 1 1
 2.160812 -0.461501 1 2
 2.160812 -0.412923 1 3
 2.160812 -0.388835 1 4
 2.160812 -0.377317 1 5
 2.160812 -0.368698 1 6
 2.160812 -0.115237 1 7
 2.160812 -0.103550 1 8
 2.160812 -0.090638 1 9
 2.160812 -0.069459 1 10
 2.160812 -0.062310 1 11
 2.160812 -0.037825 1 12
 2.160812 -0.023672 1 13
 2.160812 -0.009660 1 14
 2.160812  0.054729 1 15
 2.160812  0.118803 1 16
 2.185319 -0.513637 1 1
 2.185319 -0.464599 1 2
 2.185319 -0.416730 1 3
 2.185319 -0.386942 1 4
 2.185319 -0.376820 1 5
 2.185319 -0.366326 1 6
 2.185319 -0.115265 1 7
 2.185319 -0.103729 1 8
 2.185319 -0.091512 1 9
 2.185319 -0.069359 1 10
 2.185319 -0.061607 1 11
 2.185319 -0.036328 1 12
 2.185319 -0.024286 1 13
 2.185319 -0.009695 1 14
 2.185319  0.055828 1 15
 2.185319  0.114783 1 16
 2.209826 -0.511542 1 1
 2.209826 -0.468815 1 2
 2.209826 -0.419266 1 3
 2.209826 -0.385191 1 4
 2.209826 -0.376189 1 5
 2.209826 -0.363890 1 6
 2.209826 -0.116147 1 7
 2.209826 -0.103437 1 8
 2.209826 -0.092329 1 9
 2.209826 -0.069099 1 10
 2.209826 -0.061003 1 11
 2.209826 -0.034934 1 12
 2.209826 -0.024524 1 13
 2.209826 -0.009726 1 14
 2.209826  0.057496 1 15
 2.209826  0.110165 1 16
 2.234332 -0.509497 1 1
 2.234332 -0.473909 1 2
 2.234332 -0.420551 1 3
 2.234332 -0.383528 1 4
 2.234332 -0.375389 1 5
 2.234332 -0.361561 1 6
 2.234332 -0.117783 1 7
 2.234332 -0.102724 1 8
 2.234332 -0.093109 1 9
 2.234332 -0.068738 1 10
 2.234332 -0.060502 1 11
 2.234332 -0.033706 1 12
 2.234332 -0.024302 1 13
 2.234332 -0.009739 1 14
 2.234332  0.059721 1 15
 2.234332  0.105123 1 16
 2.258839 -0.507549 1 1
 2.258839 -0.479624 1 2
 2.258839 -0.420761 1 3
 2.258839 -0.381943 1 4
 2.258839 -0.374250 1 5
 2.258839 -0.359419 1 6
 2.258839 -0.120010 1 7
 2.258839 -0.101725 1 8
 2.258839 -0.093859 1 9
 2.258839 -0.068345 1 10
 2.258839 -0.060101 1 11
 2.258839 -0.032669 1 12
 2.258839 -0.023599 1 13
 2.258839 -0.009725 1 14
 2.258839  0.062468 1 15
 2.258839  0.099849 1 16
 2.283346 -0.505704 1 1
 2.283346 -0.485781 1 2
 2.283346 -0.420127 1 3
 2.283346 -0.380502 1 4
 2.283346 -0.372489 1 5
 2.283346 -0.357415 1 6
 2.283346 -0.122711 1 7
 2.283346 -0.100569 1 8
 2.283346 -0.094560 1 9
 2.283346 -0.067987 1 10
 2.283346 -0.059802 1 11
 2.283346 -0.031795 1 12
 2.283346 -0.022498 1 13
 2.283346 -0.009668 1 14
 2.283346  0.065677 1 15
 2.283346  0.094548 1 16
 2.307853 -0.503960 1 1
 2.307853 -0.492271 1 2
 2.307853 -0.418869 1 3
 2.307853 -0.379290 1 4
 2.307853 -0.369862 1 5
 2.307853 -0.355395 1 6
 2.307853 -0.125828 1 7
 2.307853 -0.099412 1 8
 2.307853 -0.095135 1 9
 2.307853 -0.067702 1 10
 2.307853 -0.059623 1 11
 2.307853 -0.031036 1 12
 2.307853 -0.021174 1 13
 2.307853 -0.009553 1 14
 2.307853  0.069262 1 15
 2.307853  0.089460 1 16
 2.332360 -0.502412 1 1
 2.332360 -0.498928 1 2
 2.332360 -0.417160 1 3
 2.332360 -0.378325 1 4
 2.332360 -0.366309 1 5
 2.332360 -0.353163 1 6
 2.332360 -0.129338 1 7
 2.332360 -0.098520 1 8
 2.332360 -0.095370 1 9
 2.332360 -0.067491 1 10
 2.332360 -0.059591 1 11
 2.332360 -0.030372 1 12
 2.332360 -0.019838 1 13
 2.332360 -0.009362 1 14
 2.332360  0.073085 1 15
 2.332360  0.084882 1 16
 2.356867 -0.506200 1 1
 2.356867 -0.500534 1 2
 2.356867 -0.415132 1 3
 2.356867 -0.377598 1 4
 2.356867 -0.361941 1 5
 2.356867 -0.350562 1 6
 2.356867 -0.133227 1 7
 2.356867 -0.098254 1 8
 2.356867 -0.094964 1 9
 2.356867 -0.067328 1 10
 2.356867 -0.059724 1 11
 2.356867 -0.029821 1 12
 2.356867 -0.018691 1 13
 2.356867 -0.009087 1 14
 2.356867  0.076651 1 15
 2.356867  0.081470 1 16
 2.381374 -0.513140 1 1
 2.381374 -0.499184 1 2
 2.381374 -0.412881 1 3
 2.381374 -0.377135 1 4
 2.381374 -0.356928 1 5
 2.381374 -0.347550 1 6
 2.381374 -0.137477 1 7
 2.381374 -0.098493 1 8
 2.381374 -0.094080 1 9
 2.381374 -0.067176 1 10
 2.381374 -0.060016 1 11
 2.381374 -0.029426 1 12
 2.381374 -0.017868 1 13
 2.381374 -0.008754 1 14
 2.381374  0.076746 1 15
 2.381374  0.082577 1 16
 2.405880 -0.519999 1 1
 2.405880 -0.498001 1 2
 2.405880 -0.410493 1 3
 2.405880 -0.376980 1 4
 2.405880 -0.351474 1 5
 2.405880 -0.344222 1 6
 2.405880 -0.142051 1 7
 2.405880 -0.098910 1 8
 2.405880 -0.093082 1 9
 2.405880 -0.067012 1 10
 2.405880 -0.060429 1 11
 2.405880 -0.029237 1 12
 2.405880 -0.017399 1 13
 2.405880 -0.008424 1 14
 2.405880  0.075130 1 15
 2.405880  0.086538 1 16
 2.430387 -0.526594 1 1
 2.430387 -0.497072 1 2
 2.430387 -0.408051 1 3
 2.430387 -0.377155 1 4
 2.430387 -0.345780 1 5
 2.430387 -0.340761 1 6
 2.430387 -0.146896 1 7
 2.430387 -0.099379 1 8
 2.430387 -0.092107 1 9
 2.430387 -0.066844 1 10
 2.430387 -0.060899 1 11
 2.430387 -0.029304 1 12
 2.430387 -0.017226 1 13
 2.430387 -0.008164 1 14
 2.430387  0.074449 1 15
 2.430387  0.090732 1 16
 2.454894 -0.532850 1 1
 2.454894 -0.496422 1 2
 2.454894 -0.405625 1 3
 2.454894 -0.377630 1 4
 2.454894 -0.340038 1 5
 2.454894 -0.337326 1 6
 2.454894 -0.151957 1 7
 2.454894 -0.099871 1 8
 2.454894 -0.091183 1 9
 2.454894 -0.066716 1 10
 2.454894 -0.061350 1 11
 2.454894 -0.029662 1 12
 2.454894 -0.017254 1 13
 2.454894 -0.008006 1 14
 2.454894  0.074935 1 15
 2.454894  0.094876 1 16
 2.479401 -0.538771 1 1
 2.479401 -0.496036 1 2
 2.479401 -0.403259 1 3
 2.479401 -0.378336 1 4
 2.479401 -0.334780 1 5
 2.479401 -0.333642 1 6
 2.479401 -0.157170 1 7
 2.479401 -0.100379 1 8
 2.479401 -0.090304 1 9
 2.479401 -0.066714 1 10
 2.479401 -0.061700 1 11
 2.479401 -0.030324 1 12
 2.479401 -0.017385 1 13
 2.479401 -0.007940 1 14
 2.479401  0.076564 1 15
 2.479401  0.098874 1 16
 2.503908 -0.544424 1 1
 2.503908 -0.495866 1 2
 2.503908 -0.400958 1 3
 2.503908 -0.379183 1 4
 2.503908 -0.331491 1 5
 2.503908 -0.328331 1 6
 2.503908 -0.162473 1 7
 2.503908 -0.100894 1 8
 2.503908 -0.089468 1 9
 2.503908 -0.066947 1 10
 2.503908 -0.061881 1 11
 2.503908 -0.031266 1 12
 2.503908 -0.017542 1 13
 2.503908 -0.007935 1 14
 2.503908  0.079232 1 15
 2.503908  0.102666 1 16
 2.528415 -0.549881 1 1
 2.528415 -0.495840 1 2
 2.528415 -0.398699 1 3
 2.528415 -0.380088 1 4
 2.528415 -0.328752 1 5
 2.528415 -0.322795 1 6
 2.528415 -0.167798 1 7
 2.528415 -0.101411 1 8
 2.528415 -0.088690 1 9
 2.528415 -0.067490 1 10
 2.528415 -0.061876 1 11
 2.528415 -0.032418 1 12
 2.528415 -0.017676 1 13
 2.528415 -0.007957 1 14
 2.528415  0.082788 1 15
 2.528415  0.106195 1 16
 2.552922 -0.555162 1 1
 2.552922 -0.495870 1 2
 2.552922 -0.396463 1 3
 2.552922 -0.380990 1 4
 2.552922 -0.326122 1 5
 2.552922 -0.317393 1 6
 2.552922 -0.173062 1 7
 2.552922 -0.101926 1 8
 2.552922 -0.087997 1 9
 2.552922 -0.068344 1 10
 2.552922 -0.061744 1 11
 2.552922 -0.033667 1 12
 2.552922 -0.017762 1 13
 2.552922 -0.007978 1 14
 2.552922  0.087038 1 15
 2.552922  0.109413 1 16
 2.577428 -0.560206 1 1
 2.577428 -0.495849 1 2
 2.577428 -0.394286 1 3
 2.577428 -0.381853 1 4
 2.577428 -0.323434 1 5
 2.577428 -0.312278 1 6
 2.577428 -0.178140 1 7
 2.577428 -0.102442 1 8
 2.577428 -0.087422 1 9
 2.577428 -0.069443 1 10
 2.577428 -0.061579 1 11
 2.577428 -0.034874 1 12
 2.577428 -0.017800 1 13
 2.577428 -0.007984 1 14
 2.577428  0.091764 1 15
 2.577428  0.112269 1 16
 2.601935 -0.564880 1 1
 2.601935 -0.495661 1 2
 2.601935 -0.392267 1 3
 2.601935 -0.382654 1 4
 2.601935 -0.320602 1 5
 2.601935 -0.307653 1 6
 2.601935 -0.182867 1 7
 2.601935 -0.102961 1 8
 2.601935 -0.086991 1 9
 2.601935 -0.070684 1 10
 2.601935 -0.061457 1 11
 2.601935 -0.035910 1 12
 2.601935 -0.017797 1 13
 2.601935 -0.007976 1 14
 2.601935  0.096738 1 15
 2.601935  0.114722 1 16
 2.626442 -0.569014 1 1
 2.626442 -0.495209 1 2
 2.626442 -0.390561 1 3
 2.626442 -0.383370 1 4
 2.626442 -0.317653 1 5
 2.626442 -0.303785 1 6
 2.626442 -0.187036 1 7
 2.626442 -0.103467 1 8
 2.626442 -0.086713 1 9
 2.626442 -0.071947 1 10
 2.626442 -0.061413 1 11
 2.626442 -0.036694 1 12
 2.626442 -0.017769 1 13
 2.626442 -0.007963 1 14
 2.626442  0.101733 1 15
 2.626442  0.116746 1 16
 2.650949 -0.572461 1 1
 2.650949 -0.494445 1 2
 2.650949 -0.389333 1 3
 2.650949 -0.383950 1 4
 2.650949 -0.314711 1 5
 2.650949 -0.300963 1 6
 2.650949 -0.190426 1 7
 2.650949 -0.103929 1 8
 2.650949 -0.086579 1 9
 2.650949 -0.073116 1 10
 2.650949 -0.061440 1 11
 2.650949 -0.037204 1 12
 2.650949 -0.017727 1 13
 2.650949 -0.007963 1 14
 2.650949  0.106525 1 15
 2.650949  0.118346 1 16
 2.675456 -0.575135 1 1
 2.675456 -0.493392 1 2
 2.675456 -0.388699 1 3
 2.675456 -0.384318 1 4
 2.675456 -0.311974 1 5
 2.675456 -0.299453 1 6
 2.675456 -0.192837 1 7
 2.675456 -0.104286 1 8
 2.675456 -0.086563 1 9
 2.675456 -0.074095 1 10
 2.675456 -0.061510 1 11
 2.675456 -0.037460 1 12
 2.675456 -0.017681 1 13
 2.675456 -0.007997 1 14
 2.675456  0.110876 1 15
 2.675456  0.119579 1 16
 2.675456 -0.575135 1 1
 2.675456 -0.493392 1 2
 2.675456 -0.388699 1 3
 2.675456 -0.384318 1 4
 2.675456 -0.311974 1 5
 2.675456 -0.299453 1 6
 2.675456 -0.192837 1 7
 2.675456 -0.104286 1 8
 2.675456 -0.086563 1 9
 2.675456 -0.074095 1 10
 2.675456 -0.061510 1 11
 2.675456 -0.037460 1 12
 2.675456 -0.017681 1 13
 2.675456 -0.007997 1 14
 2.675456  0.110876 1 15
 2.675456  0.119579 1 16
 2.694592 -0.574026 1 1
 2.694592 -0.494530 1 2
 2.694592 -0.388080 1 3
 2.694592 -0.384583 1 4
 2.694592 -0.308022 1 5
 2.694592 -0.298065 1 6
 2.694592 -0.194536 1 7
 2.694592 -0.105110 1 8
 2.694592 -0.086916 1 9
 2.694592 -0.075378 1 10
 2.694592 -0.061237 1 11
 2.694592 -0.036660 1 12
 2.694592 -0.017705 1 13
 2.694592 -0.008194 1 14
 2.694592  0.107774 1 15
 2.694592  0.120437 1 16
 2.713729 -0.572369 1 1
 2.713729 -0.495535 1 2
 2.713729 -0.387255 1 3
 2.713729 -0.384683 1 4
 2.713729 -0.304423 1 5
 2.713729 -0.296797 1 6
 2.713729 -0.195956 1 7
 2.713729 -0.105826 1 8
 2.713729 -0.087356 1 9
 2.713729 -0.076706 1 10
 2.713729 -0.060973 1 11
 2.713729 -0.035897 1 12
 2.713729 -0.017762 1 13
 2.713729 -0.008461 1 14
 2.713729  0.104350 1 15
 2.713729  0.121210 1 16
 2.732866 -0.570176 1 1
 2.732866 -0.496382 1 2
 2.732866 -0.386235 1 3
 2.732866 -0.384617 1 4
 2.732866 -0.301222 1 5
 2.732866 -0.295656 1 6
 2.732866 -0.197052 1 7
 2.732866 -0.106414 1 8
 2.732866 -0.087893 1 9
 2.732866 -0.078094 1 10
 2.732866 -0.060718 1 11
 2.732866 -0.035194 1 12
 2.732866 -0.017854 1 13
 2.732866 -0.008781 1 14
 2.732866  0.100640 1 15
 2.732866  0.121898 1 16
 2.752002 -0.567458 1 1
 2.752002 -0.497047 1 2
 2.752002 -0.385037 1 3
 2.752002 -0.384384 1 4
 2.752002 -0.298477 1 5
 2.752002 -0.294652 1 6
 2.752002 -0.197774 1 7
 2.752002 -0.106854 1 8
 2.752002 -0.088534 1 9
 2.752002 -0.079548 1 10
 2.752002 -0.060474 1 11
 2.752002 -0.034572 1 12
 2.752002 -0.017979 1 13
 2.752002 -0.009137 1 14
 2.752002  0.096667 1 15
 2.752002  0.122489 1 16
 2.771139 -0.564238 1 1
 2.771139 -0.497504 1 2
 2.771139 -0.383994 1 3
 2.771139 -0.383667 1 4
 2.771139 -0.296228 1 5
 2.771139 -0.293787 1 6
 2.771139 -0.198086 1 7
 2.771139 -0.107132 1 8
 2.771139 -0.089283 1 9
 2.771139 -0.081075 1 10
 2.771139 -0.060242 1 11
 2.771139 -0.034051 1 12
 2.771139 -0.018137 1 13
 2.771139 -0.009513 1 14
 2.771139  0.092473 1 15
 2.771139  0.122978 1 16
 2.790276 -0.560540 1 1
 2.790276 -0.497732 1 2
 2.790276 -0.383433 1 3
 2.790276 -0.382161 1 4
 2.790276 -0.294507 1 5
 2.790276 -0.293062 1 6
 2.790276 -0.197960 1 7
 2.790276 -0.107237 1 8
 2.790276 -0.090140 1 9
 2.790276 -0.082681 1 10
 2.790276 -0.060025 1 11
 2.790276 -0.033641 1 12
 2.790276 -0.018328 1 13
 2.790276 -0.009900 1 14
 2.790276  0.088090 1 15
 2.790276  0.123353 1 16
 2.809412 -0.556402 1 1
 2.809412 -0.497710 1 2
 2.809412 -0.382719 1 3
 2.809412 -0.380526 1 4
 2.809412 -0.293341 1 5
 2.809412 -0.292478 1 6
 2.809412 -0.197381 1 7
 2.809412 -0.107161 1 8
 2.809412 -0.091099 1 9
 2.809412 -0.084362 1 10
 2.809412 -0.059828 1 11
 2.809412 -0.033354 1 12
 2.809412 -0.018548 1 13
 2.809412 -0.010290 1 14
 2.809412  0.083567 1 15
 2.809412  0.123601 1 16
 2.828549 -0.551869 1 1
 2.828549 -0.497416 1 2
 2.828549 -0.381858 1 3
 2.828549 -0.378781 1 4
 2.828549 -0.292729 1 5
 2.828549 -0.292033 1 6
 2.828549 -0.196356 1 7
 2.828549 -0.106898 1 8
 2.828549 -0.092147 1 9
 2.828549 -0.086116 1 10
 2.828549 -0.059657 1 11
 2.828549 -0.033190 1 12
 2.828549 -0.018796 1 13
 2.828549 -0.010683 1 14
 2.828549  0.078955 1 15
 2.828549  0.123711 1 16
 2.847686 -0.546986 1 1
 2.847686 -0.496834 1 2
 2.847686 -0.380858 1 3
 2.847686 -0.376939 1 4
 2.847686 -0.292655 1 5
 2.847686 -0.291722 1 6
 2.847686 -0.194906 1 7
 2.847686 -0.106447 1 8
 2.847686 -0.093267 1 9
 2.847686 -0.087938 1 10
 2.847686 -0.059524 1 11
 2.847686 -0.033151 1 12
 2.847686 -0.019069 1 13
 2.847686 -0.011085 1 14
 2.847686  0.074312 1 15
 2.847686  0.123671 1 16
 2.866822 -0.541805 1 1
 2.866822 -0.495946 1 2
 2.866822 -0.379730 1 3
 2.866822 -0.375009 1 4
 2.866822 -0.293087 1 5
 2.866822 -0.291539 1 6
 2.866822 -0.193069 1 7
 2.866822 -0.105809 1 8
 2.866822 -0.094433 1 9
 2.866822 -0.089817 1 10
 2.866822 -0.059444 1 11
 2.866822 -0.033232 1 12
 2.866822 -0.019365 1 13
 2.866822 -0.011504 1 14
 2.866822  0.069703 1 15
 2.866822  0.123472 1 16
 2.885959 -0.536388 1 1
 2.885959 -0.494738 1 2
 2.885959 -0.378484 1 3
 2.885959 -0.372990 1 4
 2.885959 -0.293979 1 5
 2.885959 -0.291478 1 6
 2.885959 -0.190893 1 7
 2.885959 -0.104993 1 8
 2.885959 -0.095614 1 9
 2.885959 -0.091737 1 10
 2.885959 -0.059438 1 11
 2.885959 -0.033428 1 12
 2.885959 -0.019682 1 13
 2.885959 -0.011954 1 14
 2.885959  0.065208 1 15
 2.885959  0.123105 1 16
 2.905095 -0.530803 1 1
 2.905095 -0.493199 1 2
 2.905095 -0.377136 1 3
 2.905095 -0.370883 1 4
 2.905095 -0.295272 1 5
 2.905095 -0.291528 1 6
 2.905095 -0.188437 1 7
 2.905095 -0.104023 1 8
 2.905095 -0.096770 1 9
 2.905095 -0.093664 1 10
 2.905095 -0.059532 1 11
 2.905095 -0.033732 1 12
 2.905095 -0.020014 1 13
 2.905095 -0.012451 1 14
 2.905095  0.060920 1 15
 2.905095  0.122564 1 16
 2.924232 -0.525110 1 1
 2.924232 -0.491321 1 2
 2.924232 -0.375698 1 3
 2.924232 -0.368672 1 4
 2.924232 -0.296907 1 5
 2.924232 -0.291682 1 6
 2.924232 -0.185753 1 7
 2.924232 -0.102964 1 8
 2.924232 -0.097861 1 9
 2.924232 -0.095526 1 10
 2.924232 -0.059761 1 11
 2.924232 -0.034141 1 12
 2.924232 -0.020360 1 13
 2.924232 -0.013013 1 14
 2.924232  0.056935 1 15
 2.924232  0.121847 1 16
 2.943369 -0.519369 1 1
 2.943369 -0.489095 1 2
 2.943369 -0.374183 1 3
 2.943369 -0.366337 1 4
 2.943369 -0.298818 1 5
 2.943369 -0.291928 1 6
 2.943369 -0.182896 1 7
 2.943369 -0.102051 1 8
 2.943369 -0.098839 1 9
 2.943369 -0.097087 1 10
 2.943369 -0.060165 1 11
 2.943369 -0.034645 1 12
 2.943369 -0.020714 1 13
 2.943369 -0.013656 1 14
 2.943369  0.053354 1 15
 2.943369  0.120953 1 16
 2.962505 -0.513637 1 1
 2.962505 -0.486523 1 2
 2.962505 -0.372603 1 3
 2.962505 -0.363849 1 4
 2.962505 -0.300947 1 5
 2.962505 -0.292260 1 6
 2.962505 -0.179913 1 7
 2.962505 -0.102048 1 8
 2.962505 -0.099656 1 9
 2.962505 -0.097576 1 10
 2.962505 -0.060787 1 11
 2.962505 -0.035238 1 12
 2.962505 -0.021072 1 13
 2.962505 -0.014395 1 14
 2.962505  0.050283 1 15
 2.962505  0.119885 1 16
 2.981642 -0.507970 1 1
 2.981642 -0.483612 1 2
 2.981642 -0.370975 1 3
 2.981642 -0.361189 1 4
 2.981642 -0.303223 1 5
 2.981642 -0.292665 1 6
 2.981642 -0.176854 1 7
 2.981642 -0.103356 1 8
 2.981642 -0.100262 1 9
 2.981642 -0.096593 1 10
 2.981642 -0.061673 1 11
 2.981642 -0.035903 1 12
 2.981642 -0.021429 1 13
 2.981642 -0.015239 1 14
 2.981642  0.047819 1 15
 2.981642  0.118650 1 16
 3.000779 -0.502393 1 1
 3.000779 -0.480371 1 2
 3.000779 -0.369310 1 3
 3.000779 -0.358327 1 4
 3.000779 -0.305589 1 5
 3.000779 -0.293134 1 6
 3.000779 -0.173752 1 7
 3.000779 -0.105194 1 8
 3.000779 -0.100608 1 9
 3.000779 -0.094918 1 10
 3.000779 -0.062861 1 11
 3.000779 -0.036623 1 12
 3.000779 -0.021777 1 13
 3.000779 -0.016190 1 14
 3.000779  0.046029 1 15
 3.000779  0.117255 1 16
 3.019915 -0.496924 1 1
 3.019915 -0.476829 1 2
 3.019915 -0.367620 1 3
 3.019915 -0.355246 1 4
 3.019915 -0.307990 1 5
 3.019915 -0.293658 1 6
 3.019915 -0.170644 1 7
 3.019915 -0.107177 1 8
 3.019915 -0.100649 1 9
 3.019915 -0.092945 1 10
 3.019915 -0.064378 1 11
 3.019915 -0.037372 1 12
 3.019915 -0.022111 1 13
 3.019915 -0.017237 1 14
 3.019915  0.044958 1 15
 3.019915  0.115711 1 16
 3.039052 -0.491547 1 1
 3.039052 -0.473012 1 2
 3.039052 -0.365915 1 3
 3.039052 -0.351932 1 4
 3.039052 -0.310375 1 5
 3.039052 -0.294229 1 6
 3.039052 -0.167552 1 7
 3.039052 -0.109194 1 8
 3.039052 -0.100340 1 9
 3.039052 -0.090790 1 10
 3.039052 -0.066232 1 11
 3.039052 -0.038126 1 12
 3.039052 -0.022421 1 13
 3.039052 -0.018360 1 14
 3.039052  0.044607 1 15
 3.039052  0.114027 1 16
 3.058189 -0.486249 1 1
 3.058189 -0.468963 1 2
 3.058189 -0.364209 1 3
 3.058189 -0.348405 1 4
 3.058189 -0.312691 1 5
 3.058189 -0.294835 1 6
 3.058189 -0.164509 1 7
 3.058189 -0.111200 1 8
 3.058189 -0.099645 1 9
 3.058189 -0.088515 1 10
 3.058189 -0.068400 1 11
 3.058189 -0.038857 1 12
 3.058189 -0.022701 1 13
 3.058189 -0.019528 1 14
 3.058189  0.044943 1 15
 3.058189  0.112221 1 16
 3.077325 -0.480984 1 1
 3.077325 -0.464716 1 2
 3.077325 -0.362512 1 3
 3.077325 -0.344686 1 4
 3.077325 -0.314901 1 5
 3.077325 -0.295469 1 6
 3.077325 -0.161531 1 7
 3.077325 -0.113173 1 8
 3.077325 -0.098537 1 9
 3.077325 -0.086157 1 10
 3.077325 -0.070837 1 11
 3.077325 -0.039543 1 12
 3.077325 -0.022940 1 13
 3.077325 -0.020704 1 14
 3.077325  0.045900 1 15
 3.077325  0.110305 1 16
 3.096462 -0.475703 1 1
 3.096462 -0.460305 1 2
 3.096462 -0.360832 1 3
 3.096462 -0.340816 1 4
 3.096462 -0.316977 1 5
 3.096462 -0.296123 1 6
 3.096462 -0.158633 1 7
 3.096462 -0.115098 1 8
 3.096462 -0.096996 1 9
 3.096462 -0.083749 1 10
 3.096462 -0.073474 1 11
 3.096462 -0.040169 1 12
 3.096462 -0.023142 1 13
 3.096462 -0.021842 1 14
 3.096462  0.047392 1 15
 3.096462  0.108290 1 16
 3.115598 -0.470376 1 1
 3.115598 -0.455758 1 2
 3.115598 -0.359182 1 3
 3.115598 -0.336873 1 4
 3.115598 -0.318883 1 5
 3.115598 -0.296784 1 6
 3.115598 -0.155836 1 7
 3.115598 -0.116960 1 8
 3.115598 -0.095023 1 9
 3.115598 -0.081331 1 10
 3.115598 -0.076220 1 11
 3.115598 -0.040719 1 12
 3.115598 -0.023402 1 13
 3.115598 -0.022798 1 14
 3.115598  0.049316 1 15
 3.115598  0.106196 1 16
 3.134735 -0.464966 1 1
 3.134735 -0.451102 1 2
 3.134735 -0.357571 1 3
 3.134735 -0.332945 1 4
 3.134735 -0.320599 1 5
 3.134735 -0.297447 1 6
 3.134735 -0.153151 1 7
 3.134735 -0.118749 1 8
 3.134735 -0.092638 1 9
 3.134735 -0.079013 1 10
 3.134735 -0.078897 1 11
 3.134735 -0.041184 1 12
 3.134735 -0.024152 1 13
 3.134735 -0.023096 1 14
 3.134735  0.051568 1 15
 3.134735  0.104035 1 16
 3.153872 -0.459453 1 1
 3.153872 -0.446352 1 2
 3.153872 -0.356009 1 3
 3.153872 -0.329186 1 4
 3.153872 -0.322052 1 5
 3.153872 -0.298102 1 6
 3.153872 -0.150592 1 7
 3.153872 -0.120459 1 8
 3.153872 -0.089900 1 9
 3.153872 -0.081615 1 10
 3.153872 -0.076601 1 11
 3.153872 -0.041551 1 12
 3.153872 -0.025033 1 13
 3.153872 -0.023052 1 14
 3.153872  0.054046 1 15
 3.153872  0.101821 1 16
 3.173008 -0.453826 1 1
 3.173008 -0.441522 1 2
 3.173008 -0.354505 1 3
 3.173008 -0.326202 1 4
 3.173008 -0.322734 1 5
 3.173008 -0.298741 1 6
 3.173008 -0.148170 1 7
 3.173008 -0.122082 1 8
 3.173008 -0.087089 1 9
 3.173008 -0.083826 1 10
 3.173008 -0.074362 1 11
 3.173008 -0.041805 1 12
 3.173008 -0.025806 1 13
 3.173008 -0.022863 1 14
 3.173008  0.056653 1 15
 3.173008  0.099569 1 16
 3.192145 -0.448091 1 1
 3.192145 -0.436640 1 2
 3.192145 -0.353066 1 3
 3.192145 -0.325943 1 4
 3.192145 -0.320798 1 5
 3.192145 -0.299358 1 6
 3.192145 -0.145902 1 7
 3.192145 -0.123613 1 8
 3.192145 -0.087017 1 9
 3.192145 -0.082798 1 10
 3.192145 -0.072247 1 11
 3.192145 -0.041930 1 12
 3.192145 -0.026419 1 13
 3.192145 -0.022534 1 14
 3.192145  0.059301 1 15
 3.192145  0.097292 1 16
 3.211282 -0.442278 1 1
 3.211282 -0.431738 1 2
 3.211282 -0.351706 1 3
 3.211282 -0.326951 1 4
 3.211282 -0.317804 1 5
 3.211282 -0.299941 1 6
 3.211282 -0.143809 1 7
 3.211282 -0.125044 1 8
 3.211282 -0.088805 1 9
 3.211282 -0.079455 1 10
 3.211282 -0.070293 1 11
 3.211282 -0.041899 1 12
 3.211282 -0.026830 1 13
 3.211282 -0.022064 1 14
 3.211282  0.061904 1 15
 3.211282  0.095011 1 16
 3.230418 -0.436417 1 1
 3.230418 -0.426850 1 2
 3.230418 -0.350431 1 3
 3.230418 -0.328116 1 4
 3.230418 -0.314953 1 5
 3.230418 -0.300487 1 6
 3.230418 -0.141907 1 7
 3.230418 -0.126373 1 8
 3.230418 -0.090396 1 9
 3.230418 -0.075946 1 10
 3.230418 -0.068521 1 11
 3.230418 -0.041688 1 12
 3.230418 -0.026994 1 13
 3.230418 -0.021449 1 14
 3.230418  0.064396 1 15
 3.230418  0.092741 1 16
 3.249555 -0.430554 1 1
 3.249555 -0.422016 1 2
 3.249555 -0.349247 1 3
 3.249555 -0.329340 1 4
 3.249555 -0.312419 1 5
 3.249555 -0.300989 1 6
 3.249555 -0.140209 1 7
 3.249555 -0.127598 1 8
 3.249555 -0.091632 1 9
 3.249555 -0.072563 1 10
 3.249555 -0.066944 1 11
 3.249555 -0.041279 1 12
 3.249555 -0.026853 1 13
 3.249555 -0.020693 1 14
 3.249555  0.066719 1 15
 3.249555  0.090501 1 16
 3.268692 -0.424767 1 1
 3.268692 -0.417282 1 2
 3.268692 -0.348166 1 3
 3.268692 -0.330632 1 4
 3.268692 -0.310249 1 5
 3.268692 -0.301441 1 6
 3.268692 -0.138731 1 7
 3.268692 -0.128713 1 8
 3.268692 -0.092487 1 9
 3.268692 -0.069501 1 10
 3.268692 -0.065575 1 11
 3.268692 -0.040674 1 12
 3.268692 -0.026337 1 13
 3.268692 -0.019815 1 14
 3.268692  0.068825 1 15
 3.268692  0.088320 1 16
 3.287828 -0.419157 1 1
 3.287828 -0.412675 1 2
 3.287828 -0.347191 1 3
 3.287828 -0.332025 1 4
 3.287828 -0.308441 1 5
 3.287828 -0.301842 1 6
 3.287828 -0.137473 1 7
 3.287828 -0.129717 1 8
 3.287828 -0.092976 1 9
 3.287828 -0.066915 1 10
 3.287828 -0.064408 1 11
 3.287828 -0.039921 1 12
 3.287828 -0.025378 1 13
 3.287828 -0.018839 1 14
 3.287828  0.070680 1 15
 3.287828  0.086222 1 16
 3.306965 -0.413869 1 1
 3.306965 -0.408188 1 2
 3.306965 -0.346326 1 3
 3.306965 -0.333545 1 4
 3.306965 -0.306976 1 5
 3.306965 -0.302190 1 6
 3.306965 -0.136428 1 7
 3.306965 -0.130608 1 8
 3.306965 -0.093139 1 9
 3.306965 -0.064887 1 10
 3.306965 -0.063431 1 11
 3.306965 -0.039108 1 12
 3.306965 -0.023947 1 13
 3.306965 -0.017800 1 14
 3.306965  0.072265 1 15
 3.306965  0.084239 1 16
 3.326102 -0.409105 1 1
 3.326102 -0.403772 1 2
 3.326102 -0.345575 1 3
 3.326102 -0.335199 1 4
 3.326102 -0.305821 1 5
 3.326102 -0.302483 1 6
 3.326102 -0.135581 1 7
 3.326102 -0.131385 1 8
 3.326102 -0.093041 1 9
 3.326102 -0.063426 1 10
 3.326102 -0.062616 1 11
 3.326102 -0.038334 1 12
 3.326102 -0.022092 1 13
 3.326102 -0.016745 1 14
 3.326102  0.073574 1 15
 3.326102  0.082406 1 16
 3.345238 -0.405063 1 1
 3.345238 -0.399403 1 2
 3.345238 -0.344938 1 3
 3.345238 -0.336970 1 4
 3.345238 -0.304932 1 5
 3.345238 -0.302725 1 6
 3.345238 -0.134910 1 7
 3.345238 -0.132045 1 8
 3.345238 -0.092758 1 9
 3.345238 -0.062472 1 10
 3.345238 -0.061930 1 11
 3.345238 -0.037669 1 12
 3.345238 -0.019967 1 13
 3.345238 -0.015722 1 14
 3.345238  0.074614 1 15
 3.345238  0.080760 1 16
 3.364375 -0.401822 1 1
 3.364375 -0.395209 1 2
 3.364375 -0.344419 1 3
 3.364375 -0.338791 1 4
 3.364375 -0.304272 1 5
 3.364375 -0.302916 1 6
 3.364375 -0.134396 1 7
 3.364375 -0.132586 1 8
 3.364375 -0.092376 1 9
 3.364375 -0.061888 1 10
 3.364375 -0.061389 1 11
 3.364375 -0.037136 1 12
 3.364375 -0.017798 1 13
 3.364375 -0.014790 1 14
 3.364375  0.075397 1 15
 3.364375  0.079346 1 16
 3.383511 -0.399346 1 1
 3.383511 -0.391446 1 2
 3.383511 -0.344016 1 3
 3.383511 -0.340550 1 4
 3.383511 -0.303803 1 5
 3.383511 -0.303057 1 6
 3.383511 -0.134017 1 7
 3.383511 -0.133009 1 8
 3.383511 -0.091976 1 9
 3.383511 -0.061525 1 10
 3.383511 -0.061018 1 11
 3.383511 -0.036735 1 12
 3.383511 -0.015820 1 13
 3.383511 -0.013997 1 14
 3.383511  0.075949 1 15
 3.383511  0.078206 1 16
 3.402648 -0.397593 1 1
 3.402648 -0.388416 1 2
 3.402648 -0.343729 1 3
 3.402648 -0.342068 1 4
 3.402648 -0.303498 1 5
 3.402648 -0.303146 1 6
 3.402648 -0.133757 1 7
 3.402648 -0.133311 1 8
 3.402648 -0.091631 1 9
 3.402648 -0.061304 1 10
 3.402648 -0.060791 1 11
 3.402648 -0.036457 1 12
 3.402648 -0.014245 1 13
 3.402648 -0.013393 1 14
 3.402648  0.076279 1 15
 3.402648  0.077395 1 16
 3.421785 -0.396546 1 1
 3.421785 -0.386430 1 2
 3.421785 -0.343557 1 3
 3.421785 -0.343120 1 4
 3.421785 -0.303352 1 5
 3.421785 -0.303171 1 6
 3.421785 -0.133607 1 7
 3.421785 -0.133492 1 8
 3.421785 -0.091399 1 9
 3.421785 -0.061189 1 10
 3.421785 -0.060669 1 11
 3.421785 -0.036292 1 12
 3.421785 -0.013233 1 13
 3.421785 -0.013014 1 14
 3.421785  0.076366 1 15
 3.421785  0.076994 1 16
 3.440921 -0.396197 1 1
 3.440921 -0.385735 1 2
 3.440921 -0.343506 1 3
 3.440921 -0.343493 1 4
 3.440921 -0.303326 1 5
 3.440921 -0.303159 1 6
 3.440921 -0.133568 1 7
 3.440921 -0.133542 1 8
 3.440921 -0.091318 1 9
 3.440921 -0.061153 1 10
 3.440921 -0.060631 1 11
 3.440921 -0.036238 1 12
 3.440921 -0.012894 1 13
 3.440921 -0.012876 1 14
 3.440921  0.076328 1 15
 3.440921  0.076922 1 16
 3.440921 -0.396197 1 1
 3.440921 -0.385735 1 2
 3.440921 -0.343506 1 3
 3.440921 -0.343493 1 4
 3.440921 -0.303326 1 5
 3.440921 -0.303159 1 6
 3.440921 -0.133568 1 7
 3.440921 -0.133542 1 8
 3.440921 -0.091318 1 9
 3.440921 -0.061153 1 10
 3.440921 -0.060631 1 11
 3.440921 -0.036238 1 12
 3.440921 -0.012894 1 13
 3.440921 -0.012876 1 14
 3.440921  0.076328 1 15
 3.440921  0.076922 1 16
 3.451747 -0.400636 1 1
 3.451747 -0.381442 1 2
 3.451747 -0.343757 1 3
 3.451747 -0.343744 1 4
 3.451747 -0.303131 1 5
 3.451747 -0.302965 1 6
 3.451747 -0.133584 1 7
 3.451747 -0.133557 1 8
 3.451747 -0.091445 1 9
 3.451747 -0.061133 1 10
 3.451747 -0.060611 1 11
 3.451747 -0.036291 1 12
 3.451747 -0.012990 1 13
 3.451747 -0.012970 1 14
 3.451747  0.076434 1 15
 3.451747  0.077028 1 16
 3.462572 -0.408190 1 1
 3.462572 -0.374330 1 2
 3.462572 -0.344489 1 3
 3.462572 -0.344473 1 4
 3.462572 -0.302548 1 5
 3.462572 -0.302384 1 6
 3.462572 -0.133631 1 7
 3.462572 -0.133604 1 8
 3.462572 -0.091814 1 9
 3.462572 -0.061075 1 10
 3.462572 -0.060553 1 11
 3.462572 -0.036448 1 12
 3.462572 -0.013288 1 13
 3.462572 -0.013266 1 14
 3.462572  0.076755 1 15
 3.462572  0.077347 1 16
 3.473397 -0.416362 1 1
 3.473397 -0.366900 1 2
 3.473397 -0.345639 1 3
 3.473397 -0.345620 1 4
 3.473397 -0.301580 1 5
 3.473397 -0.301419 1 6
 3.473397 -0.133711 1 7
 3.473397 -0.133683 1 8
 3.473397 -0.092394 1 9
 3.473397 -0.060979 1 10
 3.473397 -0.060459 1 11
 3.473397 -0.036705 1 12
 3.473397 -0.013828 1 13
 3.473397 -0.013800 1 14
 3.473397  0.077298 1 15
 3.473397  0.077885 1 16
 3.484223 -0.424835 1 1
 3.484223 -0.359477 1 2
 3.484223 -0.347113 1 3
 3.484223 -0.347091 1 4
 3.484223 -0.300237 1 5
 3.484223 -0.300080 1 6
 3.484223 -0.133822 1 7
 3.484223 -0.133794 1 8
 3.484223 -0.093139 1 9
 3.484223 -0.060849 1 10
 3.484223 -0.060330 1 11
 3.484223 -0.037054 1 12
 3.484223 -0.014659 1 13
 3.484223 -0.014625 1 14
 3.484223  0.078068 1 15
 3.484223  0.078650 1 16
 3.495048 -0.433529 1 1
 3.495048 -0.352147 1 2
 3.495048 -0.348800 1 3
 3.495048 -0.348774 1 4
 3.495048 -0.298533 1 5
 3.495048 -0.298381 1 6
 3.495048 -0.133966 1 7
 3.495048 -0.133937 1 8
 3.495048 -0.093989 1 9
 3.495048 -0.060688 1 10
 3.495048 -0.060171 1 11
 3.495048 -0.037483 1 12
 3.495048 -0.015834 1 13
 3.495048 -0.015792 1 14
 3.495048  0.079067 1 15
 3.495048  0.079642 1 16
 3.505873 -0.442402 1 1
 3.505873 -0.350585 1 2
 3.505873 -0.350555 1 3
 3.505873 -0.344953 1 4
 3.505873 -0.296491 1 5
 3.505873 -0.296344 1 6
 3.505873 -0.134142 1 7
 3.505873 -0.134111 1 8
 3.505873 -0.094883 1 9
 3.505873 -0.060499 1 10
 3.505873 -0.059985 1 11
 3.505873 -0.037976 1 12
 3.505873 -0.017392 1 13
 3.505873 -0.017340 1 14
 3.505873  0.080287 1 15
 3.505873  0.080854 1 16
 3.516699 -0.451415 1 1
 3.516699 -0.352366 1 2
 3.516699 -0.352331 1 3
 3.516699 -0.337924 1 4
 3.516699 -0.294143 1 5
 3.516699 -0.294001 1 6
 3.516699 -0.134350 1 7
 3.516699 -0.134317 1 8
 3.516699 -0.095764 1 9
 3.516699 -0.060287 1 10
 3.516699 -0.059777 1 11
 3.516699 -0.038511 1 12
 3.516699 -0.019349 1 13
 3.516699 -0.019286 1 14
 3.516699  0.081708 1 15
 3.516699  0.082268 1 16
 3.527524 -0.460520 1 1
 3.527524 -0.354065 1 2
 3.527524 -0.354026 1 3
 3.527524 -0.331087 1 4
 3.527524 -0.291530 1 5
 3.527524 -0.291392 1 6
 3.527524 -0.134588 1 7
 3.527524 -0.134554 1 8
 3.527524 -0.096587 1 9
 3.527524 -0.060057 1 10
 3.527524 -0.059551 1 11
 3.527524 -0.039062 1 12
 3.527524 -0.021693 1 13
 3.527524 -0.021618 1 14
 3.527524  0.083303 1 15
 3.527524  0.083854 1 16
 3.538349 -0.469655 1 1
 3.538349 -0.355640 1 2
 3.538349 -0.355597 1 3
 3.538349 -0.324462 1 4
 3.538349 -0.288699 1 5
 3.538349 -0.288566 1 6
 3.538349 -0.134855 1 7
 3.538349 -0.134819 1 8
 3.538349 -0.097323 1 9
 3.538349 -0.059816 1 10
 3.538349 -0.059314 1 11
 3.538349 -0.039598 1 12
 3.538349 -0.024382 1 13
 3.538349 -0.024294 1 14
 3.538349  0.085034 1 15
 3.538349  0.085576 1 16
 3.549175 -0.478748 1 1
 3.549175 -0.357084 1 2
 3.549175 -0.357037 1 3
 3.549175 -0.318063 1 4
 3.549175 -0.285704 1 5
 3.549175 -0.285575 1 6
 3.549175 -0.135148 1 7
 3.549175 -0.135110 1 8
 3.549175 -0.097967 1 9
 3.549175 -0.059568 1 10
 3.549175 -0.059073 1 11
 3.549175 -0.040082 1 12
 3.549175 -0.027347 1 13
 3.549175 -0.027246 1 14
 3.549175  0.086862 1 15
 3.549175  0.087395 1 16
 3.560000 -0.487716 1 1
 3.560000 -0.358422 1 2
 3.560000 -0.358372 1 3
 3.560000 -0.311893 1 4
 3.560000 -0.282599 1 5
 3.560000 -0.282475 1 6
 3.560000 -0.135465 1 7
 3.560000 -0.135425 1 8
 3.560000 -0.098535 1 9
 3.560000 -0.059326 1 10
 3.560000 -0.058838 1 11
 3.560000 -0.040476 1 12
 3.560000 -0.030505 1 13
 3.560000 -0.030389 1 14
 3.560000  0.088752 1 15
 3.560000  0.089277 1 16
 3.570825 -0.496465 1 1
 3.570825 -0.359710 1 2
 3.570825 -0.359657 1 3
 3.570825 -0.305945 1 4
 3.570825 -0.279436 1 5
 3.570825 -0.279316 1 6
 3.570825 -0.135803 1 7
 3.570825 -0.135761 1 8
 3.570825 -0.099066 1 9
 3.570825 -0.059101 1 10
 3.570825 -0.058624 1 11
 3.570825 -0.040742 1 12
 3.570825 -0.033758 1 13
 3.570825 -0.033625 1 14
 3.570825  0.090672 1 15
 3.570825  0.091190 1 16
 3.581650 -0.504902 1 1
 3.581650 -0.361017 1 2
 3.581650 -0.360961 1 3
 3.581650 -0.300201 1 4
 3.581650 -0.276255 1 5
 3.581650 -0.276138 1 6
 3.581650 -0.136157 1 7
 3.581650 -0.136112 1 8
 3.581650 -0.099610 1 9
 3.581650 -0.058914 1 10
 3.581650 -0.058451 1 11
 3.581650 -0.040846 1 12
 3.581650 -0.037010 1 13
 3.581650 -0.036858 1 14
 3.581650  0.092601 1 15
 3.581650  0.093112 1 16
 3.592476 -0.512930 1 1
 3.592476 -0.362415 1 2
 3.592476 -0.362357 1 3
 3.592476 -0.294635 1 4
 3.592476 -0.273080 1 5
 3.592476 -0.272966 1 6
 3.592476 -0.136524 1 7
 3.592476 -0.136477 1 8
 3.592476 -0.100224 1 9
 3.592476 -0.058800 1 10
 3.592476 -0.058356 1 11
 3.592476 -0.040763 1 12
 3.592476 -0.040164 1 13
 3.592476 -0.039988 1 14
 3.592476  0.094524 1 15
 3.592476  0.095029 1 16
 3.603301 -0.520461 1 1
 3.603301 -0.363966 1 2
 3.603301 -0.363906 1 3
 3.603301 -0.289210 1 4
 3.603301 -0.269915 1 5
 3.603301 -0.269804 1 6
 3.603301 -0.136899 1 7
 3.603301 -0.136850 1 8
 3.603301 -0.100960 1 9
 3.603301 -0.058813 1 10
 3.603301 -0.058398 1 11
 3.603301 -0.043128 1 12
 3.603301 -0.042918 1 13
 3.603301 -0.040479 1 14
 3.603301  0.096435 1 15
 3.603301  0.096934 1 16
 3.614126 -0.527416 1 1
 3.614126 -0.365705 1 2
 3.614126 -0.365643 1 3
 3.614126 -0.283890 1 4
 3.614126 -0.266748 1 5
 3.614126 -0.266639 1 6
 3.614126 -0.137279 1 7
 3.614126 -0.137228 1 8
 3.614126 -0.101856 1 9
 3.614126 -0.059048 1 10
 3.614126 -0.058675 1 11
 3.614126 -0.045795 1 12
 3.614126 -0.045539 1 13
 3.614126 -0.039998 1 14
 3.614126  0.098330 1 15
 3.614126  0.098824 1 16
 3.624952 -0.533732 1 1
 3.624952 -0.367631 1 2
 3.624952 -0.367568 1 3
 3.624952 -0.278635 1 4
 3.624952 -0.263550 1 5
 3.624952 -0.263444 1 6
 3.624952 -0.137662 1 7
 3.624952 -0.137608 1 8
 3.624952 -0.102936 1 9
 3.624952 -0.059657 1 10
 3.624952 -0.059342 1 11
 3.624952 -0.048033 1 12
 3.624952 -0.047714 1 13
 3.624952 -0.039340 1 14
 3.624952  0.100210 1 15
 3.624952  0.100699 1 16
 3.635777 -0.539369 1 1
 3.635777 -0.369703 1 2
 3.635777 -0.369639 1 3
 3.635777 -0.273412 1 4
 3.635777 -0.260289 1 5
 3.635777 -0.260186 1 6
 3.635777 -0.138044 1 7
 3.635777 -0.137988 1 8
 3.635777 -0.104201 1 9
 3.635777 -0.060819 1 10
 3.635777 -0.060569 1 11
 3.635777 -0.049698 1 12
 3.635777 -0.049311 1 13
 3.635777 -0.038535 1 14
 3.635777  0.102073 1 15
 3.635777  0.102557 1 16
 3.646602 -0.544309 1 1
 3.646602 -0.371840 1 2
 3.646602 -0.371776 1 3
 3.646602 -0.268193 1 4
 3.646602 -0.256936 1 5
 3.646602 -0.256835 1 6
 3.646602 -0.138424 1 7
 3.646602 -0.138366 1 8
 3.646602 -0.105635 1 9
 3.646602 -0.062639 1 10
 3.646602 -0.062444 1 11
 3.646602 -0.050742 1 12
 3.646602 -0.050296 1 13
 3.646602 -0.037626 1 14
 3.646602  0.103915 1 15
 3.646602  0.104395 1 16
 3.657428 -0.548564 1 1
 3.657428 -0.373933 1 2
 3.657428 -0.373868 1 3
 3.657428 -0.262962 1 4
 3.657428 -0.253470 1 5
 3.657428 -0.253373 1 6
 3.657428 -0.138801 1 7
 3.657428 -0.138740 1 8
 3.657428 -0.107212 1 9
 3.657428 -0.065067 1 10
 3.657428 -0.064905 1 11
 3.657428 -0.051270 1 12
 3.657428 -0.050788 1 13
 3.657428 -0.036655 1 14
 3.657428  0.105727 1 15
 3.657428  0.106202 1 16
 3.668253 -0.552172 1 1
 3.668253 -0.375861 1 2
 3.668253 -0.375794 1 3
 3.668253 -0.257714 1 4
 3.668253 -0.249890 1 5
 3.668253 -0.249795 1 6
 3.668253 -0.139172 1 7
 3.668253 -0.139110 1 8
 3.668253 -0.108895 1 9
 3.668253 -0.067980 1 10
 3.668253 -0.067832 1 11
 3.668253 -0.051453 1 12
 3.668253 -0.050952 1 13
 3.668253 -0.035665 1 14
 3.668253  0.107498 1 15
 3.668253  0.107969 1 16
 3.679078 -0.555195 1 1
 3.679078 -0.377506 1 2
 3.679078 -0.377438 1 3
 3.679078 -0.252458 1 4
 3.679078 -0.246207 1 5
 3.679078 -0.246116 1 6
 3.679078 -0.139538 1 7
 3.679078 -0.139473 1 8
 3.679078 -0.110647 1 9
 3.679078 -0.071272 1 10
 3.679078 -0.071129 1 11
 3.679078 -0.051429 1 12
 3.679078 -0.050921 1 13
 3.679078 -0.034691 1 14
 3.679078  0.109212 1 15
 3.679078  0.109680 1 16
 3.689904 -0.557720 1 1
 3.689904 -0.378777 1 2
 3.689904 -0.378709 1 3
 3.689904 -0.247214 1 4
 3.689904 -0.242450 1 5
 3.689904 -0.242363 1 6
 3.689904 -0.139895 1 7
 3.689904 -0.139829 1 8
 3.689904 -0.112434 1 9
 3.689904 -0.074868 1 10
 3.689904 -0.074722 1 11
 3.689904 -0.051286 1 12
 3.689904 -0.050774 1 13
 3.689904 -0.033759 1 14
 3.689904  0.110854 1 15
 3.689904  0.111318 1 16
 3.700729 -0.559846 1 1
 3.700729 -0.379625 1 2
 3.700729 -0.379555 1 3
 3.700729 -0.242017 1 4
 3.700729 -0.238658 1 5
 3.700729 -0.238576 1 6
 3.700729 -0.140244 1 7
 3.700729 -0.140175 1 8
 3.700729 -0.114226 1 9
 3.700729 -0.078701 1 10
 3.700729 -0.078551 1 11
 3.700729 -0.051073 1 12
 3.700729 -0.050561 1 13
 3.700729 -0.032888 1 14
 3.700729  0.112409 1 15
 3.700729  0.112870 1 16
 3.711554 -0.561682 1 1
 3.711554 -0.380045 1 2
 3.711554 -0.379974 1 3
 3.711554 -0.236910 1 4
 3.711554 -0.234877 1 5
 3.711554 -0.234799 1 6
 3.711554 -0.140582 1 7
 3.711554 -0.140512 1 8
 3.711554 -0.116004 1 9
 3.711554 -0.082704 1 10
 3.711554 -0.082549 1 11
 3.711554 -0.050821 1 12
 3.711554 -0.050309 1 13
 3.711554 -0.032085 1 14
 3.711554  0.113866 1 15
 3.711554  0.114325 1 16
 3.722380 -0.563336 1 1
 3.722380 -0.380088 1 2
 3.722380 -0.380016 1 3
 3.722380 -0.231942 1 4
 3.722380 -0.231153 1 5
 3.722380 -0.231081 1 6
 3.722380 -0.140908 1 7
 3.722380 -0.140836 1 8
 3.722380 -0.117756 1 9
 3.722380 -0.086802 1 10
 3.722380 -0.086640 1 11
 3.722380 -0.050548 1 12
 3.722380 -0.050038 1 13
 3.722380 -0.031350 1 14
 3.722380  0.115218 1 15
 3.722380  0.115675 1 16
 3.733205 -0.564905 1 1
 3.733205 -0.379849 1 2
 3.733205 -0.379775 1 3
 3.733205 -0.227530 1 4
 3.733205 -0.227462 1 5
 3.733205 -0.227164 1 6
 3.733205 -0.141220 1 7
 3.733205 -0.141146 1 8
 3.733205 -0.119481 1 9
 3.733205 -0.090912 1 10
 3.733205 -0.090744 1 11
 3.733205 -0.050267 1 12
 3.733205 -0.049759 1 13
 3.733205 -0.030675 1 14
 3.733205  0.116465 1 15
 3.733205  0.116920 1 16
 3.744030 -0.566474 1 1
 3.744030 -0.379457 1 2
 3.744030 -0.379382 1 3
 3.744030 -0.224036 1 4
 3.744030 -0.223974 1 5
 3.744030 -0.222630 1 6
 3.744030 -0.141517 1 7
 3.744030 -0.141441 1 8
 3.744030 -0.121185 1 9
 3.744030 -0.094952 1 10
 3.744030 -0.094778 1 11
 3.744030 -0.049986 1 12
 3.744030 -0.049480 1 13
 3.744030 -0.030050 1 14
 3.744030  0.117610 1 15
 3.744030  0.118063 1 16
 3.754856 -0.568103 1 1
 3.754856 -0.379061 1 2
 3.754856 -0.378985 1 3
 3.754856 -0.220692 1 4
 3.754856 -0.220636 1 5
 3.754856 -0.218381 1 6
 3.754856 -0.141795 1 7
 3.754856 -0.141718 1 8
 3.754856 -0.122880 1 9
 3.754856 -0.098844 1 10
 3.754856 -0.098664 1 11
 3.754856 -0.049711 1 12
 3.754856 -0.049206 1 13
 3.754856 -0.029460 1 14
 3.754856  0.118662 1 15
 3.754856  0.119114 1 16
 3.765681 -0.569828 1 1
 3.765681 -0.378804 1 2
 3.765681 -0.378727 1 3
 3.765681 -0.217501 1 4
 3.765681 -0.217450 1 5
 3.765681 -0.214455 1 6
 3.765681 -0.142053 1 7
 3.765681 -0.141974 1 8
 3.765681 -0.124576 1 9
 3.765681 -0.102526 1 10
 3.765681 -0.102340 1 11
 3.765681 -0.049445 1 12
 3.765681 -0.048942 1 13
 3.765681 -0.028893 1 14
 3.765681  0.119631 1 15
 3.765681  0.120082 1 16
 3.776506 -0.571658 1 1
 3.776506 -0.378807 1 2
 3.776506 -0.378730 1 3
 3.776506 -0.214457 1 4
 3.776506 -0.214412 1 5
 3.776506 -0.210876 1 6
 3.776506 -0.142288 1 7
 3.776506 -0.142209 1 8
 3.776506 -0.126280 1 9
 3.776506 -0.105951 1 10
 3.776506 -0.105758 1 11
 3.776506 -0.049193 1 12
 3.776506 -0.048691 1 13
 3.776506 -0.028340 1 14
 3.776506  0.120527 1 15
 3.776506  0.120976 1 16
 3.787332 -0.573573 1 1
 3.787332 -0.379146 1 2
 3.787332 -0.379068 1 3
 3.787332 -0.211549 1 4
 3.787332 -0.211510 1 5
 3.787332 -0.207662 1 6
 3.787332 -0.142500 1 7
 3.787332 -0.142419 1 8
 3.787332 -0.127989 1 9
 3.787332 -0.109091 1 10
 3.787332 -0.108891 1 11
 3.787332 -0.048957 1 12
 3.787332 -0.048457 1 13
 3.787332 -0.027797 1 14
 3.787332  0.121356 1 15
 3.787332  0.121805 1 16
 3.798157 -0.575533 1 1
 3.798157 -0.379841 1 2
 3.798157 -0.379763 1 3
 3.798157 -0.208776 1 4
 3.798157 -0.208742 1 5
 3.798157 -0.204819 1 6
 3.798157 -0.142688 1 7
 3.798157 -0.142606 1 8
 3.798157 -0.129684 1 9
 3.798157 -0.111933 1 10
 3.798157 -0.111726 1 11
 3.798157 -0.048742 1 12
 3.798157 -0.048243 1 13
 3.798157 -0.027267 1 14
 3.798157  0.122122 1 15
 3.798157  0.122570 1 16
 3.808982 -0.577472 1 1
 3.808982 -0.380849 1 2
 3.808982 -0.380771 1 3
 3.808982 -0.206152 1 4
 3.808982 -0.206124 1 5
 3.808982 -0.202349 1 6
 3.808982 -0.142852 1 7
 3.808982 -0.142769 1 8
 3.808982 -0.131334 1 9
 3.808982 -0.114471 1 10
 3.808982 -0.114257 1 11
 3.808982 -0.048549 1 12
 3.808982 -0.048051 1 13
 3.808982 -0.026758 1 14
 3.808982  0.122822 1 15
 3.808982  0.123269 1 16
 3.819807 -0.579316 1 1
 3.819807 -0.382075 1 2
 3.819807 -0.381997 1 3
 3.819807 -0.203717 1 4
 3.819807 -0.203695 1 5
 3.819807 -0.200250 1 6
 3.819807 -0.142992 1 7
 3.819807 -0.142908 1 8
 3.819807 -0.132892 1 9
 3.819807 -0.116697 1 10
 3.819807 -0.116476 1 11
 3.819807 -0.048381 1 12
 3.819807 -0.047883 1 13
 3.819807 -0.026285 1 14
 3.819807  0.123450 1 15
 3.819807  0.123896 1 16
 3.830633 -0.580979 1 1
 3.830633 -0.383383 1 2
 3.830633 -0.383305 1 3
 3.830633 -0.201536 1 4
 3.830633 -0.201521 1 5
 3.830633 -0.198524 1 6
 3.830633 -0.143108 1 7
 3.830633 -0.143024 1 8
 3.830633 -0.134296 1 9
 3.830633 -0.118596 1 10
 3.830633 -0.118367 1 11
 3.830633 -0.048240 1 12
 3.830633 -0.047743 1 13
 3.830633 -0.025864 1 14
 3.830633  0.123992 1 15
 3.830633  0.124438 1 16
 3.841458 -0.582379 1 1
 3.841458 -0.384617 1 2
 3.841458 -0.384540 1 3
 3.841458 -0.199694 1 4
 3.841458 -0.199685 1 5
 3.841458 -0.197171 1 6
 3.841458 -0.143200 1 7
 3.841458 -0.143116 1 8
 3.841458 -0.135483 1 9
 3.841458 -0.120137 1 10
 3.841458 -0.119902 1 11
 3.841458 -0.048128 1 12
 3.841458 -0.047632 1 13
 3.841458 -0.025513 1 14
 3.841458  0.124436 1 15
 3.841458  0.124880 1 16
 3.852283 -0.583439 1 1
 3.852283 -0.385628 1 2
 3.852283 -0.385551 1 3
 3.852283 -0.198288 1 4
 3.852283 -0.198283 1 5
 3.852283 -0.196197 1 6
 3.852283 -0.143268 1 7
 3.852283 -0.143182 1 8
 3.852283 -0.136387 1 9
 3.852283 -0.121283 1 10
 3.852283 -0.121043 1 11
 3.852283 -0.048047 1 12
 3.852283 -0.047551 1 13
 3.852283 -0.025249 1 14
 3.852283  0.124765 1 15
 3.852283  0.125209 1 16
 3.863109 -0.584101 1 1
 3.863109 -0.386289 1 2
 3.863109 -0.386213 1 3
 3.863109 -0.197402 1 4
 3.863109 -0.197400 1 5
 3.863109 -0.195610 1 6
 3.863109 -0.143309 1 7
 3.863109 -0.143223 1 8
 3.863109 -0.136955 1 9
 3.863109 -0.121992 1 10
 3.863109 -0.121748 1 11
 3.863109 -0.047998 1 12
 3.863109 -0.047502 1 13
 3.863109 -0.025085 1 14
 3.863109  0.124969 1 15
 3.863109  0.125412 1 16
 3.873934 -0.584326 1 1
 3.873934 -0.386520 1 2
 3.873934 -0.386443 1 3
 3.873934 -0.197099 1 4
 3.873934 -0.197099 1 5
 3.873934 -0.195413 1 6
 3.873934 -0.143322 1 7
 3.873934 -0.143237 1 8
 3.873934 -0.137148 1 9
 3.873934 -0.122232 1 10
 3.873934 -0.121987 1 11
 3.873934 -0.047982 1 12
 3.873934 -0.047486 1 13
 3.873934 -0.025030 1 14
 3.873934  0.125038 1 15
 3.873934  0.125481 1 16
