 0.000000 -0.579235 2 1
 0.000000 -0.485947 2 2
 0.000000 -0.380702 2 3
 0.000000 -0.379565 2 4
 0.000000 -0.292529 2 5
 0.000000 -0.292490 2 6
 0.000000 -0.189917 2 7
 0.000000 -0.093807 2 8
 0.000000 -0.074983 2 9
 0.000000 -0.068449 2 10
 0.000000 -0.052494 2 11
 0.000000 -0.026470 2 12
 0.000000 -0.006614 2 13
 0.000000  0.000671 2 14
 0.000000  0.139863 2 15
 0.000000  0.144767 2 16
 0.021651 -0.578773 2 1
 0.021651 -0.485887 2 2
 0.021651 -0.380543 2 3
 0.021651 -0.379416 2 4
 0.021651 -0.293259 2 5
 0.021651 -0.292745 2 6
 0.021651 -0.189397 2 7
 0.021651 -0.093578 2 8
 0.021651 -0.075019 2 9
 0.021651 -0.068401 2 10
 0.021651 -0.052446 2 11
 0.021651 -0.026508 2 12
 0.021651 -0.006640 2 13
 0.021651  0.000579 2 14
 0.021651  0.139606 2 15
 0.021651  0.144502 2 16
 0.043301 -0.577391 2 1
 0.043301 -0.485710 2 2
 0.043301 -0.380070 2 3
 0.043301 -0.378968 2 4
 0.043301 -0.295508 2 5
 0.043301 -0.293382 2 6
 0.043301 -0.187886 2 7
 0.043301 -0.092920 2 8
 0.043301 -0.075130 2 9
 0.043301 -0.068249 2 10
 0.043301 -0.052307 2 11
 0.043301 -0.026617 2 12
 0.043301 -0.006718 2 13
 0.043301  0.000306 2 14
 0.043301  0.138844 2 15
 0.043301  0.143714 2 16
 0.064952 -0.575098 2 1
 0.064952 -0.485431 2 2
 0.064952 -0.379295 2 3
 0.064952 -0.378223 2 4
 0.064952 -0.299086 2 5
 0.064952 -0.294409 2 6
 0.064952 -0.185518 2 7
 0.064952 -0.091923 2 8
 0.064952 -0.075322 2 9
 0.064952 -0.067961 2 10
 0.064952 -0.052096 2 11
 0.064952 -0.026789 2 12
 0.064952 -0.006845 2 13
 0.064952 -0.000132 2 14
 0.064952  0.137594 2 15
 0.064952  0.142426 2 16
 0.086603 -0.571910 2 1
 0.086603 -0.485073 2 2
 0.086603 -0.378234 2 3
 0.086603 -0.377183 2 4
 0.086603 -0.303785 2 5
 0.086603 -0.295782 2 6
 0.086603 -0.182473 2 7
 0.086603 -0.090725 2 8
 0.086603 -0.075606 2 9
 0.086603 -0.067484 2 10
 0.086603 -0.051843 2 11
 0.086603 -0.027009 2 12
 0.086603 -0.007016 2 13
 0.086603 -0.000712 2 14
 0.086603  0.135885 2 15
 0.086603  0.140670 2 16
 0.108253 -0.567847 2 1
 0.108253 -0.484665 2 2
 0.108253 -0.376906 2 3
 0.108253 -0.375854 2 4
 0.108253 -0.309377 2 5
 0.108253 -0.297453 2 6
 0.108253 -0.178935 2 7
 0.108253 -0.089491 2 8
 0.108253 -0.075989 2 9
 0.108253 -0.066752 2 10
 0.108253 -0.051583 2 11
 0.108253 -0.027258 2 12
 0.108253 -0.007223 2 13
 0.108253 -0.001402 2 14
 0.108253  0.133754 2 15
 0.108253  0.138491 2 16
 0.129904 -0.562936 2 1
 0.129904 -0.484243 2 2
 0.129904 -0.375327 2 3
 0.129904 -0.374248 2 4
 0.129904 -0.315641 2 5
 0.129904 -0.299383 2 6
 0.129904 -0.175069 2 7
 0.129904 -0.088395 2 8
 0.129904 -0.076477 2 9
 0.129904 -0.065693 2 10
 0.129904 -0.051353 2 11
 0.129904 -0.027515 2 12
 0.129904 -0.007449 2 13
 0.129904 -0.002165 2 14
 0.129904  0.131242 2 15
 0.129904  0.135937 2 16
 0.151554 -0.557205 2 1
 0.151554 -0.483845 2 2
 0.151554 -0.373512 2 3
 0.151554 -0.372387 2 4
 0.151554 -0.322361 2 5
 0.151554 -0.301542 2 6
 0.151554 -0.171010 2 7
 0.151554 -0.087577 2 8
 0.151554 -0.077068 2 9
 0.151554 -0.064259 2 10
 0.151554 -0.051189 2 11
 0.151554 -0.027756 2 12
 0.151554 -0.007673 2 13
 0.151554 -0.002959 2 14
 0.151554  0.128393 2 15
 0.151554  0.133055 2 16
 0.173205 -0.550690 2 1
 0.173205 -0.483509 2 2
 0.173205 -0.371469 2 3
 0.173205 -0.370314 2 4
 0.173205 -0.329322 2 5
 0.173205 -0.303908 2 6
 0.173205 -0.166867 2 7
 0.173205 -0.087124 2 8
 0.173205 -0.077760 2 9
 0.173205 -0.062445 2 10
 0.173205 -0.051117 2 11
 0.173205 -0.027960 2 12
 0.173205 -0.007863 2 13
 0.173205 -0.003741 2 14
 0.173205  0.125248 2 15
 0.173205  0.129894 2 16
 0.194856 -0.543425 2 1
 0.194856 -0.483276 2 2
 0.194856 -0.369205 2 3
 0.194856 -0.368128 2 4
 0.194856 -0.336270 2 5
 0.194856 -0.306462 2 6
 0.194856 -0.162721 2 7
 0.194856 -0.087059 2 8
 0.194856 -0.078546 2 9
 0.194856 -0.060303 2 10
 0.194856 -0.051157 2 11
 0.194856 -0.028107 2 12
 0.194856 -0.007975 2 13
 0.194856 -0.004465 2 14
 0.194856  0.121848 2 15
 0.194856  0.126494 2 16
 0.216506 -0.535450 2 1
 0.216506 -0.483190 2 2
 0.216506 -0.366727 2 3
 0.216506 -0.366085 2 4
 0.216506 -0.342803 2 5
 0.216506 -0.309177 2 6
 0.216506 -0.158633 2 7
 0.216506 -0.087358 2 8
 0.216506 -0.079418 2 9
 0.216506 -0.057927 2 10
 0.216506 -0.051315 2 11
 0.216506 -0.028183 2 12
 0.216506 -0.007955 2 13
 0.216506 -0.005089 2 14
 0.216506  0.118229 2 15
 0.216506  0.122891 2 16
 0.238157 -0.526805 2 1
 0.238157 -0.483294 2 2
 0.238157 -0.364942 2 3
 0.238157 -0.364051 2 4
 0.238157 -0.348026 2 5
 0.238157 -0.312001 2 6
 0.238157 -0.154650 2 7
 0.238157 -0.087972 2 8
 0.238157 -0.080368 2 9
 0.238157 -0.055440 2 10
 0.238157 -0.051584 2 11
 0.238157 -0.028181 2 12
 0.238157 -0.007739 2 13
 0.238157 -0.005573 2 14
 0.238157  0.114429 2 15
 0.238157  0.119119 2 16
 0.259808 -0.517529 2 1
 0.259808 -0.483642 2 2
 0.259808 -0.366320 2 3
 0.259808 -0.361220 2 4
 0.259808 -0.350185 2 5
 0.259808 -0.314847 2 6
 0.259808 -0.150810 2 7
 0.259808 -0.088850 2 8
 0.259808 -0.081392 2 9
 0.259808 -0.052978 2 10
 0.259808 -0.051951 2 11
 0.259808 -0.028108 2 12
 0.259808 -0.007260 2 13
 0.259808 -0.005881 2 14
 0.259808  0.110487 2 15
 0.259808  0.115205 2 16
 0.281458 -0.507664 2 1
 0.281458 -0.484290 2 2
 0.281458 -0.370479 2 3
 0.281458 -0.358317 2 4
 0.281458 -0.348889 2 5
 0.281458 -0.317570 2 6
 0.281458 -0.147142 2 7
 0.281458 -0.089940 2 8
 0.281458 -0.082483 2 9
 0.281458 -0.052391 2 10
 0.281458 -0.050685 2 11
 0.281458 -0.027981 2 12
 0.281458 -0.006480 2 13
 0.281458 -0.005962 2 14
 0.281458  0.106452 2 15
 0.281458  0.111184 2 16
 0.303109 -0.497259 2 1
 0.303109 -0.485297 2 2
 0.303109 -0.375662 2 3
 0.303109 -0.355499 2 4
 0.303109 -0.345773 2 5
 0.303109 -0.319945 2 6
 0.303109 -0.143672 2 7
 0.303109 -0.091199 2 8
 0.303109 -0.083637 2 9
 0.303109 -0.052878 2 10
 0.303109 -0.048692 2 11
 0.303109 -0.027828 2 12
 0.303109 -0.005969 2 13
 0.303109 -0.005201 2 14
 0.303109  0.102388 2 15
 0.303109  0.107097 2 16
 0.324760 -0.487413 2 1
 0.324760 -0.485677 2 2
 0.324760 -0.380794 2 3
 0.324760 -0.353031 2 4
 0.324760 -0.341799 2 5
 0.324760 -0.321646 2 6
 0.324760 -0.140426 2 7
 0.324760 -0.092586 2 8
 0.324760 -0.084852 2 9
 0.324760 -0.053382 2 10
 0.324760 -0.047103 2 11
 0.324760 -0.027683 2 12
 0.324760 -0.005670 2 13
 0.324760 -0.003685 2 14
 0.324760  0.098377 2 15
 0.324760  0.102998 2 16
 0.346410 -0.488910 2 1
 0.346410 -0.474754 2 2
 0.346410 -0.385442 2 3
 0.346410 -0.351272 2 4
 0.346410 -0.337307 2 5
 0.346410 -0.322258 2 6
 0.346410 -0.137424 2 7
 0.346410 -0.094070 2 8
 0.346410 -0.086125 2 9
 0.346410 -0.053876 2 10
 0.346410 -0.045972 2 11
 0.346410 -0.027580 2 12
 0.346410 -0.005240 2 13
 0.346410 -0.001888 2 14
 0.346410  0.094531 2 15
 0.346410  0.098965 2 16
 0.368061 -0.491501 2 1
 0.368061 -0.462871 2 2
 0.368061 -0.389406 2 3
 0.368061 -0.350534 2 4
 0.368061 -0.332436 2 5
 0.368061 -0.321435 2 6
 0.368061 -0.134689 2 7
 0.368061 -0.095620 2 8
 0.368061 -0.087452 2 9
 0.368061 -0.054332 2 10
 0.368061 -0.045307 2 11
 0.368061 -0.027546 2 12
 0.368061 -0.004742 2 13
 0.368061  0.000008 2 14
 0.368061  0.090993 2 15
 0.368061  0.095099 2 16
 0.389711 -0.494734 2 1
 0.389711 -0.450540 2 2
 0.389711 -0.392594 2 3
 0.389711 -0.350847 2 4
 0.389711 -0.327260 2 5
 0.389711 -0.319138 2 6
 0.389711 -0.132238 2 7
 0.389711 -0.097213 2 8
 0.389711 -0.088832 2 9
 0.389711 -0.054732 2 10
 0.389711 -0.045071 2 11
 0.389711 -0.027606 2 12
 0.389711 -0.004284 2 13
 0.389711  0.001767 2 14
 0.389711  0.087939 2 15
 0.389711  0.091528 2 16
 0.411362 -0.498587 2 1
 0.411362 -0.437804 2 2
 0.411362 -0.394987 2 3
 0.411362 -0.351946 2 4
 0.411362 -0.321822 2 5
 0.411362 -0.315645 2 6
 0.411362 -0.130083 2 7
 0.411362 -0.098831 2 8
 0.411362 -0.090261 2 9
 0.411362 -0.055055 2 10
 0.411362 -0.045212 2 11
 0.411362 -0.027779 2 12
 0.411362 -0.004000 2 13
 0.411362  0.003120 2 14
 0.411362  0.085566 2 15
 0.411362  0.088408 2 16
 0.433013 -0.503005 2 1
 0.433013 -0.424696 2 2
 0.433013 -0.396626 2 3
 0.433013 -0.353507 2 4
 0.433013 -0.316154 2 5
 0.433013 -0.311313 2 6
 0.433013 -0.128231 2 7
 0.433013 -0.100459 2 8
 0.433013 -0.091737 2 9
 0.433013 -0.055289 2 10
 0.433013 -0.045677 2 11
 0.433013 -0.028090 2 12
 0.433013 -0.004029 2 13
 0.433013  0.003808 2 14
 0.433013  0.084068 2 15
 0.433013  0.085909 2 16
 0.454663 -0.507899 2 1
 0.454663 -0.411258 2 2
 0.454663 -0.397583 2 3
 0.454663 -0.355301 2 4
 0.454663 -0.310273 2 5
 0.454663 -0.306418 2 6
 0.454663 -0.126682 2 7
 0.454663 -0.102085 2 8
 0.454663 -0.093256 2 9
 0.454663 -0.055424 2 10
 0.454663 -0.046424 2 11
 0.454663 -0.028570 2 12
 0.454663 -0.004492 2 13
 0.454663  0.003636 2 14
 0.454663  0.083570 2 15
 0.454663  0.084212 2 16
 0.476314 -0.513155 2 1
 0.476314 -0.398410 2 2
 0.476314 -0.397079 2 3
 0.476314 -0.357206 2 4
 0.476314 -0.304187 2 5
 0.476314 -0.301129 2 6
 0.476314 -0.125427 2 7
 0.476314 -0.103702 2 8
 0.476314 -0.094811 2 9
 0.476314 -0.055453 2 10
 0.476314 -0.047431 2 11
 0.476314 -0.029269 2 12
 0.476314 -0.005452 2 13
 0.476314  0.002517 2 14
 0.476314  0.083314 2 15
 0.476314  0.084260 2 16
 0.497965 -0.518650 2 1
 0.497965 -0.397974 2 2
 0.497965 -0.383437 2 3
 0.497965 -0.359176 2 4
 0.497965 -0.297894 2 5
 0.497965 -0.295534 2 6
 0.497965 -0.124451 2 7
 0.497965 -0.105303 2 8
 0.497965 -0.096398 2 9
 0.497965 -0.055381 2 10
 0.497965 -0.048702 2 11
 0.497965 -0.030256 2 12
 0.497965 -0.006888 2 13
 0.497965  0.000493 2 14
 0.497965  0.083479 2 15
 0.497965  0.085894 2 16
 0.519615 -0.524264 2 1
 0.519615 -0.397528 2 2
 0.519615 -0.369223 2 3
 0.519615 -0.361201 2 4
 0.519615 -0.291389 2 5
 0.519615 -0.289673 2 6
 0.519615 -0.123733 2 7
 0.519615 -0.106884 2 8
 0.519615 -0.098008 2 9
 0.519615 -0.055230 2 10
 0.519615 -0.050263 2 11
 0.519615 -0.031617 2 12
 0.519615 -0.008679 2 13
 0.519615 -0.002286 2 14
 0.519615  0.084598 2 15
 0.519615  0.088442 2 16
 0.541266 -0.529890 2 1
 0.541266 -0.396802 2 2
 0.541266 -0.363284 2 3
 0.541266 -0.354845 2 4
 0.541266 -0.284665 2 5
 0.541266 -0.283552 2 6
 0.541266 -0.123247 2 7
 0.541266 -0.108440 2 8
 0.541266 -0.099634 2 9
 0.541266 -0.055058 2 10
 0.541266 -0.052169 2 11
 0.541266 -0.033433 2 12
 0.541266 -0.010621 2 13
 0.541266 -0.005604 2 14
 0.541266  0.086612 2 15
 0.541266  0.091710 2 16
 0.562917 -0.535431 2 1
 0.562917 -0.395850 2 2
 0.562917 -0.365423 2 3
 0.562917 -0.340375 2 4
 0.562917 -0.277722 2 5
 0.562917 -0.277169 2 6
 0.562917 -0.122967 2 7
 0.562917 -0.109969 2 8
 0.562917 -0.101272 2 9
 0.562917 -0.055002 2 10
 0.562917 -0.054492 2 11
 0.562917 -0.035703 2 12
 0.562917 -0.012483 2 13
 0.562917 -0.009218 2 14
 0.562917  0.089412 2 15
 0.562917  0.095505 2 16
 0.584567 -0.540810 2 1
 0.584567 -0.394722 2 2
 0.584567 -0.367598 2 3
 0.584567 -0.325890 2 4
 0.584567 -0.270580 2 5
 0.584567 -0.270515 2 6
 0.584567 -0.122864 2 7
 0.584567 -0.111466 2 8
 0.584567 -0.102920 2 9
 0.584567 -0.057336 2 10
 0.584567 -0.055325 2 11
 0.584567 -0.038217 2 12
 0.584567 -0.014091 2 13
 0.584567 -0.012887 2 14
 0.584567  0.092861 2 15
 0.584567  0.099647 2 16
 0.606218 -0.545965 2 1
 0.606218 -0.393456 2 2
 0.606218 -0.369767 2 3
 0.606218 -0.311481 2 4
 0.606218 -0.263633 2 5
 0.606218 -0.263237 2 6
 0.606218 -0.122908 2 7
 0.606218 -0.112927 2 8
 0.606218 -0.104584 2 9
 0.606218 -0.060758 2 10
 0.606218 -0.056563 2 11
 0.606218 -0.040444 2 12
 0.606218 -0.016441 2 13
 0.606218 -0.015319 2 14
 0.606218  0.096817 2 15
 0.606218  0.103980 2 16
 0.627868 -0.550847 2 1
 0.627868 -0.392086 2 2
 0.627868 -0.371873 2 3
 0.627868 -0.297248 2 4
 0.627868 -0.256526 2 5
 0.627868 -0.255771 2 6
 0.627868 -0.123071 2 7
 0.627868 -0.114351 2 8
 0.627868 -0.106279 2 9
 0.627868 -0.064805 2 10
 0.627868 -0.059264 2 11
 0.627868 -0.041735 2 12
 0.627868 -0.019652 2 13
 0.627868 -0.016239 2 14
 0.627868  0.101138 2 15
 0.627868  0.108369 2 16
 0.649519 -0.555419 2 1
 0.649519 -0.390648 2 2
 0.649519 -0.373849 2 3
 0.649519 -0.283307 2 4
 0.649519 -0.249263 2 5
 0.649519 -0.248237 2 6
 0.649519 -0.123326 2 7
 0.649519 -0.115737 2 8
 0.649519 -0.108023 2 9
 0.649519 -0.069453 2 10
 0.649519 -0.063482 2 11
 0.649519 -0.041919 2 12
 0.649519 -0.022471 2 13
 0.649519 -0.016853 2 14
 0.649519  0.105686 2 15
 0.649519  0.112698 2 16
 0.671170 -0.559655 2 1
 0.671170 -0.389177 2 2
 0.671170 -0.375626 2 3
 0.671170 -0.269785 2 4
 0.671170 -0.241922 2 5
 0.671170 -0.240719 2 6
 0.671170 -0.123652 2 7
 0.671170 -0.117089 2 8
 0.671170 -0.109843 2 9
 0.671170 -0.074607 2 10
 0.671170 -0.068772 2 11
 0.671170 -0.041321 2 12
 0.671170 -0.024866 2 13
 0.671170 -0.017219 2 14
 0.671170  0.110328 2 15
 0.671170  0.116869 2 16
 0.692820 -0.563532 2 1
 0.692820 -0.387715 2 2
 0.692820 -0.377150 2 3
 0.692820 -0.256820 2 4
 0.692820 -0.234601 2 5
 0.692820 -0.233316 2 6
 0.692820 -0.124032 2 7
 0.692820 -0.118422 2 8
 0.692820 -0.111759 2 9
 0.692820 -0.080107 2 10
 0.692820 -0.074668 2 11
 0.692820 -0.040297 2 12
 0.692820 -0.026860 2 13
 0.692820 -0.017384 2 14
 0.692820  0.114934 2 15
 0.692820  0.120798 2 16
 0.714471 -0.567028 2 1
 0.714471 -0.386302 2 2
 0.714471 -0.378385 2 3
 0.714471 -0.244564 2 4
 0.714471 -0.227414 2 5
 0.714471 -0.226142 2 6
 0.714471 -0.124458 2 7
 0.714471 -0.119761 2 8
 0.714471 -0.113785 2 9
 0.714471 -0.085745 2 10
 0.714471 -0.080821 2 11
 0.714471 -0.039085 2 12
 0.714471 -0.028498 2 13
 0.714471 -0.017388 2 14
 0.714471  0.119376 2 15
 0.714471  0.124414 2 16
 0.736122 -0.570126 2 1
 0.736122 -0.384980 2 2
 0.736122 -0.379321 2 3
 0.736122 -0.233179 2 4
 0.736122 -0.220492 2 5
 0.736122 -0.219320 2 6
 0.736122 -0.124937 2 7
 0.736122 -0.121145 2 8
 0.736122 -0.115905 2 9
 0.736122 -0.091276 2 10
 0.736122 -0.086955 2 11
 0.736122 -0.037836 2 12
 0.736122 -0.029833 2 13
 0.736122 -0.017270 2 14
 0.736122  0.123532 2 15
 0.736122  0.127659 2 16
 0.757772 -0.572802 2 1
 0.757772 -0.383791 2 2
 0.757772 -0.379976 2 3
 0.757772 -0.222847 2 4
 0.757772 -0.213987 2 5
 0.757772 -0.212992 2 6
 0.757772 -0.125497 2 7
 0.757772 -0.122629 2 8
 0.757772 -0.118059 2 9
 0.757772 -0.096423 2 10
 0.757772 -0.092816 2 11
 0.757772 -0.036654 2 12
 0.757772 -0.030907 2 13
 0.757772 -0.017067 2 14
 0.757772  0.127281 2 15
 0.757772  0.130482 2 16
 0.779423 -0.575035 2 1
 0.779423 -0.382768 2 2
 0.779423 -0.380391 2 3
 0.779423 -0.213778 2 4
 0.779423 -0.208083 2 5
 0.779423 -0.207321 2 6
 0.779423 -0.126201 2 7
 0.779423 -0.124255 2 8
 0.779423 -0.120108 2 9
 0.779423 -0.100900 2 10
 0.779423 -0.098147 2 11
 0.779423 -0.035613 2 12
 0.779423 -0.031753 2 13
 0.779423 -0.016819 2 14
 0.779423  0.130516 2 15
 0.779423  0.132846 2 16
 0.801073 -0.576803 2 1
 0.801073 -0.381942 2 2
 0.801073 -0.380621 2 3
 0.801073 -0.206219 2 4
 0.801073 -0.203006 2 5
 0.801073 -0.202507 2 6
 0.801073 -0.127115 2 7
 0.801073 -0.125994 2 8
 0.801073 -0.121836 2 9
 0.801073 -0.104455 2 10
 0.801073 -0.102682 2 11
 0.801073 -0.034764 2 12
 0.801073 -0.032394 2 13
 0.801073 -0.016568 2 14
 0.801073  0.133140 2 15
 0.801073  0.134717 2 16
 0.822724 -0.578083 2 1
 0.822724 -0.381336 2 2
 0.822724 -0.380728 2 3
 0.822724 -0.200464 2 4
 0.822724 -0.199032 2 5
 0.822724 -0.198786 2 6
 0.822724 -0.128182 2 7
 0.822724 -0.127658 2 8
 0.822724 -0.123054 2 9
 0.822724 -0.106956 2 10
 0.822724 -0.106152 2 11
 0.822724 -0.034144 2 12
 0.822724 -0.032840 2 13
 0.822724 -0.016354 2 14
 0.822724  0.135071 2 15
 0.822724  0.136074 2 16
 0.844375 -0.578858 2 1
 0.844375 -0.380967 2 2
 0.844375 -0.380765 2 3
 0.844375 -0.196830 2 4
 0.844375 -0.196469 2 5
 0.844375 -0.196412 2 6
 0.844375 -0.129087 2 7
 0.844375 -0.128899 2 8
 0.844375 -0.123747 2 9
 0.844375 -0.108435 2 10
 0.844375 -0.108302 2 11
 0.844375 -0.033775 2 12
 0.844375 -0.033094 2 13
 0.844375 -0.016210 2 14
 0.844375  0.136249 2 15
 0.844375  0.136900 2 16
 0.866025 -0.579118 2 1
 0.866025 -0.380845 2 2
 0.866025 -0.380771 2 3
 0.866025 -0.195596 2 4
 0.866025 -0.195580 2 5
 0.866025 -0.195579 2 6
 0.866025 -0.129447 2 7
 0.866025 -0.129359 2 8
 0.866025 -0.123971 2 9
 0.866025 -0.109095 2 10
 0.866025 -0.108854 2 11
 0.866025 -0.033661 2 12
 0.866025 -0.033169 2 13
 0.866025 -0.016160 2 14
 0.866025  0.136644 2 15
 0.866025  0.137179 2 16
 0.866025 -0.579118 2 1
 0.866025 -0.380845 2 2
 0.866025 -0.380771 2 3
 0.866025 -0.195596 2 4
 0.866025 -0.195580 2 5
 0.866025 -0.195579 2 6
 0.866025 -0.129447 2 7
 0.866025 -0.129359 2 8
 0.866025 -0.123971 2 9
 0.866025 -0.109095 2 10
 0.866025 -0.108854 2 11
 0.866025 -0.033661 2 12
 0.866025 -0.033169 2 13
 0.866025 -0.016160 2 14
 0.866025  0.136644 2 15
 0.866025  0.137179 2 16
 0.886754 -0.578905 2 1
 0.886754 -0.380927 2 2
 0.886754 -0.380774 2 3
 0.886754 -0.197211 2 4
 0.886754 -0.196141 2 5
 0.886754 -0.196103 2 6
 0.886754 -0.129063 2 7
 0.886754 -0.128930 2 8
 0.886754 -0.123792 2 9
 0.886754 -0.108907 2 10
 0.886754 -0.108001 2 11
 0.886754 -0.033671 2 12
 0.886754 -0.033181 2 13
 0.886754 -0.016194 2 14
 0.886754  0.136292 2 15
 0.886754  0.136902 2 16
 0.907483 -0.578266 2 1
 0.907483 -0.381250 2 2
 0.907483 -0.380702 2 3
 0.907483 -0.201838 2 4
 0.907483 -0.197752 2 5
 0.907483 -0.197632 2 6
 0.907483 -0.128246 2 7
 0.907483 -0.127626 2 8
 0.907483 -0.123152 2 9
 0.907483 -0.108637 2 10
 0.907483 -0.105273 2 11
 0.907483 -0.033701 2 12
 0.907483 -0.033210 2 13
 0.907483 -0.016295 2 14
 0.907483  0.134971 2 15
 0.907483  0.136350 2 16
 0.928212 -0.577206 2 1
 0.928212 -0.381786 2 2
 0.928212 -0.380575 2 3
 0.928212 -0.208877 2 4
 0.928212 -0.200324 2 5
 0.928212 -0.200053 2 6
 0.928212 -0.127528 2 7
 0.928212 -0.125594 2 8
 0.928212 -0.121842 2 9
 0.928212 -0.108191 2 10
 0.928212 -0.101103 2 11
 0.928212 -0.033750 2 12
 0.928212 -0.033235 2 13
 0.928212 -0.016457 2 14
 0.928212  0.132663 2 15
 0.928212  0.135585 2 16
 0.948941 -0.575731 2 1
 0.948941 -0.382514 2 2
 0.948941 -0.380404 2 3
 0.948941 -0.217726 2 4
 0.948941 -0.203725 2 5
 0.948941 -0.203219 2 6
 0.948941 -0.127164 2 7
 0.948941 -0.123042 2 8
 0.948941 -0.119864 2 9
 0.948941 -0.107538 2 10
 0.948941 -0.095957 2 11
 0.948941 -0.033808 2 12
 0.948941 -0.033230 2 13
 0.948941 -0.016667 2 14
 0.948941  0.129478 2 15
 0.948941  0.134568 2 16
 0.969670 -0.573851 2 1
 0.969670 -0.383414 2 2
 0.969670 -0.380194 2 3
 0.969670 -0.227910 2 4
 0.969670 -0.207816 2 5
 0.969670 -0.206987 2 6
 0.969670 -0.127079 2 7
 0.969670 -0.120198 2 8
 0.969670 -0.117460 2 9
 0.969670 -0.106633 2 10
 0.969670 -0.090266 2 11
 0.969670 -0.033848 2 12
 0.969670 -0.033170 2 13
 0.969670 -0.016910 2 14
 0.969670  0.125506 2 15
 0.969670  0.133308 2 16
 0.990399 -0.571577 2 1
 0.990399 -0.384463 2 2
 0.990399 -0.379952 2 3
 0.990399 -0.239085 2 4
 0.990399 -0.212473 2 5
 0.990399 -0.211231 2 6
 0.990399 -0.127158 2 7
 0.990399 -0.117303 2 8
 0.990399 -0.114850 2 9
 0.990399 -0.105401 2 10
 0.990399 -0.084380 2 11
 0.990399 -0.033828 2 12
 0.990399 -0.033034 2 13
 0.990399 -0.017163 2 14
 0.990399  0.120847 2 15
 0.990399  0.131828 2 16
 1.011128 -0.568926 2 1
 1.011128 -0.385641 2 2
 1.011128 -0.379682 2 3
 1.011128 -0.251003 2 4
 1.011128 -0.217588 2 5
 1.011128 -0.215850 2 6
 1.011128 -0.127335 2 7
 1.011128 -0.114597 2 8
 1.011128 -0.112173 2 9
 1.011128 -0.103749 2 10
 1.011128 -0.078571 2 11
 1.011128 -0.033702 2 12
 1.011128 -0.032797 2 13
 1.011128 -0.017395 2 14
 1.011128  0.115623 2 15
 1.011128  0.130156 2 16
 1.031857 -0.565915 2 1
 1.031857 -0.386930 2 2
 1.031857 -0.379388 2 3
 1.031857 -0.263472 2 4
 1.031857 -0.223071 2 5
 1.031857 -0.220762 2 6
 1.031857 -0.127576 2 7
 1.031857 -0.112266 2 8
 1.031857 -0.109517 2 9
 1.031857 -0.101612 2 10
 1.031857 -0.073060 2 11
 1.031857 -0.033423 2 12
 1.031857 -0.032432 2 13
 1.031857 -0.017565 2 14
 1.031857  0.109972 2 15
 1.031857  0.128322 2 16
 1.052586 -0.562564 2 1
 1.052586 -0.388321 2 2
 1.052586 -0.379070 2 3
 1.052586 -0.276336 2 4
 1.052586 -0.228849 2 5
 1.052586 -0.225900 2 6
 1.052586 -0.127862 2 7
 1.052586 -0.110361 2 8
 1.052586 -0.106934 2 9
 1.052586 -0.099042 2 10
 1.052586 -0.068044 2 11
 1.052586 -0.032947 2 12
 1.052586 -0.031914 2 13
 1.052586 -0.017620 2 14
 1.052586  0.104055 2 15
 1.052586  0.126359 2 16
 1.073314 -0.558895 2 1
 1.073314 -0.389811 2 2
 1.073314 -0.378725 2 3
 1.073314 -0.289458 2 4
 1.073314 -0.234858 2 5
 1.073314 -0.231205 2 6
 1.073314 -0.128181 2 7
 1.073314 -0.108803 2 8
 1.073314 -0.104456 2 9
 1.073314 -0.096193 2 10
 1.073314 -0.063691 2 11
 1.073314 -0.032239 2 12
 1.073314 -0.031245 2 13
 1.073314 -0.017487 2 14
 1.073314  0.098046 2 15
 1.073314  0.124296 2 16
 1.094043 -0.554931 2 1
 1.094043 -0.391406 2 2
 1.094043 -0.378350 2 3
 1.094043 -0.302714 2 4
 1.094043 -0.241041 2 5
 1.094043 -0.236627 2 6
 1.094043 -0.128527 2 7
 1.094043 -0.107478 2 8
 1.094043 -0.102095 2 9
 1.094043 -0.093235 2 10
 1.094043 -0.060129 2 11
 1.094043 -0.031279 2 12
 1.094043 -0.030472 2 13
 1.094043 -0.017086 2 14
 1.094043  0.092135 2 15
 1.094043  0.122164 2 16
 1.114772 -0.550694 2 1
 1.114772 -0.393124 2 2
 1.114772 -0.377938 2 3
 1.114772 -0.315986 2 4
 1.114772 -0.247348 2 5
 1.114772 -0.242114 2 6
 1.114772 -0.128896 2 7
 1.114772 -0.106297 2 8
 1.114772 -0.099856 2 9
 1.114772 -0.090288 2 10
 1.114772 -0.057408 2 11
 1.114772 -0.030065 2 12
 1.114772 -0.029699 2 13
 1.114772 -0.016351 2 14
 1.114772  0.086518 2 15
 1.114772  0.119989 2 16
 1.135501 -0.546205 2 1
 1.135501 -0.394991 2 2
 1.135501 -0.377482 2 3
 1.135501 -0.329166 2 4
 1.135501 -0.253735 2 5
 1.135501 -0.247619 2 6
 1.135501 -0.129286 2 7
 1.135501 -0.105205 2 8
 1.135501 -0.097731 2 9
 1.135501 -0.087417 2 10
 1.135501 -0.055491 2 11
 1.135501 -0.029078 2 12
 1.135501 -0.028587 2 13
 1.135501 -0.015277 2 14
 1.135501  0.081392 2 15
 1.135501  0.117794 2 16
 1.156230 -0.541486 2 1
 1.156230 -0.397040 2 2
 1.156230 -0.376976 2 3
 1.156230 -0.342148 2 4
 1.156230 -0.260160 2 5
 1.156230 -0.253094 2 6
 1.156230 -0.129697 2 7
 1.156230 -0.104170 2 8
 1.156230 -0.095707 2 9
 1.156230 -0.084645 2 10
 1.156230 -0.054270 2 11
 1.156230 -0.028676 2 12
 1.156230 -0.026905 2 13
 1.156230 -0.013964 2 14
 1.156230  0.076941 2 15
 1.156230  0.115601 2 16
 1.176959 -0.536558 2 1
 1.176959 -0.399312 2 2
 1.176959 -0.376413 2 3
 1.176959 -0.354835 2 4
 1.176959 -0.266586 2 5
 1.176959 -0.258494 2 6
 1.176959 -0.130129 2 7
 1.176959 -0.103174 2 8
 1.176959 -0.093766 2 9
 1.176959 -0.081968 2 10
 1.176959 -0.053611 2 11
 1.176959 -0.028544 2 12
 1.176959 -0.025040 2 13
 1.176959 -0.012580 2 14
 1.176959  0.073321 2 15
 1.176959  0.113427 2 16
 1.197688 -0.531441 2 1
 1.197688 -0.401850 2 2
 1.197688 -0.375792 2 3
 1.197688 -0.367133 2 4
 1.197688 -0.272980 2 5
 1.197688 -0.263777 2 6
 1.197688 -0.130582 2 7
 1.197688 -0.102206 2 8
 1.197688 -0.091888 2 9
 1.197688 -0.079364 2 10
 1.197688 -0.053384 2 11
 1.197688 -0.028679 2 12
 1.197688 -0.023040 2 13
 1.197688 -0.011292 2 14
 1.197688  0.070632 2 15
 1.197688  0.111286 2 16
 1.218417 -0.526159 2 1
 1.218417 -0.404708 2 2
 1.218417 -0.378944 2 3
 1.218417 -0.375111 2 4
 1.218417 -0.279314 2 5
 1.218417 -0.268906 2 6
 1.218417 -0.131056 2 7
 1.218417 -0.101257 2 8
 1.218417 -0.090051 2 9
 1.218417 -0.076808 2 10
 1.218417 -0.053486 2 11
 1.218417 -0.029077 2 12
 1.218417 -0.020956 2 13
 1.218417 -0.010196 2 14
 1.218417  0.068909 2 15
 1.218417  0.109190 2 16
 1.239146 -0.520740 2 1
 1.239146 -0.407973 2 2
 1.239146 -0.390138 2 3
 1.239146 -0.374375 2 4
 1.239146 -0.285564 2 5
 1.239146 -0.273849 2 6
 1.239146 -0.131550 2 7
 1.239146 -0.100321 2 8
 1.239146 -0.088233 2 9
 1.239146 -0.074270 2 10
 1.239146 -0.053834 2 11
 1.239146 -0.029740 2 12
 1.239146 -0.018837 2 13
 1.239146 -0.009301 2 14
 1.239146  0.068108 2 15
 1.239146  0.107147 2 16
 1.259875 -0.515217 2 1
 1.259875 -0.411870 2 2
 1.259875 -0.400447 2 3
 1.259875 -0.373591 2 4
 1.259875 -0.291710 2 5
 1.259875 -0.278581 2 6
 1.259875 -0.132062 2 7
 1.259875 -0.099396 2 8
 1.259875 -0.086417 2 9
 1.259875 -0.071723 2 10
 1.259875 -0.054369 2 11
 1.259875 -0.030666 2 12
 1.259875 -0.016730 2 13
 1.259875 -0.008551 2 14
 1.259875  0.068118 2 15
 1.259875  0.105165 2 16
 1.280604 -0.509637 2 1
 1.280604 -0.417119 2 2
 1.280604 -0.409102 2 3
 1.280604 -0.372769 2 4
 1.280604 -0.297734 2 5
 1.280604 -0.283086 2 6
 1.280604 -0.132589 2 7
 1.280604 -0.098475 2 8
 1.280604 -0.084590 2 9
 1.280604 -0.069145 2 10
 1.280604 -0.055047 2 11
 1.280604 -0.031839 2 12
 1.280604 -0.014676 2 13
 1.280604 -0.007863 2 14
 1.280604  0.068788 2 15
 1.280604  0.103250 2 16
 1.301332 -0.504059 2 1
 1.301332 -0.424529 2 2
 1.301332 -0.415230 2 3
 1.301332 -0.371920 2 4
 1.301332 -0.303624 2 5
 1.301332 -0.287354 2 6
 1.301332 -0.133126 2 7
 1.301332 -0.097557 2 8
 1.301332 -0.082747 2 9
 1.301332 -0.066521 2 10
 1.301332 -0.055836 2 11
 1.301332 -0.033214 2 12
 1.301332 -0.012709 2 13
 1.301332 -0.007167 2 14
 1.301332  0.069955 2 15
 1.301332  0.101405 2 16
 1.322061 -0.498564 2 1
 1.322061 -0.432943 2 2
 1.322061 -0.419913 2 3
 1.322061 -0.371059 2 4
 1.322061 -0.309368 2 5
 1.322061 -0.291385 2 6
 1.322061 -0.133668 2 7
 1.322061 -0.096638 2 8
 1.322061 -0.080891 2 9
 1.322061 -0.063838 2 10
 1.322061 -0.056709 2 11
 1.322061 -0.034724 2 12
 1.322061 -0.010859 2 13
 1.322061 -0.006419 2 14
 1.322061  0.071461 2 15
 1.322061  0.099634 2 16
 1.342790 -0.493262 2 1
 1.342790 -0.441275 2 2
 1.342790 -0.424124 2 3
 1.342790 -0.370198 2 4
 1.342790 -0.314959 2 5
 1.342790 -0.295184 2 6
 1.342790 -0.134209 2 7
 1.342790 -0.095715 2 8
 1.342790 -0.079040 2 9
 1.342790 -0.061092 2 10
 1.342790 -0.057646 2 11
 1.342790 -0.036282 2 12
 1.342790 -0.009153 2 13
 1.342790 -0.005606 2 14
 1.342790  0.073171 2 15
 1.342790  0.097940 2 16
 1.363519 -0.488309 2 1
 1.363519 -0.449203 2 2
 1.363519 -0.428035 2 3
 1.363519 -0.369352 2 4
 1.363519 -0.320390 2 5
 1.363519 -0.298762 2 6
 1.363519 -0.134741 2 7
 1.363519 -0.094787 2 8
 1.363519 -0.077222 2 9
 1.363519 -0.058636 2 10
 1.363519 -0.058274 2 11
 1.363519 -0.037791 2 12
 1.363519 -0.007611 2 13
 1.363519 -0.004740 2 14
 1.363519  0.074974 2 15
 1.363519  0.096327 2 16
 1.384248 -0.483929 2 1
 1.384248 -0.456622 2 2
 1.384248 -0.431524 2 3
 1.384248 -0.368530 2 4
 1.384248 -0.325661 2 5
 1.384248 -0.302132 2 6
 1.384248 -0.135258 2 7
 1.384248 -0.093852 2 8
 1.384248 -0.075480 2 9
 1.384248 -0.059639 2 10
 1.384248 -0.055408 2 11
 1.384248 -0.039152 2 12
 1.384248 -0.006249 2 13
 1.384248 -0.003844 2 14
 1.384248  0.076780 2 15
 1.384248  0.094796 2 16
 1.404977 -0.480447 2 1
 1.404977 -0.463459 2 2
 1.404977 -0.434329 2 3
 1.404977 -0.367741 2 4
 1.404977 -0.330774 2 5
 1.404977 -0.305310 2 6
 1.404977 -0.135752 2 7
 1.404977 -0.092909 2 8
 1.404977 -0.073874 2 9
 1.404977 -0.060654 2 10
 1.404977 -0.052487 2 11
 1.404977 -0.040261 2 12
 1.404977 -0.005080 2 13
 1.404977 -0.002949 2 14
 1.404977  0.078523 2 15
 1.404977  0.093352 2 16
 1.425706 -0.478374 2 1
 1.425706 -0.469538 2 2
 1.425706 -0.436106 2 3
 1.425706 -0.366989 2 4
 1.425706 -0.335735 2 5
 1.425706 -0.308312 2 6
 1.425706 -0.136216 2 7
 1.425706 -0.091960 2 8
 1.425706 -0.072473 2 9
 1.425706 -0.061649 2 10
 1.425706 -0.049527 2 11
 1.425706 -0.041020 2 12
 1.425706 -0.004111 2 13
 1.425706 -0.002088 2 14
 1.425706  0.080152 2 15
 1.425706  0.091997 2 16
 1.446435 -0.478872 2 1
 1.446435 -0.473964 2 2
 1.446435 -0.436560 2 3
 1.446435 -0.366275 2 4
 1.446435 -0.340552 2 5
 1.446435 -0.311153 2 6
 1.446435 -0.136643 2 7
 1.446435 -0.091010 2 8
 1.446435 -0.071354 2 9
 1.446435 -0.062595 2 10
 1.446435 -0.046546 2 11
 1.446435 -0.041341 2 12
 1.446435 -0.003351 2 13
 1.446435 -0.001288 2 14
 1.446435  0.081629 2 15
 1.446435  0.090735 2 16
 1.467164 -0.482679 2 1
 1.467164 -0.476022 2 2
 1.467164 -0.435639 2 3
 1.467164 -0.365599 2 4
 1.467164 -0.345239 2 5
 1.467164 -0.313844 2 6
 1.467164 -0.137029 2 7
 1.467164 -0.090063 2 8
 1.467164 -0.070583 2 9
 1.467164 -0.063455 2 10
 1.467164 -0.043563 2 11
 1.467164 -0.041168 2 12
 1.467164 -0.002802 2 13
 1.467164 -0.000575 2 14
 1.467164  0.082931 2 15
 1.467164  0.089568 2 16
 1.487893 -0.487181 2 1
 1.487893 -0.478036 2 2
 1.487893 -0.433589 2 3
 1.487893 -0.364958 2 4
 1.487893 -0.349809 2 5
 1.487893 -0.316390 2 6
 1.487893 -0.137369 2 7
 1.487893 -0.089128 2 8
 1.487893 -0.070192 2 9
 1.487893 -0.064197 2 10
 1.487893 -0.040601 2 11
 1.487893 -0.040485 2 12
 1.487893 -0.002468 2 13
 1.487893  0.000032 2 14
 1.487893  0.084041 2 15
 1.487893  0.088502 2 16
 1.508621 -0.491371 2 1
 1.508621 -0.480588 2 2
 1.508621 -0.430785 2 3
 1.508621 -0.364347 2 4
 1.508621 -0.354275 2 5
 1.508621 -0.318794 2 6
 1.508621 -0.137662 2 7
 1.508621 -0.088216 2 8
 1.508621 -0.070162 2 9
 1.508621 -0.064799 2 10
 1.508621 -0.039336 2 11
 1.508621 -0.037678 2 12
 1.508621 -0.002347 2 13
 1.508621  0.000520 2 14
 1.508621  0.084948 2 15
 1.508621  0.087545 2 16
 1.529350 -0.495075 2 1
 1.529350 -0.483477 2 2
 1.529350 -0.427548 2 3
 1.529350 -0.363762 2 4
 1.529350 -0.358649 2 5
 1.529350 -0.321048 2 6
 1.529350 -0.137906 2 7
 1.529350 -0.087340 2 8
 1.529350 -0.070419 2 9
 1.529350 -0.065272 2 10
 1.529350 -0.037799 2 11
 1.529350 -0.034827 2 12
 1.529350 -0.002431 2 13
 1.529350  0.000879 2 14
 1.529350  0.085616 2 15
 1.529350  0.086737 2 16
 1.550079 -0.498241 2 1
 1.550079 -0.486481 2 2
 1.550079 -0.424096 2 3
 1.550079 -0.363202 2 4
 1.550079 -0.362935 2 5
 1.550079 -0.323142 2 6
 1.550079 -0.138104 2 7
 1.550079 -0.086515 2 8
 1.550079 -0.070856 2 9
 1.550079 -0.065642 2 10
 1.550079 -0.035989 2 11
 1.550079 -0.032074 2 12
 1.550079 -0.002709 2 13
 1.550079  0.001106 2 14
 1.550079  0.085662 2 15
 1.550079  0.086477 2 16
 1.570808 -0.500850 2 1
 1.570808 -0.489436 2 2
 1.570808 -0.420562 2 3
 1.570808 -0.367129 2 4
 1.570808 -0.362669 2 5
 1.570808 -0.325057 2 6
 1.570808 -0.138258 2 7
 1.570808 -0.085756 2 8
 1.570808 -0.071374 2 9
 1.570808 -0.065937 2 10
 1.570808 -0.034029 2 11
 1.570808 -0.029450 2 12
 1.570808 -0.003163 2 13
 1.570808  0.001203 2 14
 1.570808  0.085100 2 15
 1.570808  0.086771 2 16
 1.591537 -0.502899 2 1
 1.591537 -0.492224 2 2
 1.591537 -0.417033 2 3
 1.591537 -0.371209 2 4
 1.591537 -0.362171 2 5
 1.591537 -0.326766 2 6
 1.591537 -0.138375 2 7
 1.591537 -0.085081 2 8
 1.591537 -0.071900 2 9
 1.591537 -0.066173 2 10
 1.591537 -0.032048 2 11
 1.591537 -0.026994 2 12
 1.591537 -0.003765 2 13
 1.591537  0.001185 2 14
 1.591537  0.084552 2 15
 1.591537  0.087018 2 16
 1.612266 -0.504404 2 1
 1.612266 -0.494752 2 2
 1.612266 -0.413580 2 3
 1.612266 -0.375129 2 4
 1.612266 -0.361720 2 5
 1.612266 -0.328239 2 6
 1.612266 -0.138458 2 7
 1.612266 -0.084503 2 8
 1.612266 -0.072382 2 9
 1.612266 -0.066359 2 10
 1.612266 -0.030173 2 11
 1.612266 -0.024756 2 12
 1.612266 -0.004476 2 13
 1.612266  0.001076 2 14
 1.612266  0.084094 2 15
 1.612266  0.087175 2 16
 1.632995 -0.505403 2 1
 1.632995 -0.496930 2 2
 1.632995 -0.410301 2 3
 1.632995 -0.378789 2 4
 1.632995 -0.361335 2 5
 1.632995 -0.329438 2 6
 1.632995 -0.138515 2 7
 1.632995 -0.084037 2 8
 1.632995 -0.072785 2 9
 1.632995 -0.066499 2 10
 1.632995 -0.028532 2 11
 1.632995 -0.022804 2 12
 1.632995 -0.005233 2 13
 1.632995  0.000911 2 14
 1.632995  0.083733 2 15
 1.632995  0.087261 2 16
 1.653724 -0.505965 2 1
 1.653724 -0.498656 2 2
 1.653724 -0.407385 2 3
 1.653724 -0.381991 2 4
 1.653724 -0.361037 2 5
 1.653724 -0.330329 2 6
 1.653724 -0.138551 2 7
 1.653724 -0.083696 2 8
 1.653724 -0.073088 2 9
 1.653724 -0.066596 2 10
 1.653724 -0.027247 2 11
 1.653724 -0.021240 2 12
 1.653724 -0.005941 2 13
 1.653724  0.000738 2 14
 1.653724  0.083475 2 15
 1.653724  0.087301 2 16
 1.674453 -0.506205 2 1
 1.674453 -0.499797 2 2
 1.674453 -0.405210 2 3
 1.674453 -0.384345 2 4
 1.674453 -0.360848 2 5
 1.674453 -0.330879 2 6
 1.674453 -0.138570 2 7
 1.674453 -0.083487 2 8
 1.674453 -0.073275 2 9
 1.674453 -0.066653 2 10
 1.674453 -0.026425 2 11
 1.674453 -0.020202 2 12
 1.674453 -0.006464 2 13
 1.674453  0.000608 2 14
 1.674453  0.083320 2 15
 1.674453  0.087315 2 16
 1.695182 -0.506261 2 1
 1.695182 -0.500202 2 2
 1.695182 -0.404365 2 3
 1.695182 -0.385251 2 4
 1.695182 -0.360783 2 5
 1.695182 -0.331065 2 6
 1.695182 -0.138577 2 7
 1.695182 -0.083417 2 8
 1.695182 -0.073339 2 9
 1.695182 -0.066671 2 10
 1.695182 -0.026142 2 11
 1.695182 -0.019833 2 12
 1.695182 -0.006661 2 13
 1.695182  0.000559 2 14
 1.695182  0.083268 2 15
 1.695182  0.087318 2 16
 1.695182 -0.506262 2 1
 1.695182 -0.500204 2 2
 1.695182 -0.404368 2 3
 1.695182 -0.385301 2 4
 1.695182 -0.360777 2 5
 1.695182 -0.330989 2 6
 1.695182 -0.138593 2 7
 1.695182 -0.083411 2 8
 1.695182 -0.073678 2 9
 1.695182 -0.066660 2 10
 1.695182 -0.026156 2 11
 1.695182 -0.019819 2 12
 1.695182 -0.006535 2 13
 1.695182  0.000804 2 14
 1.695182  0.083661 2 15
 1.695182  0.086887 2 16
 1.719688 -0.507415 2 1
 1.719688 -0.498884 2 2
 1.719688 -0.404417 2 3
 1.719688 -0.385174 2 4
 1.719688 -0.360895 2 5
 1.719688 -0.331283 2 6
 1.719688 -0.138440 2 7
 1.719688 -0.083440 2 8
 1.719688 -0.073626 2 9
 1.719688 -0.066608 2 10
 1.719688 -0.026509 2 11
 1.719688 -0.020163 2 12
 1.719688 -0.006412 2 13
 1.719688  0.000804 2 14
 1.719688  0.083753 2 15
 1.719688  0.087232 2 16
 1.744195 -0.509666 2 1
 1.744195 -0.496113 2 2
 1.744195 -0.404551 2 3
 1.744195 -0.384816 2 4
 1.744195 -0.361250 2 5
 1.744195 -0.332138 2 6
 1.744195 -0.137977 2 7
 1.744195 -0.083525 2 8
 1.744195 -0.073503 2 9
 1.744195 -0.066431 2 10
 1.744195 -0.027527 2 11
 1.744195 -0.021146 2 12
 1.744195 -0.006075 2 13
 1.744195  0.000793 2 14
 1.744195  0.083754 2 15
 1.744195  0.088506 2 16
 1.768702 -0.512103 2 1
 1.768702 -0.492748 2 2
 1.768702 -0.404736 2 3
 1.768702 -0.384288 2 4
 1.768702 -0.361843 2 5
 1.768702 -0.333492 2 6
 1.768702 -0.137198 2 7
 1.768702 -0.083668 2 8
 1.768702 -0.073385 2 9
 1.768702 -0.066079 2 10
 1.768702 -0.029111 2 11
 1.768702 -0.022647 2 12
 1.768702 -0.005602 2 13
 1.768702  0.000736 2 14
 1.768702  0.083368 2 15
 1.768702  0.090893 2 16
 1.793209 -0.514457 2 1
 1.793209 -0.488999 2 2
 1.793209 -0.404930 2 3
 1.793209 -0.383658 2 4
 1.793209 -0.362667 2 5
 1.793209 -0.335258 2 6
 1.793209 -0.136102 2 7
 1.793209 -0.083867 2 8
 1.793209 -0.073353 2 9
 1.793209 -0.065509 2 10
 1.793209 -0.031127 2 11
 1.793209 -0.024525 2 12
 1.793209 -0.005074 2 13
 1.793209  0.000599 2 14
 1.793209  0.082615 2 15
 1.793209  0.094221 2 16
 1.817716 -0.516564 2 1
 1.817716 -0.484988 2 2
 1.817716 -0.405085 2 3
 1.817716 -0.382981 2 4
 1.817716 -0.363700 2 5
 1.817716 -0.337364 2 6
 1.817716 -0.134692 2 7
 1.817716 -0.084117 2 8
 1.817716 -0.073442 2 9
 1.817716 -0.064724 2 10
 1.817716 -0.033441 2 11
 1.817716 -0.026642 2 12
 1.817716 -0.004561 2 13
 1.817716  0.000356 2 14
 1.817716  0.081559 2 15
 1.817716  0.098247 2 16
 1.842223 -0.518300 2 1
 1.842223 -0.480843 2 2
 1.842223 -0.405153 2 3
 1.842223 -0.382276 2 4
 1.842223 -0.364907 2 5
 1.842223 -0.339769 2 6
 1.842223 -0.132980 2 7
 1.842223 -0.084415 2 8
 1.842223 -0.073636 2 9
 1.842223 -0.063768 2 10
 1.842223 -0.035938 2 11
 1.842223 -0.028871 2 12
 1.842223 -0.004134 2 13
 1.842223  0.000012 2 14
 1.842223  0.080236 2 15
 1.842223  0.102750 2 16
 1.866730 -0.519580 2 1
 1.866730 -0.476707 2 2
 1.866730 -0.405080 2 3
 1.866730 -0.381530 2 4
 1.866730 -0.366245 2 5
 1.866730 -0.342463 2 6
 1.866730 -0.130995 2 7
 1.866730 -0.084759 2 8
 1.866730 -0.073900 2 9
 1.866730 -0.062706 2 10
 1.866730 -0.038526 2 11
 1.866730 -0.031083 2 12
 1.866730 -0.003885 2 13
 1.866730 -0.000376 2 14
 1.866730  0.078678 2 15
 1.866730  0.107522 2 16
 1.891236 -0.520371 2 1
 1.891236 -0.472704 2 2
 1.891236 -0.404821 2 3
 1.891236 -0.380707 2 4
 1.891236 -0.367678 2 5
 1.891236 -0.345463 2 6
 1.891236 -0.128772 2 7
 1.891236 -0.085153 2 8
 1.891236 -0.074207 2 9
 1.891236 -0.061602 2 10
 1.891236 -0.041142 2 11
 1.891236 -0.033143 2 12
 1.891236 -0.003937 2 13
 1.891236 -0.000699 2 14
 1.891236  0.076919 2 15
 1.891236  0.112364 2 16
 1.915743 -0.520693 2 1
 1.915743 -0.468931 2 2
 1.915743 -0.404319 2 3
 1.915743 -0.379775 2 4
 1.915743 -0.369197 2 5
 1.915743 -0.348788 2 6
 1.915743 -0.126353 2 7
 1.915743 -0.085609 2 8
 1.915743 -0.074552 2 9
 1.915743 -0.060517 2 10
 1.915743 -0.043741 2 11
 1.915743 -0.034907 2 12
 1.915743 -0.004375 2 13
 1.915743 -0.000857 2 14
 1.915743  0.075008 2 15
 1.915743  0.117082 2 16
 1.940250 -0.520603 2 1
 1.940250 -0.465452 2 2
 1.940250 -0.403517 2 3
 1.940250 -0.378719 2 4
 1.940250 -0.370825 2 5
 1.940250 -0.352434 2 6
 1.940250 -0.123790 2 7
 1.940250 -0.086144 2 8
 1.940250 -0.074949 2 9
 1.940250 -0.059516 2 10
 1.940250 -0.046278 2 11
 1.940250 -0.036235 2 12
 1.940250 -0.005151 2 13
 1.940250 -0.000872 2 14
 1.940250  0.073010 2 15
 1.940250  0.121491 2 16
 1.964757 -0.520166 2 1
 1.964757 -0.462312 2 2
 1.964757 -0.402374 2 3
 1.964757 -0.377560 2 4
 1.964757 -0.372618 2 5
 1.964757 -0.356334 2 6
 1.964757 -0.121145 2 7
 1.964757 -0.086778 2 8
 1.964757 -0.075418 2 9
 1.964757 -0.058659 2 10
 1.964757 -0.048695 2 11
 1.964757 -0.037021 2 12
 1.964757 -0.006141 2 13
 1.964757 -0.000818 2 14
 1.964757  0.071002 2 15
 1.964757  0.125407 2 16
 1.989264 -0.519442 2 1
 1.989264 -0.459548 2 2
 1.989264 -0.400862 2 3
 1.989264 -0.376483 2 4
 1.989264 -0.374545 2 5
 1.989264 -0.360317 2 6
 1.989264 -0.118493 2 7
 1.989264 -0.087524 2 8
 1.989264 -0.075979 2 9
 1.989264 -0.057988 2 10
 1.989264 -0.050917 2 11
 1.989264 -0.037219 2 12
 1.989264 -0.007251 2 13
 1.989264 -0.000747 2 14
 1.989264  0.069073 2 15
 1.989264  0.128668 2 16
 2.013771 -0.518459 2 1
 2.013771 -0.457204 2 2
 2.013771 -0.398999 2 3
 2.013771 -0.377806 2 4
 2.013771 -0.374564 2 5
 2.013771 -0.364070 2 6
 2.013771 -0.115912 2 7
 2.013771 -0.088388 2 8
 2.013771 -0.076642 2 9
 2.013771 -0.057508 2 10
 2.013771 -0.052848 2 11
 2.013771 -0.036863 2 12
 2.013771 -0.008419 2 13
 2.013771 -0.000676 2 14
 2.013771  0.067309 2 15
 2.013771  0.131135 2 16
 2.038278 -0.517215 2 1
 2.038278 -0.455331 2 2
 2.038278 -0.396861 2 3
 2.038278 -0.381221 2 4
 2.038278 -0.373315 2 5
 2.038278 -0.367156 2 6
 2.038278 -0.113474 2 7
 2.038278 -0.089358 2 8
 2.038278 -0.077405 2 9
 2.038278 -0.057246 2 10
 2.038278 -0.054333 2 11
 2.038278 -0.036057 2 12
 2.038278 -0.009606 2 13
 2.038278 -0.000617 2 14
 2.038278  0.065787 2 15
 2.038278  0.132695 2 16
 2.062784 -0.515697 2 1
 2.062784 -0.453997 2 2
 2.062784 -0.394611 2 3
 2.062784 -0.385520 2 4
 2.062784 -0.372305 2 5
 2.062784 -0.369042 2 6
 2.062784 -0.111251 2 7
 2.062784 -0.090399 2 8
 2.062784 -0.078253 2 9
 2.062784 -0.057391 2 10
 2.062784 -0.055059 2 11
 2.062784 -0.034927 2 12
 2.062784 -0.010790 2 13
 2.062784 -0.000580 2 14
 2.062784  0.064575 2 15
 2.062784  0.133279 2 16
 2.087291 -0.513894 2 1
 2.087291 -0.453285 2 2
 2.087291 -0.393019 2 3
 2.087291 -0.389736 2 4
 2.087291 -0.372399 2 5
 2.087291 -0.368957 2 6
 2.087291 -0.109306 2 7
 2.087291 -0.091448 2 8
 2.087291 -0.079166 2 9
 2.087291 -0.057962 2 10
 2.087291 -0.054927 2 11
 2.087291 -0.033587 2 12
 2.087291 -0.011952 2 13
 2.087291 -0.000583 2 14
 2.087291  0.063723 2 15
 2.087291  0.132855 2 16
 2.111798 -0.511836 2 1
 2.111798 -0.453295 2 2
 2.111798 -0.396439 2 3
 2.111798 -0.389197 2 4
 2.111798 -0.372998 2 5
 2.111798 -0.367635 2 6
 2.111798 -0.107713 2 7
 2.111798 -0.092411 2 8
 2.111798 -0.080124 2 9
 2.111798 -0.058529 2 10
 2.111798 -0.054349 2 11
 2.111798 -0.032115 2 12
 2.111798 -0.013066 2 13
 2.111798 -0.000641 2 14
 2.111798  0.063270 2 15
 2.111798  0.131439 2 16
 2.136305 -0.509595 2 1
 2.136305 -0.454139 2 2
 2.136305 -0.401310 2 3
 2.136305 -0.387107 2 4
 2.136305 -0.373328 2 5
 2.136305 -0.365960 2 6
 2.136305 -0.106581 2 7
 2.136305 -0.093151 2 8
 2.136305 -0.081109 2 9
 2.136305 -0.058895 2 10
 2.136305 -0.053577 2 11
 2.136305 -0.030555 2 12
 2.136305 -0.014089 2 13
 2.136305 -0.000764 2 14
 2.136305  0.063248 2 15
 2.136305  0.129090 2 16
 2.160812 -0.507270 2 1
 2.160812 -0.455924 2 2
 2.160812 -0.405735 2 3
 2.160812 -0.384995 2 4
 2.160812 -0.373292 2 5
 2.160812 -0.364090 2 6
 2.160812 -0.106044 2 7
 2.160812 -0.093513 2 8
 2.160812 -0.082104 2 9
 2.160812 -0.059033 2 10
 2.160812 -0.052733 2 11
 2.160812 -0.028938 2 12
 2.160812 -0.014954 2 13
 2.160812 -0.000944 2 14
 2.160812  0.063688 2 15
 2.160812  0.125903 2 16
 2.185319 -0.504978 2 1
 2.185319 -0.458721 2 2
 2.185319 -0.409330 2 3
 2.185319 -0.382923 2 4
 2.185319 -0.372899 2 5
 2.185319 -0.362062 2 6
 2.185319 -0.106204 2 7
 2.185319 -0.093399 2 8
 2.185319 -0.083097 2 9
 2.185319 -0.058970 2 10
 2.185319 -0.051922 2 11
 2.185319 -0.027306 2 12
 2.185319 -0.015570 2 13
 2.185319 -0.001158 2 14
 2.185319  0.064622 2 15
 2.185319  0.122011 2 16
 2.209826 -0.502804 2 1
 2.209826 -0.462520 2 2
 2.209826 -0.411924 2 3
 2.209826 -0.380885 2 4
 2.209826 -0.372150 2 5
 2.209826 -0.359893 2 6
 2.209826 -0.107040 2 7
 2.209826 -0.092846 2 8
 2.209826 -0.084067 2 9
 2.209826 -0.058747 2 10
 2.209826 -0.051232 2 11
 2.209826 -0.025732 2 12
 2.209826 -0.015826 2 13
 2.209826 -0.001368 2 14
 2.209826  0.066074 2 15
 2.209826  0.117570 2 16
 2.234332 -0.500786 2 1
 2.234332 -0.467235 2 2
 2.234332 -0.413485 2 3
 2.234332 -0.378923 2 4
 2.234332 -0.371004 2 5
 2.234332 -0.357596 2 6
 2.234332 -0.108448 2 7
 2.234332 -0.091992 2 8
 2.234332 -0.084986 2 9
 2.234332 -0.058414 2 10
 2.234332 -0.050728 2 11
 2.234332 -0.024324 2 12
 2.234332 -0.015617 2 13
 2.234332 -0.001533 2 14
 2.234332  0.068064 2 15
 2.234332  0.112755 2 16
 2.258839 -0.498919 2 1
 2.258839 -0.472732 2 2
 2.258839 -0.414083 2 3
 2.258839 -0.377184 2 4
 2.258839 -0.369332 2 5
 2.258839 -0.355187 2 6
 2.258839 -0.110331 2 7
 2.258839 -0.091003 2 8
 2.258839 -0.085794 2 9
 2.258839 -0.058022 2 10
 2.258839 -0.050430 2 11
 2.258839 -0.023182 2 12
 2.258839 -0.014903 2 13
 2.258839 -0.001612 2 14
 2.258839  0.070588 2 15
 2.258839  0.107764 2 16
 2.283346 -0.497166 2 1
 2.283346 -0.478870 2 2
 2.283346 -0.413838 2 3
 2.283346 -0.375850 2 4
 2.283346 -0.366966 2 5
 2.283346 -0.352678 2 6
 2.283346 -0.112641 2 7
 2.283346 -0.090064 2 8
 2.283346 -0.086362 2 9
 2.283346 -0.057623 2 10
 2.283346 -0.050323 2 11
 2.283346 -0.022316 2 12
 2.283346 -0.013785 2 13
 2.283346 -0.001576 2 14
 2.283346  0.073615 2 15
 2.283346  0.102801 2 16
 2.307853 -0.495520 2 1
 2.307853 -0.485499 2 2
 2.307853 -0.412898 2 3
 2.307853 -0.374964 2 4
 2.307853 -0.363872 2 5
 2.307853 -0.350086 2 6
 2.307853 -0.115369 2 7
 2.307853 -0.089486 2 8
 2.307853 -0.086399 2 9
 2.307853 -0.057254 2 10
 2.307853 -0.050366 2 11
 2.307853 -0.021655 2 12
 2.307853 -0.012480 2 13
 2.307853 -0.001411 2 14
 2.307853  0.077084 2 15
 2.307853  0.098082 2 16
 2.332360 -0.494264 2 1
 2.332360 -0.492209 2 2
 2.332360 -0.411408 2 3
 2.332360 -0.374426 2 4
 2.332360 -0.360147 2 5
 2.332360 -0.347420 2 6
 2.332360 -0.118517 2 7
 2.332360 -0.089471 2 8
 2.332360 -0.085719 2 9
 2.332360 -0.056942 2 10
 2.332360 -0.050515 2 11
 2.332360 -0.021127 2 12
 2.332360 -0.011212 2 13
 2.332360 -0.001124 2 14
 2.332360  0.080895 2 15
 2.332360  0.093836 2 16
 2.356867 -0.499908 2 1
 2.356867 -0.492381 2 2
 2.356867 -0.409516 2 3
 2.356867 -0.374120 2 4
 2.356867 -0.355911 2 5
 2.356867 -0.344667 2 6
 2.356867 -0.122085 2 7
 2.356867 -0.089729 2 8
 2.356867 -0.084635 2 9
 2.356867 -0.056697 2 10
 2.356867 -0.050738 2 11
 2.356867 -0.020699 2 12
 2.356867 -0.010144 2 13
 2.356867 -0.000749 2 14
 2.356867  0.084839 2 15
 2.356867  0.090383 2 16
 2.381374 -0.507122 2 1
 2.381374 -0.491244 2 2
 2.381374 -0.407369 2 3
 2.381374 -0.373977 2 4
 2.381374 -0.351249 2 5
 2.381374 -0.341797 2 6
 2.381374 -0.126055 2 7
 2.381374 -0.090011 2 8
 2.381374 -0.083440 2 9
 2.381374 -0.056513 2 10
 2.381374 -0.051023 2 11
 2.381374 -0.020370 2 12
 2.381374 -0.009358 2 13
 2.381374 -0.000350 2 14
 2.381374  0.086678 2 15
 2.381374  0.090053 2 16
 2.405880 -0.514222 2 1
 2.405880 -0.490361 2 2
 2.405880 -0.405106 2 3
 2.405880 -0.373969 2 4
 2.405880 -0.346249 2 5
 2.405880 -0.338798 2 6
 2.405880 -0.130386 2 7
 2.405880 -0.090240 2 8
 2.405880 -0.082265 2 9
 2.405880 -0.056380 2 10
 2.405880 -0.051370 2 11
 2.405880 -0.020168 2 12
 2.405880 -0.008863 2 13
 2.405880 -0.000003 2 14
 2.405880  0.085295 2 15
 2.405880  0.094038 2 16
 2.430387 -0.521041 2 1
 2.430387 -0.489765 2 2
 2.430387 -0.402841 2 3
 2.430387 -0.374090 2 4
 2.430387 -0.340996 2 5
 2.430387 -0.335693 2 6
 2.430387 -0.135016 2 7
 2.430387 -0.090410 2 8
 2.430387 -0.081176 2 9
 2.430387 -0.056297 2 10
 2.430387 -0.051771 2 11
 2.430387 -0.020138 2 12
 2.430387 -0.008613 2 13
 2.430387  0.000234 2 14
 2.430387  0.084714 2 15
 2.430387  0.098360 2 16
 2.454894 -0.527487 2 1
 2.454894 -0.489415 2 2
 2.454894 -0.400647 2 3
 2.454894 -0.374339 2 4
 2.454894 -0.335570 2 5
 2.454894 -0.332535 2 6
 2.454894 -0.139877 2 7
 2.454894 -0.090539 2 8
 2.454894 -0.080209 2 9
 2.454894 -0.056296 2 10
 2.454894 -0.052194 2 11
 2.454894 -0.020340 2 12
 2.454894 -0.008530 2 13
 2.454894  0.000346 2 14
 2.454894  0.085274 2 15
 2.454894  0.102680 2 16
 2.479401 -0.533527 2 1
 2.479401 -0.489227 2 2
 2.479401 -0.398557 2 3
 2.479401 -0.374704 2 4
 2.479401 -0.330138 2 5
 2.479401 -0.329324 2 6
 2.479401 -0.144889 2 7
 2.479401 -0.090647 2 8
 2.479401 -0.079368 2 9
 2.479401 -0.056466 2 10
 2.479401 -0.052559 2 11
 2.479401 -0.020827 2 12
 2.479401 -0.008521 2 13
 2.479401  0.000364 2 14
 2.479401  0.086987 2 15
 2.479401  0.106916 2 16
 2.503908 -0.539190 2 1
 2.503908 -0.489103 2 2
 2.503908 -0.396565 2 3
 2.503908 -0.375161 2 4
 2.503908 -0.326566 2 5
 2.503908 -0.324350 2 6
 2.503908 -0.149973 2 7
 2.503908 -0.090749 2 8
 2.503908 -0.078639 2 9
 2.503908 -0.056926 2 10
 2.503908 -0.052757 2 11
 2.503908 -0.021613 2 12
 2.503908 -0.008502 2 13
 2.503908  0.000338 2 14
 2.503908  0.089770 2 15
 2.503908  0.111016 2 16
 2.528415 -0.544520 2 1
 2.528415 -0.488957 2 2
 2.528415 -0.394647 2 3
 2.528415 -0.375676 2 4
 2.528415 -0.323741 2 5
 2.528415 -0.318851 2 6
 2.528415 -0.155040 2 7
 2.528415 -0.090851 2 8
 2.528415 -0.077998 2 9
 2.528415 -0.057731 2 10
 2.528415 -0.052748 2 11
 2.528415 -0.022643 2 12
 2.528415 -0.008421 2 13
 2.528415  0.000317 2 14
 2.528415  0.093471 2 15
 2.528415  0.114920 2 16
 2.552922 -0.549549 2 1
 2.552922 -0.488740 2 2
 2.552922 -0.392783 2 3
 2.552922 -0.376215 2 4
 2.552922 -0.321055 2 5
 2.552922 -0.313512 2 6
 2.552922 -0.159991 2 7
 2.552922 -0.090958 2 8
 2.552922 -0.077425 2 9
 2.552922 -0.058825 2 10
 2.552922 -0.052591 2 11
 2.552922 -0.023797 2 12
 2.552922 -0.008267 2 13
 2.552922  0.000328 2 14
 2.552922  0.097888 2 15
 2.552922  0.118563 2 16
 2.577428 -0.554263 2 1
 2.577428 -0.488441 2 2
 2.577428 -0.390969 2 3
 2.577428 -0.376754 2 4
 2.577428 -0.318421 2 5
 2.577428 -0.308521 2 6
 2.577428 -0.164695 2 7
 2.577428 -0.091071 2 8
 2.577428 -0.076912 2 9
 2.577428 -0.060095 2 10
 2.577428 -0.052376 2 11
 2.577428 -0.024916 2 12
 2.577428 -0.008055 2 13
 2.577428  0.000369 2 14
 2.577428  0.102787 2 15
 2.577428  0.121868 2 16
 2.601935 -0.558598 2 1
 2.601935 -0.488078 2 2
 2.601935 -0.389220 2 3
 2.601935 -0.377286 2 4
 2.601935 -0.315783 2 5
 2.601935 -0.304089 2 6
 2.601935 -0.168995 2 7
 2.601935 -0.091192 2 8
 2.601935 -0.076465 2 9
 2.601935 -0.061415 2 10
 2.601935 -0.052169 2 11
 2.601935 -0.025852 2 12
 2.601935 -0.007814 2 13
 2.601935  0.000419 2 14
 2.601935  0.107923 2 15
 2.601935  0.124761 2 16
 2.626442 -0.562451 2 1
 2.626442 -0.487680 2 2
 2.626442 -0.387571 2 3
 2.626442 -0.377814 2 4
 2.626442 -0.313143 2 5
 2.626442 -0.300467 2 6
 2.626442 -0.172713 2 7
 2.626442 -0.091319 2 8
 2.626442 -0.076101 2 9
 2.626442 -0.062654 2 10
 2.626442 -0.052010 2 11
 2.626442 -0.026504 2 12
 2.626442 -0.007573 2 13
 2.626442  0.000450 2 14
 2.626442  0.113059 2 15
 2.626442  0.127182 2 16
 2.650949 -0.565717 2 1
 2.650949 -0.487268 2 2
 2.650949 -0.386078 2 3
 2.650949 -0.378339 2 4
 2.650949 -0.310569 2 5
 2.650949 -0.297902 2 6
 2.650949 -0.175678 2 7
 2.650949 -0.091438 2 8
 2.650949 -0.075833 2 9
 2.650949 -0.063698 2 10
 2.650949 -0.051912 2 11
 2.650949 -0.026839 2 12
 2.650949 -0.007358 2 13
 2.650949  0.000439 2 14
 2.650949  0.117965 2 15
 2.650949  0.129107 2 16
 2.675456 -0.568323 2 1
 2.675456 -0.486846 2 2
 2.675456 -0.384812 2 3
 2.675456 -0.378834 2 4
 2.675456 -0.308197 2 5
 2.675456 -0.296615 2 6
 2.675456 -0.177751 2 7
 2.675456 -0.091519 2 8
 2.675456 -0.075668 2 9
 2.675456 -0.064471 2 10
 2.675456 -0.051874 2 11
 2.675456 -0.026889 2 12
 2.675456 -0.007190 2 13
 2.675456  0.000373 2 14
 2.675456  0.122413 2 15
 2.675456  0.130570 2 16
 2.675456 -0.568323 2 1
 2.675456 -0.486846 2 2
 2.675456 -0.384812 2 3
 2.675456 -0.378834 2 4
 2.675456 -0.308197 2 5
 2.675456 -0.296615 2 6
 2.675456 -0.177751 2 7
 2.675456 -0.091519 2 8
 2.675456 -0.075668 2 9
 2.675456 -0.064471 2 10
 2.675456 -0.051874 2 11
 2.675456 -0.026889 2 12
 2.675456 -0.007190 2 13
 2.675456  0.000373 2 14
 2.675456  0.122413 2 15
 2.675456  0.130570 2 16
 2.694592 -0.567170 2 1
 2.694592 -0.487584 2 2
 2.694592 -0.384666 2 3
 2.694592 -0.379073 2 4
 2.694592 -0.304358 2 5
 2.694592 -0.295163 2 6
 2.694592 -0.179265 2 7
 2.694592 -0.092492 2 8
 2.694592 -0.075847 2 9
 2.694592 -0.065676 2 10
 2.694592 -0.051484 2 11
 2.694592 -0.026030 2 12
 2.694592 -0.007434 2 13
 2.694592  0.000293 2 14
 2.694592  0.119305 2 15
 2.694592  0.131234 2 16
 2.713729 -0.565447 2 1
 2.713729 -0.488228 2 2
 2.713729 -0.384290 2 3
 2.713729 -0.379177 2 4
 2.713729 -0.300881 2 5
 2.713729 -0.293831 2 6
 2.713729 -0.180516 2 7
 2.713729 -0.093398 2 8
 2.713729 -0.076114 2 9
 2.713729 -0.066951 2 10
 2.713729 -0.051119 2 11
 2.713729 -0.025237 2 12
 2.713729 -0.007725 2 13
 2.713729  0.000157 2 14
 2.713729  0.115846 2 15
 2.713729  0.131730 2 16
 2.732866 -0.563180 2 1
 2.732866 -0.488767 2 2
 2.732866 -0.383679 2 3
 2.732866 -0.379149 2 4
 2.732866 -0.297802 2 5
 2.732866 -0.292630 2 6
 2.732866 -0.181468 2 7
 2.732866 -0.094207 2 8
 2.732866 -0.076483 2 9
 2.732866 -0.068308 2 10
 2.732866 -0.050788 2 11
 2.732866 -0.024536 2 12
 2.732866 -0.008050 2 13
 2.732866 -0.000021 2 14
 2.732866  0.112076 2 15
 2.732866  0.132069 2 16
 2.752002 -0.560389 2 1
 2.752002 -0.489188 2 2
 2.752002 -0.382833 2 3
 2.752002 -0.378986 2 4
 2.752002 -0.295162 2 5
 2.752002 -0.291571 2 6
 2.752002 -0.182081 2 7
 2.752002 -0.094892 2 8
 2.752002 -0.076967 2 9
 2.752002 -0.069753 2 10
 2.752002 -0.050504 2 11
 2.752002 -0.023952 2 12
 2.752002 -0.008398 2 13
 2.752002 -0.000225 2 14
 2.752002  0.108028 2 15
 2.752002  0.132260 2 16
 2.771139 -0.557107 2 1
 2.771139 -0.489480 2 2
 2.771139 -0.381751 2 3
 2.771139 -0.378690 2 4
 2.771139 -0.292986 2 5
 2.771139 -0.290661 2 6
 2.771139 -0.182327 2 7
 2.771139 -0.095431 2 8
 2.771139 -0.077575 2 9
 2.771139 -0.071285 2 10
 2.771139 -0.050275 2 11
 2.771139 -0.023502 2 12
 2.771139 -0.008759 2 13
 2.771139 -0.000447 2 14
 2.771139  0.103752 2 15
 2.771139  0.132318 2 16
 2.790276 -0.553361 2 1
 2.790276 -0.489630 2 2
 2.790276 -0.380431 2 3
 2.790276 -0.378257 2 4
 2.790276 -0.291291 2 5
 2.790276 -0.289900 2 6
 2.790276 -0.182185 2 7
 2.790276 -0.095806 2 8
 2.790276 -0.078311 2 9
 2.790276 -0.072904 2 10
 2.790276 -0.050110 2 11
 2.790276 -0.023194 2 12
 2.790276 -0.009124 2 13
 2.790276 -0.000680 2 14
 2.790276  0.099288 2 15
 2.790276  0.132255 2 16
 2.809412 -0.549193 2 1
 2.809412 -0.489624 2 2
 2.809412 -0.378879 2 3
 2.809412 -0.377688 2 4
 2.809412 -0.290088 2 5
 2.809412 -0.289291 2 6
 2.809412 -0.181641 2 7
 2.809412 -0.096005 2 8
 2.809412 -0.079173 2 9
 2.809412 -0.074596 2 10
 2.809412 -0.050015 2 11
 2.809412 -0.023033 2 12
 2.809412 -0.009484 2 13
 2.809412 -0.000923 2 14
 2.809412  0.094694 2 15
 2.809412  0.132081 2 16
 2.828549 -0.544644 2 1
 2.828549 -0.489450 2 2
 2.828549 -0.377107 2 3
 2.828549 -0.376971 2 4
 2.828549 -0.289370 2 5
 2.828549 -0.288829 2 6
 2.828549 -0.180700 2 7
 2.828549 -0.096017 2 8
 2.828549 -0.080152 2 9
 2.828549 -0.076351 2 10
 2.828549 -0.049997 2 11
 2.828549 -0.023012 2 12
 2.828549 -0.009837 2 13
 2.828549 -0.001184 2 14
 2.828549  0.090029 2 15
 2.828549  0.131808 2 16
 2.847686 -0.539757 2 1
 2.847686 -0.489092 2 2
 2.847686 -0.376139 2 3
 2.847686 -0.375087 2 4
 2.847686 -0.289116 2 5
 2.847686 -0.288507 2 6
 2.847686 -0.179376 2 7
 2.847686 -0.095841 2 8
 2.847686 -0.081233 2 9
 2.847686 -0.078150 2 10
 2.847686 -0.050062 2 11
 2.847686 -0.023120 2 12
 2.847686 -0.010179 2 13
 2.847686 -0.001471 2 14
 2.847686  0.085352 2 15
 2.847686  0.131443 2 16
 2.866822 -0.534580 2 1
 2.866822 -0.488536 2 2
 2.866822 -0.375156 2 3
 2.866822 -0.372862 2 4
 2.866822 -0.289296 2 5
 2.866822 -0.288313 2 6
 2.866822 -0.177696 2 7
 2.866822 -0.095482 2 8
 2.866822 -0.082391 2 9
 2.866822 -0.079969 2 10
 2.866822 -0.050216 2 11
 2.866822 -0.023344 2 12
 2.866822 -0.010511 2 13
 2.866822 -0.001799 2 14
 2.866822  0.080727 2 15
 2.866822  0.130992 2 16
 2.885959 -0.529165 2 1
 2.885959 -0.487765 2 2
 2.885959 -0.374039 2 3
 2.885959 -0.370425 2 4
 2.885959 -0.289871 2 5
 2.885959 -0.288235 2 6
 2.885959 -0.175698 2 7
 2.885959 -0.094958 2 8
 2.885959 -0.083598 2 9
 2.885959 -0.081776 2 10
 2.885959 -0.050468 2 11
 2.885959 -0.023668 2 12
 2.885959 -0.010835 2 13
 2.885959 -0.002184 2 14
 2.885959  0.076228 2 15
 2.885959  0.130459 2 16
 2.905095 -0.523573 2 1
 2.905095 -0.486765 2 2
 2.905095 -0.372792 2 3
 2.905095 -0.367791 2 4
 2.905095 -0.290793 2 5
 2.905095 -0.288259 2 6
 2.905095 -0.173429 2 7
 2.905095 -0.094314 2 8
 2.905095 -0.084814 2 9
 2.905095 -0.083509 2 10
 2.905095 -0.050829 2 11
 2.905095 -0.024078 2 12
 2.905095 -0.011154 2 13
 2.905095 -0.002639 2 14
 2.905095  0.071934 2 15
 2.905095  0.129843 2 16
 2.924232 -0.517862 2 1
 2.924232 -0.485519 2 2
 2.924232 -0.371424 2 3
 2.924232 -0.364967 2 4
 2.924232 -0.292016 2 5
 2.924232 -0.288370 2 6
 2.924232 -0.170935 2 7
 2.924232 -0.093655 2 8
 2.924232 -0.085996 2 9
 2.924232 -0.085056 2 10
 2.924232 -0.051312 2 11
 2.924232 -0.024560 2 12
 2.924232 -0.011471 2 13
 2.924232 -0.003178 2 14
 2.924232  0.067920 2 15
 2.924232  0.129142 2 16
 2.943369 -0.512092 2 1
 2.943369 -0.484008 2 2
 2.943369 -0.369944 2 3
 2.943369 -0.361964 2 4
 2.943369 -0.293489 2 5
 2.943369 -0.288553 2 6
 2.943369 -0.168265 2 7
 2.943369 -0.093223 2 8
 2.943369 -0.087098 2 9
 2.943369 -0.086171 2 10
 2.943369 -0.051936 2 11
 2.943369 -0.025104 2 12
 2.943369 -0.011790 2 13
 2.943369 -0.003811 2 14
 2.943369  0.064264 2 15
 2.943369  0.128351 2 16
 2.962505 -0.506331 2 1
 2.962505 -0.482213 2 2
 2.962505 -0.368362 2 3
 2.962505 -0.358790 2 4
 2.962505 -0.295170 2 5
 2.962505 -0.288795 2 6
 2.962505 -0.165467 2 7
 2.962505 -0.093417 2 8
 2.962505 -0.088066 2 9
 2.962505 -0.086450 2 10
 2.962505 -0.052721 2 11
 2.962505 -0.025701 2 12
 2.962505 -0.012115 2 13
 2.962505 -0.004546 2 14
 2.962505  0.061049 2 15
 2.962505  0.127464 2 16
 2.981642 -0.500659 2 1
 2.981642 -0.480115 2 2
 2.981642 -0.366696 2 3
 2.981642 -0.355464 2 4
 2.981642 -0.297012 2 5
 2.981642 -0.289083 2 6
 2.981642 -0.162592 2 7
 2.981642 -0.094381 2 8
 2.981642 -0.088849 2 9
 2.981642 -0.085750 2 10
 2.981642 -0.053692 2 11
 2.981642 -0.026342 2 12
 2.981642 -0.012446 2 13
 2.981642 -0.005383 2 14
 2.981642  0.058349 2 15
 2.981642  0.126472 2 16
 3.000779 -0.495150 2 1
 3.000779 -0.477686 2 2
 3.000779 -0.364962 2 3
 3.000779 -0.351996 2 4
 3.000779 -0.298978 2 5
 3.000779 -0.289406 2 6
 3.000779 -0.159679 2 7
 3.000779 -0.095826 2 8
 3.000779 -0.089391 2 9
 3.000779 -0.084363 2 10
 3.000779 -0.054877 2 11
 3.000779 -0.027020 2 12
 3.000779 -0.012785 2 13
 3.000779 -0.006323 2 14
 3.000779  0.056223 2 15
 3.000779  0.125367 2 16
 3.019915 -0.489885 2 1
 3.019915 -0.474904 2 2
 3.019915 -0.363177 2 3
 3.019915 -0.348404 2 4
 3.019915 -0.301037 2 5
 3.019915 -0.289757 2 6
 3.019915 -0.156769 2 7
 3.019915 -0.097486 2 8
 3.019915 -0.089640 2 9
 3.019915 -0.082565 2 10
 3.019915 -0.056294 2 11
 3.019915 -0.027724 2 12
 3.019915 -0.013128 2 13
 3.019915 -0.007356 2 14
 3.019915  0.054722 2 15
 3.019915  0.124140 2 16
 3.039052 -0.484926 2 1
 3.039052 -0.471755 2 2
 3.039052 -0.361358 2 3
 3.039052 -0.344702 2 4
 3.039052 -0.303163 2 5
 3.039052 -0.290130 2 6
 3.039052 -0.153893 2 7
 3.039052 -0.099233 2 8
 3.039052 -0.089546 2 9
 3.039052 -0.080497 2 10
 3.039052 -0.057961 2 11
 3.039052 -0.028444 2 12
 3.039052 -0.013470 2 13
 3.039052 -0.008473 2 14
 3.039052  0.053867 2 15
 3.039052  0.122781 2 16
 3.058189 -0.480317 2 1
 3.058189 -0.468265 2 2
 3.058189 -0.359528 2 3
 3.058189 -0.340922 2 4
 3.058189 -0.305325 2 5
 3.058189 -0.290519 2 6
 3.058189 -0.151084 2 7
 3.058189 -0.101002 2 8
 3.058189 -0.089062 2 9
 3.058189 -0.078240 2 10
 3.058189 -0.059882 2 11
 3.058189 -0.029167 2 12
 3.058189 -0.013804 2 13
 3.058189 -0.009655 2 14
 3.058189  0.053659 2 15
 3.058189  0.121288 2 16
 3.077325 -0.476031 2 1
 3.077325 -0.464508 2 2
 3.077325 -0.357703 2 3
 3.077325 -0.337090 2 4
 3.077325 -0.307506 2 5
 3.077325 -0.290923 2 6
 3.077325 -0.148364 2 7
 3.077325 -0.102765 2 8
 3.077325 -0.088155 2 9
 3.077325 -0.075845 2 10
 3.077325 -0.062048 2 11
 3.077325 -0.029881 2 12
 3.077325 -0.014118 2 13
 3.077325 -0.010883 2 14
 3.077325  0.054073 2 15
 3.077325  0.119655 2 16
 3.096462 -0.471993 2 1
 3.096462 -0.460606 2 2
 3.096462 -0.355899 2 3
 3.096462 -0.333238 2 4
 3.096462 -0.309693 2 5
 3.096462 -0.291341 2 6
 3.096462 -0.145745 2 7
 3.096462 -0.104503 2 8
 3.096462 -0.086799 2 9
 3.096462 -0.073354 2 10
 3.096462 -0.064435 2 11
 3.096462 -0.030576 2 12
 3.096462 -0.014401 2 13
 3.096462 -0.012134 2 14
 3.096462  0.055061 2 15
 3.096462  0.117879 2 16
 3.115598 -0.468124 2 1
 3.115598 -0.456695 2 2
 3.115598 -0.354135 2 3
 3.115598 -0.329418 2 4
 3.115598 -0.311863 2 5
 3.115598 -0.291770 2 6
 3.115598 -0.143244 2 7
 3.115598 -0.106201 2 8
 3.115598 -0.084987 2 9
 3.115598 -0.070818 2 10
 3.115598 -0.067002 2 11
 3.115598 -0.031240 2 12
 3.115598 -0.014651 2 13
 3.115598 -0.013367 2 14
 3.115598  0.056553 2 15
 3.115598  0.115970 2 16
 3.134735 -0.464352 2 1
 3.134735 -0.452893 2 2
 3.134735 -0.352424 2 3
 3.134735 -0.325680 2 4
 3.134735 -0.314005 2 5
 3.134735 -0.292213 2 6
 3.134735 -0.140865 2 7
 3.134735 -0.107848 2 8
 3.134735 -0.082735 2 9
 3.134735 -0.069696 2 10
 3.134735 -0.068277 2 11
 3.134735 -0.031866 2 12
 3.134735 -0.014999 2 13
 3.134735 -0.014406 2 14
 3.134735  0.058468 2 15
 3.134735  0.113934 2 16
 3.153872 -0.460632 2 1
 3.153872 -0.449281 2 2
 3.153872 -0.350776 2 3
 3.153872 -0.322101 2 4
 3.153872 -0.316080 2 5
 3.153872 -0.292669 2 6
 3.153872 -0.138608 2 7
 3.153872 -0.109436 2 8
 3.153872 -0.080101 2 9
 3.153872 -0.072428 2 10
 3.153872 -0.065783 2 11
 3.153872 -0.032448 2 12
 3.153872 -0.015959 2 13
 3.153872 -0.014687 2 14
 3.153872  0.060715 2 15
 3.153872  0.111782 2 16
 3.173008 -0.456942 2 1
 3.173008 -0.445911 2 2
 3.173008 -0.349202 2 3
 3.173008 -0.319257 2 4
 3.173008 -0.317556 2 5
 3.173008 -0.293138 2 6
 3.173008 -0.136473 2 7
 3.173008 -0.110956 2 8
 3.173008 -0.077453 2 9
 3.173008 -0.074829 2 10
 3.173008 -0.063378 2 11
 3.173008 -0.032981 2 12
 3.173008 -0.017039 2 13
 3.173008 -0.014646 2 14
 3.173008  0.063199 2 15
 3.173008  0.109533 2 16
 3.192145 -0.453279 2 1
 3.192145 -0.442816 2 2
 3.192145 -0.347705 2 3
 3.192145 -0.320498 2 4
 3.192145 -0.315127 2 5
 3.192145 -0.293624 2 6
 3.192145 -0.134461 2 7
 3.192145 -0.112402 2 8
 3.192145 -0.078448 2 9
 3.192145 -0.073261 2 10
 3.192145 -0.061107 2 11
 3.192145 -0.033463 2 12
 3.192145 -0.018015 2 13
 3.192145 -0.014441 2 14
 3.192145  0.065828 2 15
 3.192145  0.107207 2 16
 3.211282 -0.449657 2 1
 3.211282 -0.440017 2 2
 3.211282 -0.346296 2 3
 3.211282 -0.322441 2 4
 3.211282 -0.312211 2 5
 3.211282 -0.294120 2 6
 3.211282 -0.132577 2 7
 3.211282 -0.113766 2 8
 3.211282 -0.081020 2 9
 3.211282 -0.069842 2 10
 3.211282 -0.059014 2 11
 3.211282 -0.033893 2 12
 3.211282 -0.018808 2 13
 3.211282 -0.014079 2 14
 3.211282  0.068505 2 15
 3.211282  0.104837 2 16
 3.230418 -0.446091 2 1
 3.230418 -0.437515 2 2
 3.230418 -0.344975 2 3
 3.230418 -0.324369 2 4
 3.230418 -0.309550 2 5
 3.230418 -0.294625 2 6
 3.230418 -0.130827 2 7
 3.230418 -0.115041 2 8
 3.230418 -0.083548 2 9
 3.230418 -0.066276 2 10
 3.230418 -0.057129 2 11
 3.230418 -0.034279 2 12
 3.230418 -0.019333 2 13
 3.230418 -0.013560 2 14
 3.230418  0.071149 2 15
 3.230418  0.102450 2 16
 3.249555 -0.442605 2 1
 3.249555 -0.435301 2 2
 3.249555 -0.343744 2 3
 3.249555 -0.326244 2 4
 3.249555 -0.307195 2 5
 3.249555 -0.295138 2 6
 3.249555 -0.129218 2 7
 3.249555 -0.116225 2 8
 3.249555 -0.085917 2 9
 3.249555 -0.062795 2 10
 3.249555 -0.055469 2 11
 3.249555 -0.034637 2 12
 3.249555 -0.019492 2 13
 3.249555 -0.012891 2 14
 3.249555  0.073687 2 15
 3.249555  0.100080 2 16
 3.268692 -0.439236 2 1
 3.268692 -0.433370 2 2
 3.268692 -0.342609 2 3
 3.268692 -0.328040 2 4
 3.268692 -0.305170 2 5
 3.268692 -0.295647 2 6
 3.268692 -0.127764 2 7
 3.268692 -0.117309 2 8
 3.268692 -0.088075 2 9
 3.268692 -0.059582 2 10
 3.268692 -0.054045 2 11
 3.268692 -0.034992 2 12
 3.268692 -0.019176 2 13
 3.268692 -0.012095 2 14
 3.268692  0.076051 2 15
 3.268692  0.097770 2 16
 3.287828 -0.436026 2 1
 3.287828 -0.431703 2 2
 3.287828 -0.341571 2 3
 3.287828 -0.329745 2 4
 3.287828 -0.303471 2 5
 3.287828 -0.296150 2 6
 3.287828 -0.126475 2 7
 3.287828 -0.118292 2 8
 3.287828 -0.089989 2 9
 3.287828 -0.056792 2 10
 3.287828 -0.052850 2 11
 3.287828 -0.035372 2 12
 3.287828 -0.018312 2 13
 3.287828 -0.011205 2 14
 3.287828  0.078193 2 15
 3.287828  0.095556 2 16
 3.306965 -0.433025 2 1
 3.306965 -0.430274 2 2
 3.306965 -0.340632 2 3
 3.306965 -0.331338 2 4
 3.306965 -0.302084 2 5
 3.306965 -0.296636 2 6
 3.306965 -0.125360 2 7
 3.306965 -0.119168 2 8
 3.306965 -0.091642 2 9
 3.306965 -0.054518 2 10
 3.306965 -0.051868 2 11
 3.306965 -0.035794 2 12
 3.306965 -0.016897 2 13
 3.306965 -0.010262 2 14
 3.306965  0.080078 2 15
 3.306965  0.093480 2 16
 3.326102 -0.430325 2 1
 3.326102 -0.429020 2 2
 3.326102 -0.339799 2 3
 3.326102 -0.332798 2 4
 3.326102 -0.300986 2 5
 3.326102 -0.297093 2 6
 3.326102 -0.124422 2 7
 3.326102 -0.119935 2 8
 3.326102 -0.093027 2 9
 3.326102 -0.052779 2 10
 3.326102 -0.051073 2 11
 3.326102 -0.036253 2 12
 3.326102 -0.015033 2 13
 3.326102 -0.009316 2 14
 3.326102  0.081685 2 15
 3.326102  0.091581 2 16
 3.345238 -0.428438 2 1
 3.345238 -0.427465 2 2
 3.345238 -0.339074 2 3
 3.345238 -0.334102 2 4
 3.345238 -0.300142 2 5
 3.345238 -0.297512 2 6
 3.345238 -0.123659 2 7
 3.345238 -0.120589 2 8
 3.345238 -0.094148 2 9
 3.345238 -0.051528 2 10
 3.345238 -0.050438 2 11
 3.345238 -0.036725 2 12
 3.345238 -0.012912 2 13
 3.345238 -0.008414 2 14
 3.345238  0.083008 2 15
 3.345238  0.089897 2 16
 3.364375 -0.427537 2 1
 3.364375 -0.425478 2 2
 3.364375 -0.338468 2 3
 3.364375 -0.335221 2 4
 3.364375 -0.299521 2 5
 3.364375 -0.297876 2 6
 3.364375 -0.123065 2 7
 3.364375 -0.121129 2 8
 3.364375 -0.095018 2 9
 3.364375 -0.050680 2 10
 3.364375 -0.049935 2 11
 3.364375 -0.037175 2 12
 3.364375 -0.010771 2 13
 3.364375 -0.007605 2 14
 3.364375  0.084047 2 15
 3.364375  0.088470 2 16
 3.383511 -0.426933 2 1
 3.383511 -0.423783 2 2
 3.383511 -0.337987 2 3
 3.383511 -0.336129 2 4
 3.383511 -0.299087 2 5
 3.383511 -0.298173 2 6
 3.383511 -0.122626 2 7
 3.383511 -0.121550 2 8
 3.383511 -0.095659 2 9
 3.383511 -0.050139 2 10
 3.383511 -0.049548 2 11
 3.383511 -0.037567 2 12
 3.383511 -0.008839 2 13
 3.383511 -0.006930 2 14
 3.383511  0.084813 2 15
 3.383511  0.087334 2 16
 3.402648 -0.426521 2 1
 3.402648 -0.422521 2 2
 3.402648 -0.337636 2 3
 3.402648 -0.336801 2 4
 3.402648 -0.298809 2 5
 3.402648 -0.298389 2 6
 3.402648 -0.122328 2 7
 3.402648 -0.121853 2 8
 3.402648 -0.096095 2 9
 3.402648 -0.049814 2 10
 3.402648 -0.049275 2 11
 3.402648 -0.037870 2 12
 3.402648 -0.007311 2 13
 3.402648 -0.006421 2 14
 3.402648  0.085308 2 15
 3.402648  0.086534 2 16
 3.421785 -0.426279 2 1
 3.421785 -0.421745 2 2
 3.421785 -0.337424 2 3
 3.421785 -0.337213 2 4
 3.421785 -0.298680 2 5
 3.421785 -0.298496 2 6
 3.421785 -0.122156 2 7
 3.421785 -0.122034 2 8
 3.421785 -0.096347 2 9
 3.421785 -0.049640 2 10
 3.421785 -0.049115 2 11
 3.421785 -0.038061 2 12
 3.421785 -0.006335 2 13
 3.421785 -0.006107 2 14
 3.421785  0.085493 2 15
 3.421785  0.086148 2 16
 3.440921 -0.426200 2 1
 3.440921 -0.421483 2 2
 3.440921 -0.337358 2 3
 3.440921 -0.337346 2 4
 3.440921 -0.298666 2 5
 3.440921 -0.298505 2 6
 3.440921 -0.122111 2 7
 3.440921 -0.122084 2 8
 3.440921 -0.096429 2 9
 3.440921 -0.049586 2 10
 3.440921 -0.049062 2 11
 3.440921 -0.038126 2 12
 3.440921 -0.006010 2 13
 3.440921 -0.005990 2 14
 3.440921  0.085480 2 15
 3.440921  0.086091 2 16
 3.440921 -0.426200 2 1
 3.440921 -0.421483 2 2
 3.440921 -0.337358 2 3
 3.440921 -0.337346 2 4
 3.440921 -0.298666 2 5
 3.440921 -0.298505 2 6
 3.440921 -0.122111 2 7
 3.440921 -0.122084 2 8
 3.440921 -0.096429 2 9
 3.440921 -0.049586 2 10
 3.440921 -0.049062 2 11
 3.440921 -0.038126 2 12
 3.440921 -0.006010 2 13
 3.440921 -0.005990 2 14
 3.440921  0.085480 2 15
 3.440921  0.086091 2 16
 3.451747 -0.430189 2 1
 3.451747 -0.417500 2 2
 3.451747 -0.337567 2 3
 3.451747 -0.337553 2 4
 3.451747 -0.298338 2 5
 3.451747 -0.298178 2 6
 3.451747 -0.122125 2 7
 3.451747 -0.122098 2 8
 3.451747 -0.096452 2 9
 3.451747 -0.049568 2 10
 3.451747 -0.049045 2 11
 3.451747 -0.038069 2 12
 3.451747 -0.006194 2 13
 3.451747 -0.006173 2 14
 3.451747  0.085621 2 15
 3.451747  0.086231 2 16
 3.462572 -0.435945 2 1
 3.462572 -0.411749 2 2
 3.462572 -0.338164 2 3
 3.462572 -0.338149 2 4
 3.462572 -0.297393 2 5
 3.462572 -0.297235 2 6
 3.462572 -0.122167 2 7
 3.462572 -0.122140 2 8
 3.462572 -0.096524 2 9
 3.462572 -0.049515 2 10
 3.462572 -0.048993 2 11
 3.462572 -0.037902 2 12
 3.462572 -0.006739 2 13
 3.462572 -0.006716 2 14
 3.462572  0.086037 2 15
 3.462572  0.086647 2 16
 3.473397 -0.441982 2 1
 3.473397 -0.405679 2 2
 3.473397 -0.339082 2 3
 3.473397 -0.339064 2 4
 3.473397 -0.295931 2 5
 3.473397 -0.295776 2 6
 3.473397 -0.122236 2 7
 3.473397 -0.122209 2 8
 3.473397 -0.096647 2 9
 3.473397 -0.049427 2 10
 3.473397 -0.048906 2 11
 3.473397 -0.037640 2 12
 3.473397 -0.007627 2 13
 3.473397 -0.007599 2 14
 3.473397  0.086713 2 15
 3.473397  0.087322 2 16
 3.484223 -0.448211 2 1
 3.484223 -0.399327 2 2
 3.484223 -0.340236 2 3
 3.484223 -0.340216 2 4
 3.484223 -0.294082 2 5
 3.484223 -0.293929 2 6
 3.484223 -0.122331 2 7
 3.484223 -0.122302 2 8
 3.484223 -0.096826 2 9
 3.484223 -0.049304 2 10
 3.484223 -0.048785 2 11
 3.484223 -0.037302 2 12
 3.484223 -0.008829 2 13
 3.484223 -0.008794 2 14
 3.484223  0.087626 2 15
 3.484223  0.088234 2 16
 3.495048 -0.454589 2 1
 3.495048 -0.392671 2 2
 3.495048 -0.341554 2 3
 3.495048 -0.341531 2 4
 3.495048 -0.291968 2 5
 3.495048 -0.291820 2 6
 3.495048 -0.122449 2 7
 3.495048 -0.122419 2 8
 3.495048 -0.097063 2 9
 3.495048 -0.049147 2 10
 3.495048 -0.048630 2 11
 3.495048 -0.036911 2 12
 3.495048 -0.010311 2 13
 3.495048 -0.010268 2 14
 3.495048  0.088749 2 15
 3.495048  0.089355 2 16
 3.505873 -0.461056 2 1
 3.505873 -0.385711 2 2
 3.505873 -0.342989 2 3
 3.505873 -0.342962 2 4
 3.505873 -0.289692 2 5
 3.505873 -0.289548 2 6
 3.505873 -0.122588 2 7
 3.505873 -0.122557 2 8
 3.505873 -0.097361 2 9
 3.505873 -0.048958 2 10
 3.505873 -0.048444 2 11
 3.505873 -0.036490 2 12
 3.505873 -0.012039 2 13
 3.505873 -0.011987 2 14
 3.505873  0.090051 2 15
 3.505873  0.090655 2 16
 3.516699 -0.467535 2 1
 3.516699 -0.378473 2 2
 3.516699 -0.344515 2 3
 3.516699 -0.344483 2 4
 3.516699 -0.287319 2 5
 3.516699 -0.287180 2 6
 3.516699 -0.122747 2 7
 3.516699 -0.122715 2 8
 3.516699 -0.097720 2 9
 3.516699 -0.048738 2 10
 3.516699 -0.048228 2 11
 3.516699 -0.036058 2 12
 3.516699 -0.013980 2 13
 3.516699 -0.013918 2 14
 3.516699  0.091504 2 15
 3.516699  0.092106 2 16
 3.527524 -0.473939 2 1
 3.527524 -0.371010 2 2
 3.527524 -0.346122 2 3
 3.527524 -0.346087 2 4
 3.527524 -0.284881 2 5
 3.527524 -0.284748 2 6
 3.527524 -0.122924 2 7
 3.527524 -0.122890 2 8
 3.527524 -0.098137 2 9
 3.527524 -0.048492 2 10
 3.527524 -0.047986 2 11
 3.527524 -0.035627 2 12
 3.527524 -0.016109 2 13
 3.527524 -0.016034 2 14
 3.527524  0.093081 2 15
 3.527524  0.093681 2 16
 3.538349 -0.480187 2 1
 3.538349 -0.363397 2 2
 3.538349 -0.347813 2 3
 3.538349 -0.347773 2 4
 3.538349 -0.282381 2 5
 3.538349 -0.282253 2 6
 3.538349 -0.123118 2 7
 3.538349 -0.123082 2 8
 3.538349 -0.098606 2 9
 3.538349 -0.048225 2 10
 3.538349 -0.047724 2 11
 3.538349 -0.035198 2 12
 3.538349 -0.018403 2 13
 3.538349 -0.018316 2 14
 3.538349  0.094760 2 15
 3.538349  0.095358 2 16
 3.549175 -0.486210 2 1
 3.549175 -0.355721 2 2
 3.549175 -0.349586 2 3
 3.549175 -0.349542 2 4
 3.549175 -0.279800 2 5
 3.549175 -0.279678 2 6
 3.549175 -0.123328 2 7
 3.549175 -0.123291 2 8
 3.549175 -0.099120 2 9
 3.549175 -0.047946 2 10
 3.549175 -0.047452 2 11
 3.549175 -0.034768 2 12
 3.549175 -0.020845 2 13
 3.549175 -0.020744 2 14
 3.549175  0.096522 2 15
 3.549175  0.097117 2 16
 3.560000 -0.491960 2 1
 3.560000 -0.351433 2 2
 3.560000 -0.351385 2 3
 3.560000 -0.348069 2 4
 3.560000 -0.277109 2 5
 3.560000 -0.276992 2 6
 3.560000 -0.123554 2 7
 3.560000 -0.123515 2 8
 3.560000 -0.099669 2 9
 3.560000 -0.047669 2 10
 3.560000 -0.047185 2 11
 3.560000 -0.034321 2 12
 3.560000 -0.023419 2 13
 3.560000 -0.023302 2 14
 3.560000  0.098352 2 15
 3.560000  0.098944 2 16
 3.570825 -0.497416 2 1
 3.570825 -0.353333 2 2
 3.570825 -0.353282 2 3
 3.570825 -0.340520 2 4
 3.570825 -0.274280 2 5
 3.570825 -0.274167 2 6
 3.570825 -0.123796 2 7
 3.570825 -0.123754 2 8
 3.570825 -0.100243 2 9
 3.570825 -0.047416 2 10
 3.570825 -0.046943 2 11
 3.570825 -0.033841 2 12
 3.570825 -0.026104 2 13
 3.570825 -0.025967 2 14
 3.570825  0.100237 2 15
 3.570825  0.100826 2 16
 3.581650 -0.502580 2 1
 3.581650 -0.355253 2 2
 3.581650 -0.355198 2 3
 3.581650 -0.333135 2 4
 3.581650 -0.271292 2 5
 3.581650 -0.271183 2 6
 3.581650 -0.124053 2 7
 3.581650 -0.124009 2 8
 3.581650 -0.100834 2 9
 3.581650 -0.047221 2 10
 3.581650 -0.046767 2 11
 3.581650 -0.033305 2 12
 3.581650 -0.028862 2 13
 3.581650 -0.028701 2 14
 3.581650  0.102167 2 15
 3.581650  0.102752 2 16
 3.592476 -0.507481 2 1
 3.592476 -0.357150 2 2
 3.592476 -0.357092 2 3
 3.592476 -0.325951 2 4
 3.592476 -0.268138 2 5
 3.592476 -0.268031 2 6
 3.592476 -0.124324 2 7
 3.592476 -0.124278 2 8
 3.592476 -0.101438 2 9
 3.592476 -0.047148 2 10
 3.592476 -0.046720 2 11
 3.592476 -0.032695 2 12
 3.592476 -0.031628 2 13
 3.592476 -0.031435 2 14
 3.592476  0.104131 2 15
 3.592476  0.104712 2 16
 3.603301 -0.512164 2 1
 3.603301 -0.358979 2 2
 3.603301 -0.358919 2 3
 3.603301 -0.318973 2 4
 3.603301 -0.264827 2 5
 3.603301 -0.264723 2 6
 3.603301 -0.124607 2 7
 3.603301 -0.124559 2 8
 3.603301 -0.102052 2 9
 3.603301 -0.047308 2 10
 3.603301 -0.046922 2 11
 3.603301 -0.034284 2 12
 3.603301 -0.034041 2 13
 3.603301 -0.031996 2 14
 3.603301  0.106120 2 15
 3.603301  0.106696 2 16
 3.614126 -0.516683 2 1
 3.614126 -0.360701 2 2
 3.614126 -0.360639 2 3
 3.614126 -0.312182 2 4
 3.614126 -0.261385 2 5
 3.614126 -0.261283 2 6
 3.614126 -0.124901 2 7
 3.614126 -0.124851 2 8
 3.614126 -0.102681 2 9
 3.614126 -0.047898 2 10
 3.614126 -0.047575 2 11
 3.614126 -0.036614 2 12
 3.614126 -0.036303 2 13
 3.614126 -0.031207 2 14
 3.614126  0.108124 2 15
 3.614126  0.108695 2 16
 3.624952 -0.521093 2 1
 3.624952 -0.362289 2 2
 3.624952 -0.362225 2 3
 3.624952 -0.305533 2 4
 3.624952 -0.257847 2 5
 3.624952 -0.257746 2 6
 3.624952 -0.125203 2 7
 3.624952 -0.125150 2 8
 3.624952 -0.103332 2 9
 3.624952 -0.049171 2 10
 3.624952 -0.048923 2 11
 3.624952 -0.038347 2 12
 3.624952 -0.037957 2 13
 3.624952 -0.030328 2 14
 3.624952  0.110129 2 15
 3.624952  0.110696 2 16
 3.635777 -0.525440 2 1
 3.635777 -0.363734 2 2
 3.635777 -0.363668 2 3
 3.635777 -0.298968 2 4
 3.635777 -0.254255 2 5
 3.635777 -0.254154 2 6
 3.635777 -0.125508 2 7
 3.635777 -0.125452 2 8
 3.635777 -0.104014 2 9
 3.635777 -0.051240 2 10
 3.635777 -0.051051 2 11
 3.635777 -0.039346 2 12
 3.635777 -0.038892 2 13
 3.635777 -0.029376 2 14
 3.635777  0.112125 2 15
 3.635777  0.112687 2 16
 3.646602 -0.529752 2 1
 3.646602 -0.365045 2 2
 3.646602 -0.364977 2 3
 3.646602 -0.292429 2 4
 3.646602 -0.250651 2 5
 3.646602 -0.250552 2 6
 3.646602 -0.125813 2 7
 3.646602 -0.125755 2 8
 3.646602 -0.104737 2 9
 3.646602 -0.053941 2 10
 3.646602 -0.053784 2 11
 3.646602 -0.039744 2 12
 3.646602 -0.039255 2 13
 3.646602 -0.028373 2 14
 3.646602  0.114095 2 15
 3.646602  0.114654 2 16
 3.657428 -0.534036 2 1
 3.657428 -0.366251 2 2
 3.657428 -0.366181 2 3
 3.657428 -0.285865 2 4
 3.657428 -0.247073 2 5
 3.657428 -0.246976 2 6
 3.657428 -0.126113 2 7
 3.657428 -0.126053 2 8
 3.657428 -0.105512 2 9
 3.657428 -0.057021 2 10
 3.657428 -0.056876 2 11
 3.657428 -0.039769 2 12
 3.657428 -0.039264 2 13
 3.657428 -0.027345 2 14
 3.657428  0.116027 2 15
 3.657428  0.116582 2 16
 3.668253 -0.538275 2 1
 3.668253 -0.367390 2 2
 3.668253 -0.367320 2 3
 3.668253 -0.279246 2 4
 3.668253 -0.243549 2 5
 3.668253 -0.243455 2 6
 3.668253 -0.126404 2 7
 3.668253 -0.126342 2 8
 3.668253 -0.106344 2 9
 3.668253 -0.060291 2 10
 3.668253 -0.060148 2 11
 3.668253 -0.039582 2 12
 3.668253 -0.039072 2 13
 3.668253 -0.026324 2 14
 3.668253  0.117904 2 15
 3.668253  0.118456 2 16
 3.679078 -0.542434 2 1
 3.679078 -0.368512 2 2
 3.679078 -0.368440 2 3
 3.679078 -0.272567 2 4
 3.679078 -0.240094 2 5
 3.679078 -0.240005 2 6
 3.679078 -0.126683 2 7
 3.679078 -0.126618 2 8
 3.679078 -0.107234 2 9
 3.679078 -0.063640 2 10
 3.679078 -0.063495 2 11
 3.679078 -0.039274 2 12
 3.679078 -0.038763 2 13
 3.679078 -0.025337 2 14
 3.679078  0.119714 2 15
 3.679078  0.120263 2 16
 3.689904 -0.546463 2 1
 3.689904 -0.369659 2 2
 3.689904 -0.369586 2 3
 3.689904 -0.265847 2 4
 3.689904 -0.236711 2 5
 3.689904 -0.236627 2 6
 3.689904 -0.126947 2 7
 3.689904 -0.126880 2 8
 3.689904 -0.108181 2 9
 3.689904 -0.067006 2 10
 3.689904 -0.066857 2 11
 3.689904 -0.038896 2 12
 3.689904 -0.038385 2 13
 3.689904 -0.024406 2 14
 3.689904  0.121444 2 15
 3.689904  0.121990 2 16
 3.700729 -0.550309 2 1
 3.700729 -0.370866 2 2
 3.700729 -0.370793 2 3
 3.700729 -0.259133 2 4
 3.700729 -0.233393 2 5
 3.700729 -0.233315 2 6
 3.700729 -0.127194 2 7
 3.700729 -0.127125 2 8
 3.700729 -0.109177 2 9
 3.700729 -0.070357 2 10
 3.700729 -0.070203 2 11
 3.700729 -0.038476 2 12
 3.700729 -0.037965 2 13
 3.700729 -0.023548 2 14
 3.700729  0.123085 2 15
 3.700729  0.123629 2 16
 3.711554 -0.553924 2 1
 3.711554 -0.372149 2 2
 3.711554 -0.372076 2 3
 3.711554 -0.252486 2 4
 3.711554 -0.230123 2 5
 3.711554 -0.230051 2 6
 3.711554 -0.127424 2 7
 3.711554 -0.127353 2 8
 3.711554 -0.110214 2 9
 3.711554 -0.073678 2 10
 3.711554 -0.073518 2 11
 3.711554 -0.038031 2 12
 3.711554 -0.037522 2 13
 3.711554 -0.022769 2 14
 3.711554  0.124630 2 15
 3.711554  0.125173 2 16
 3.722380 -0.557267 2 1
 3.722380 -0.373502 2 2
 3.722380 -0.373430 2 3
 3.722380 -0.245982 2 4
 3.722380 -0.226884 2 5
 3.722380 -0.226819 2 6
 3.722380 -0.127637 2 7
 3.722380 -0.127565 2 8
 3.722380 -0.111278 2 9
 3.722380 -0.076964 2 10
 3.722380 -0.076798 2 11
 3.722380 -0.037575 2 12
 3.722380 -0.037068 2 13
 3.722380 -0.022068 2 14
 3.722380  0.126077 2 15
 3.722380  0.126618 2 16
 3.733205 -0.560319 2 1
 3.733205 -0.374896 2 2
 3.733205 -0.374825 2 3
 3.733205 -0.239697 2 4
 3.733205 -0.223666 2 5
 3.733205 -0.223608 2 6
 3.733205 -0.127836 2 7
 3.733205 -0.127762 2 8
 3.733205 -0.112361 2 9
 3.733205 -0.080216 2 10
 3.733205 -0.080045 2 11
 3.733205 -0.037117 2 12
 3.733205 -0.036611 2 13
 3.733205 -0.021437 2 14
 3.733205  0.127426 2 15
 3.733205  0.127966 2 16
 3.744030 -0.563076 2 1
 3.744030 -0.376283 2 2
 3.744030 -0.376213 2 3
 3.744030 -0.233701 2 4
 3.744030 -0.220466 2 5
 3.744030 -0.220413 2 6
 3.744030 -0.128023 2 7
 3.744030 -0.127947 2 8
 3.744030 -0.113451 2 9
 3.744030 -0.083434 2 10
 3.744030 -0.083257 2 11
 3.744030 -0.036665 2 12
 3.744030 -0.036161 2 13
 3.744030 -0.020861 2 14
 3.744030  0.128679 2 15
 3.744030  0.129218 2 16
 3.754856 -0.565549 2 1
 3.754856 -0.377602 2 2
 3.754856 -0.377534 2 3
 3.754856 -0.228053 2 4
 3.754856 -0.217292 2 5
 3.754856 -0.217246 2 6
 3.754856 -0.128200 2 7
 3.754856 -0.128123 2 8
 3.754856 -0.114543 2 9
 3.754856 -0.086612 2 10
 3.754856 -0.086430 2 11
 3.754856 -0.036227 2 12
 3.754856 -0.035725 2 13
 3.754856 -0.020325 2 14
 3.754856  0.129841 2 15
 3.754856  0.130379 2 16
 3.765681 -0.567765 2 1
 3.765681 -0.378788 2 2
 3.765681 -0.378721 2 3
 3.765681 -0.222798 2 4
 3.765681 -0.214170 2 5
 3.765681 -0.214129 2 6
 3.765681 -0.128369 2 7
 3.765681 -0.128290 2 8
 3.765681 -0.115635 2 9
 3.765681 -0.089738 2 10
 3.765681 -0.089550 2 11
 3.765681 -0.035810 2 12
 3.765681 -0.035309 2 13
 3.765681 -0.019813 2 14
 3.765681  0.130916 2 15
 3.765681  0.131454 2 16
 3.776506 -0.569752 2 1
 3.776506 -0.379786 2 2
 3.776506 -0.379719 2 3
 3.776506 -0.217962 2 4
 3.776506 -0.211134 2 5
 3.776506 -0.211099 2 6
 3.776506 -0.128531 2 7
 3.776506 -0.128451 2 8
 3.776506 -0.116727 2 9
 3.776506 -0.092788 2 10
 3.776506 -0.092594 2 11
 3.776506 -0.035419 2 12
 3.776506 -0.034919 2 13
 3.776506 -0.019312 2 14
 3.776506  0.131909 2 15
 3.776506  0.132446 2 16
 3.787332 -0.571542 2 1
 3.787332 -0.380552 2 2
 3.787332 -0.380486 2 3
 3.787332 -0.213561 2 4
 3.787332 -0.208231 2 5
 3.787332 -0.208201 2 6
 3.787332 -0.128687 2 7
 3.787332 -0.128606 2 8
 3.787332 -0.117819 2 9
 3.787332 -0.095726 2 10
 3.787332 -0.095525 2 11
 3.787332 -0.035060 2 12
 3.787332 -0.034561 2 13
 3.787332 -0.018817 2 14
 3.787332  0.132821 2 15
 3.787332  0.133357 2 16
 3.798157 -0.573156 2 1
 3.798157 -0.381071 2 2
 3.798157 -0.381005 2 3
 3.798157 -0.209599 2 4
 3.798157 -0.205513 2 5
 3.798157 -0.205487 2 6
 3.798157 -0.128836 2 7
 3.798157 -0.128754 2 8
 3.798157 -0.118906 2 9
 3.798157 -0.098507 2 10
 3.798157 -0.098300 2 11
 3.798157 -0.034737 2 12
 3.798157 -0.034240 2 13
 3.798157 -0.018326 2 14
 3.798157  0.133651 2 15
 3.798157  0.134188 2 16
 3.808982 -0.574607 2 1
 3.808982 -0.381352 2 2
 3.808982 -0.381284 2 3
 3.808982 -0.206083 2 4
 3.808982 -0.203033 2 5
 3.808982 -0.203013 2 6
 3.808982 -0.128976 2 7
 3.808982 -0.128893 2 8
 3.808982 -0.119977 2 9
 3.808982 -0.101078 2 10
 3.808982 -0.100864 2 11
 3.808982 -0.034453 2 12
 3.808982 -0.033957 2 13
 3.808982 -0.017847 2 14
 3.808982  0.134397 2 15
 3.808982  0.134933 2 16
 3.819807 -0.575891 2 1
 3.819807 -0.381428 2 2
 3.819807 -0.381359 2 3
 3.819807 -0.203023 2 4
 3.819807 -0.200845 2 5
 3.819807 -0.200830 2 6
 3.819807 -0.129105 2 7
 3.819807 -0.129021 2 8
 3.819807 -0.121006 2 9
 3.819807 -0.103382 2 10
 3.819807 -0.103161 2 11
 3.819807 -0.034211 2 12
 3.819807 -0.033716 2 13
 3.819807 -0.017395 2 14
 3.819807  0.135052 2 15
 3.819807  0.135588 2 16
 3.830633 -0.576995 2 1
 3.830633 -0.381354 2 2
 3.830633 -0.381283 2 3
 3.830633 -0.200441 2 4
 3.830633 -0.198995 2 5
 3.830633 -0.198984 2 6
 3.830633 -0.129219 2 7
 3.830633 -0.129134 2 8
 3.830633 -0.121957 2 9
 3.830633 -0.105360 2 10
 3.830633 -0.105133 2 11
 3.830633 -0.034013 2 12
 3.830633 -0.033519 2 13
 3.830633 -0.016986 2 14
 3.830633  0.135606 2 15
 3.830633  0.136142 2 16
 3.841458 -0.577895 2 1
 3.841458 -0.381196 2 2
 3.841458 -0.381125 2 3
 3.841458 -0.198368 2 4
 3.841458 -0.197519 2 5
 3.841458 -0.197513 2 6
 3.841458 -0.129314 2 7
 3.841458 -0.129228 2 8
 3.841458 -0.122780 2 9
 3.841458 -0.106959 2 10
 3.841458 -0.106726 2 11
 3.841458 -0.033859 2 12
 3.841458 -0.033366 2 13
 3.841458 -0.016642 2 14
 3.841458  0.136051 2 15
 3.841458  0.136587 2 16
 3.852283 -0.578565 2 1
 3.852283 -0.381024 2 2
 3.852283 -0.380950 2 3
 3.852283 -0.196845 2 4
 3.852283 -0.196447 2 5
 3.852283 -0.196444 2 6
 3.852283 -0.129386 2 7
 3.852283 -0.129299 2 8
 3.852283 -0.123421 2 9
 3.852283 -0.108134 2 10
 3.852283 -0.107897 2 11
 3.852283 -0.033749 2 12
 3.852283 -0.033256 2 13
 3.852283 -0.016380 2 14
 3.852283  0.136377 2 15
 3.852283  0.136913 2 16
 3.863109 -0.578978 2 1
 3.863109 -0.380893 2 2
 3.863109 -0.380819 2 3
 3.863109 -0.195911 2 4
 3.863109 -0.195797 2 5
 3.863109 -0.195796 2 6
 3.863109 -0.129431 2 7
 3.863109 -0.129344 2 8
 3.863109 -0.123831 2 9
 3.863109 -0.108853 2 10
 3.863109 -0.108613 2 11
 3.863109 -0.033683 2 12
 3.863109 -0.033191 2 13
 3.863109 -0.016216 2 14
 3.863109  0.136577 2 15
 3.863109  0.137112 2 16
 3.873934 -0.579118 2 1
 3.873934 -0.380845 2 2
 3.873934 -0.380771 2 3
 3.873934 -0.195596 2 4
 3.873934 -0.195580 2 5
 3.873934 -0.195579 2 6
 3.873934 -0.129447 2 7
 3.873934 -0.129359 2 8
 3.873934 -0.123971 2 9
 3.873934 -0.109095 2 10
 3.873934 -0.108854 2 11
 3.873934 -0.033661 2 12
 3.873934 -0.033169 2 13
 3.873934 -0.016160 2 14
 3.873934  0.136644 2 15
 3.873934  0.137179 2 16
