 0.000000 -0.798534 1 1
 0.000000  0.141410 1 2
 0.000000  0.141432 1 3
 0.000000  0.141511 1 4
 0.000000  0.163131 1 5
 0.000000  0.412587 1 6
 0.000000  0.412602 1 7
 0.000000  0.412615 1 8
 0.000000  1.133055 1 9
 0.000000  1.138991 1 10
 0.000000  1.523966 1 11
 0.000000  1.744320 1 12
 0.000000  1.754665 1 13
 0.000000  2.551287 1 14
 0.000000  2.565721 1 15
 0.000000  2.609207 1 16
 0.000000  2.655447 1 17
 0.000000  2.669912 1 18
 0.047619 -0.797440 1 1
 0.047619  0.120171 1 2
 0.047619  0.138829 1 3
 0.047619  0.139661 1 4
 0.047619  0.186054 1 5
 0.047619  0.409814 1 6
 0.047619  0.416844 1 7
 0.047619  0.417288 1 8
 0.047619  1.124516 1 9
 0.047619  1.141754 1 10
 0.047619  1.522067 1 11
 0.047619  1.736250 1 12
 0.047619  1.759093 1 13
 0.047619  2.512689 1 14
 0.047619  2.541574 1 15
 0.047619  2.587463 1 16
 0.047619  2.664025 1 17
 0.047619  2.688232 1 18
 0.095238 -0.795013 1 1
 0.095238  0.090636 1 2
 0.095238  0.131910 1 3
 0.095238  0.133427 1 4
 0.095238  0.217590 1 5
 0.095238  0.402082 1 6
 0.095238  0.427505 1 7
 0.095238  0.428123 1 8
 0.095238  1.087684 1 9
 0.095238  1.145590 1 10
 0.095238  1.536615 1 11
 0.095238  1.721316 1 12
 0.095238  1.754937 1 13
 0.095238  2.468482 1 14
 0.095238  2.509781 1 15
 0.095238  2.569676 1 16
 0.095238  2.666705 1 17
 0.095238  2.714149 1 18
 0.142857 -0.791564 1 1
 0.142857  0.059874 1 2
 0.142857  0.122070 1 3
 0.142857  0.123592 1 4
 0.142857  0.249042 1 5
 0.142857  0.390698 1 6
 0.142857  0.442201 1 7
 0.142857  0.443364 1 8
 0.142857  1.029031 1 9
 0.142857  1.154419 1 10
 0.142857  1.560949 1 11
 0.142857  1.705012 1 12
 0.142857  1.761856 1 13
 0.142857  2.438841 1 14
 0.142857  2.479280 1 15
 0.142857  2.568417 1 16
 0.142857  2.652915 1 17
 0.142857  2.743900 1 18
 0.190476 -0.787303 1 1
 0.190476  0.028276 1 2
 0.190476  0.110128 1 3
 0.190476  0.111043 1 4
 0.190476  0.277992 1 5
 0.190476  0.377763 1 6
 0.190476  0.459609 1 7
 0.190476  0.460835 1 8
 0.190476  0.961110 1 9
 0.190476  1.171503 1 10
 0.190476  1.579680 1 11
 0.190476  1.698256 1 12
 0.190476  1.784077 1 13
 0.190476  2.420311 1 14
 0.190476  2.452711 1 15
 0.190476  2.586605 1 16
 0.190476  2.636856 1 17
 0.190476  2.766087 1 18
 0.238095 -0.782175 1 1
 0.238095 -0.003660 1 2
 0.238095  0.096452 1 3
 0.238095  0.096670 1 4
 0.238095  0.302035 1 5
 0.238095  0.365817 1 6
 0.238095  0.479323 1 7
 0.238095  0.479668 1 8
 0.238095  0.894150 1 9
 0.238095  1.196307 1 10
 0.238095  1.584687 1 11
 0.238095  1.700857 1 12
 0.238095  1.814452 1 13
 0.238095  2.397960 1 14
 0.238095  2.424583 1 15
 0.238095  2.615848 1 16
 0.238095  2.629847 1 17
 0.238095  2.773025 1 18
 0.285714 -0.775883 1 1
 0.285714 -0.035220 1 2
 0.285714  0.081373 1 3
 0.285714  0.081635 1 4
 0.285714  0.317406 1 5
 0.285714  0.358963 1 6
 0.285714  0.500221 1 7
 0.285714  0.501416 1 8
 0.285714  0.833475 1 9
 0.285714  1.223655 1 10
 0.285714  1.585422 1 11
 0.285714  1.700950 1 12
 0.285714  1.839111 1 13
 0.285714  2.364922 1 14
 0.285714  2.386342 1 15
 0.285714  2.626718 1 16
 0.285714  2.644743 1 17
 0.285714  2.762560 1 18
 0.333333 -0.768119 1 1
 0.333333 -0.065797 1 2
 0.333333  0.065950 1 3
 0.333333  0.066557 1 4
 0.333333  0.318254 1 5
 0.333333  0.363238 1 6
 0.333333  0.523419 1 7
 0.333333  0.525926 1 8
 0.333333  0.782564 1 9
 0.333333  1.246980 1 10
 0.333333  1.590560 1 11
 0.333333  1.691609 1 12
 0.333333  1.851372 1 13
 0.333333  2.321028 1 14
 0.333333  2.342074 1 15
 0.333333  2.614013 1 16
 0.333333  2.662494 1 17
 0.333333  2.740631 1 18
 0.380952 -0.758832 1 1
 0.380952 -0.095183 1 2
 0.380952  0.050946 1 3
 0.380952  0.051873 1 4
 0.380952  0.309286 1 5
 0.380952  0.373136 1 6
 0.380952  0.549799 1 7
 0.380952  0.552668 1 8
 0.380952  0.746702 1 9
 0.380952  1.262899 1 10
 0.380952  1.600263 1 11
 0.380952  1.672869 1 12
 0.380952  1.860346 1 13
 0.380952  2.275064 1 14
 0.380952  2.297728 1 15
 0.380952  2.588418 1 16
 0.380952  2.660507 1 17
 0.380952  2.718452 1 18
 0.428571 -0.748280 1 1
 0.428571 -0.123623 1 2
 0.428571  0.036698 1 3
 0.428571  0.037571 1 4
 0.428571  0.297699 1 5
 0.428571  0.379182 1 6
 0.428571  0.578937 1 7
 0.428571  0.581238 1 8
 0.428571  0.734705 1 9
 0.428571  1.273560 1 10
 0.428571  1.603610 1 11
 0.428571  1.653357 1 12
 0.428571  1.878072 1 13
 0.428571  2.233615 1 14
 0.428571  2.262325 1 15
 0.428571  2.555953 1 16
 0.428571  2.635680 1 17
 0.428571  2.706993 1 18
 0.476190 -0.736833 1 1
 0.476190 -0.151500 1 2
 0.476190  0.023211 1 3
 0.476190  0.023543 1 4
 0.476190  0.286029 1 5
 0.476190  0.377549 1 6
 0.476190  0.609976 1 7
 0.476190  0.611054 1 8
 0.476190  0.753644 1 9
 0.476190  1.284934 1 10
 0.476190  1.589145 1 11
 0.476190  1.642068 1 12
 0.476190  1.899790 1 13
 0.476190  2.195462 1 14
 0.476190  2.245999 1 15
 0.476190  2.517730 1 16
 0.476190  2.594321 1 17
 0.476190  2.713312 1 18
 0.523810 -0.724732 1 1
 0.523810 -0.178998 1 2
 0.523810  0.010047 1 3
 0.523810  0.010418 1 4
 0.523810  0.275384 1 5
 0.523810  0.369690 1 6
 0.523810  0.641581 1 7
 0.523810  0.642556 1 8
 0.523810  0.800318 1 9
 0.523810  1.302323 1 10
 0.523810  1.569809 1 11
 0.523810  1.625677 1 12
 0.523810  1.906198 1 13
 0.523810  2.164960 1 14
 0.523810  2.235762 1 15
 0.523810  2.472405 1 16
 0.523810  2.553590 1 17
 0.523810  2.730213 1 18
 0.571429 -0.712025 1 1
 0.571429 -0.206022 1 2
 0.571429 -0.002364 1 3
 0.571429 -0.001606 1 4
 0.571429  0.266373 1 5
 0.571429  0.358310 1 6
 0.571429  0.672832 1 7
 0.571429  0.676514 1 8
 0.571429  0.864002 1 9
 0.571429  1.326677 1 10
 0.571429  1.554776 1 11
 0.571429  1.598067 1 12
 0.571429  1.882658 1 13
 0.571429  2.142129 1 14
 0.571429  2.207923 1 15
 0.571429  2.422571 1 16
 0.571429  2.530886 1 17
 0.571429  2.741008 1 18
 0.619048 -0.698718 1 1
 0.619048 -0.232326 1 2
 0.619048 -0.013329 1 3
 0.619048 -0.012628 1 4
 0.619048  0.259016 1 5
 0.619048  0.344616 1 6
 0.619048  0.705328 1 7
 0.619048  0.711310 1 8
 0.619048  0.935268 1 9
 0.619048  1.354658 1 10
 0.619048  1.538886 1 11
 0.619048  1.569799 1 12
 0.619048  1.828463 1 13
 0.619048  2.122651 1 14
 0.619048  2.154040 1 15
 0.619048  2.375309 1 16
 0.619048  2.530513 1 17
 0.619048  2.731082 1 18
 0.666667 -0.684959 1 1
 0.666667 -0.257640 1 2
 0.666667 -0.022944 1 3
 0.666667 -0.022453 1 4
 0.666667  0.252675 1 5
 0.666667  0.329414 1 6
 0.666667  0.739554 1 7
 0.666667  0.746093 1 8
 0.666667  1.009399 1 9
 0.666667  1.381461 1 10
 0.666667  1.512078 1 11
 0.666667  1.553097 1 12
 0.666667  1.757201 1 13
 0.666667  2.086401 1 14
 0.666667  2.101699 1 15
 0.666667  2.340469 1 16
 0.666667  2.549870 1 17
 0.666667  2.690999 1 18
 0.714286 -0.671074 1 1
 0.714286 -0.281676 1 2
 0.714286 -0.031455 1 3
 0.714286 -0.031159 1 4
 0.714286  0.246538 1 5
 0.714286  0.314047 1 6
 0.714286  0.775056 1 7
 0.714286  0.780260 1 8
 0.714286  1.084682 1 9
 0.714286  1.403180 1 10
 0.714286  1.483395 1 11
 0.714286  1.535761 1 12
 0.714286  1.692265 1 13
 0.714286  2.029247 1 14
 0.714286  2.071550 1 15
 0.714286  2.330311 1 16
 0.714286  2.579978 1 17
 0.714286  2.621481 1 18
 0.761905 -0.657506 1 1
 0.761905 -0.304026 1 2
 0.761905 -0.039025 1 3
 0.761905 -0.038818 1 4
 0.761905  0.240613 1 5
 0.761905  0.299988 1 6
 0.761905  0.809485 1 7
 0.761905  0.814370 1 8
 0.761905  1.160056 1 9
 0.761905  1.418544 1 10
 0.761905  1.458622 1 11
 0.761905  1.508904 1 12
 0.761905  1.653441 1 13
 0.761905  2.002027 1 14
 0.761905  2.033900 1 15
 0.761905  2.347723 1 16
 0.761905  2.515593 1 17
 0.761905  2.625463 1 18
 0.809524 -0.644752 1 1
 0.809524 -0.324087 1 2
 0.809524 -0.045903 1 3
 0.809524 -0.044963 1 4
 0.809524  0.236096 1 5
 0.809524  0.288031 1 6
 0.809524  0.840571 1 7
 0.809524  0.848672 1 8
 0.809524  1.234656 1 9
 0.809524  1.427860 1 10
 0.809524  1.440694 1 11
 0.809524  1.474608 1 12
 0.809524  1.640150 1 13
 0.809524  1.992261 1 14
 0.809524  2.014823 1 15
 0.809524  2.377801 1 16
 0.809524  2.424273 1 17
 0.809524  2.651813 1 18
 0.857143 -0.633420 1 1
 0.857143 -0.341053 1 2
 0.857143 -0.051278 1 3
 0.857143 -0.049821 1 4
 0.857143  0.234427 1 5
 0.857143  0.277955 1 6
 0.857143  0.868497 1 7
 0.857143  0.880315 1 8
 0.857143  1.307459 1 9
 0.857143  1.419312 1 10
 0.857143  1.438030 1 11
 0.857143  1.448988 1 12
 0.857143  1.629898 1 13
 0.857143  1.956630 1 14
 0.857143  2.050310 1 15
 0.857143  2.346253 1 16
 0.857143  2.430721 1 17
 0.857143  2.662843 1 18
 0.904762 -0.624294 1 1
 0.904762 -0.354044 1 2
 0.904762 -0.054703 1 3
 0.904762 -0.053322 1 4
 0.904762  0.236074 1 5
 0.904762  0.268889 1 6
 0.904762  0.891976 1 7
 0.904762  0.905989 1 8
 0.904762  1.375058 1 9
 0.904762  1.409277 1 10
 0.904762  1.414728 1 11
 0.904762  1.462509 1 12
 0.904762  1.606548 1 13
 0.904762  1.928305 1 14
 0.904762  2.081716 1 15
 0.904762  2.337965 1 16
 0.904762  2.457718 1 17
 0.904762  2.659119 1 18
 0.952381 -0.618296 1 1
 0.952381 -0.362241 1 2
 0.952381 -0.056134 1 3
 0.952381 -0.055385 1 4
 0.952381  0.240007 1 5
 0.952381  0.260524 1 6
 0.952381  0.908525 1 7
 0.952381  0.921749 1 8
 0.952381  1.397426 1 9
 0.952381  1.411241 1 10
 0.952381  1.431094 1 11
 0.952381  1.475018 1 12
 0.952381  1.582622 1 13
 0.952381  1.909270 1 14
 0.952381  2.096435 1 15
 0.952381  2.360315 1 16
 0.952381  2.466701 1 17
 0.952381  2.642141 1 18
 1.000000 -0.616216 1 1
 1.000000 -0.365005 1 2
 1.000000 -0.055983 1 3
 1.000000 -0.055942 1 4
 1.000000  0.241874 1 5
 1.000000  0.256276 1 6
 1.000000  0.915857 1 7
 1.000000  0.924465 1 8
 1.000000  1.398507 1 9
 1.000000  1.415546 1 10
 1.000000  1.456633 1 11
 1.000000  1.478522 1 12
 1.000000  1.578278 1 13
 1.000000  1.900958 1 14
 1.000000  2.112958 1 15
 1.000000  2.368635 1 16
 1.000000  2.455675 1 17
 1.000000  2.613504 1 18
 1.000000 -0.616216 1 1
 1.000000 -0.365005 1 2
 1.000000 -0.055983 1 3
 1.000000 -0.055942 1 4
 1.000000  0.241874 1 5
 1.000000  0.256276 1 6
 1.000000  0.915857 1 7
 1.000000  0.924465 1 8
 1.000000  1.398507 1 9
 1.000000  1.415546 1 10
 1.000000  1.456633 1 11
 1.000000  1.478522 1 12
 1.000000  1.578278 1 13
 1.000000  1.900958 1 14
 1.000000  2.112958 1 15
 1.000000  2.368635 1 16
 1.000000  2.455675 1 17
 1.000000  2.613504 1 18
 1.058926 -0.616024 1 1
 1.058926 -0.364620 1 2
 1.058926 -0.061767 1 3
 1.058926 -0.054764 1 4
 1.058926  0.246800 1 5
 1.058926  0.262522 1 6
 1.058926  0.906205 1 7
 1.058926  0.912185 1 8
 1.058926  1.385576 1 9
 1.058926  1.398947 1 10
 1.058926  1.470008 1 11
 1.058926  1.481925 1 12
 1.058926  1.592067 1 13
 1.058926  1.903209 1 14
 1.058926  2.128032 1 15
 1.058926  2.307414 1 16
 1.058926  2.477492 1 17
 1.058926  2.621989 1 18
 1.117851 -0.615676 1 1
 1.117851 -0.363426 1 2
 1.117851 -0.075877 1 3
 1.117851 -0.051915 1 4
 1.117851  0.252351 1 5
 1.117851  0.285090 1 6
 1.117851  0.872014 1 7
 1.117851  0.888192 1 8
 1.117851  1.335682 1 9
 1.117851  1.375348 1 10
 1.117851  1.491530 1 11
 1.117851  1.506498 1 12
 1.117851  1.615712 1 13
 1.117851  1.901929 1 14
 1.117851  2.180006 1 15
 1.117851  2.234485 1 16
 1.117851  2.532788 1 17
 1.117851  2.623002 1 18
 1.176777 -0.615434 1 1
 1.176777 -0.361425 1 2
 1.176777 -0.094362 1 3
 1.176777 -0.047504 1 4
 1.176777  0.257559 1 5
 1.176777  0.321784 1 6
 1.176777  0.829868 1 7
 1.176777  0.856337 1 8
 1.176777  1.261776 1 9
 1.176777  1.349070 1 10
 1.176777  1.509411 1 11
 1.176777  1.542733 1 12
 1.176777  1.641015 1 13
 1.176777  1.906334 1 14
 1.176777  2.154138 1 15
 1.176777  2.276151 1 16
 1.176777  2.582988 1 17
 1.176777  2.626799 1 18
 1.235702 -0.615639 1 1
 1.235702 -0.358720 1 2
 1.235702 -0.113495 1 3
 1.235702 -0.041571 1 4
 1.235702  0.263475 1 5
 1.235702  0.368339 1 6
 1.235702  0.793113 1 7
 1.235702  0.820801 1 8
 1.235702  1.172070 1 9
 1.235702  1.318682 1 10
 1.235702  1.540934 1 11
 1.235702  1.566000 1 12
 1.235702  1.673083 1 13
 1.235702  1.924760 1 14
 1.235702  2.142921 1 15
 1.235702  2.310248 1 16
 1.235702  2.598136 1 17
 1.235702  2.640967 1 18
 1.294628 -0.616680 1 1
 1.294628 -0.355382 1 2
 1.294628 -0.130621 1 3
 1.294628 -0.034092 1 4
 1.294628  0.270411 1 5
 1.294628  0.421202 1 6
 1.294628  0.764308 1 7
 1.294628  0.785384 1 8
 1.294628  1.075923 1 9
 1.294628  1.284037 1 10
 1.294628  1.573515 1 11
 1.294628  1.589538 1 12
 1.294628  1.708301 1 13
 1.294628  1.959864 1 14
 1.294628  2.151495 1 15
 1.294628  2.306557 1 16
 1.294628  2.570483 1 17
 1.294628  2.657534 1 18
 1.353553 -0.619043 1 1
 1.353553 -0.351275 1 2
 1.353553 -0.144001 1 3
 1.353553 -0.025065 1 4
 1.353553  0.278727 1 5
 1.353553  0.476879 1 6
 1.353553  0.739807 1 7
 1.353553  0.750598 1 8
 1.353553  0.982799 1 9
 1.353553  1.247782 1 10
 1.353553  1.581089 1 11
 1.353553  1.645583 1 12
 1.353553  1.733786 1 13
 1.353553  2.004932 1 14
 1.353553  2.142324 1 15
 1.353553  2.290619 1 16
 1.353553  2.524547 1 17
 1.353553  2.662384 1 18
 1.353553 -0.619051 1 1
 1.353553 -0.351278 1 2
 1.353553 -0.143986 1 3
 1.353553 -0.025070 1 4
 1.353553  0.278578 1 5
 1.353553  0.476834 1 6
 1.353553  0.741531 1 7
 1.353553  0.751482 1 8
 1.353553  0.960241 1 9
 1.353553  1.231614 1 10
 1.353553  1.589833 1 11
 1.353553  1.685564 1 12
 1.353553  1.703224 1 13
 1.353553  1.987340 1 14
 1.353553  2.143720 1 15
 1.353553  2.277103 1 16
 1.353553  2.509594 1 17
 1.353553  2.572868 1 18
 1.401765 -0.622441 1 1
 1.401765 -0.347165 1 2
 1.401765 -0.152022 1 3
 1.401765 -0.016449 1 4
 1.401765  0.287635 1 5
 1.401765  0.517915 1 6
 1.401765  0.721323 1 7
 1.401765  0.724908 1 8
 1.401765  0.890542 1 9
 1.401765  1.204383 1 10
 1.401765  1.587431 1 11
 1.401765  1.705403 1 12
 1.401765  1.718080 1 13
 1.401765  2.024775 1 14
 1.401765  2.127340 1 15
 1.401765  2.231932 1 16
 1.401765  2.510796 1 17
 1.401765  2.580784 1 18
 1.449977 -0.627398 1 1
 1.449977 -0.341733 1 2
 1.449977 -0.155846 1 3
 1.449977 -0.006972 1 4
 1.449977  0.297350 1 5
 1.449977  0.550054 1 6
 1.449977  0.692304 1 7
 1.449977  0.711775 1 8
 1.449977  0.850092 1 9
 1.449977  1.174187 1 10
 1.449977  1.584357 1 11
 1.449977  1.699397 1 12
 1.449977  1.744657 1 13
 1.449977  2.057701 1 14
 1.449977  2.109060 1 15
 1.449977  2.218373 1 16
 1.449977  2.520392 1 17
 1.449977  2.585842 1 18
 1.498189 -0.634082 1 1
 1.498189 -0.334497 1 2
 1.498189 -0.154715 1 3
 1.498189  0.003169 1 4
 1.498189  0.307189 1 5
 1.498189  0.566792 1 6
 1.498189  0.663864 1 7
 1.498189  0.688559 1 8
 1.498189  0.864034 1 9
 1.498189  1.141780 1 10
 1.498189  1.580679 1 11
 1.498189  1.687339 1 12
 1.498189  1.766813 1 13
 1.498189  2.077684 1 14
 1.498189  2.093544 1 15
 1.498189  2.237339 1 16
 1.498189  2.541577 1 17
 1.498189  2.595465 1 18
 1.546401 -0.642452 1 1
 1.546401 -0.325127 1 2
 1.546401 -0.148837 1 3
 1.546401  0.013795 1 4
 1.546401  0.316465 1 5
 1.546401  0.569852 1 6
 1.546401  0.636634 1 7
 1.546401  0.655980 1 8
 1.546401  0.927702 1 9
 1.546401  1.107700 1 10
 1.546401  1.576668 1 11
 1.546401  1.679613 1 12
 1.546401  1.784928 1 13
 1.546401  2.080389 1 14
 1.546401  2.103677 1 15
 1.546401  2.254330 1 16
 1.546401  2.569104 1 17
 1.546401  2.617631 1 18
 1.594613 -0.652294 1 1
 1.594613 -0.313582 1 2
 1.594613 -0.139268 1 3
 1.594613  0.024784 1 4
 1.594613  0.324458 1 5
 1.594613  0.565756 1 6
 1.594613  0.611186 1 7
 1.594613  0.624293 1 8
 1.594613  1.015399 1 9
 1.594613  1.071593 1 10
 1.594613  1.568021 1 11
 1.594613  1.684686 1 12
 1.594613  1.798980 1 13
 1.594613  2.097134 1 14
 1.594613  2.117534 1 15
 1.594613  2.253227 1 16
 1.594613  2.590358 1 17
 1.594613  2.653543 1 18
 1.642824 -0.663303 1 1
 1.642824 -0.299972 1 2
 1.642824 -0.127118 1 3
 1.642824  0.036065 1 4
 1.642824  0.330575 1 5
 1.642824  0.559101 1 6
 1.642824  0.587516 1 7
 1.642824  0.595901 1 8
 1.642824  1.032230 1 9
 1.642824  1.108768 1 10
 1.642824  1.553925 1 11
 1.642824  1.692857 1 12
 1.642824  1.810250 1 13
 1.642824  2.127130 1 14
 1.642824  2.136412 1 15
 1.642824  2.240751 1 16
 1.642824  2.595613 1 17
 1.642824  2.695676 1 18
 1.691036 -0.675124 1 1
 1.691036 -0.284336 1 2
 1.691036 -0.112989 1 3
 1.691036  0.047551 1 4
 1.691036  0.334403 1 5
 1.691036  0.551729 1 6
 1.691036  0.565010 1 7
 1.691036  0.571544 1 8
 1.691036  0.990192 1 9
 1.691036  1.195260 1 10
 1.691036  1.533866 1 11
 1.691036  1.690853 1 12
 1.691036  1.820899 1 13
 1.691036  2.154683 1 14
 1.691036  2.162322 1 15
 1.691036  2.235627 1 16
 1.691036  2.586077 1 17
 1.691036  2.734062 1 18
 1.739248 -0.687411 1 1
 1.739248 -0.266542 1 2
 1.739248 -0.096988 1 3
 1.739248  0.059115 1 4
 1.739248  0.335752 1 5
 1.739248  0.541152 1 6
 1.739248  0.544116 1 7
 1.739248  0.554625 1 8
 1.739248  0.947581 1 9
 1.739248  1.268089 1 10
 1.739248  1.501823 1 11
 1.739248  1.679969 1 12
 1.739248  1.831257 1 13
 1.739248  2.160886 1 14
 1.739248  2.197033 1 15
 1.739248  2.255352 1 16
 1.739248  2.572535 1 17
 1.739248  2.759949 1 18
 1.787460 -0.699852 1 1
 1.787460 -0.246413 1 2
 1.787460 -0.079087 1 3
 1.787460  0.070540 1 4
 1.787460  0.334723 1 5
 1.787460  0.521922 1 6
 1.787460  0.527380 1 7
 1.787460  0.549198 1 8
 1.787460  0.909274 1 9
 1.787460  1.320571 1 10
 1.787460  1.458488 1 11
 1.787460  1.667513 1 12
 1.787460  1.839525 1 13
 1.787460  2.171230 1 14
 1.787460  2.232104 1 15
 1.787460  2.288688 1 16
 1.787460  2.563486 1 17
 1.787460  2.771109 1 18
 1.835672 -0.712206 1 1
 1.835672 -0.223903 1 2
 1.835672 -0.059425 1 3
 1.835672  0.081537 1 4
 1.835672  0.331744 1 5
 1.835672  0.503602 1 6
 1.835672  0.510039 1 7
 1.835672  0.550290 1 8
 1.835672  0.881183 1 9
 1.835672  1.324533 1 10
 1.835672  1.439745 1 11
 1.835672  1.661570 1 12
 1.835672  1.843339 1 13
 1.835672  2.199646 1 14
 1.835672  2.261000 1 15
 1.835672  2.329306 1 16
 1.835672  2.563412 1 17
 1.835672  2.772812 1 18
 1.883883 -0.724298 1 1
 1.883883 -0.199199 1 2
 1.883883 -0.038441 1 3
 1.883883  0.091802 1 4
 1.883883  0.327351 1 5
 1.883883  0.487722 1 6
 1.883883  0.492421 1 7
 1.883883  0.554094 1 8
 1.883883  0.867979 1 9
 1.883883  1.271272 1 10
 1.883883  1.468988 1 11
 1.883883  1.670740 1 12
 1.883883  1.839678 1 13
 1.883883  2.231688 1 14
 1.883883  2.279303 1 15
 1.883883  2.379886 1 16
 1.883883  2.579310 1 17
 1.883883  2.774188 1 18
 1.932095 -0.735985 1 1
 1.932095 -0.172669 1 2
 1.932095 -0.016782 1 3
 1.932095  0.101103 1 4
 1.932095  0.321839 1 5
 1.932095  0.472894 1 6
 1.932095  0.476749 1 7
 1.932095  0.556466 1 8
 1.932095  0.871047 1 9
 1.932095  1.209278 1 10
 1.932095  1.511547 1 11
 1.932095  1.690714 1 12
 1.932095  1.824819 1 13
 1.932095  2.256023 1 14
 1.932095  2.286678 1 15
 1.932095  2.435308 1 16
 1.932095  2.616282 1 17
 1.932095  2.782676 1 18
 1.980307 -0.747106 1 1
 1.980307 -0.144665 1 2
 1.980307  0.004937 1 3
 1.980307  0.109353 1 4
 1.980307  0.315214 1 5
 1.980307  0.457278 1 6
 1.980307  0.465355 1 7
 1.980307  0.553626 1 8
 1.980307  0.887868 1 9
 1.980307  1.157453 1 10
 1.980307  1.553119 1 11
 1.980307  1.705177 1 12
 1.980307  1.798868 1 13
 1.980307  2.279640 1 14
 1.980307  2.293008 1 15
 1.980307  2.480347 1 16
 1.980307  2.663889 1 17
 1.980307  2.799163 1 18
 2.028519 -0.757462 1 1
 2.028519 -0.115309 1 2
 2.028519  0.026300 1 3
 2.028519  0.116595 1 4
 2.028519  0.307372 1 5
 2.028519  0.443316 1 6
 2.028519  0.455802 1 7
 2.028519  0.544026 1 8
 2.028519  0.913032 1 9
 2.028519  1.121488 1 10
 2.028519  1.582057 1 11
 2.028519  1.702736 1 12
 2.028519  1.770131 1 13
 2.028519  2.305009 1 14
 2.028519  2.313629 1 15
 2.028519  2.509306 1 16
 2.028519  2.698252 1 17
 2.028519  2.816301 1 18
 2.076731 -0.766843 1 1
 2.076731 -0.084468 1 2
 2.076731  0.047071 1 3
 2.076731  0.122920 1 4
 2.076731  0.298151 1 5
 2.076731  0.431923 1 6
 2.076731  0.447002 1 7
 2.076731  0.528329 1 8
 2.076731  0.940532 1 9
 2.076731  1.101968 1 10
 2.076731  1.592103 1 11
 2.076731  1.683578 1 12
 2.076731  1.749270 1 13
 2.076731  2.337474 1 14
 2.076731  2.344308 1 15
 2.076731  2.527629 1 16
 2.076731  2.701634 1 17
 2.076731  2.822953 1 18
 2.124943 -0.775067 1 1
 2.124943 -0.051977 1 2
 2.124943  0.067105 1 3
 2.124943  0.128389 1 4
 2.124943  0.287199 1 5
 2.124943  0.423258 1 6
 2.124943  0.438718 1 7
 2.124943  0.508117 1 8
 2.124943  0.966812 1 9
 2.124943  1.096402 1 10
 2.124943  1.589910 1 11
 2.124943  1.652305 1 12
 2.124943  1.738428 1 13
 2.124943  2.367744 1 14
 2.124943  2.386946 1 15
 2.124943  2.543797 1 16
 2.124943  2.675942 1 17
 2.124943  2.812145 1 18
 2.173154 -0.782018 1 1
 2.173154 -0.017934 1 2
 2.173154  0.086224 1 3
 2.173154  0.132978 1 4
 2.173154  0.273862 1 5
 2.173154  0.417232 1 6
 2.173154  0.431158 1 7
 2.173154  0.485294 1 8
 2.173154  0.992748 1 9
 2.173154  1.100431 1 10
 2.173154  1.582250 1 11
 2.173154  1.622839 1 12
 2.173154  1.730832 1 13
 2.173154  2.394530 1 14
 2.173154  2.436843 1 15
 2.173154  2.559253 1 16
 2.173154  2.643800 1 17
 2.173154  2.784578 1 18
 2.221366 -0.787683 1 1
 2.221366  0.017071 1 2
 2.221366  0.103977 1 3
 2.221366  0.136589 1 4
 2.221366  0.257272 1 5
 2.221366  0.413692 1 6
 2.221366  0.424711 1 7
 2.221366  0.462290 1 8
 2.221366  1.022061 1 9
 2.221366  1.109031 1 10
 2.221366  1.557443 1 11
 2.221366  1.628421 1 12
 2.221366  1.720892 1 13
 2.221366  2.425801 1 14
 2.221366  2.481632 1 15
 2.221366  2.566555 1 16
 2.221366  2.633100 1 17
 2.221366  2.747295 1 18
 2.269578 -0.792152 1 1
 2.269578  0.052115 1 2
 2.269578  0.119490 1 3
 2.269578  0.139147 1 4
 2.269578  0.236703 1 5
 2.269578  0.412248 1 6
 2.269578  0.419678 1 7
 2.269578  0.441795 1 8
 2.269578  1.056733 1 9
 2.269578  1.118152 1 10
 2.269578  1.535627 1 11
 2.269578  1.658961 1 12
 2.269578  1.712776 1 13
 2.269578  2.462810 1 14
 2.269578  2.516249 1 15
 2.269578  2.573416 1 16
 2.269578  2.640007 1 17
 2.269578  2.710549 1 18
 2.317790 -0.795510 1 1
 2.317790  0.086245 1 2
 2.317790  0.131574 1 3
 2.317790  0.140699 1 4
 2.317790  0.212146 1 5
 2.317790  0.412137 1 6
 2.317790  0.416103 1 7
 2.317790  0.425995 1 8
 2.317790  1.093368 1 9
 2.317790  1.126067 1 10
 2.317790  1.524098 1 11
 2.317790  1.695466 1 12
 2.317790  1.718421 1 13
 2.317790  2.501199 1 14
 2.317790  2.541272 1 15
 2.317790  2.586564 1 16
 2.317790  2.646504 1 17
 2.317790  2.685472 1 18
 2.366002 -0.797701 1 1
 2.366002  0.118584 1 2
 2.366002  0.139113 1 3
 2.366002  0.141412 1 4
 2.366002  0.184736 1 5
 2.366002  0.412436 1 6
 2.366002  0.413774 1 7
 2.366002  0.416163 1 8
 2.366002  1.123260 1 9
 2.366002  1.132388 1 10
 2.366002  1.518483 1 11
 2.366002  1.725162 1 12
 2.366002  1.739079 1 13
 2.366002  2.533070 1 14
 2.366002  2.556207 1 15
 2.366002  2.599716 1 16
 2.366002  2.649340 1 17
 2.366002  2.677413 1 18
 2.414214 -0.798534 1 1
 2.414214  0.141410 1 2
 2.414214  0.141432 1 3
 2.414214  0.141511 1 4
 2.414214  0.163131 1 5
 2.414214  0.412587 1 6
 2.414214  0.412602 1 7
 2.414214  0.412615 1 8
 2.414214  1.133055 1 9
 2.414214  1.138991 1 10
 2.414214  1.523966 1 11
 2.414214  1.744320 1 12
 2.414214  1.754665 1 13
 2.414214  2.551287 1 14
 2.414214  2.565721 1 15
 2.414214  2.609207 1 16
 2.414214  2.655447 1 17
 2.414214  2.669912 1 18
 2.414214 -0.798534 1 1
 2.414214  0.141410 1 2
 2.414214  0.141432 1 3
 2.414214  0.141511 1 4
 2.414214  0.163131 1 5
 2.414214  0.412587 1 6
 2.414214  0.412602 1 7
 2.414214  0.412615 1 8
 2.414214  1.133055 1 9
 2.414214  1.138991 1 10
 2.414214  1.523966 1 11
 2.414214  1.744320 1 12
 2.414214  1.754665 1 13
 2.414214  2.551287 1 14
 2.414214  2.565721 1 15
 2.414214  2.609207 1 16
 2.414214  2.655447 1 17
 2.414214  2.669912 1 18
 2.462326 -0.797797 1 1
 2.462326  0.118384 1 2
 2.462326  0.140339 1 3
 2.462326  0.140494 1 4
 2.462326  0.184644 1 5
 2.462326  0.413104 1 6
 2.462326  0.414350 1 7
 2.462326  0.415707 1 8
 2.462326  1.125750 1 9
 2.462326  1.131705 1 10
 2.462326  1.518632 1 11
 2.462326  1.725789 1 12
 2.462326  1.744515 1 13
 2.462326  2.517231 1 14
 2.462326  2.536953 1 15
 2.462326  2.596701 1 16
 2.462326  2.644808 1 17
 2.462326  2.677306 1 18
 2.510439 -0.795772 1 1
 2.510439  0.084643 1 2
 2.510439  0.137325 1 3
 2.510439  0.137603 1 4
 2.510439  0.210349 1 5
 2.510439  0.416344 1 6
 2.510439  0.419014 1 7
 2.510439  0.421413 1 8
 2.510439  1.107158 1 9
 2.510439  1.116288 1 10
 2.510439  1.527899 1 11
 2.510439  1.697025 1 12
 2.510439  1.726992 1 13
 2.510439  2.472706 1 14
 2.510439  2.503812 1 15
 2.510439  2.592102 1 16
 2.510439  2.622188 1 17
 2.510439  2.675355 1 18
 2.558551 -0.792527 1 1
 2.558551  0.048248 1 2
 2.558551  0.132786 1 3
 2.558551  0.133070 1 4
 2.558551  0.230706 1 5
 2.558551  0.423721 1 6
 2.558551  0.426177 1 7
 2.558551  0.428602 1 8
 2.558551  1.085443 1 9
 2.558551  1.094928 1 10
 2.558551  1.536808 1 11
 2.558551  1.678239 1 12
 2.558551  1.705959 1 13
 2.558551  2.434110 1 14
 2.558551  2.473691 1 15
 2.558551  2.572943 1 16
 2.558551  2.618875 1 17
 2.558551  2.667713 1 18
 2.606664 -0.787967 1 1
 2.606664  0.010534 1 2
 2.606664  0.127128 1 3
 2.606664  0.127265 1 4
 2.606664  0.244115 1 5
 2.606664  0.435054 1 6
 2.606664  0.435562 1 7
 2.606664  0.437107 1 8
 2.606664  1.063391 1 9
 2.606664  1.074248 1 10
 2.606664  1.529534 1 11
 2.606664  1.673891 1 12
 2.606664  1.698290 1 13
 2.606664  2.405426 1 14
 2.606664  2.445705 1 15
 2.606664  2.547413 1 16
 2.606664  2.635017 1 17
 2.606664  2.662717 1 18
 2.654776 -0.782010 1 1
 2.654776 -0.027368 1 2
 2.654776  0.120583 1 3
 2.654776  0.120668 1 4
 2.654776  0.250718 1 5
 2.654776  0.444075 1 6
 2.654776  0.444956 1 7
 2.654776  0.454180 1 8
 2.654776  1.044304 1 9
 2.654776  1.057348 1 10
 2.654776  1.512248 1 11
 2.654776  1.667573 1 12
 2.654776  1.712809 1 13
 2.654776  2.379333 1 14
 2.654776  2.420295 1 15
 2.654776  2.526187 1 16
 2.654776  2.656851 1 17
 2.654776  2.666653 1 18
 2.702889 -0.774803 1 1
 2.702889 -0.064636 1 2
 2.702889  0.113401 1 3
 2.702889  0.113630 1 4
 2.702889  0.251798 1 5
 2.702889  0.452589 1 6
 2.702889  0.454859 1 7
 2.702889  0.476327 1 8
 2.702889  1.031329 1 9
 2.702889  1.045462 1 10
 2.702889  1.493606 1 11
 2.702889  1.668036 1 12
 2.702889  1.724986 1 13
 2.702889  2.342931 1 14
 2.702889  2.401377 1 15
 2.702889  2.504006 1 16
 2.702889  2.671654 1 17
 2.702889  2.684806 1 18
 2.751001 -0.766650 1 1
 2.751001 -0.100660 1 2
 2.751001  0.105990 1 3
 2.751001  0.106251 1 4
 2.751001  0.248970 1 5
 2.751001  0.461515 1 6
 2.751001  0.464108 1 7
 2.751001  0.503200 1 8
 2.751001  1.025300 1 9
 2.751001  1.041715 1 10
 2.751001  1.471190 1 11
 2.751001  1.676621 1 12
 2.751001  1.726726 1 13
 2.751001  2.298714 1 14
 2.751001  2.381849 1 15
 2.751001  2.469168 1 16
 2.751001  2.674774 1 17
 2.751001  2.713075 1 18
 2.799114 -0.757728 1 1
 2.799114 -0.135082 1 2
 2.799114  0.098556 1 3
 2.799114  0.098748 1 4
 2.799114  0.243833 1 5
 2.799114  0.470194 1 6
 2.799114  0.471970 1 7
 2.799114  0.535495 1 8
 2.799114  1.027815 1 9
 2.799114  1.048333 1 10
 2.799114  1.439804 1 11
 2.799114  1.688536 1 12
 2.799114  1.719708 1 13
 2.799114  2.254861 1 14
 2.799114  2.358108 1 15
 2.799114  2.412044 1 16
 2.799114  2.673494 1 17
 2.799114  2.736797 1 18
 2.847226 -0.748034 1 1
 2.847226 -0.167793 1 2
 2.847226  0.091311 1 3
 2.847226  0.091340 1 4
 2.847226  0.237774 1 5
 2.847226  0.477587 1 6
 2.847226  0.477619 1 7
 2.847226  0.572340 1 8
 2.847226  1.041719 1 9
 2.847226  1.064948 1 10
 2.847226  1.400073 1 11
 2.847226  1.695054 1 12
 2.847226  1.708166 1 13
 2.847226  2.218548 1 14
 2.847226  2.326114 1 15
 2.847226  2.341513 1 16
 2.847226  2.676068 1 17
 2.847226  2.743236 1 18
 2.895339 -0.737568 1 1
 2.895339 -0.198936 1 2
 2.895339  0.084276 1 3
 2.895339  0.084487 1 4
 2.895339  0.231666 1 5
 2.895339  0.480769 1 6
 2.895339  0.482803 1 7
 2.895339  0.609628 1 8
 2.895339  1.066829 1 9
 2.895339  1.090618 1 10
 2.895339  1.360632 1 11
 2.895339  1.686821 1 12
 2.895339  1.697317 1 13
 2.895339  2.194998 1 14
 2.895339  2.240271 1 15
 2.895339  2.320327 1 16
 2.895339  2.685742 1 17
 2.895339  2.728691 1 18
 2.943451 -0.726504 1 1
 2.943451 -0.228697 1 2
 2.943451  0.077883 1 3
 2.943451  0.078281 1 4
 2.943451  0.225829 1 5
 2.943451  0.482216 1 6
 2.943451  0.485418 1 7
 2.943451  0.642101 1 8
 2.943451  1.098505 1 9
 2.943451  1.124618 1 10
 2.943451  1.331841 1 11
 2.943451  1.669867 1 12
 2.943451  1.682309 1 13
 2.943451  2.147727 1 14
 2.943451  2.194995 1 15
 2.943451  2.309820 1 16
 2.943451  2.689207 1 17
 2.943451  2.711769 1 18
 2.991564 -0.715159 1 1
 2.991564 -0.257054 1 2
 2.991564  0.072435 1 3
 2.991564  0.072837 1 4
 2.991564  0.220370 1 5
 2.991564  0.483016 1 6
 2.991564  0.485769 1 7
 2.991564  0.669443 1 8
 2.991564  1.132152 1 9
 2.991564  1.163937 1 10
 2.991564  1.315502 1 11
 2.991564  1.648652 1 12
 2.991564  1.665346 1 13
 2.991564  2.082378 1 14
 2.991564  2.197657 1 15
 2.991564  2.307559 1 16
 2.991564  2.665414 1 17
 2.991564  2.722415 1 18
 3.039676 -0.703901 1 1
 3.039676 -0.283577 1 2
 3.039676  0.068033 1 3
 3.039676  0.068210 1 4
 3.039676  0.215495 1 5
 3.039676  0.483631 1 6
 3.039676  0.484646 1 7
 3.039676  0.697097 1 8
 3.039676  1.166679 1 9
 3.039676  1.201850 1 10
 3.039676  1.304416 1 11
 3.039676  1.624043 1 12
 3.039676  1.651679 1 13
 3.039676  2.046360 1 14
 3.039676  2.203839 1 15
 3.039676  2.316162 1 16
 3.039676  2.649043 1 17
 3.039676  2.731835 1 18
 3.087789 -0.693218 1 1
 3.087789 -0.307259 1 2
 3.087789  0.064402 1 3
 3.087789  0.064600 1 4
 3.087789  0.211482 1 5
 3.087789  0.482935 1 6
 3.087789  0.483902 1 7
 3.087789  0.726736 1 8
 3.087789  1.201890 1 9
 3.087789  1.232502 1 10
 3.087789  1.294579 1 11
 3.087789  1.600453 1 12
 3.087789  1.638459 1 13
 3.087789  2.039705 1 14
 3.087789  2.215188 1 15
 3.087789  2.328421 1 16
 3.087789  2.648269 1 17
 3.087789  2.734951 1 18
 3.135901 -0.683785 1 1
 3.135901 -0.326814 1 2
 3.135901  0.061399 1 3
 3.135901  0.061939 1 4
 3.135901  0.208413 1 5
 3.135901  0.481422 1 6
 3.135901  0.483622 1 7
 3.135901  0.750443 1 8
 3.135901  1.237774 1 9
 3.135901  1.253994 1 10
 3.135901  1.291336 1 11
 3.135901  1.580219 1 12
 3.135901  1.620460 1 13
 3.135901  2.049890 1 14
 3.135901  2.231691 1 15
 3.135901  2.329719 1 16
 3.135901  2.665364 1 17
 3.135901  2.735917 1 18
 3.184014 -0.676393 1 1
 3.184014 -0.341062 1 2
 3.184014  0.059195 1 3
 3.184014  0.059837 1 4
 3.184014  0.206162 1 5
 3.184014  0.480567 1 6
 3.184014  0.482777 1 7
 3.184014  0.757278 1 8
 3.184014  1.268122 1 9
 3.184014  1.276293 1 10
 3.184014  1.300033 1 11
 3.184014  1.564009 1 12
 3.184014  1.592655 1 13
 3.184014  2.059878 1 14
 3.184014  2.242607 1 15
 3.184014  2.311757 1 16
 3.184014  2.698365 1 17
 3.184014  2.740086 1 18
 3.232126 -0.671750 1 1
 3.232126 -0.349218 1 2
 3.232126  0.057783 1 3
 3.232126  0.058202 1 4
 3.232126  0.204655 1 5
 3.232126  0.480283 1 6
 3.232126  0.481502 1 7
 3.232126  0.745091 1 8
 3.232126  1.284184 1 9
 3.232126  1.309921 1 10
 3.232126  1.318084 1 11
 3.232126  1.551012 1 12
 3.232126  1.556609 1 13
 3.232126  2.055082 1 14
 3.232126  2.236349 1 15
 3.232126  2.283663 1 16
 3.232126  2.728679 1 17
 3.232126  2.751910 1 18
 3.280239 -0.670297 1 1
 3.280239 -0.351040 1 2
 3.280239  0.057154 1 3
 3.280239  0.057176 1 4
 3.280239  0.204025 1 5
 3.280239  0.480086 1 6
 3.280239  0.480152 1 7
 3.280239  0.724160 1 8
 3.280239  1.290957 1 9
 3.280239  1.330888 1 10
 3.280239  1.342975 1 11
 3.280239  1.516216 1 12
 3.280239  1.550322 1 13
 3.280239  2.029726 1 14
 3.280239  2.206774 1 15
 3.280239  2.268600 1 16
 3.280239  2.728791 1 17
 3.280239  2.772778 1 18
 3.280239 -0.670297 1 1
 3.280239 -0.351040 1 2
 3.280239  0.057154 1 3
 3.280239  0.057176 1 4
 3.280239  0.204025 1 5
 3.280239  0.480086 1 6
 3.280239  0.480152 1 7
 3.280239  0.724160 1 8
 3.280239  1.290957 1 9
 3.280239  1.330888 1 10
 3.280239  1.342975 1 11
 3.280239  1.516216 1 12
 3.280239  1.550322 1 13
 3.280239  2.029726 1 14
 3.280239  2.206774 1 15
 3.280239  2.268600 1 16
 3.280239  2.728791 1 17
 3.280239  2.772778 1 18
 3.330747 -0.669707 1 1
 3.330747 -0.350576 1 2
 3.330747  0.049635 1 3
 3.330747  0.055877 1 4
 3.330747  0.212711 1 5
 3.330747  0.477292 1 6
 3.330747  0.483121 1 7
 3.330747  0.726143 1 8
 3.330747  1.287673 1 9
 3.330747  1.335779 1 10
 3.330747  1.369966 1 11
 3.330747  1.521169 1 12
 3.330747  1.543231 1 13
 3.330747  2.027417 1 14
 3.330747  2.194227 1 15
 3.330747  2.274804 1 16
 3.330747  2.715653 1 17
 3.330747  2.751207 1 18
 3.381254 -0.668075 1 1
 3.381254 -0.349468 1 2
 3.381254  0.029083 1 3
 3.381254  0.051910 1 4
 3.381254  0.233482 1 5
 3.381254  0.469888 1 6
 3.381254  0.491667 1 7
 3.381254  0.740546 1 8
 3.381254  1.254087 1 9
 3.381254  1.327346 1 10
 3.381254  1.404913 1 11
 3.381254  1.534831 1 12
 3.381254  1.561841 1 13
 3.381254  2.034148 1 14
 3.381254  2.185568 1 15
 3.381254  2.275899 1 16
 3.381254  2.678064 1 17
 3.381254  2.715282 1 18
 3.431762 -0.665432 1 1
 3.431762 -0.347820 1 2
 3.431762  0.002234 1 3
 3.431762  0.045418 1 4
 3.431762  0.259351 1 5
 3.431762  0.461355 1 6
 3.431762  0.505749 1 7
 3.431762  0.752577 1 8
 3.431762  1.198600 1 9
 3.431762  1.317245 1 10
 3.431762  1.439541 1 11
 3.431762  1.559630 1 12
 3.431762  1.591930 1 13
 3.431762  2.050454 1 14
 3.431762  2.184695 1 15
 3.431762  2.264445 1 16
 3.431762  2.634594 1 17
 3.431762  2.672945 1 18
 3.482269 -0.661771 1 1
 3.482269 -0.345763 1 2
 3.482269 -0.026311 1 3
 3.482269  0.036577 1 4
 3.482269  0.286402 1 5
 3.482269  0.453601 1 6
 3.482269  0.525534 1 7
 3.482269  0.753504 1 8
 3.482269  1.133326 1 9
 3.482269  1.312389 1 10
 3.482269  1.470553 1 11
 3.482269  1.590159 1 12
 3.482269  1.624893 1 13
 3.482269  2.068636 1 14
 3.482269  2.187282 1 15
 3.482269  2.246566 1 16
 3.482269  2.593933 1 17
 3.482269  2.644682 1 18
 3.532777 -0.657111 1 1
 3.532777 -0.343524 1 2
 3.532777 -0.053638 1 3
 3.532777  0.025621 1 4
 3.532777  0.312623 1 5
 3.532777  0.447496 1 6
 3.532777  0.551085 1 7
 3.532777  0.744325 1 8
 3.532777  1.067526 1 9
 3.532777  1.313519 1 10
 3.532777  1.494867 1 11
 3.532777  1.621728 1 12
 3.532777  1.655385 1 13
 3.532777  2.084029 1 14
 3.532777  2.172793 1 15
 3.532777  2.245845 1 16
 3.532777  2.556832 1 17
 3.532777  2.646067 1 18
 3.583285 -0.651564 1 1
 3.583285 -0.341511 1 2
 3.583285 -0.077899 1 3
 3.583285  0.012789 1 4
 3.583285  0.336587 1 5
 3.583285  0.443879 1 6
 3.583285  0.581067 1 7
 3.583285  0.730087 1 8
 3.583285  1.008045 1 9
 3.583285  1.318869 1 10
 3.583285  1.509838 1 11
 3.583285  1.651171 1 12
 3.583285  1.680483 1 13
 3.583285  2.092479 1 14
 3.583285  2.147811 1 15
 3.583285  2.260700 1 16
 3.583285  2.533588 1 17
 3.583285  2.664690 1 18
 3.633792 -0.645373 1 1
 3.633792 -0.340222 1 2
 3.633792 -0.098045 1 3
 3.633792 -0.001650 1 4
 3.633792  0.357225 1 5
 3.633792  0.443732 1 6
 3.633792  0.608563 1 7
 3.633792  0.717331 1 8
 3.633792  0.962383 1 9
 3.633792  1.325429 1 10
 3.633792  1.515885 1 11
 3.633792  1.677530 1 12
 3.633792  1.700963 1 13
 3.633792  2.072505 1 14
 3.633792  2.150495 1 15
 3.633792  2.271611 1 16
 3.633792  2.523826 1 17
 3.633792  2.685184 1 18
 3.684300 -0.638860 1 1
 3.684300 -0.340031 1 2
 3.684300 -0.113703 1 3
 3.684300 -0.017384 1 4
 3.684300  0.374383 1 5
 3.684300  0.447808 1 6
 3.684300  0.618379 1 7
 3.684300  0.712140 1 8
 3.684300  0.941866 1 9
 3.684300  1.329532 1 10
 3.684300  1.514123 1 11
 3.684300  1.701127 1 12
 3.684300  1.722712 1 13
 3.684300  2.043328 1 14
 3.684300  2.160615 1 15
 3.684300  2.272884 1 16
 3.684300  2.522361 1 17
 3.684300  2.696237 1 18
 3.734808 -0.632366 1 1
 3.734808 -0.341046 1 2
 3.734808 -0.124860 1 3
 3.734808 -0.034014 1 4
 3.734808  0.389300 1 5
 3.734808  0.456090 1 6
 3.734808  0.606417 1 7
 3.734808  0.704937 1 8
 3.734808  0.957689 1 9
 3.734808  1.328655 1 10
 3.734808  1.507716 1 11
 3.734808  1.719156 1 12
 3.734808  1.749430 1 13
 3.734808  2.025441 1 14
 3.734808  2.157586 1 15
 3.734808  2.266167 1 16
 3.734808  2.523665 1 17
 3.734808  2.692479 1 18
 3.785315 -0.626220 1 1
 3.785315 -0.343098 1 2
 3.785315 -0.131569 1 3
 3.785315 -0.051035 1 4
 3.785315  0.404335 1 5
 3.785315  0.467502 1 6
 3.785315  0.584351 1 7
 3.785315  0.684938 1 8
 3.785315  1.004209 1 9
 3.785315  1.322717 1 10
 3.785315  1.503414 1 11
 3.785315  1.729789 1 12
 3.785315  1.772595 1 13
 3.785315  2.025701 1 14
 3.785315  2.148032 1 15
 3.785315  2.252697 1 16
 3.785315  2.520756 1 17
 3.785315  2.675124 1 18
 3.835823 -0.620741 1 1
 3.835823 -0.345798 1 2
 3.835823 -0.133827 1 3
 3.835823 -0.067885 1 4
 3.835823  0.421496 1 5
 3.835823  0.480346 1 6
 3.835823  0.560190 1 7
 3.835823  0.656781 1 8
 3.835823  1.065413 1 9
 3.835823  1.312672 1 10
 3.835823  1.506568 1 11
 3.835823  1.728149 1 12
 3.835823  1.788792 1 13
 3.835823  2.040426 1 14
 3.835823  2.142017 1 15
 3.835823  2.233673 1 16
 3.835823  2.512452 1 17
 3.835823  2.651795 1 18
 3.886330 -0.616310 1 1
 3.886330 -0.348554 1 2
 3.886330 -0.131664 1 3
 3.886330 -0.083870 1 4
 3.886330  0.440912 1 5
 3.886330  0.491908 1 6
 3.886330  0.539353 1 7
 3.886330  0.626425 1 8
 3.886330  1.130481 1 9
 3.886330  1.298444 1 10
 3.886330  1.517016 1 11
 3.886330  1.709987 1 12
 3.886330  1.805655 1 13
 3.886330  2.052373 1 14
 3.886330  2.142425 1 15
 3.886330  2.216202 1 16
 3.886330  2.496392 1 17
 3.886330  2.640901 1 18
 3.936838 -0.613350 1 1
 3.936838 -0.350654 1 2
 3.936838 -0.125639 1 3
 3.936838 -0.097971 1 4
 3.936838  0.460897 1 5
 3.936838  0.493625 1 6
 3.936838  0.531056 1 7
 3.936838  0.599375 1 8
 3.936838  1.192059 1 9
 3.936838  1.278416 1 10
 3.936838  1.530289 1 11
 3.936838  1.683194 1 12
 3.936838  1.825252 1 13
 3.936838  2.047655 1 14
 3.936838  2.137496 1 15
 3.936838  2.223535 1 16
 3.936838  2.469839 1 17
 3.936838  2.652882 1 18
 3.987346 -0.612234 1 1
 3.987346 -0.351452 1 2
 3.987346 -0.119896 1 3
 3.987346 -0.105986 1 4
 3.987346  0.475703 1 5
 3.987346  0.484638 1 6
 3.987346  0.533967 1 7
 3.987346  0.586238 1 8
 3.987346  1.235686 1 9
 3.987346  1.257130 1 10
 3.987346  1.539826 1 11
 3.987346  1.664018 1 12
 3.987346  1.838476 1 13
 3.987346  2.042199 1 14
 3.987346  2.120621 1 15
 3.987346  2.254723 1 16
 3.987346  2.451963 1 17
 3.987346  2.668338 1 18
 3.987346 -0.612234 1 1
 3.987346 -0.351452 1 2
 3.987346 -0.119896 1 3
 3.987346 -0.105986 1 4
 3.987346  0.475703 1 5
 3.987346  0.484638 1 6
 3.987346  0.533967 1 7
 3.987346  0.586238 1 8
 3.987346  1.235686 1 9
 3.987346  1.257130 1 10
 3.987346  1.539826 1 11
 3.987346  1.664018 1 12
 3.987346  1.838476 1 13
 3.987346  2.042199 1 14
 3.987346  2.120621 1 15
 3.987346  2.254723 1 16
 3.987346  2.451963 1 17
 3.987346  2.668338 1 18
 4.037346 -0.612329 1 1
 4.037346 -0.351639 1 2
 4.037346 -0.118757 1 3
 4.037346 -0.105623 1 4
 4.037346  0.460681 1 5
 4.037346  0.463492 1 6
 4.037346  0.556423 1 7
 4.037346  0.606938 1 8
 4.037346  1.223664 1 9
 4.037346  1.254779 1 10
 4.037346  1.541036 1 11
 4.037346  1.665679 1 12
 4.037346  1.825418 1 13
 4.037346  2.023738 1 14
 4.037346  2.133725 1 15
 4.037346  2.265895 1 16
 4.037346  2.427289 1 17
 4.037346  2.640045 1 18
 4.087346 -0.612568 1 1
 4.087346 -0.352649 1 2
 4.087346 -0.115115 1 3
 4.087346 -0.103326 1 4
 4.087346  0.427935 1 5
 4.087346  0.431627 1 6
 4.087346  0.598222 1 7
 4.087346  0.648447 1 8
 4.087346  1.215036 1 9
 4.087346  1.257607 1 10
 4.087346  1.531585 1 11
 4.087346  1.653789 1 12
 4.087346  1.798520 1 13
 4.087346  1.988896 1 14
 4.087346  2.157115 1 15
 4.087346  2.273074 1 16
 4.087346  2.435407 1 17
 4.087346  2.609257 1 18
 4.137346 -0.612964 1 1
 4.137346 -0.354317 1 2
 4.137346 -0.109014 1 3
 4.137346 -0.098651 1 4
 4.137346  0.391072 1 5
 4.137346  0.399503 1 6
 4.137346  0.648626 1 7
 4.137346  0.695975 1 8
 4.137346  1.213965 1 9
 4.137346  1.268897 1 10
 4.137346  1.515315 1 11
 4.137346  1.632313 1 12
 4.137346  1.760599 1 13
 4.137346  1.957322 1 14
 4.137346  2.169819 1 15
 4.137346  2.287273 1 16
 4.137346  2.459973 1 17
 4.137346  2.585477 1 18
 4.187346 -0.613537 1 1
 4.187346 -0.356399 1 2
 4.187346 -0.100696 1 3
 4.187346 -0.091822 1 4
 4.187346  0.355271 1 5
 4.187346  0.368066 1 6
 4.187346  0.703827 1 7
 4.187346  0.744097 1 8
 4.187346  1.224168 1 9
 4.187346  1.287605 1 10
 4.187346  1.498105 1 11
 4.187346  1.607147 1 12
 4.187346  1.718422 1 13
 4.187346  1.932027 1 14
 4.187346  2.174574 1 15
 4.187346  2.307684 1 16
 4.187346  2.481772 1 17
 4.187346  2.570168 1 18
 4.237346 -0.614236 1 1
 4.237346 -0.358637 1 2
 4.237346 -0.090760 1 3
 4.237346 -0.083796 1 4
 4.237346  0.323146 1 5
 4.237346  0.338024 1 6
 4.237346  0.758797 1 7
 4.237346  0.790023 1 8
 4.237346  1.247272 1 9
 4.237346  1.309080 1 10
 4.237346  1.484138 1 11
 4.237346  1.579851 1 12
 4.237346  1.680188 1 13
 4.237346  1.913565 1 14
 4.237346  2.178310 1 15
 4.237346  2.320440 1 16
 4.237346  2.499667 1 17
 4.237346  2.558777 1 18
 4.287346 -0.614925 1 1
 4.287346 -0.360802 1 2
 4.287346 -0.080243 1 3
 4.287346 -0.075711 1 4
 4.287346  0.296264 1 5
 4.287346  0.310339 1 6
 4.287346  0.809071 1 7
 4.287346  0.831490 1 8
 4.287346  1.280517 1 9
 4.287346  1.329846 1 10
 4.287346  1.475327 1 11
 4.287346  1.549043 1 12
 4.287346  1.654193 1 13
 4.287346  1.902010 1 14
 4.287346  2.188428 1 15
 4.287346  2.310714 1 16
 4.287346  2.516794 1 17
 4.287346  2.550378 1 18
 4.337346 -0.615468 1 1
 4.337346 -0.362687 1 2
 4.337346 -0.070628 1 3
 4.337346 -0.068229 1 4
 4.337346  0.274887 1 5
 4.337346  0.286821 1 6
 4.337346  0.852167 1 7
 4.337346  0.866899 1 8
 4.337346  1.317500 1 9
 4.337346  1.351351 1 10
 4.337346  1.471685 1 11
 4.337346  1.516584 1 12
 4.337346  1.638386 1 13
 4.337346  1.897350 1 14
 4.337346  2.211307 1 15
 4.337346  2.272662 1 16
 4.337346  2.505984 1 17
 4.337346  2.574349 1 18
 4.387346 -0.615830 1 1
 4.387346 -0.364095 1 2
 4.387346 -0.063394 1 3
 4.387346 -0.061634 1 4
 4.387346  0.258592 1 5
 4.387346  0.269482 1 6
 4.387346  0.886369 1 7
 4.387346  0.895532 1 8
 4.387346  1.351898 1 9
 4.387346  1.376867 1 10
 4.387346  1.472388 1 11
 4.387346  1.487077 1 12
 4.387346  1.617676 1 13
 4.387346  1.899084 1 14
 4.387346  2.189244 1 15
 4.387346  2.280690 1 16
 4.387346  2.477820 1 17
 4.387346  2.611974 1 18
 4.437346 -0.616066 1 1
 4.437346 -0.364879 1 2
 4.437346 -0.058532 1 3
 4.437346 -0.057230 1 4
 4.437346  0.247265 1 5
 4.437346  0.259396 1 6
 4.437346  0.908866 1 7
 4.437346  0.915852 1 8
 4.437346  1.381687 1 9
 4.437346  1.402270 1 10
 4.437346  1.462978 1 11
 4.437346  1.475655 1 12
 4.437346  1.589939 1 13
 4.437346  1.902539 1 14
 4.437346  2.137411 1 15
 4.437346  2.336365 1 16
 4.437346  2.453025 1 17
 4.437346  2.630160 1 18
 4.487346 -0.616216 1 1
 4.487346 -0.365005 1 2
 4.487346 -0.055983 1 3
 4.487346 -0.055942 1 4
 4.487346  0.241874 1 5
 4.487346  0.256276 1 6
 4.487346  0.915857 1 7
 4.487346  0.924465 1 8
 4.487346  1.398507 1 9
 4.487346  1.415546 1 10
 4.487346  1.456633 1 11
 4.487346  1.478522 1 12
 4.487346  1.578278 1 13
 4.487346  1.900958 1 14
 4.487346  2.112958 1 15
 4.487346  2.368635 1 16
 4.487346  2.455675 1 17
 4.487346  2.613504 1 18
