 0.000000 -0.674323 1 1
 0.000000  0.246537 1 2
 0.000000  0.246537 1 3
 0.000000  0.246537 1 4
 0.000000  0.489409 1 5
 0.000000  0.489409 1 6
 0.000000  0.489409 1 7
 0.000000  0.529346 1 8
 0.000000  0.949036 1 9
 0.000000  0.949036 1 10
 0.000000  1.568163 1 11
 0.000000  1.568163 1 12
 0.000000  1.568163 1 13
 0.000000  2.239144 1 14
 0.000000  2.239144 1 15
 0.000000  2.405443 1 16
 0.000000  2.405443 1 17
 0.000000  2.405443 1 18
 0.047619 -0.673551 1 1
 0.047619  0.241378 1 2
 0.047619  0.243190 1 3
 0.047619  0.243190 1 4
 0.047619  0.487206 1 5
 0.047619  0.493701 1 6
 0.047619  0.493701 1 7
 0.047619  0.533290 1 8
 0.047619  0.940993 1 9
 0.047619  0.949523 1 10
 0.047619  1.564712 1 11
 0.047619  1.564712 1 12
 0.047619  1.571374 1 13
 0.047619  2.231475 1 14
 0.047619  2.235127 1 15
 0.047619  2.402963 1 16
 0.047619  2.402963 1 17
 0.047619  2.406334 1 18
 0.095238 -0.671255 1 1
 0.095238  0.226763 1 2
 0.095238  0.233814 1 3
 0.095238  0.233814 1 4
 0.095238  0.480834 1 5
 0.095238  0.505890 1 6
 0.095238  0.505890 1 7
 0.095238  0.544446 1 8
 0.095238  0.918375 1 9
 0.095238  0.951623 1 10
 0.095238  1.555673 1 11
 0.095238  1.555673 1 12
 0.095238  1.580848 1 13
 0.095238  2.211661 1 14
 0.095238  2.223796 1 15
 0.095238  2.396191 1 16
 0.095238  2.396191 1 17
 0.095238  2.407851 1 18
 0.142857 -0.667482 1 1
 0.142857  0.204715 1 2
 0.142857  0.219949 1 3
 0.142857  0.219949 1 4
 0.142857  0.470958 1 5
 0.142857  0.524375 1 6
 0.142857  0.524375 1 7
 0.142857  0.561168 1 8
 0.142857  0.885456 1 9
 0.142857  0.956899 1 10
 0.142857  1.544332 1 11
 0.142857  1.544332 1 12
 0.142857  1.596042 1 13
 0.142857  2.186040 1 14
 0.142857  2.206899 1 15
 0.142857  2.386945 1 16
 0.142857  2.386945 1 17
 0.142857  2.408591 1 18
 0.190476 -0.662283 1 1
 0.190476  0.177426 1 2
 0.190476  0.203231 1 3
 0.190476  0.203231 1 4
 0.190476  0.458536 1 5
 0.190476  0.547432 1 6
 0.190476  0.547432 1 7
 0.190476  0.581214 1 8
 0.190476  0.848707 1 9
 0.190476  0.966969 1 10
 0.190476  1.534390 1 11
 0.190476  1.534390 1 12
 0.190476  1.615930 1 13
 0.190476  2.159455 1 14
 0.190476  2.186281 1 15
 0.190476  2.377651 1 16
 0.190476  2.377651 1 17
 0.190476  2.408728 1 18
 0.238095 -0.655686 1 1
 0.238095  0.146710 1 2
 0.238095  0.184987 1 3
 0.238095  0.184987 1 4
 0.238095  0.444610 1 5
 0.238095  0.573655 1 6
 0.238095  0.573655 1 7
 0.238095  0.600960 1 8
 0.238095  0.816576 1 9
 0.238095  0.982656 1 10
 0.238095  1.528388 1 11
 0.238095  1.528388 1 12
 0.238095  1.639062 1 13
 0.238095  2.133503 1 14
 0.238095  2.163067 1 15
 0.238095  2.370594 1 16
 0.238095  2.370594 1 17
 0.238095  2.408988 1 18
 0.285714 -0.647684 1 1
 0.285714  0.113933 1 2
 0.285714  0.166201 1 3
 0.285714  0.166201 1 4
 0.285714  0.430076 1 5
 0.285714  0.602026 1 6
 0.285714  0.602026 1 7
 0.285714  0.613765 1 8
 0.285714  0.799676 1 9
 0.285714  1.003619 1 10
 0.285714  1.526830 1 11
 0.285714  1.526830 1 12
 0.285714  1.663994 1 13
 0.285714  2.106927 1 14
 0.285714  2.137495 1 15
 0.285714  2.367304 1 16
 0.285714  2.367304 1 17
 0.285714  2.409152 1 18
 0.333333 -0.638240 1 1
 0.333333  0.080069 1 2
 0.333333  0.147574 1 3
 0.333333  0.147574 1 4
 0.333333  0.415535 1 5
 0.333333  0.612486 1 6
 0.333333  0.631890 1 7
 0.333333  0.631890 1 8
 0.333333  0.807047 1 9
 0.333333  1.028670 1 10
 0.333333  1.528236 1 11
 0.333333  1.528236 1 12
 0.333333  1.690029 1 13
 0.333333  2.077129 1 14
 0.333333  2.109403 1 15
 0.333333  2.368370 1 16
 0.333333  2.368370 1 17
 0.333333  2.407648 1 18
 0.380952 -0.627316 1 1
 0.380952  0.045842 1 2
 0.380952  0.129613 1 3
 0.380952  0.129613 1 4
 0.380952  0.401319 1 5
 0.380952  0.598135 1 6
 0.380952  0.662844 1 7
 0.380952  0.662844 1 8
 0.380952  0.837057 1 9
 0.380952  1.056482 1 10
 0.380952  1.529971 1 11
 0.380952  1.529971 1 12
 0.380952  1.717750 1 13
 0.380952  2.042053 1 14
 0.380952  2.079004 1 15
 0.380952  2.373663 1 16
 0.380952  2.373663 1 17
 0.380952  2.402374 1 18
 0.428571 -0.614883 1 1
 0.428571  0.011764 1 2
 0.428571  0.112647 1 3
 0.428571  0.112647 1 4
 0.428571  0.387618 1 5
 0.428571  0.576734 1 6
 0.428571  0.694665 1 7
 0.428571  0.694665 1 8
 0.428571  0.881031 1 9
 0.428571  1.086319 1 10
 0.428571  1.529427 1 11
 0.428571  1.529427 1 12
 0.428571  1.748976 1 13
 0.428571  2.001458 1 14
 0.428571  2.047275 1 15
 0.428571  2.382652 1 16
 0.428571  2.382652 1 17
 0.428571  2.392063 1 18
 0.476190 -0.600938 1 1
 0.476190 -0.021848 1 2
 0.476190  0.096847 1 3
 0.476190  0.096847 1 4
 0.476190  0.374623 1 5
 0.476190  0.551681 1 6
 0.476190  0.727218 1 7
 0.476190  0.727218 1 8
 0.476190  0.932063 1 9
 0.476190  1.118305 1 10
 0.476190  1.524998 1 11
 0.476190  1.524998 1 12
 0.476190  1.785847 1 13
 0.476190  1.957092 1 14
 0.476190  2.015689 1 15
 0.476190  2.377324 1 16
 0.476190  2.394534 1 17
 0.476190  2.394534 1 18
 0.523810 -0.585501 1 1
 0.523810 -0.054861 1 2
 0.523810  0.082253 1 3
 0.523810  0.082253 1 4
 0.523810  0.362619 1 5
 0.523810  0.524127 1 6
 0.523810  0.760419 1 7
 0.523810  0.760419 1 8
 0.523810  0.985909 1 9
 0.523810  1.153134 1 10
 0.523810  1.516380 1 11
 0.523810  1.516380 1 12
 0.523810  1.829440 1 13
 0.523810  1.911809 1 14
 0.523810  1.985419 1 15
 0.523810  2.360663 1 16
 0.523810  2.408167 1 17
 0.523810  2.408167 1 18
 0.571429 -0.568601 1 1
 0.571429 -0.087314 1 2
 0.571429  0.068837 1 3
 0.571429  0.068837 1 4
 0.571429  0.351961 1 5
 0.571429  0.494876 1 6
 0.571429  0.794272 1 7
 0.571429  0.794272 1 8
 0.571429  1.039916 1 9
 0.571429  1.191447 1 10
 0.571429  1.504160 1 11
 0.571429  1.504160 1 12
 0.571429  1.868203 1 13
 0.571429  1.878647 1 14
 0.571429  1.956570 1 15
 0.571429  2.345452 1 16
 0.571429  2.421936 1 17
 0.571429  2.421936 1 18
 0.619048 -0.550275 1 1
 0.619048 -0.119349 1 2
 0.619048  0.056569 1 3
 0.619048  0.056569 1 4
 0.619048  0.342985 1 5
 0.619048  0.465149 1 6
 0.619048  0.828934 1 7
 0.619048  0.828934 1 8
 0.619048  1.092468 1 9
 0.619048  1.233276 1 10
 0.619048  1.489103 1 11
 0.619048  1.489103 1 12
 0.619048  1.827530 1 13
 0.619048  1.927950 1 14
 0.619048  1.930032 1 15
 0.619048  2.334361 1 16
 0.619048  2.433756 1 17
 0.619048  2.433756 1 18
 0.666667 -0.530563 1 1
 0.666667 -0.151123 1 2
 0.666667  0.045482 1 3
 0.666667  0.045482 1 4
 0.666667  0.335898 1 5
 0.666667  0.436554 1 6
 0.666667  0.864731 1 7
 0.666667  0.864731 1 8
 0.666667  1.142777 1 9
 0.666667  1.277855 1 10
 0.666667  1.471619 1 11
 0.666667  1.471619 1 12
 0.666667  1.789404 1 13
 0.666667  1.897558 1 14
 0.666667  1.978904 1 15
 0.666667  2.328004 1 16
 0.666667  2.441322 1 17
 0.666667  2.441322 1 18
 0.714286 -0.509528 1 1
 0.714286 -0.182717 1 2
 0.714286  0.035695 1 3
 0.714286  0.035695 1 4
 0.714286  0.330747 1 5
 0.714286  0.410704 1 6
 0.714286  0.902035 1 7
 0.714286  0.902035 1 8
 0.714286  1.190802 1 9
 0.714286  1.323869 1 10
 0.714286  1.451686 1 11
 0.714286  1.451686 1 12
 0.714286  1.752275 1 13
 0.714286  1.863486 1 14
 0.714286  2.021175 1 15
 0.714286  2.324422 1 16
 0.714286  2.442658 1 17
 0.714286  2.442658 1 18
 0.761905 -0.487267 1 1
 0.761905 -0.214078 1 2
 0.761905  0.027380 1 3
 0.761905  0.027380 1 4
 0.761905  0.327462 1 5
 0.761905  0.388802 1 6
 0.761905  0.940979 1 7
 0.761905  0.940979 1 8
 0.761905  1.237161 1 9
 0.761905  1.369957 1 10
 0.761905  1.429134 1 11
 0.761905  1.429134 1 12
 0.761905  1.714244 1 13
 0.761905  1.824743 1 14
 0.761905  2.055105 1 15
 0.761905  2.319701 1 16
 0.761905  2.436843 1 17
 0.761905  2.436843 1 18
 0.809524 -0.463895 1 1
 0.809524 -0.245059 1 2
 0.809524  0.020677 1 3
 0.809524  0.020677 1 4
 0.809524  0.325935 1 5
 0.809524  0.371331 1 6
 0.809524  0.981111 1 7
 0.809524  0.981111 1 8
 0.809524  1.283001 1 9
 0.809524  1.404060 1 10
 0.809524  1.404060 1 11
 0.809524  1.415253 1 12
 0.809524  1.673681 1 13
 0.809524  1.781551 1 14
 0.809524  2.082061 1 15
 0.809524  2.309515 1 16
 0.809524  2.424617 1 17
 0.809524  2.424617 1 18
 0.857143 -0.439546 1 1
 0.857143 -0.275437 1 2
 0.857143  0.015640 1 3
 0.857143  0.015640 1 4
 0.857143  0.326066 1 5
 0.857143  0.358044 1 6
 0.857143  1.020899 1 7
 0.857143  1.020899 1 8
 0.857143  1.329588 1 9
 0.857143  1.377358 1 10
 0.857143  1.377358 1 11
 0.857143  1.459587 1 12
 0.857143  1.629655 1 13
 0.857143  1.735176 1 14
 0.857143  2.105815 1 15
 0.857143  2.290918 1 16
 0.857143  2.408547 1 17
 0.857143  2.408547 1 18
 0.904762 -0.414327 1 1
 0.904762 -0.305016 1 2
 0.904762  0.012209 1 3
 0.904762  0.012209 1 4
 0.904762  0.327732 1 5
 0.904762  0.348166 1 6
 0.904762  1.057199 1 7
 0.904762  1.057199 1 8
 0.904762  1.351341 1 9
 0.904762  1.351341 1 10
 0.904762  1.377890 1 11
 0.904762  1.503442 1 12
 0.904762  1.582073 1 13
 0.904762  1.687325 1 14
 0.904762  2.130800 1 15
 0.904762  2.263558 1 16
 0.904762  2.392536 1 17
 0.904762  2.392536 1 18
 0.952381 -0.388292 1 1
 0.952381 -0.333685 1 2
 0.952381  0.010243 1 3
 0.952381  0.010243 1 4
 0.952381  0.330783 1 5
 0.952381  0.340769 1 6
 0.952381  1.084454 1 7
 0.952381  1.084454 1 8
 0.952381  1.330703 1 9
 0.952381  1.330703 1 10
 0.952381  1.428175 1 11
 0.952381  1.531686 1 12
 0.952381  1.547630 1 13
 0.952381  1.639561 1 14
 0.952381  2.160064 1 15
 0.952381  2.229832 1 16
 0.952381  2.380771 1 17
 0.952381  2.380771 1 18
 1.000000 -0.361428 1 1
 1.000000 -0.361428 1 2
 1.000000  0.009606 1 3
 1.000000  0.009606 1 4
 1.000000  0.335106 1 5
 1.000000  0.335106 1 6
 1.000000  1.094991 1 7
 1.000000  1.094991 1 8
 1.000000  1.322454 1 9
 1.000000  1.322454 1 10
 1.000000  1.479864 1 11
 1.000000  1.479864 1 12
 1.000000  1.592894 1 13
 1.000000  1.592894 1 14
 1.000000  2.193918 1 15
 1.000000  2.193918 1 16
 1.000000  2.376451 1 17
 1.000000  2.376451 1 18
 1.000000 -0.361428 1 1
 1.000000 -0.361428 1 2
 1.000000  0.009606 1 3
 1.000000  0.009606 1 4
 1.000000  0.335106 1 5
 1.000000  0.335106 1 6
 1.000000  1.094991 1 7
 1.000000  1.094991 1 8
 1.000000  1.322454 1 9
 1.000000  1.322454 1 10
 1.000000  1.479864 1 11
 1.000000  1.479864 1 12
 1.000000  1.592894 1 13
 1.000000  1.592894 1 14
 1.000000  2.193918 1 15
 1.000000  2.193918 1 16
 1.000000  2.376451 1 17
 1.000000  2.376451 1 18
 1.058926 -0.361760 1 1
 1.058926 -0.360282 1 2
 1.058926  0.001401 1 3
 1.058926  0.010745 1 4
 1.058926  0.336330 1 5
 1.058926  0.348589 1 6
 1.058926  1.084179 1 7
 1.058926  1.086942 1 8
 1.058926  1.296484 1 9
 1.058926  1.312393 1 10
 1.058926  1.483190 1 11
 1.058926  1.502203 1 12
 1.058926  1.595778 1 13
 1.058926  1.597702 1 14
 1.058926  2.187777 1 15
 1.058926  2.189465 1 16
 1.058926  2.375629 1 17
 1.058926  2.377096 1 18
 1.117851 -0.363014 1 1
 1.117851 -0.356801 1 2
 1.117851 -0.018778 1 3
 1.117851  0.014074 1 4
 1.117851  0.339900 1 5
 1.117851  0.383611 1 6
 1.117851  1.054575 1 7
 1.117851  1.064586 1 8
 1.117851  1.240338 1 9
 1.117851  1.284016 1 10
 1.117851  1.492553 1 11
 1.117851  1.548671 1 12
 1.117851  1.604352 1 13
 1.117851  1.611266 1 14
 1.117851  2.169102 1 15
 1.117851  2.177536 1 16
 1.117851  2.373592 1 17
 1.117851  2.379737 1 18
 1.176777 -0.365858 1 1
 1.176777 -0.350876 1 2
 1.176777 -0.043214 1 3
 1.176777  0.019381 1 4
 1.176777  0.345585 1 5
 1.176777  0.430281 1 6
 1.176777  1.012776 1 7
 1.176777  1.032243 1 8
 1.176777  1.173870 1 9
 1.176777  1.241666 1 10
 1.176777  1.506741 1 11
 1.176777  1.602520 1 12
 1.176777  1.618647 1 13
 1.176777  1.631973 1 14
 1.176777  2.137374 1 15
 1.176777  2.161562 1 16
 1.176777  2.371231 1 17
 1.176777  2.385851 1 18
 1.235702 -0.371105 1 1
 1.235702 -0.342400 1 2
 1.235702 -0.066767 1 3
 1.235702  0.026422 1 4
 1.235702  0.353170 1 5
 1.235702  0.481822 1 6
 1.235702  0.965755 1 7
 1.235702  0.994876 1 8
 1.235702  1.104004 1 9
 1.235702  1.190397 1 10
 1.235702  1.524604 1 11
 1.235702  1.638693 1 12
 1.235702  1.658623 1 13
 1.235702  1.660462 1 14
 1.235702  2.092801 1 15
 1.235702  2.145059 1 16
 1.235702  2.368838 1 17
 1.235702  2.396243 1 18
 1.294628 -0.379478 1 1
 1.294628 -0.331333 1 2
 1.294628 -0.086916 1 3
 1.294628  0.035020 1 4
 1.294628  0.362624 1 5
 1.294628  0.536269 1 6
 1.294628  0.918594 1 7
 1.294628  0.956642 1 8
 1.294628  1.033976 1 9
 1.294628  1.134673 1 10
 1.294628  1.544633 1 11
 1.294628  1.663702 1 12
 1.294628  1.690224 1 13
 1.294628  1.721867 1 14
 1.294628  2.037339 1 15
 1.294628  2.129831 1 16
 1.294628  2.365372 1 17
 1.294628  2.409793 1 18
 1.353553 -0.391506 1 1
 1.353553 -0.317727 1 2
 1.353553 -0.102186 1 3
 1.353553  0.045124 1 4
 1.353553  0.374125 1 5
 1.353553  0.595603 1 6
 1.353553  0.873829 1 7
 1.353553  0.920134 1 8
 1.353553  0.966081 1 9
 1.353553  1.077783 1 10
 1.353553  1.564290 1 11
 1.353553  1.691466 1 12
 1.353553  1.725232 1 13
 1.353553  1.785101 1 14
 1.353553  1.974469 1 15
 1.353553  2.115447 1 16
 1.353553  2.359111 1 17
 1.353553  2.423373 1 18
 1.353553 -0.391506 1 1
 1.353553 -0.317727 1 2
 1.353553 -0.102186 1 3
 1.353553  0.045124 1 4
 1.353553  0.374125 1 5
 1.353553  0.595603 1 6
 1.353553  0.873829 1 7
 1.353553  0.920134 1 8
 1.353553  0.966081 1 9
 1.353553  1.077783 1 10
 1.353553  1.564290 1 11
 1.353553  1.691466 1 12
 1.353553  1.725232 1 13
 1.353553  1.785101 1 14
 1.353553  1.974469 1 15
 1.353553  2.115447 1 16
 1.353553  2.359111 1 17
 1.353553  2.423373 1 18
 1.401765 -0.404249 1 1
 1.401765 -0.304803 1 2
 1.401765 -0.110070 1 3
 1.401765  0.054528 1 4
 1.401765  0.385196 1 5
 1.401765  0.650514 1 6
 1.401765  0.839418 1 7
 1.401765  0.892282 1 8
 1.401765  0.913684 1 9
 1.401765  1.031979 1 10
 1.401765  1.577665 1 11
 1.401765  1.713866 1 12
 1.401765  1.754800 1 13
 1.401765  1.835885 1 14
 1.401765  1.920342 1 15
 1.401765  2.103208 1 16
 1.401765  2.351184 1 17
 1.401765  2.431785 1 18
 1.449977 -0.419515 1 1
 1.449977 -0.290349 1 2
 1.449977 -0.113123 1 3
 1.449977  0.064977 1 4
 1.449977  0.397752 1 5
 1.449977  0.713145 1 6
 1.449977  0.806764 1 7
 1.449977  0.865408 1 8
 1.449977  0.866168 1 9
 1.449977  0.987843 1 10
 1.449977  1.586381 1 11
 1.449977  1.733855 1 12
 1.449977  1.783800 1 13
 1.449977  1.866051 1 14
 1.449977  1.883383 1 15
 1.449977  2.090078 1 16
 1.449977  2.341048 1 17
 1.449977  2.436098 1 18
 1.498189 -0.436910 1 1
 1.498189 -0.274418 1 2
 1.498189 -0.111211 1 3
 1.498189  0.076460 1 4
 1.498189  0.411596 1 5
 1.498189  0.775563 1 6
 1.498189  0.782765 1 7
 1.498189  0.823305 1 8
 1.498189  0.841441 1 9
 1.498189  0.946246 1 10
 1.498189  1.588282 1 11
 1.498189  1.749863 1 12
 1.498189  1.811370 1 13
 1.498189  1.813791 1 14
 1.498189  1.925350 1 15
 1.498189  2.077164 1 16
 1.498189  2.329916 1 17
 1.498189  2.436108 1 18
 1.546401 -0.455794 1 1
 1.546401 -0.257012 1 2
 1.546401 -0.104832 1 3
 1.546401  0.088909 1 4
 1.546401  0.426367 1 5
 1.546401  0.745699 1 6
 1.546401  0.781487 1 7
 1.546401  0.817810 1 8
 1.546401  0.864207 1 9
 1.546401  0.908125 1 10
 1.546401  1.580661 1 11
 1.546401  1.761086 1 12
 1.546401  1.766500 1 13
 1.546401  1.837404 1 14
 1.546401  1.959393 1 15
 1.546401  2.068142 1 16
 1.546401  2.319630 1 17
 1.546401  2.433170 1 18
 1.594613 -0.475459 1 1
 1.594613 -0.238081 1 2
 1.594613 -0.094833 1 3
 1.594613  0.102181 1 4
 1.594613  0.441625 1 5
 1.594613  0.717308 1 6
 1.594613  0.748358 1 7
 1.594613  0.795279 1 8
 1.594613  0.874447 1 9
 1.594613  0.945982 1 10
 1.594613  1.560006 1 11
 1.594613  1.728089 1 12
 1.594613  1.767581 1 13
 1.594613  1.862582 1 14
 1.594613  1.982296 1 15
 1.594613  2.069805 1 16
 1.594613  2.312210 1 17
 1.594613  2.429868 1 18
 1.642824 -0.495300 1 1
 1.642824 -0.217544 1 2
 1.642824 -0.081958 1 3
 1.642824  0.116060 1 4
 1.642824  0.456922 1 5
 1.642824  0.690678 1 6
 1.642824  0.719051 1 7
 1.642824  0.774235 1 8
 1.642824  0.846046 1 9
 1.642824  1.028942 1 10
 1.642824  1.524266 1 11
 1.642824  1.700923 1 12
 1.642824  1.770064 1 13
 1.642824  1.888053 1 14
 1.642824  1.994088 1 15
 1.642824  2.086819 1 16
 1.642824  2.309339 1 17
 1.642824  2.429164 1 18
 1.691036 -0.514852 1 1
 1.691036 -0.195348 1 2
 1.691036 -0.066640 1 3
 1.691036  0.130253 1 4
 1.691036  0.471793 1 5
 1.691036  0.666113 1 6
 1.691036  0.693099 1 7
 1.691036  0.755399 1 8
 1.691036  0.823428 1 9
 1.691036  1.109646 1 10
 1.691036  1.475735 1 11
 1.691036  1.682729 1 12
 1.691036  1.769490 1 13
 1.691036  1.914848 1 14
 1.691036  2.002905 1 15
 1.691036  2.114993 1 16
 1.691036  2.311907 1 17
 1.691036  2.433327 1 18
 1.739248 -0.533805 1 1
 1.739248 -0.171477 1 2
 1.739248 -0.049016 1 3
 1.739248  0.144449 1 4
 1.739248  0.485745 1 5
 1.739248  0.643722 1 6
 1.739248  0.669673 1 7
 1.739248  0.739615 1 8
 1.739248  0.806562 1 9
 1.739248  1.185771 1 10
 1.739248  1.418511 1 11
 1.739248  1.668920 1 12
 1.739248  1.766593 1 13
 1.739248  1.943357 1 14
 1.739248  2.015849 1 15
 1.739248  2.148747 1 16
 1.739248  2.319687 1 17
 1.739248  2.443028 1 18
 1.787460 -0.551946 1 1
 1.787460 -0.145980 1 2
 1.787460 -0.029130 1 3
 1.787460  0.158345 1 4
 1.787460  0.498205 1 5
 1.787460  0.623391 1 6
 1.787460  0.648054 1 7
 1.787460  0.727644 1 8
 1.787460  0.794899 1 9
 1.787460  1.255603 1 10
 1.787460  1.355490 1 11
 1.787460  1.655883 1 12
 1.787460  1.761566 1 13
 1.787460  1.972972 1 14
 1.787460  2.034796 1 15
 1.787460  2.184421 1 16
 1.787460  2.331269 1 17
 1.787460  2.456974 1 18
 1.835672 -0.569129 1 1
 1.835672 -0.118950 1 2
 1.835672 -0.007096 1 3
 1.835672  0.171690 1 4
 1.835672  0.508551 1 5
 1.835672  0.604807 1 6
 1.835672  0.627754 1 7
 1.835672  0.719942 1 8
 1.835672  0.787552 1 9
 1.835672  1.288392 1 10
 1.835672  1.317697 1 11
 1.835672  1.641438 1 12
 1.835672  1.754046 1 13
 1.835672  2.002193 1 14
 1.835672  2.058359 1 15
 1.835672  2.218749 1 16
 1.835672  2.344311 1 17
 1.835672  2.472224 1 18
 1.883883 -0.585245 1 1
 1.883883 -0.090475 1 2
 1.883883  0.016828 1 3
 1.883883  0.184291 1 4
 1.883883  0.516233 1 5
 1.883883  0.587575 1 6
 1.883883  0.608562 1 7
 1.883883  0.716415 1 8
 1.883883  0.783651 1 9
 1.883883  1.218704 1 10
 1.883883  1.370661 1 11
 1.883883  1.624570 1 12
 1.883883  1.743372 1 13
 1.883883  2.029142 1 14
 1.883883  2.083635 1 15
 1.883883  2.248709 1 16
 1.883883  2.356170 1 17
 1.883883  2.485097 1 18
 1.932095 -0.600208 1 1
 1.932095 -0.060585 1 2
 1.932095  0.042250 1 3
 1.932095  0.195998 1 4
 1.932095  0.520947 1 5
 1.932095  0.571375 1 6
 1.932095  0.590501 1 7
 1.932095  0.716103 1 8
 1.932095  0.782745 1 9
 1.932095  1.148439 1 10
 1.932095  1.413363 1 11
 1.932095  1.605393 1 12
 1.932095  1.729009 1 13
 1.932095  2.052339 1 14
 1.932095  2.107495 1 15
 1.932095  2.272326 1 16
 1.932095  2.364723 1 17
 1.932095  2.492356 1 18
 1.980307 -0.613934 1 1
 1.980307 -0.029222 1 2
 1.980307  0.068701 1 3
 1.980307  0.206668 1 4
 1.980307  0.522777 1 5
 1.980307  0.556071 1 6
 1.980307  0.573718 1 7
 1.980307  0.716786 1 8
 1.980307  0.785079 1 9
 1.980307  1.080715 1 10
 1.980307  1.445547 1 11
 1.980307  1.585157 1 12
 1.980307  1.710939 1 13
 1.980307  2.071392 1 14
 1.980307  2.127587 1 15
 1.980307  2.289418 1 16
 1.980307  2.369083 1 17
 1.980307  2.492227 1 18
 2.028519 -0.626346 1 1
 2.028519  0.003733 1 2
 2.028519  0.095684 1 3
 2.028519  0.216149 1 4
 2.028519  0.522186 1 5
 2.028519  0.541764 1 6
 2.028519  0.558360 1 7
 2.028519  0.714621 1 8
 2.028519  0.791561 1 9
 2.028519  1.020231 1 10
 2.028519  1.468448 1 11
 2.028519  1.566034 1 12
 2.028519  1.689851 1 13
 2.028519  2.087304 1 14
 2.028519  2.143012 1 15
 2.028519  2.301697 1 16
 2.028519  2.369914 1 17
 2.028519  2.484898 1 18
 2.076731 -0.637383 1 1
 2.076731  0.038373 1 2
 2.076731  0.122683 1 3
 2.076731  0.224294 1 4
 2.076731  0.519881 1 5
 2.076731  0.528742 1 6
 2.076731  0.544474 1 7
 2.076731  0.704379 1 8
 2.076731  0.803375 1 9
 2.076731  0.973086 1 10
 2.076731  1.484820 1 11
 2.076731  1.550569 1 12
 2.076731  1.667055 1 13
 2.076731  2.102223 1 14
 2.076731  2.154527 1 15
 2.076731  2.312156 1 16
 2.076731  2.369150 1 17
 2.076731  2.472307 1 18
 2.124943 -0.647006 1 1
 2.124943  0.074603 1 2
 2.124943  0.149131 1 3
 2.124943  0.231007 1 4
 2.124943  0.516624 1 5
 2.124943  0.517372 1 6
 2.124943  0.531992 1 7
 2.124943  0.682086 1 8
 2.124943  0.821304 1 9
 2.124943  0.944075 1 10
 2.124943  1.498120 1 11
 2.124943  1.540920 1 12
 2.124943  1.644177 1 13
 2.124943  2.118690 1 14
 2.124943  2.164226 1 15
 2.124943  2.323921 1 16
 2.124943  2.369220 1 17
 2.124943  2.457331 1 18
 2.173154 -0.655205 1 1
 2.173154  0.111963 1 2
 2.173154  0.174354 1 3
 2.173154  0.236301 1 4
 2.173154  0.507957 1 5
 2.173154  0.513049 1 6
 2.173154  0.520794 1 7
 2.173154  0.649293 1 8
 2.173154  0.845043 1 9
 2.173154  0.932237 1 10
 2.173154  1.511281 1 11
 2.173154  1.538118 1 12
 2.173154  1.622767 1 13
 2.173154  2.138646 1 14
 2.173154  2.174732 1 15
 2.173154  2.338896 1 16
 2.173154  2.372057 1 17
 2.173154  2.442714 1 18
 2.221366 -0.661974 1 1
 2.221366  0.149384 1 2
 2.221366  0.197479 1 3
 2.221366  0.240290 1 4
 2.221366  0.500645 1 5
 2.221366  0.509480 1 6
 2.221366  0.510836 1 7
 2.221366  0.612191 1 8
 2.221366  0.872745 1 9
 2.221366  0.931722 1 10
 2.221366  1.525689 1 11
 2.221366  1.541641 1 12
 2.221366  1.604045 1 13
 2.221366  2.162516 1 14
 2.221366  2.188017 1 15
 2.221366  2.356830 1 16
 2.221366  2.378300 1 17
 2.221366  2.430218 1 18
 2.269578 -0.667309 1 1
 2.269578  0.185063 1 2
 2.269578  0.217454 1 3
 2.269578  0.243156 1 4
 2.269578  0.495376 1 5
 2.269578  0.502255 1 6
 2.269578  0.505664 1 7
 2.269578  0.577068 1 8
 2.269578  0.901118 1 9
 2.269578  0.936576 1 10
 2.269578  1.540852 1 11
 2.269578  1.549442 1 12
 2.269578  1.588790 1 13
 2.269578  2.188723 1 14
 2.269578  2.204224 1 15
 2.269578  2.375412 1 16
 2.269578  2.387027 1 17
 2.269578  2.420313 1 18
 2.317790 -0.671178 1 1
 2.317790  0.216121 1 2
 2.317790  0.233061 1 3
 2.317790  0.245075 1 4
 2.317790  0.491927 1 5
 2.317790  0.495441 1 6
 2.317790  0.500464 1 7
 2.317790  0.549405 1 8
 2.317790  0.925937 1 9
 2.317790  0.942653 1 10
 2.317790  1.554722 1 11
 2.317790  1.558468 1 12
 2.317790  1.577496 1 13
 2.317790  2.213653 1 14
 2.317790  2.221028 1 15
 2.317790  2.391347 1 16
 2.317790  2.396089 1 17
 2.317790  2.412713 1 18
 2.366002 -0.673532 1 1
 2.366002  0.238292 1 2
 2.366002  0.243076 1 3
 2.366002  0.246177 1 4
 2.366002  0.490016 1 5
 2.366002  0.490975 1 6
 2.366002  0.493340 1 7
 2.366002  0.533754 1 8
 2.366002  0.942966 1 9
 2.366002  0.947314 1 10
 2.366002  1.564583 1 11
 2.366002  1.565514 1 12
 2.366002  1.570525 1 13
 2.366002  2.232183 1 14
 2.366002  2.234137 1 15
 2.366002  2.401835 1 16
 2.366002  2.402910 1 17
 2.366002  2.407442 1 18
 2.414214 -0.674323 1 1
 2.414214  0.246537 1 2
 2.414214  0.246537 1 3
 2.414214  0.246537 1 4
 2.414214  0.489409 1 5
 2.414214  0.489409 1 6
 2.414214  0.489409 1 7
 2.414214  0.529346 1 8
 2.414214  0.949036 1 9
 2.414214  0.949036 1 10
 2.414214  1.568163 1 11
 2.414214  1.568163 1 12
 2.414214  1.568163 1 13
 2.414214  2.239144 1 14
 2.414214  2.239144 1 15
 2.414214  2.405443 1 16
 2.414214  2.405443 1 17
 2.414214  2.405443 1 18
 2.414214 -0.674323 1 1
 2.414214  0.246537 1 2
 2.414214  0.246537 1 3
 2.414214  0.246537 1 4
 2.414214  0.489409 1 5
 2.414214  0.489409 1 6
 2.414214  0.489409 1 7
 2.414214  0.529346 1 8
 2.414214  0.949036 1 9
 2.414214  0.949036 1 10
 2.414214  1.568163 1 11
 2.414214  1.568163 1 12
 2.414214  1.568163 1 13
 2.414214  2.239144 1 14
 2.414214  2.239144 1 15
 2.414214  2.405443 1 16
 2.414214  2.405443 1 17
 2.414214  2.405443 1 18
 2.462326 -0.673535 1 1
 2.462326  0.237311 1 2
 2.462326  0.245153 1 3
 2.462326  0.245153 1 4
 2.462326  0.491278 1 5
 2.462326  0.491278 1 6
 2.462326  0.491626 1 7
 2.462326  0.533838 1 8
 2.462326  0.945147 1 9
 2.462326  0.945147 1 10
 2.462326  1.563495 1 11
 2.462326  1.568555 1 12
 2.462326  1.568555 1 13
 2.462326  2.233182 1 14
 2.462326  2.233182 1 15
 2.462326  2.400370 1 16
 2.462326  2.405921 1 17
 2.462326  2.405921 1 18
 2.510439 -0.671191 1 1
 2.510439  0.212458 1 2
 2.510439  0.241163 1 3
 2.510439  0.241163 1 4
 2.510439  0.493239 1 5
 2.510439  0.496756 1 6
 2.510439  0.496756 1 7
 2.510439  0.550038 1 8
 2.510439  0.934232 1 9
 2.510439  0.934232 1 10
 2.510439  1.550076 1 11
 2.510439  1.570075 1 12
 2.510439  1.570075 1 13
 2.510439  2.217407 1 14
 2.510439  2.217407 1 15
 2.510439  2.386227 1 16
 2.510439  2.407048 1 17
 2.510439  2.407048 1 18
 2.558551 -0.667345 1 1
 2.558551  0.177519 1 2
 2.558551  0.234991 1 3
 2.558551  0.234991 1 4
 2.558551  0.489995 1 5
 2.558551  0.505431 1 6
 2.558551  0.505431 1 7
 2.558551  0.578004 1 8
 2.558551  0.918463 1 9
 2.558551  0.918463 1 10
 2.558551  1.529474 1 11
 2.558551  1.573530 1 12
 2.558551  1.573530 1 13
 2.558551  2.196575 1 14
 2.558551  2.196575 1 15
 2.558551  2.365743 1 16
 2.558551  2.408727 1 17
 2.558551  2.408727 1 18
 2.606664 -0.662059 1 1
 2.606664  0.137159 1 2
 2.606664  0.227191 1 3
 2.606664  0.227191 1 4
 2.606664  0.483065 1 5
 2.606664  0.516571 1 6
 2.606664  0.516571 1 7
 2.606664  0.613644 1 8
 2.606664  0.901087 1 9
 2.606664  0.901087 1 10
 2.606664  1.503752 1 11
 2.606664  1.579677 1 12
 2.606664  1.579677 1 13
 2.606664  2.175379 1 14
 2.606664  2.175379 1 15
 2.606664  2.342008 1 16
 2.606664  2.411828 1 17
 2.606664  2.411828 1 18
 2.654776 -0.655383 1 1
 2.654776  0.094566 1 2
 2.654776  0.218340 1 3
 2.654776  0.218340 1 4
 2.654776  0.473952 1 5
 2.654776  0.529026 1 6
 2.654776  0.529026 1 7
 2.654776  0.653890 1 8
 2.654776  0.885895 1 9
 2.654776  0.885895 1 10
 2.654776  1.475009 1 11
 2.654776  1.588671 1 12
 2.654776  1.588671 1 13
 2.654776  2.156953 1 14
 2.654776  2.156953 1 15
 2.654776  2.317193 1 16
 2.654776  2.417536 1 17
 2.654776  2.417536 1 18
 2.702889 -0.647336 1 1
 2.702889  0.051732 1 2
 2.702889  0.208976 1 3
 2.702889  0.208976 1 4
 2.702889  0.463740 1 5
 2.702889  0.541280 1 6
 2.702889  0.541280 1 7
 2.702889  0.696699 1 8
 2.702889  0.876437 1 9
 2.702889  0.876437 1 10
 2.702889  1.445040 1 11
 2.702889  1.599724 1 12
 2.702889  1.599724 1 13
 2.702889  2.142461 1 14
 2.702889  2.142461 1 15
 2.702889  2.291791 1 16
 2.702889  2.426251 1 17
 2.702889  2.426251 1 18
 2.751001 -0.637909 1 1
 2.751001  0.009782 1 2
 2.751001  0.199579 1 3
 2.751001  0.199579 1 4
 2.751001  0.453358 1 5
 2.751001  0.551786 1 6
 2.751001  0.551786 1 7
 2.751001  0.740189 1 8
 2.751001  0.875176 1 9
 2.751001  0.875176 1 10
 2.751001  1.415338 1 11
 2.751001  1.611072 1 12
 2.751001  1.611072 1 13
 2.751001  2.131482 1 14
 2.751001  2.131482 1 15
 2.751001  2.264813 1 16
 2.751001  2.437048 1 17
 2.751001  2.437048 1 18
 2.799114 -0.627077 1 1
 2.799114 -0.030846 1 2
 2.799114  0.190532 1 3
 2.799114  0.190532 1 4
 2.799114  0.443587 1 5
 2.799114  0.559546 1 6
 2.799114  0.559546 1 7
 2.799114  0.782359 1 8
 2.799114  0.882904 1 9
 2.799114  0.882904 1 10
 2.799114  1.387355 1 11
 2.799114  1.620299 1 12
 2.799114  1.620299 1 13
 2.799114  2.122824 1 14
 2.799114  2.122824 1 15
 2.799114  2.234627 1 16
 2.799114  2.447980 1 17
 2.799114  2.447980 1 18
 2.847226 -0.614856 1 1
 2.847226 -0.070044 1 2
 2.847226  0.182127 1 3
 2.847226  0.182127 1 4
 2.847226  0.434973 1 5
 2.847226  0.564401 1 6
 2.847226  0.564401 1 7
 2.847226  0.820942 1 8
 2.847226  0.898881 1 9
 2.847226  0.898881 1 10
 2.847226  1.363033 1 11
 2.847226  1.624884 1 12
 2.847226  1.624884 1 13
 2.847226  2.115463 1 14
 2.847226  2.115463 1 15
 2.847226  2.200104 1 16
 2.847226  2.456910 1 17
 2.847226  2.456910 1 18
 2.895339 -0.601311 1 1
 2.895339 -0.107834 1 2
 2.895339  0.174535 1 3
 2.895339  0.174535 1 4
 2.895339  0.427711 1 5
 2.895339  0.566800 1 6
 2.895339  0.566800 1 7
 2.895339  0.853592 1 8
 2.895339  0.921759 1 9
 2.895339  0.921759 1 10
 2.895339  1.345046 1 11
 2.895339  1.622887 1 12
 2.895339  1.622887 1 13
 2.895339  2.109075 1 14
 2.895339  2.109075 1 15
 2.895339  2.161339 1 16
 2.895339  2.462484 1 17
 2.895339  2.462484 1 18
 2.943451 -0.586586 1 1
 2.943451 -0.144132 1 2
 2.943451  0.167825 1 3
 2.943451  0.167825 1 4
 2.943451  0.421669 1 5
 2.943451  0.567325 1 6
 2.943451  0.567325 1 7
 2.943451  0.878260 1 8
 2.943451  0.950647 1 9
 2.943451  0.950647 1 10
 2.943451  1.336495 1 11
 2.943451  1.613407 1 12
 2.943451  1.613407 1 13
 2.943451  2.103992 1 14
 2.943451  2.103992 1 15
 2.943451  2.119753 1 16
 2.943451  2.464731 1 17
 2.943451  2.464731 1 18
 2.991564 -0.570929 1 1
 2.991564 -0.178631 1 2
 2.991564  0.161987 1 3
 2.991564  0.161987 1 4
 2.991564  0.416525 1 5
 2.991564  0.566443 1 6
 2.991564  0.566443 1 7
 2.991564  0.893964 1 8
 2.991564  0.985551 1 9
 2.991564  0.985551 1 10
 2.991564  1.339742 1 11
 2.991564  1.596534 1 12
 2.991564  1.596534 1 13
 2.991564  2.077610 1 14
 2.991564  2.100728 1 15
 2.991564  2.100728 1 16
 2.991564  2.465050 1 17
 2.991564  2.465050 1 18
 3.039676 -0.554711 1 1
 3.039676 -0.210817 1 2
 3.039676  0.156970 1 3
 3.039676  0.156970 1 4
 3.039676  0.411955 1 5
 3.039676  0.564520 1 6
 3.039676  0.564520 1 7
 3.039676  0.901547 1 8
 3.039676  1.027136 1 9
 3.039676  1.027136 1 10
 3.039676  1.355001 1 11
 3.039676  1.572789 1 12
 3.039676  1.572789 1 13
 3.039676  2.037189 1 14
 3.039676  2.099482 1 15
 3.039676  2.099482 1 16
 3.039676  2.465554 1 17
 3.039676  2.465554 1 18
 3.087789 -0.538531 1 1
 3.087789 -0.239922 1 2
 3.087789  0.152747 1 3
 3.087789  0.152747 1 4
 3.087789  0.407799 1 5
 3.087789  0.561932 1 6
 3.087789  0.561932 1 7
 3.087789  0.903418 1 8
 3.087789  1.075860 1 9
 3.087789  1.075860 1 10
 3.087789  1.379803 1 11
 3.087789  1.542551 1 12
 3.087789  1.542551 1 13
 3.087789  2.000330 1 14
 3.087789  2.099961 1 15
 3.087789  2.099961 1 16
 3.087789  2.468022 1 17
 3.087789  2.468022 1 18
 3.135901 -0.523297 1 1
 3.135901 -0.264974 1 2
 3.135901  0.149334 1 3
 3.135901  0.149334 1 4
 3.135901  0.404115 1 5
 3.135901  0.559132 1 6
 3.135901  0.559132 1 7
 3.135901  0.902388 1 8
 3.135901  1.131086 1 9
 3.135901  1.131086 1 10
 3.135901  1.409563 1 11
 3.135901  1.505916 1 12
 3.135901  1.505916 1 13
 3.135901  1.968386 1 14
 3.135901  2.101485 1 15
 3.135901  2.101485 1 16
 3.135901  2.472931 1 17
 3.135901  2.472931 1 18
 3.184014 -0.510338 1 1
 3.184014 -0.284718 1 2
 3.184014  0.146797 1 3
 3.184014  0.146797 1 4
 3.184014  0.401140 1 5
 3.184014  0.556626 1 6
 3.184014  0.556626 1 7
 3.184014  0.900598 1 8
 3.184014  1.190073 1 9
 3.184014  1.190073 1 10
 3.184014  1.438335 1 11
 3.184014  1.463519 1 12
 3.184014  1.463519 1 13
 3.184014  1.942804 1 14
 3.184014  2.103265 1 15
 3.184014  2.103265 1 16
 3.184014  2.479105 1 17
 3.184014  2.479105 1 18
 3.232126 -0.501376 1 1
 3.232126 -0.297622 1 2
 3.232126  0.145223 1 3
 3.232126  0.145223 1 4
 3.232126  0.399182 1 5
 3.232126  0.554889 1 6
 3.232126  0.554889 1 7
 3.232126  0.899223 1 8
 3.232126  1.245798 1 9
 3.232126  1.245798 1 10
 3.232126  1.419464 1 11
 3.232126  1.419464 1 12
 3.232126  1.459551 1 13
 3.232126  1.925703 1 14
 3.232126  2.104629 1 15
 3.232126  2.104629 1 16
 3.232126  2.484283 1 17
 3.232126  2.484283 1 18
 3.280239 -0.498133 1 1
 3.280239 -0.302153 1 2
 3.280239  0.144690 1 3
 3.280239  0.144690 1 4
 3.280239  0.398496 1 5
 3.280239  0.554269 1 6
 3.280239  0.554269 1 7
 3.280239  0.898730 1 8
 3.280239  1.274926 1 9
 3.280239  1.274926 1 10
 3.280239  1.394557 1 11
 3.280239  1.394557 1 12
 3.280239  1.467427 1 13
 3.280239  1.919599 1 14
 3.280239  2.105134 1 15
 3.280239  2.105134 1 16
 3.280239  2.486302 1 17
 3.280239  2.486302 1 18
 3.280239 -0.498133 1 1
 3.280239 -0.302153 1 2
 3.280239  0.144690 1 3
 3.280239  0.144690 1 4
 3.280239  0.398496 1 5
 3.280239  0.554269 1 6
 3.280239  0.554269 1 7
 3.280239  0.898730 1 8
 3.280239  1.274926 1 9
 3.280239  1.274926 1 10
 3.280239  1.394557 1 11
 3.280239  1.394557 1 12
 3.280239  1.467427 1 13
 3.280239  1.919599 1 14
 3.280239  2.105134 1 15
 3.280239  2.105134 1 16
 3.280239  2.486302 1 17
 3.280239  2.486302 1 18
 3.330747 -0.497199 1 1
 3.330747 -0.301551 1 2
 3.330747  0.136544 1 3
 3.330747  0.142861 1 4
 3.330747  0.405849 1 5
 3.330747  0.550883 1 6
 3.330747  0.558215 1 7
 3.330747  0.908339 1 8
 3.330747  1.249323 1 9
 3.330747  1.266914 1 10
 3.330747  1.400125 1 11
 3.330747  1.405844 1 12
 3.330747  1.482019 1 13
 3.330747  1.924392 1 14
 3.330747  2.102612 1 15
 3.330747  2.103438 1 16
 3.330747  2.482563 1 17
 3.330747  2.486851 1 18
 3.381254 -0.494472 1 1
 3.381254 -0.299858 1 2
 3.381254  0.115183 1 3
 3.381254  0.137443 1 4
 3.381254  0.424225 1 5
 3.381254  0.543645 1 6
 3.381254  0.570370 1 7
 3.381254  0.928683 1 8
 3.381254  1.193431 1 9
 3.381254  1.250374 1 10
 3.381254  1.404884 1 11
 3.381254  1.433129 1 12
 3.381254  1.518118 1 13
 3.381254  1.938761 1 14
 3.381254  2.095559 1 15
 3.381254  2.097803 1 16
 3.381254  2.471947 1 17
 3.381254  2.487831 1 18
 3.431762 -0.490100 1 1
 3.431762 -0.297360 1 2
 3.431762  0.086362 1 3
 3.431762  0.128673 1 4
 3.431762  0.446690 1 5
 3.431762  0.537154 1 6
 3.431762  0.591200 1 7
 3.431762  0.943587 1 8
 3.431762  1.127420 1 9
 3.431762  1.235830 1 10
 3.431762  1.406217 1 11
 3.431762  1.467581 1 12
 3.431762  1.561785 1 13
 3.431762  1.961332 1 14
 3.431762  2.085329 1 15
 3.431762  2.087152 1 16
 3.431762  2.456193 1 17
 3.431762  2.487496 1 18
 3.482269 -0.484174 1 1
 3.482269 -0.294421 1 2
 3.482269  0.054478 1 3
 3.482269  0.116930 1 4
 3.482269  0.468572 1 5
 3.482269  0.533414 1 6
 3.482269  0.620368 1 7
 3.482269  0.943213 1 8
 3.482269  1.059401 1 9
 3.482269  1.228472 1 10
 3.482269  1.407393 1 11
 3.482269  1.504408 1 12
 3.482269  1.606627 1 13
 3.482269  1.985939 1 14
 3.482269  2.072321 1 15
 3.482269  2.073587 1 16
 3.482269  2.437853 1 17
 3.482269  2.483732 1 18
 3.532777 -0.476705 1 1
 3.532777 -0.291398 1 2
 3.532777  0.022259 1 3
 3.532777  0.102620 1 4
 3.532777  0.488514 1 5
 3.532777  0.532303 1 6
 3.532777  0.656531 1 7
 3.532777  0.927745 1 8
 3.532777  0.993801 1 9
 3.532777  1.228579 1 10
 3.532777  1.410404 1 11
 3.532777  1.541667 1 12
 3.532777  1.651319 1 13
 3.532777  1.994710 1 14
 3.532777  2.061690 1 15
 3.532777  2.064257 1 16
 3.532777  2.419640 1 17
 3.532777  2.475030 1 18
 3.583285 -0.467655 1 1
 3.583285 -0.288640 1 2
 3.583285 -0.008499 1 3
 3.583285  0.086034 1 4
 3.583285  0.506921 1 5
 3.583285  0.533078 1 6
 3.583285  0.698489 1 7
 3.583285  0.902225 1 8
 3.583285  0.933516 1 9
 3.583285  1.234029 1 10
 3.583285  1.415995 1 11
 3.583285  1.579194 1 12
 3.583285  1.696126 1 13
 3.583285  1.970825 1 14
 3.583285  2.050157 1 15
 3.583285  2.074688 1 16
 3.583285  2.403550 1 17
 3.583285  2.461298 1 18
 3.633792 -0.457014 1 1
 3.633792 -0.286614 1 2
 3.633792 -0.036233 1 3
 3.633792  0.067416 1 4
 3.633792  0.524399 1 5
 3.633792  0.535223 1 6
 3.633792  0.745250 1 7
 3.633792  0.871312 1 8
 3.633792  0.881133 1 9
 3.633792  1.242480 1 10
 3.633792  1.423822 1 11
 3.633792  1.617028 1 12
 3.633792  1.741378 1 13
 3.633792  1.929571 1 14
 3.633792  2.038553 1 15
 3.633792  2.087536 1 16
 3.633792  2.390455 1 17
 3.633792  2.444111 1 18
 3.684300 -0.444819 1 1
 3.684300 -0.286076 1 2
 3.684300 -0.059407 1 3
 3.684300  0.047080 1 4
 3.684300  0.538715 1 5
 3.684300  0.541308 1 6
 3.684300  0.787471 1 7
 3.684300  0.837817 1 8
 3.684300  0.847163 1 9
 3.684300  1.251725 1 10
 3.684300  1.432927 1 11
 3.684300  1.654343 1 12
 3.684300  1.786956 1 13
 3.684300  1.882849 1 14
 3.684300  2.025815 1 15
 3.684300  2.094116 1 16
 3.684300  2.380327 1 17
 3.684300  2.426097 1 18
 3.734808 -0.431174 1 1
 3.734808 -0.288102 1 2
 3.734808 -0.076573 1 3
 3.734808  0.025574 1 4
 3.734808  0.543984 1 5
 3.734808  0.557789 1 6
 3.734808  0.775239 1 7
 3.734808  0.803315 1 8
 3.734808  0.881417 1 9
 3.734808  1.259516 1 10
 3.734808  1.442520 1 11
 3.734808  1.688349 1 12
 3.734808  1.832017 1 13
 3.734808  1.836910 1 14
 3.734808  2.010989 1 15
 3.734808  2.094064 1 16
 3.734808  2.372859 1 17
 3.734808  2.409805 1 18
 3.785315 -0.416251 1 1
 3.785315 -0.293728 1 2
 3.785315 -0.086779 1 3
 3.785315  0.003743 1 4
 3.785315  0.551703 1 5
 3.785315  0.573907 1 6
 3.785315  0.741772 1 7
 3.785315  0.768996 1 8
 3.785315  0.948567 1 9
 3.785315  1.263670 1 10
 3.785315  1.452793 1 11
 3.785315  1.709209 1 12
 3.785315  1.802021 1 13
 3.785315  1.874724 1 14
 3.785315  1.994195 1 15
 3.785315  2.088952 1 16
 3.785315  2.367875 1 17
 3.785315  2.396705 1 18
 3.835823 -0.400256 1 1
 3.835823 -0.303337 1 2
 3.835823 -0.090061 1 3
 3.835823 -0.017432 1 4
 3.835823  0.562519 1 5
 3.835823  0.589773 1 6
 3.835823  0.709445 1 7
 3.835823  0.736038 1 8
 3.835823  1.021945 1 9
 3.835823  1.262253 1 10
 3.835823  1.465473 1 11
 3.835823  1.693100 1 12
 3.835823  1.801168 1 13
 3.835823  1.910486 1 14
 3.835823  1.978808 1 15
 3.835823  2.080046 1 16
 3.835823  2.365325 1 17
 3.835823  2.386912 1 18
 3.886330 -0.383450 1 1
 3.886330 -0.316405 1 2
 3.886330 -0.087364 1 3
 3.886330 -0.037000 1 4
 3.886330  0.576766 1 5
 3.886330  0.605252 1 6
 3.886330  0.680394 1 7
 3.886330  0.705716 1 8
 3.886330  1.093527 1 9
 3.886330  1.253422 1 10
 3.886330  1.483831 1 11
 3.886330  1.649297 1 12
 3.886330  1.824657 1 13
 3.886330  1.922502 1 14
 3.886330  1.980820 1 15
 3.886330  2.067607 1 16
 3.886330  2.365066 1 17
 3.886330  2.379702 1 18
 3.936838 -0.366139 1 1
 3.936838 -0.331901 1 2
 3.936838 -0.079919 1 3
 3.936838 -0.054250 1 4
 3.936838  0.594112 1 5
 3.936838  0.617399 1 6
 3.936838  0.658586 1 7
 3.936838  0.679318 1 8
 3.936838  1.155819 1 9
 3.936838  1.234823 1 10
 3.936838  1.511733 1 11
 3.936838  1.598933 1 12
 3.936838  1.852840 1 13
 3.936838  1.905886 1 14
 3.936838  2.004595 1 15
 3.936838  2.051084 1 16
 3.936838  2.366745 1 17
 3.936838  2.374206 1 18
 3.987346 -0.348757 1 1
 3.987346 -0.348757 1 2
 3.987346 -0.068688 1 3
 3.987346 -0.068688 1 4
 3.987346  0.612000 1 5
 3.987346  0.612000 1 6
 3.987346  0.659507 1 7
 3.987346  0.659507 1 8
 3.987346  1.203215 1 9
 3.987346  1.203215 1 10
 3.987346  1.550998 1 11
 3.987346  1.550998 1 12
 3.987346  1.880654 1 13
 3.987346  1.880654 1 14
 3.987346  2.029896 1 15
 3.987346  2.029896 1 16
 3.987346  2.369901 1 17
 3.987346  2.369901 1 18
 3.987346 -0.348757 1 1
 3.987346 -0.348757 1 2
 3.987346 -0.068688 1 3
 3.987346 -0.068688 1 4
 3.987346  0.612000 1 5
 3.987346  0.612000 1 6
 3.987346  0.659507 1 7
 3.987346  0.659507 1 8
 3.987346  1.203215 1 9
 3.987346  1.203215 1 10
 3.987346  1.550998 1 11
 3.987346  1.550998 1 12
 3.987346  1.880654 1 13
 3.987346  1.880654 1 14
 3.987346  2.029896 1 15
 3.987346  2.029896 1 16
 3.987346  2.369901 1 17
 3.987346  2.369901 1 18
 4.037346 -0.349060 1 1
 4.037346 -0.349060 1 2
 4.037346 -0.067153 1 3
 4.037346 -0.067153 1 4
 4.037346  0.585857 1 5
 4.037346  0.585857 1 6
 4.037346  0.689901 1 7
 4.037346  0.689901 1 8
 4.037346  1.203411 1 9
 4.037346  1.203411 1 10
 4.037346  1.550588 1 11
 4.037346  1.550588 1 12
 4.037346  1.867172 1 13
 4.037346  1.867172 1 14
 4.037346  2.038444 1 15
 4.037346  2.038444 1 16
 4.037346  2.370528 1 17
 4.037346  2.370528 1 18
 4.087346 -0.349948 1 1
 4.087346 -0.349948 1 2
 4.087346 -0.062643 1 3
 4.087346 -0.062643 1 4
 4.087346  0.547885 1 5
 4.087346  0.547885 1 6
 4.087346  0.740239 1 7
 4.087346  0.740239 1 8
 4.087346  1.204178 1 9
 4.087346  1.204178 1 10
 4.087346  1.549265 1 11
 4.087346  1.549265 1 12
 4.087346  1.833912 1 13
 4.087346  1.833912 1 14
 4.087346  2.057826 1 15
 4.087346  2.057826 1 16
 4.087346  2.372041 1 17
 4.087346  2.372041 1 18
 4.137346 -0.351348 1 1
 4.137346 -0.351348 1 2
 4.137346 -0.055431 1 3
 4.137346 -0.055431 1 4
 4.137346  0.510657 1 5
 4.137346  0.510657 1 6
 4.137346  0.796829 1 7
 4.137346  0.796829 1 8
 4.137346  1.206093 1 9
 4.137346  1.206093 1 10
 4.137346  1.546847 1 11
 4.137346  1.546847 1 12
 4.137346  1.791209 1 13
 4.137346  1.791209 1 14
 4.137346  2.080207 1 15
 4.137346  2.080207 1 16
 4.137346  2.373653 1 17
 4.137346  2.373653 1 18
 4.187346 -0.353133 1 1
 4.187346 -0.353133 1 2
 4.187346 -0.045952 1 3
 4.187346 -0.045952 1 4
 4.187346  0.474774 1 5
 4.187346  0.474774 1 6
 4.187346  0.857294 1 7
 4.187346  0.857294 1 8
 4.187346  1.210199 1 9
 4.187346  1.210199 1 10
 4.187346  1.543235 1 11
 4.187346  1.543235 1 12
 4.187346  1.745497 1 13
 4.187346  1.745497 1 14
 4.187346  2.102548 1 15
 4.187346  2.102548 1 16
 4.187346  2.374781 1 17
 4.187346  2.374781 1 18
 4.237346 -0.355123 1 1
 4.237346 -0.355123 1 2
 4.237346 -0.034799 1 3
 4.237346 -0.034799 1 4
 4.237346  0.440363 1 5
 4.237346  0.440363 1 6
 4.237346  0.919032 1 7
 4.237346  0.919032 1 8
 4.237346  1.218046 1 9
 4.237346  1.218046 1 10
 4.237346  1.538434 1 11
 4.237346  1.538434 1 12
 4.237346  1.700964 1 13
 4.237346  1.700964 1 14
 4.237346  2.124159 1 15
 4.237346  2.124159 1 16
 4.237346  2.375347 1 17
 4.237346  2.375347 1 18
 4.287346 -0.357106 1 1
 4.287346 -0.357106 1 2
 4.287346 -0.022744 1 3
 4.287346 -0.022744 1 4
 4.287346  0.408072 1 5
 4.287346  0.408072 1 6
 4.287346  0.978031 1 7
 4.287346  0.978031 1 8
 4.287346  1.231638 1 9
 4.287346  1.231638 1 10
 4.287346  1.532073 1 11
 4.287346  1.532073 1 12
 4.287346  1.660871 1 13
 4.287346  1.660871 1 14
 4.287346  2.144784 1 15
 4.287346  2.144784 1 16
 4.287346  2.375611 1 17
 4.287346  2.375611 1 18
 4.337346 -0.358875 1 1
 4.337346 -0.358875 1 2
 4.337346 -0.010811 1 3
 4.337346 -0.010811 1 4
 4.337346  0.379258 1 5
 4.337346  0.379258 1 6
 4.337346  1.028824 1 7
 4.337346  1.028824 1 8
 4.337346  1.252853 1 9
 4.337346  1.252853 1 10
 4.337346  1.522518 1 11
 4.337346  1.522518 1 12
 4.337346  1.628393 1 13
 4.337346  1.628393 1 14
 4.337346  2.163709 1 15
 4.337346  2.163709 1 16
 4.337346  2.375838 1 17
 4.337346  2.375838 1 18
 4.387346 -0.360256 1 1
 4.387346 -0.360256 1 2
 4.387346 -0.000361 1 3
 4.387346 -0.000361 1 4
 4.387346  0.355944 1 5
 4.387346  0.355944 1 6
 4.387346  1.066180 1 7
 4.387346  1.066180 1 8
 4.387346  1.281147 1 9
 4.387346  1.281147 1 10
 4.387346  1.507415 1 11
 4.387346  1.507415 1 12
 4.387346  1.606645 1 13
 4.387346  1.606645 1 14
 4.387346  2.179477 1 15
 4.387346  2.179477 1 16
 4.387346  2.376112 1 17
 4.387346  2.376112 1 18
 4.437346 -0.361130 1 1
 4.437346 -0.361130 1 2
 4.437346  0.006953 1 3
 4.437346  0.006953 1 4
 4.437346  0.340530 1 5
 4.437346  0.340530 1 6
 4.437346  1.087972 1 7
 4.437346  1.087972 1 8
 4.437346  1.309432 1 9
 4.437346  1.309432 1 10
 4.437346  1.489175 1 11
 4.437346  1.489175 1 12
 4.437346  1.595873 1 13
 4.437346  1.595873 1 14
 4.437346  2.190130 1 15
 4.437346  2.190130 1 16
 4.437346  2.376354 1 17
 4.437346  2.376354 1 18
 4.487346 -0.361428 1 1
 4.487346 -0.361428 1 2
 4.487346  0.009606 1 3
 4.487346  0.009606 1 4
 4.487346  0.335106 1 5
 4.487346  0.335106 1 6
 4.487346  1.094991 1 7
 4.487346  1.094991 1 8
 4.487346  1.322454 1 9
 4.487346  1.322454 1 10
 4.487346  1.479864 1 11
 4.487346  1.479864 1 12
 4.487346  1.592894 1 13
 4.487346  1.592894 1 14
 4.487346  2.193918 1 15
 4.487346  2.193918 1 16
 4.487346  2.376451 1 17
 4.487346  2.376451 1 18
