 0.000000 -0.585437 1 1
 0.000000  0.317558 1 2
 0.000000  0.318766 1 3
 0.000000  0.318868 1 4
 0.000000  0.568455 1 5
 0.000000  0.684417 1 6
 0.000000  0.685775 1 7
 0.000000  0.685902 1 8
 0.000000  1.162888 1 9
 0.000000  1.162893 1 10
 0.000000  1.571850 1 11
 0.000000  1.574628 1 12
 0.000000  1.585276 1 13
 0.000000  2.337855 1 14
 0.000000  2.337863 1 15
 0.000000  2.389645 1 16
 0.000000  2.391335 1 17
 0.000000  2.393127 1 18
 0.047619 -0.584562 1 1
 0.047619  0.312669 1 2
 0.047619  0.316797 1 3
 0.047619  0.318185 1 4
 0.047619  0.573745 1 5
 0.047619  0.683127 1 6
 0.047619  0.690222 1 7
 0.047619  0.690601 1 8
 0.047619  1.160438 1 9
 0.047619  1.166514 1 10
 0.047619  1.572558 1 11
 0.047619  1.576303 1 12
 0.047619  1.596503 1 13
 0.047619  2.322213 1 14
 0.047619  2.327243 1 15
 0.047619  2.392363 1 16
 0.047619  2.399822 1 17
 0.047619  2.402058 1 18
 0.095238 -0.582317 1 1
 0.095238  0.295841 1 2
 0.095238  0.313342 1 3
 0.095238  0.314505 1 4
 0.095238  0.588488 1 5
 0.095238  0.678868 1 6
 0.095238  0.700649 1 7
 0.095238  0.701026 1 8
 0.095238  1.148814 1 9
 0.095238  1.172857 1 10
 0.095238  1.569165 1 11
 0.095238  1.574509 1 12
 0.095238  1.618675 1 13
 0.095238  2.298294 1 14
 0.095238  2.311611 1 15
 0.095238  2.396469 1 16
 0.095238  2.409179 1 17
 0.095238  2.415211 1 18
 0.142857 -0.578778 1 1
 0.142857  0.271679 1 2
 0.142857  0.307602 1 3
 0.142857  0.308205 1 4
 0.142857  0.609261 1 5
 0.142857  0.672172 1 6
 0.142857  0.716275 1 7
 0.142857  0.716469 1 8
 0.142857  1.131158 1 9
 0.142857  1.182514 1 10
 0.142857  1.564784 1 11
 0.142857  1.570562 1 12
 0.142857  1.649464 1 13
 0.142857  2.270297 1 14
 0.142857  2.290196 1 15
 0.142857  2.401818 1 16
 0.142857  2.416455 1 17
 0.142857  2.427547 1 18
 0.190476 -0.573992 1 1
 0.190476  0.243114 1 2
 0.190476  0.299633 1 3
 0.190476  0.299902 1 4
 0.190476  0.633078 1 5
 0.190476  0.663742 1 6
 0.190476  0.735746 1 7
 0.190476  0.735803 1 8
 0.190476  1.111799 1 9
 0.190476  1.195910 1 10
 0.190476  1.562321 1 11
 0.190476  1.567372 1 12
 0.190476  1.684503 1 13
 0.190476  2.239138 1 14
 0.190476  2.262095 1 15
 0.190476  2.407724 1 16
 0.190476  2.421184 1 17
 0.190476  2.436339 1 18
 0.238095 -0.567941 1 1
 0.238095  0.211985 1 2
 0.238095  0.289368 1 3
 0.238095  0.290019 1 4
 0.238095  0.654237 1 5
 0.238095  0.657930 1 6
 0.238095  0.757559 1 7
 0.238095  0.757579 1 8
 0.238095  1.094661 1 9
 0.238095  1.212846 1 10
 0.238095  1.564149 1 11
 0.238095  1.567703 1 12
 0.238095  1.718673 1 13
 0.238095  2.204829 1 14
 0.238095  2.227189 1 15
 0.238095  2.413249 1 16
 0.238095  2.424731 1 17
 0.238095  2.439802 1 18
 0.285714 -0.560565 1 1
 0.285714  0.179335 1 2
 0.285714  0.277451 1 3
 0.285714  0.278042 1 4
 0.285714  0.644217 1 5
 0.285714  0.682271 1 6
 0.285714  0.780366 1 7
 0.285714  0.780409 1 8
 0.285714  1.082247 1 9
 0.285714  1.232377 1 10
 0.285714  1.571261 1 11
 0.285714  1.573003 1 12
 0.285714  1.747811 1 13
 0.285714  2.167343 1 14
 0.285714  2.186473 1 15
 0.285714  2.417998 1 16
 0.285714  2.427784 1 17
 0.285714  2.437227 1 18
 0.333333 -0.551810 1 1
 0.333333  0.145756 1 2
 0.333333  0.264040 1 3
 0.333333  0.264043 1 4
 0.333333  0.634185 1 5
 0.333333  0.704437 1 6
 0.333333  0.803322 1 7
 0.333333  0.803325 1 8
 0.333333  1.075466 1 9
 0.333333  1.253096 1 10
 0.333333  1.582736 1 11
 0.333333  1.582737 1 12
 0.333333  1.770256 1 13
 0.333333  2.126827 1 14
 0.333333  2.141722 1 15
 0.333333  2.422739 1 16
 0.333333  2.428641 1 17
 0.333333  2.428643 1 18
 0.380952 -0.541683 1 1
 0.380952  0.111609 1 2
 0.380952  0.248472 1 3
 0.380952  0.249357 1 4
 0.380952  0.624725 1 5
 0.380952  0.722348 1 6
 0.380952  0.826066 1 7
 0.380952  0.826251 1 8
 0.380952  1.074232 1 9
 0.380952  1.273721 1 10
 0.380952  1.594411 1 11
 0.380952  1.595804 1 12
 0.380952  1.787614 1 13
 0.380952  2.083523 1 14
 0.380952  2.094834 1 15
 0.380952  2.414549 1 16
 0.380952  2.423935 1 17
 0.380952  2.428619 1 18
 0.428571 -0.530264 1 1
 0.428571  0.077112 1 2
 0.428571  0.232178 1 3
 0.428571  0.233848 1 4
 0.428571  0.616530 1 5
 0.428571  0.733729 1 6
 0.428571  0.849100 1 7
 0.428571  0.849609 1 8
 0.428571  1.078361 1 9
 0.428571  1.293629 1 10
 0.428571  1.604321 1 11
 0.428571  1.606597 1 12
 0.428571  1.804289 1 13
 0.428571  2.037708 1 14
 0.428571  2.047321 1 15
 0.428571  2.396142 1 16
 0.428571  2.413510 1 17
 0.428571  2.433351 1 18
 0.476190 -0.517687 1 1
 0.476190  0.042384 1 2
 0.476190  0.216227 1 3
 0.476190  0.218254 1 4
 0.476190  0.610282 1 5
 0.476190  0.736895 1 6
 0.476190  0.873380 1 7
 0.476190  0.874235 1 8
 0.476190  1.088070 1 9
 0.476190  1.313053 1 10
 0.476190  1.608747 1 11
 0.476190  1.611356 1 12
 0.476190  1.825783 1 13
 0.476190  1.989839 1 14
 0.476190  2.000166 1 15
 0.476190  2.375529 1 16
 0.476190  2.396769 1 17
 0.476190  2.436816 1 18
 0.523810 -0.504074 1 1
 0.523810  0.007486 1 2
 0.523810  0.201638 1 3
 0.523810  0.203480 1 4
 0.523810  0.606423 1 5
 0.523810  0.731775 1 6
 0.523810  0.899939 1 7
 0.523810  0.901007 1 8
 0.523810  1.103745 1 9
 0.523810  1.332818 1 10
 0.523810  1.605137 1 11
 0.523810  1.607562 1 12
 0.523810  1.856418 1 13
 0.523810  1.940587 1 14
 0.523810  1.954222 1 15
 0.523810  2.355865 1 16
 0.523810  2.376443 1 17
 0.523810  2.438525 1 18
 0.571429 -0.489487 1 1
 0.571429 -0.027508 1 2
 0.571429  0.189107 1 3
 0.571429  0.190358 1 4
 0.571429  0.604956 1 5
 0.571429  0.720278 1 6
 0.571429  0.929504 1 7
 0.571429  0.930522 1 8
 0.571429  1.125505 1 9
 0.571429  1.353823 1 10
 0.571429  1.592777 1 11
 0.571429  1.594585 1 12
 0.571429  1.889889 1 13
 0.571429  1.898184 1 14
 0.571429  1.910699 1 15
 0.571429  2.340743 1 16
 0.571429  2.356596 1 17
 0.571429  2.439198 1 18
 0.619048 -0.473896 1 1
 0.619048 -0.062446 1 2
 0.619048  0.178870 1 3
 0.619048  0.179412 1 4
 0.619048  0.605426 1 5
 0.619048  0.705494 1 6
 0.619048  0.962224 1 7
 0.619048  0.962875 1 8
 0.619048  1.153166 1 9
 0.619048  1.376598 1 10
 0.619048  1.572737 1 11
 0.619048  1.573660 1 12
 0.619048  1.840706 1 13
 0.619048  1.870648 1 14
 0.619048  1.946453 1 15
 0.619048  2.332988 1 16
 0.619048  2.341361 1 17
 0.619048  2.439648 1 18
 0.666667 -0.457186 1 1
 0.666667 -0.097043 1 2
 0.666667  0.170755 1 3
 0.666667  0.170756 1 4
 0.666667  0.607113 1 5
 0.666667  0.690397 1 6
 0.666667  0.997557 1 7
 0.666667  0.997560 1 8
 0.666667  1.186400 1 9
 0.666667  1.401198 1 10
 0.666667  1.547224 1 11
 0.666667  1.547226 1 12
 0.666667  1.791956 1 13
 0.666667  1.834738 1 14
 0.666667  1.997287 1 15
 0.666667  2.333396 1 16
 0.666667  2.333400 1 17
 0.666667  2.439211 1 18
 0.714286 -0.439219 1 1
 0.714286 -0.130908 1 2
 0.714286  0.164160 1 3
 0.714286  0.164368 1 4
 0.714286  0.609333 1 5
 0.714286  0.676928 1 6
 0.714286  1.033491 1 7
 0.714286  1.034324 1 8
 0.714286  1.224648 1 9
 0.714286  1.427439 1 10
 0.714286  1.517966 1 11
 0.714286  1.518691 1 12
 0.714286  1.744793 1 13
 0.714286  1.802131 1 14
 0.714286  2.043633 1 15
 0.714286  2.333020 1 16
 0.714286  2.340264 1 17
 0.714286  2.434790 1 18
 0.761905 -0.419905 1 1
 0.761905 -0.163629 1 2
 0.761905  0.159215 1 3
 0.761905  0.159302 1 4
 0.761905  0.611693 1 5
 0.761905  0.665790 1 6
 0.761905  1.069213 1 7
 0.761905  1.070863 1 8
 0.761905  1.266856 1 9
 0.761905  1.455230 1 10
 0.761905  1.488040 1 11
 0.761905  1.489133 1 12
 0.761905  1.699289 1 13
 0.761905  1.770649 1 14
 0.761905  2.080918 1 15
 0.761905  2.338445 1 16
 0.761905  2.350198 1 17
 0.761905  2.421494 1 18
 0.809524 -0.399245 1 1
 0.809524 -0.194886 1 2
 0.809524  0.155243 1 3
 0.809524  0.155488 1 4
 0.809524  0.614136 1 5
 0.809524  0.656757 1 6
 0.809524  1.103113 1 7
 0.809524  1.105319 1 8
 0.809524  1.311419 1 9
 0.809524  1.458791 1 10
 0.809524  1.459818 1 11
 0.809524  1.484795 1 12
 0.809524  1.655037 1 13
 0.809524  1.737316 1 14
 0.809524  2.108536 1 15
 0.809524  2.347086 1 16
 0.809524  2.359885 1 17
 0.809524  2.394879 1 18
 0.857143 -0.377331 1 1
 0.857143 -0.224543 1 2
 0.857143  0.152001 1 3
 0.857143  0.152573 1 4
 0.857143  0.616814 1 5
 0.857143  0.649164 1 6
 0.857143  1.133566 1 7
 0.857143  1.135824 1 8
 0.857143  1.356530 1 9
 0.857143  1.431120 1 10
 0.857143  1.431733 1 11
 0.857143  1.516383 1 12
 0.857143  1.611424 1 13
 0.857143  1.699605 1 14
 0.857143  2.130019 1 15
 0.857143  2.352409 1 16
 0.857143  2.358259 1 17
 0.857143  2.367842 1 18
 0.904762 -0.354279 1 1
 0.904762 -0.252673 1 2
 0.904762  0.149427 1 3
 0.904762  0.150131 1 4
 0.904762  0.619877 1 5
 0.904762  0.642361 1 6
 0.904762  1.158713 1 7
 0.904762  1.160423 1 8
 0.904762  1.400768 1 9
 0.904762  1.406095 1 10
 0.904762  1.406347 1 11
 0.904762  1.550163 1 12
 0.904762  1.567935 1 13
 0.904762  1.656745 1 14
 0.904762  2.151283 1 15
 0.904762  2.300865 1 16
 0.904762  2.368289 1 17
 0.904762  2.374803 1 18
 0.952381 -0.330147 1 1
 0.952381 -0.279512 1 2
 0.952381  0.147378 1 3
 0.952381  0.147897 1 4
 0.952381  0.623334 1 5
 0.952381  0.635989 1 6
 0.952381  1.175808 1 7
 0.952381  1.176587 1 8
 0.952381  1.386135 1 9
 0.952381  1.386532 1 10
 0.952381  1.443609 1 11
 0.952381  1.524324 1 12
 0.952381  1.585490 1 13
 0.952381  1.610597 1 14
 0.952381  2.177772 1 15
 0.952381  2.244941 1 16
 0.952381  2.380585 1 17
 0.952381  2.383061 1 18
 1.000000 -0.305349 1 1
 1.000000 -0.304893 1 2
 1.000000  0.145743 1 3
 1.000000  0.145744 1 4
 1.000000  0.627069 1 5
 1.000000  0.630055 1 6
 1.000000  1.180951 1 7
 1.000000  1.180955 1 8
 1.000000  1.376050 1 9
 1.000000  1.376051 1 10
 1.000000  1.480588 1 11
 1.000000  1.485399 1 12
 1.000000  1.563148 1 13
 1.000000  1.622934 1 14
 1.000000  2.194613 1 15
 1.000000  2.211896 1 16
 1.000000  2.394381 1 17
 1.000000  2.394385 1 18
 1.000000 -0.305349 1 1
 1.000000 -0.304893 1 2
 1.000000  0.145743 1 3
 1.000000  0.145744 1 4
 1.000000  0.627069 1 5
 1.000000  0.630055 1 6
 1.000000  1.180951 1 7
 1.000000  1.180955 1 8
 1.000000  1.376050 1 9
 1.000000  1.376051 1 10
 1.000000  1.480588 1 11
 1.000000  1.485399 1 12
 1.000000  1.563148 1 13
 1.000000  1.622934 1 14
 1.000000  2.194613 1 15
 1.000000  2.211896 1 16
 1.000000  2.394381 1 17
 1.000000  2.394385 1 18
 1.058926 -0.306085 1 1
 1.058926 -0.303739 1 2
 1.058926  0.141633 1 3
 1.058926  0.146245 1 4
 1.058926  0.629734 1 5
 1.058926  0.636517 1 6
 1.058926  1.172732 1 7
 1.058926  1.173947 1 8
 1.058926  1.352117 1 9
 1.058926  1.371025 1 10
 1.058926  1.487667 1 11
 1.058926  1.502796 1 12
 1.058926  1.565211 1 13
 1.058926  1.622594 1 14
 1.058926  2.191295 1 15
 1.058926  2.208417 1 16
 1.058926  2.390778 1 17
 1.058926  2.397487 1 18
 1.117851 -0.309015 1 1
 1.117851 -0.299621 1 2
 1.117851  0.130639 1 3
 1.117851  0.147632 1 4
 1.117851  0.633726 1 5
 1.117851  0.658097 1 6
 1.117851  1.150655 1 7
 1.117851  1.154736 1 8
 1.117851  1.304421 1 9
 1.117851  1.354742 1 10
 1.117851  1.501680 1 11
 1.117851  1.539700 1 12
 1.117851  1.573345 1 13
 1.117851  1.623915 1 14
 1.117851  2.175826 1 15
 1.117851  2.203081 1 16
 1.117851  2.382510 1 17
 1.117851  2.402782 1 18
 1.176777 -0.313962 1 1
 1.176777 -0.292893 1 2
 1.176777  0.115583 1 3
 1.176777  0.149862 1 4
 1.176777  0.638899 1 5
 1.176777  0.691178 1 6
 1.176777  1.121010 1 7
 1.176777  1.127630 1 8
 1.176777  1.252190 1 9
 1.176777  1.328189 1 10
 1.176777  1.521498 1 11
 1.176777  1.581223 1 12
 1.176777  1.590768 1 13
 1.176777  1.632395 1 14
 1.176777  2.143888 1 15
 1.176777  2.199476 1 16
 1.176777  2.368679 1 17
 1.176777  2.409306 1 18
 1.235702 -0.320937 1 1
 1.235702 -0.283725 1 2
 1.235702  0.099351 1 3
 1.235702  0.153021 1 4
 1.235702  0.644416 1 5
 1.235702  0.732635 1 6
 1.235702  1.090106 1 7
 1.235702  1.097403 1 8
 1.235702  1.201900 1 9
 1.235702  1.295876 1 10
 1.235702  1.545214 1 11
 1.235702  1.614824 1 12
 1.235702  1.632289 1 13
 1.235702  1.651462 1 14
 1.235702  2.097661 1 15
 1.235702  2.194001 1 16
 1.235702  2.350896 1 17
 1.235702  2.414306 1 18
 1.294628 -0.329991 1 1
 1.294628 -0.272203 1 2
 1.294628  0.084188 1 3
 1.294628  0.157401 1 4
 1.294628  0.649637 1 5
 1.294628  0.779934 1 6
 1.294628  1.062077 1 7
 1.294628  1.067319 1 8
 1.294628  1.156098 1 9
 1.294628  1.263354 1 10
 1.294628  1.571569 1 11
 1.294628  1.649148 1 12
 1.294628  1.681155 1 13
 1.294628  1.690167 1 14
 1.294628  2.039023 1 15
 1.294628  2.184073 1 16
 1.294628  2.331752 1 17
 1.294628  2.415372 1 18
 1.353553 -0.341268 1 1
 1.353553 -0.258290 1 2
 1.353553  0.071822 1 3
 1.353553  0.163460 1 4
 1.353553  0.654445 1 5
 1.353553  0.830650 1 6
 1.353553  1.037866 1 7
 1.353553  1.038767 1 8
 1.353553  1.115554 1 9
 1.353553  1.233835 1 10
 1.353553  1.599020 1 11
 1.353553  1.685495 1 12
 1.353553  1.721222 1 13
 1.353553  1.755952 1 14
 1.353553  1.971118 1 15
 1.353553  2.168026 1 16
 1.353553  2.313658 1 17
 1.353553  2.411361 1 18
 1.353553 -0.341355 1 1
 1.353553 -0.258245 1 2
 1.353553  0.071550 1 3
 1.353553  0.162955 1 4
 1.353553  0.654173 1 5
 1.353553  0.831184 1 6
 1.353553  1.037933 1 7
 1.353553  1.039027 1 8
 1.353553  1.115004 1 9
 1.353553  1.234359 1 10
 1.353553  1.599133 1 11
 1.353553  1.685848 1 12
 1.353553  1.722781 1 13
 1.353553  1.757488 1 14
 1.353553  1.972170 1 15
 1.353553  2.168882 1 16
 1.353553  2.310009 1 17
 1.353553  2.415458 1 18
 1.401765 -0.352310 1 1
 1.401765 -0.245000 1 2
 1.401765  0.064710 1 3
 1.401765  0.169791 1 4
 1.401765  0.658183 1 5
 1.401765  0.872774 1 6
 1.401765  1.015226 1 7
 1.401765  1.021502 1 8
 1.401765  1.086603 1 9
 1.401765  1.212749 1 10
 1.401765  1.620749 1 11
 1.401765  1.712785 1 12
 1.401765  1.760226 1 13
 1.401765  1.813891 1 14
 1.401765  1.912476 1 15
 1.401765  2.150645 1 16
 1.401765  2.299004 1 17
 1.401765  2.407213 1 18
 1.449977 -0.364898 1 1
 1.449977 -0.229912 1 2
 1.449977  0.061296 1 3
 1.449977  0.178084 1 4
 1.449977  0.662452 1 5
 1.449977  0.910510 1 6
 1.449977  0.991256 1 7
 1.449977  1.006011 1 8
 1.449977  1.064521 1 9
 1.449977  1.192559 1 10
 1.449977  1.639141 1 11
 1.449977  1.733872 1 12
 1.449977  1.798277 1 13
 1.449977  1.851606 1 14
 1.449977  1.869012 1 15
 1.449977  2.127608 1 16
 1.449977  2.289385 1 17
 1.449977  2.396885 1 18
 1.498189 -0.378995 1 1
 1.498189 -0.212857 1 2
 1.498189  0.061735 1 3
 1.498189  0.187895 1 4
 1.498189  0.667173 1 5
 1.498189  0.935120 1 6
 1.498189  0.966483 1 7
 1.498189  0.990818 1 8
 1.498189  1.057425 1 9
 1.498189  1.173332 1 10
 1.498189  1.650980 1 11
 1.498189  1.747911 1 12
 1.498189  1.793242 1 13
 1.498189  1.834316 1 14
 1.498189  1.918875 1 15
 1.498189  2.100979 1 16
 1.498189  2.281121 1 17
 1.498189  2.387235 1 18
 1.546401 -0.394317 1 1
 1.546401 -0.193762 1 2
 1.546401  0.066061 1 3
 1.546401  0.199115 1 4
 1.546401  0.672271 1 5
 1.546401  0.935087 1 6
 1.546401  0.941013 1 7
 1.546401  0.975543 1 8
 1.546401  1.076876 1 9
 1.546401  1.155037 1 10
 1.546401  1.648647 1 11
 1.546401  1.744726 1 12
 1.546401  1.755441 1 13
 1.546401  1.867033 1 14
 1.546401  1.960125 1 15
 1.546401  2.073380 1 16
 1.546401  2.274136 1 17
 1.546401  2.380781 1 18
 1.594613 -0.410457 1 1
 1.594613 -0.172632 1 2
 1.594613  0.073911 1 3
 1.594613  0.211457 1 4
 1.594613  0.677343 1 5
 1.594613  0.915004 1 6
 1.594613  0.916915 1 7
 1.594613  0.960749 1 8
 1.594613  1.117202 1 9
 1.594613  1.138144 1 10
 1.594613  1.619203 1 11
 1.594613  1.719411 1 12
 1.594613  1.758311 1 13
 1.594613  1.896611 1 14
 1.594613  1.987235 1 15
 1.594613  2.051425 1 16
 1.594613  2.268446 1 17
 1.594613  2.379294 1 18
 1.642824 -0.426973 1 1
 1.642824 -0.149549 1 2
 1.642824  0.084647 1 3
 1.642824  0.224482 1 4
 1.642824  0.681749 1 5
 1.642824  0.889776 1 6
 1.642824  0.891628 1 7
 1.642824  0.946901 1 8
 1.642824  1.123467 1 9
 1.642824  1.168334 1 10
 1.642824  1.569096 1 11
 1.642824  1.711550 1 12
 1.642824  1.759091 1 13
 1.642824  1.924384 1 14
 1.642824  1.988093 1 15
 1.642824  2.050561 1 16
 1.642824  2.264182 1 17
 1.642824  2.383578 1 18
 1.691036 -0.443465 1 1
 1.691036 -0.124649 1 2
 1.691036  0.097555 1 3
 1.691036  0.237666 1 4
 1.691036  0.684817 1 5
 1.691036  0.863969 1 6
 1.691036  0.866638 1 7
 1.691036  0.934507 1 8
 1.691036  1.111836 1 9
 1.691036  1.226330 1 10
 1.691036  1.512958 1 11
 1.691036  1.707675 1 12
 1.691036  1.759643 1 13
 1.691036  1.952156 1 14
 1.691036  1.972757 1 15
 1.691036  2.065895 1 16
 1.691036  2.261760 1 17
 1.691036  2.393420 1 18
 1.739248 -0.459624 1 1
 1.739248 -0.098073 1 2
 1.739248  0.112021 1 3
 1.739248  0.250459 1 4
 1.739248  0.686076 1 5
 1.739248  0.837350 1 6
 1.739248  0.844866 1 7
 1.739248  0.923843 1 8
 1.739248  1.103730 1 9
 1.739248  1.289065 1 10
 1.739248  1.456272 1 11
 1.739248  1.703635 1 12
 1.739248  1.760435 1 13
 1.739248  1.960078 1 14
 1.739248  1.981901 1 15
 1.739248  2.084126 1 16
 1.739248  2.262087 1 17
 1.739248  2.407696 1 18
 1.787460 -0.475241 1 1
 1.787460 -0.069936 1 2
 1.787460  0.127654 1 3
 1.787460  0.262366 1 4
 1.787460  0.685402 1 5
 1.787460  0.811961 1 6
 1.787460  0.825469 1 7
 1.787460  0.914422 1 8
 1.787460  1.099022 1 9
 1.787460  1.352789 1 10
 1.787460  1.402155 1 11
 1.787460  1.698586 1 12
 1.787460  1.760430 1 13
 1.787460  1.957115 1 14
 1.787460  2.013847 1 15
 1.787460  2.104129 1 16
 1.787460  2.266483 1 17
 1.787460  2.424590 1 18
 1.835672 -0.490183 1 1
 1.835672 -0.040315 1 2
 1.835672  0.144293 1 3
 1.835672  0.273002 1 4
 1.835672  0.682985 1 5
 1.835672  0.788521 1 6
 1.835672  0.808111 1 7
 1.835672  0.904877 1 8
 1.835672  1.096979 1 9
 1.835672  1.346894 1 10
 1.835672  1.418625 1 11
 1.835672  1.692253 1 12
 1.835672  1.757623 1 13
 1.835672  1.965830 1 14
 1.835672  2.047972 1 15
 1.835672  2.127417 1 16
 1.835672  2.276232 1 17
 1.835672  2.441889 1 18
 1.883883 -0.504349 1 1
 1.883883 -0.009281 1 2
 1.883883  0.161933 1 3
 1.883883  0.282144 1 4
 1.883883  0.679146 1 5
 1.883883  0.767517 1 6
 1.883883  0.792231 1 7
 1.883883  0.893391 1 8
 1.883883  1.096526 1 9
 1.883883  1.300652 1 10
 1.883883  1.472650 1 11
 1.883883  1.684386 1 12
 1.883883  1.749890 1 13
 1.883883  1.986768 1 14
 1.883883  2.082915 1 15
 1.883883  2.155218 1 16
 1.883883  2.291911 1 17
 1.883883  2.457315 1 18
 1.932095 -0.517643 1 1
 1.932095  0.023065 1 2
 1.932095  0.180582 1 3
 1.932095  0.289744 1 4
 1.932095  0.674141 1 5
 1.932095  0.749290 1 6
 1.932095  0.777206 1 7
 1.932095  0.878464 1 8
 1.932095  1.096677 1 9
 1.932095  1.260771 1 10
 1.932095  1.513673 1 11
 1.932095  1.674749 1 12
 1.932095  1.735871 1 13
 1.932095  2.019279 1 14
 1.932095  2.116922 1 15
 1.932095  2.187625 1 16
 1.932095  2.312818 1 17
 1.932095  2.468875 1 18
 1.980307 -0.529962 1 1
 1.980307  0.056551 1 2
 1.980307  0.200123 1 3
 1.980307  0.295920 1 4
 1.980307  0.668091 1 5
 1.980307  0.733970 1 6
 1.980307  0.762575 1 7
 1.980307  0.859571 1 8
 1.980307  1.096931 1 9
 1.980307  1.228592 1 10
 1.980307  1.538233 1 11
 1.980307  1.663246 1 12
 1.980307  1.715614 1 13
 1.980307  2.061341 1 14
 1.980307  2.148507 1 15
 1.980307  2.223260 1 16
 1.980307  2.336860 1 17
 1.980307  2.475169 1 18
 2.028519 -0.541208 1 1
 2.028519  0.090931 1 2
 2.028519  0.220203 1 3
 2.028519  0.300900 1 4
 2.028519  0.660992 1 5
 2.028519  0.721432 1 6
 2.028519  0.748200 1 7
 2.028519  0.837213 1 8
 2.028519  1.097509 1 9
 2.028519  1.203986 1 10
 2.028519  1.547667 1 11
 2.028519  1.650098 1 12
 2.028519  1.690720 1 13
 2.028519  2.109152 1 14
 2.028519  2.176956 1 15
 2.028519  2.259488 1 16
 2.028519  2.361034 1 17
 2.028519  2.475604 1 18
 2.076731 -0.551298 1 1
 2.076731  0.125902 1 2
 2.076731  0.240204 1 3
 2.076731  0.304960 1 4
 2.076731  0.652768 1 5
 2.076731  0.711353 1 6
 2.076731  0.734307 1 7
 2.076731  0.812431 1 8
 2.076731  1.099321 1 9
 2.076731  1.186062 1 10
 2.076731  1.547095 1 11
 2.076731  1.635945 1 12
 2.076731  1.663946 1 13
 2.076731  2.157786 1 14
 2.076731  2.202473 1 15
 2.076731  2.293254 1 16
 2.076731  2.382252 1 17
 2.076731  2.470430 1 18
 2.124943 -0.560167 1 1
 2.124943  0.161122 1 2
 2.124943  0.259303 1 3
 2.124943  0.308353 1 4
 2.124943  0.643285 1 5
 2.124943  0.703322 1 6
 2.124943  0.721402 1 7
 2.124943  0.786334 1 8
 2.124943  1.103609 1 9
 2.124943  1.173743 1 10
 2.124943  1.542962 1 11
 2.124943  1.621597 1 12
 2.124943  1.638524 1 13
 2.124943  2.202689 1 14
 2.124943  2.225995 1 15
 2.124943  2.322049 1 16
 2.124943  2.398119 1 17
 2.124943  2.460618 1 18
 2.173154 -0.567767 1 1
 2.173154  0.196174 1 2
 2.173154  0.276614 1 3
 2.173154  0.311258 1 4
 2.173154  0.632286 1 5
 2.173154  0.696950 1 6
 2.173154  0.710099 1 7
 2.173154  0.760092 1 8
 2.173154  1.111332 1 9
 2.173154  1.166045 1 10
 2.173154  1.540678 1 11
 2.173154  1.607242 1 12
 2.173154  1.617810 1 13
 2.173154  2.240441 1 14
 2.173154  2.249172 1 15
 2.173154  2.344500 1 16
 2.173154  2.407423 1 17
 2.173154  2.447605 1 18
 2.221366 -0.574058 1 1
 2.221366  0.230423 1 2
 2.221366  0.291352 1 3
 2.221366  0.313750 1 4
 2.221366  0.619344 1 5
 2.221366  0.691929 1 6
 2.221366  0.700933 1 7
 2.221366  0.735275 1 8
 2.221366  1.122531 1 9
 2.221366  1.162051 1 10
 2.221366  1.543148 1 11
 2.221366  1.592917 1 12
 2.221366  1.604052 1 13
 2.221366  2.267819 1 14
 2.221366  2.275142 1 15
 2.221366  2.360466 1 16
 2.221366  2.410286 1 17
 2.221366  2.433002 1 18
 2.269578 -0.579002 1 1
 2.269578  0.262713 1 2
 2.269578  0.302980 1 3
 2.269578  0.315819 1 4
 2.269578  0.604167 1 5
 2.269578  0.688079 1 6
 2.269578  0.694172 1 7
 2.269578  0.714005 1 8
 2.269578  1.135942 1 9
 2.269578  1.160782 1 10
 2.269578  1.550346 1 11
 2.269578  1.581387 1 12
 2.269578  1.595354 1 13
 2.269578  2.290246 1 14
 2.269578  2.299200 1 15
 2.269578  2.370888 1 16
 2.269578  2.407971 1 17
 2.269578  2.418378 1 18
 2.317790 -0.582565 1 1
 2.317790  0.290854 1 2
 2.317790  0.311248 1 3
 2.317790  0.317402 1 4
 2.317790  0.587797 1 5
 2.317790  0.685428 1 6
 2.317790  0.689678 1 7
 2.317790  0.698289 1 8
 2.317790  1.149094 1 9
 2.317790  1.161162 1 10
 2.317790  1.559898 1 11
 2.317790  1.574323 1 12
 2.317790  1.589819 1 13
 2.317790  2.311144 1 14
 2.317790  2.318088 1 15
 2.317790  2.377681 1 16
 2.317790  2.402063 1 17
 2.317790  2.405554 1 18
 2.366002 -0.584717 1 1
 2.366002  0.311069 1 2
 2.366002  0.316125 1 3
 2.366002  0.318449 1 4
 2.366002  0.574025 1 5
 2.366002  0.684171 1 6
 2.366002  0.686993 1 7
 2.366002  0.688991 1 8
 2.366002  1.158943 1 9
 2.366002  1.162142 1 10
 2.366002  1.568118 1 11
 2.366002  1.572169 1 12
 2.366002  1.586534 1 13
 2.366002  2.328728 1 14
 2.366002  2.331385 1 15
 2.366002  2.383529 1 16
 2.366002  2.393983 1 17
 2.366002  2.397190 1 18
 2.414214 -0.585437 1 1
 2.414214  0.317558 1 2
 2.414214  0.318766 1 3
 2.414214  0.318868 1 4
 2.414214  0.568455 1 5
 2.414214  0.684417 1 6
 2.414214  0.685775 1 7
 2.414214  0.685902 1 8
 2.414214  1.162888 1 9
 2.414214  1.162893 1 10
 2.414214  1.571850 1 11
 2.414214  1.574628 1 12
 2.414214  1.585276 1 13
 2.414214  2.337855 1 14
 2.414214  2.337863 1 15
 2.414214  2.389645 1 16
 2.414214  2.391335 1 17
 2.414214  2.393127 1 18
 2.414214 -0.585437 1 1
 2.414214  0.317558 1 2
 2.414214  0.318766 1 3
 2.414214  0.318868 1 4
 2.414214  0.568455 1 5
 2.414214  0.684417 1 6
 2.414214  0.685775 1 7
 2.414214  0.685902 1 8
 2.414214  1.162888 1 9
 2.414214  1.162893 1 10
 2.414214  1.571850 1 11
 2.414214  1.574628 1 12
 2.414214  1.585276 1 13
 2.414214  2.337855 1 14
 2.414214  2.337863 1 15
 2.414214  2.389645 1 16
 2.414214  2.391335 1 17
 2.414214  2.393127 1 18
 2.462326 -0.584621 1 1
 2.462326  0.310237 1 2
 2.462326  0.317729 1 3
 2.462326  0.318698 1 4
 2.462326  0.573762 1 5
 2.462326  0.685737 1 6
 2.462326  0.687863 1 7
 2.462326  0.688599 1 8
 2.462326  1.162141 1 9
 2.462326  1.162338 1 10
 2.462326  1.571118 1 11
 2.462326  1.576325 1 12
 2.462326  1.587764 1 13
 2.462326  2.328070 1 14
 2.462326  2.328631 1 15
 2.462326  2.390130 1 16
 2.462326  2.397271 1 17
 2.462326  2.398999 1 18
 2.510439 -0.582378 1 1
 2.510439  0.289203 1 2
 2.510439  0.315714 1 3
 2.510439  0.316934 1 4
 2.510439  0.586492 1 5
 2.510439  0.690166 1 6
 2.510439  0.693120 1 7
 2.510439  0.694070 1 8
 2.510439  1.158222 1 9
 2.510439  1.158554 1 10
 2.510439  1.573365 1 11
 2.510439  1.578944 1 12
 2.510439  1.591919 1 13
 2.510439  2.309345 1 14
 2.510439  2.310585 1 15
 2.510439  2.396398 1 16
 2.510439  2.402633 1 17
 2.510439  2.405448 1 18
 2.558551 -0.578732 1 1
 2.558551  0.259700 1 2
 2.558551  0.312303 1 3
 2.558551  0.313608 1 4
 2.558551  0.599494 1 5
 2.558551  0.699288 1 6
 2.558551  0.700978 1 7
 2.558551  0.702773 1 8
 2.558551  1.152238 1 9
 2.558551  1.152784 1 10
 2.558551  1.579775 1 11
 2.558551  1.584638 1 12
 2.558551  1.597160 1 13
 2.558551  2.286189 1 14
 2.558551  2.287619 1 15
 2.558551  2.398899 1 16
 2.558551  2.405599 1 17
 2.558551  2.413562 1 18
 2.606664 -0.573715 1 1
 2.606664  0.225444 1 2
 2.606664  0.307663 1 3
 2.606664  0.308816 1 4
 2.606664  0.607263 1 5
 2.606664  0.709737 1 6
 2.606664  0.710373 1 7
 2.606664  0.719788 1 8
 2.606664  1.145948 1 9
 2.606664  1.146749 1 10
 2.606664  1.590668 1 11
 2.606664  1.594352 1 12
 2.606664  1.603163 1 13
 2.606664  2.260778 1 14
 2.606664  2.262306 1 15
 2.606664  2.384325 1 16
 2.606664  2.415722 1 17
 2.606664  2.421220 1 18
 2.654776 -0.567368 1 1
 2.654776  0.188594 1 2
 2.654776  0.302059 1 3
 2.654776  0.302767 1 4
 2.654776  0.608913 1 5
 2.654776  0.720137 1 6
 2.654776  0.720483 1 7
 2.654776  0.745032 1 8
 2.654776  1.141312 1 9
 2.654776  1.142018 1 10
 2.654776  1.605030 1 11
 2.654776  1.607655 1 12
 2.654776  1.609572 1 13
 2.654776  2.234841 1 14
 2.654776  2.236101 1 15
 2.654776  2.356265 1 16
 2.654776  2.426262 1 17
 2.654776  2.428728 1 18
 2.702889 -0.559737 1 1
 2.702889  0.150321 1 2
 2.702889  0.295792 1 3
 2.702889  0.295795 1 4
 2.702889  0.606383 1 5
 2.702889  0.730550 1 6
 2.702889  0.730552 1 7
 2.702889  0.775519 1 8
 2.702889  1.139709 1 9
 2.702889  1.139714 1 10
 2.702889  1.612083 1 11
 2.702889  1.623626 1 12
 2.702889  1.623626 1 13
 2.702889  2.209851 1 14
 2.702889  2.209862 1 15
 2.702889  2.314649 1 16
 2.702889  2.436642 1 17
 2.702889  2.436645 1 18
 2.751001 -0.550865 1 1
 2.751001  0.111314 1 2
 2.751001  0.288343 1 3
 2.751001  0.289165 1 4
 2.751001  0.601692 1 5
 2.751001  0.739981 1 6
 2.751001  0.740444 1 7
 2.751001  0.809596 1 8
 2.751001  1.140375 1 9
 2.751001  1.141560 1 10
 2.751001  1.612037 1 11
 2.751001  1.639760 1 12
 2.751001  1.641392 1 13
 2.751001  2.184358 1 14
 2.751001  2.186548 1 15
 2.751001  2.262236 1 16
 2.751001  2.445262 1 17
 2.751001  2.446542 1 18
 2.799114 -0.540788 1 1
 2.799114  0.072059 1 2
 2.799114  0.280910 1 3
 2.799114  0.282452 1 4
 2.799114  0.596237 1 5
 2.799114  0.748488 1 6
 2.799114  0.749326 1 7
 2.799114  0.846386 1 8
 2.799114  1.144077 1 9
 2.799114  1.146452 1 10
 2.799114  1.606103 1 11
 2.799114  1.653998 1 12
 2.799114  1.657006 1 13
 2.799114  2.160502 1 14
 2.799114  2.164989 1 15
 2.799114  2.204216 1 16
 2.799114  2.454349 1 17
 2.799114  2.455879 1 18
 2.847226 -0.529542 1 1
 2.847226  0.032998 1 2
 2.847226  0.273979 1 3
 2.847226  0.275890 1 4
 2.847226  0.590894 1 5
 2.847226  0.755985 1 6
 2.847226  0.756901 1 7
 2.847226  0.885131 1 8
 2.847226  1.150712 1 9
 2.847226  1.153682 1 10
 2.847226  1.593769 1 11
 2.847226  1.663893 1 12
 2.847226  1.667575 1 13
 2.847226  2.139344 1 14
 2.847226  2.144196 1 15
 2.847226  2.147886 1 16
 2.847226  2.463177 1 17
 2.847226  2.464626 1 18
 2.895339 -0.517180 1 1
 2.895339 -0.005392 1 2
 2.895339  0.267923 1 3
 2.895339  0.269681 1 4
 2.895339  0.586156 1 5
 2.895339  0.762417 1 6
 2.895339  0.763076 1 7
 2.895339  0.924811 1 8
 2.895339  1.160290 1 9
 2.895339  1.162912 1 10
 2.895339  1.576029 1 11
 2.895339  1.667118 1 12
 2.895339  1.670469 1 13
 2.895339  2.095119 1 14
 2.895339  2.122373 1 15
 2.895339  2.128232 1 16
 2.895339  2.470997 1 17
 2.895339  2.472300 1 18
 2.943451 -0.503812 1 1
 2.943451 -0.042571 1 2
 2.943451  0.262934 1 3
 2.943451  0.263999 1 4
 2.943451  0.582205 1 5
 2.943451  0.767649 1 6
 2.943451  0.767905 1 7
 2.943451  0.964130 1 8
 2.943451  1.173154 1 9
 2.943451  1.174609 1 10
 2.943451  1.555207 1 11
 2.943451  1.661711 1 12
 2.943451  1.663709 1 13
 2.943451  2.053083 1 14
 2.943451  2.110920 1 15
 2.943451  2.114577 1 16
 2.943451  2.477272 1 17
 2.943451  2.478066 1 18
 2.991564 -0.489649 1 1
 2.991564 -0.077912 1 2
 2.991564  0.258986 1 3
 2.991564  0.258989 1 4
 2.991564  0.578997 1 5
 2.991564  0.771497 1 6
 2.991564  0.771500 1 7
 2.991564  1.001795 1 8
 2.991564  1.190017 1 9
 2.991564  1.190020 1 10
 2.991564  1.534044 1 11
 2.991564  1.646410 1 12
 2.991564  1.646414 1 13
 2.991564  2.021062 1 14
 2.991564  2.105979 1 15
 2.991564  2.105992 1 16
 2.991564  2.481526 1 17
 2.991564  2.481529 1 18
 3.039676 -0.475058 1 1
 3.039676 -0.110708 1 2
 3.039676  0.254754 1 3
 3.039676  0.255892 1 4
 3.039676  0.576349 1 5
 3.039676  0.773888 1 6
 3.039676  0.773989 1 7
 3.039676  1.036842 1 8
 3.039676  1.210676 1 9
 3.039676  1.211819 1 10
 3.039676  1.514665 1 11
 3.039676  1.619049 1 12
 3.039676  1.620970 1 13
 3.039676  1.997696 1 14
 3.039676  2.103279 1 15
 3.039676  2.107346 1 16
 3.039676  2.483032 1 17
 3.039676  2.483635 1 18
 3.087789 -0.460623 1 1
 3.087789 -0.140153 1 2
 3.087789  0.251378 1 3
 3.087789  0.253374 1 4
 3.087789  0.574048 1 5
 3.087789  0.775016 1 6
 3.087789  0.775511 1 7
 3.087789  1.068714 1 8
 3.087789  1.237749 1 9
 3.087789  1.239347 1 10
 3.087789  1.498117 1 11
 3.087789  1.583239 1 12
 3.087789  1.586301 1 13
 3.087789  1.980614 1 14
 3.087789  2.106190 1 15
 3.087789  2.113518 1 16
 3.087789  2.483472 1 17
 3.087789  2.484110 1 18
 3.135901 -0.447207 1 1
 3.135901 -0.165303 1 2
 3.135901  0.248898 1 3
 3.135901  0.251208 1 4
 3.135901  0.571940 1 5
 3.135901  0.775350 1 6
 3.135901  0.776265 1 7
 3.135901  1.096922 1 8
 3.135901  1.271484 1 9
 3.135901  1.272832 1 10
 3.135901  1.484656 1 11
 3.135901  1.541337 1 12
 3.135901  1.544366 1 13
 3.135901  1.967594 1 14
 3.135901  2.113471 1 15
 3.135901  2.122154 1 16
 3.135901  2.483790 1 17
 3.135901  2.484007 1 18
 3.184014 -0.435999 1 1
 3.184014 -0.185008 1 2
 3.184014  0.247311 1 3
 3.184014  0.249296 1 4
 3.184014  0.569987 1 5
 3.184014  0.775493 1 6
 3.184014  0.776545 1 7
 3.184014  1.120470 1 8
 3.184014  1.310838 1 9
 3.184014  1.311473 1 10
 3.184014  1.474486 1 11
 3.184014  1.496160 1 12
 3.184014  1.498082 1 13
 3.184014  1.957369 1 14
 3.184014  2.123317 1 15
 3.184014  2.130901 1 16
 3.184014  2.484192 1 17
 3.184014  2.484754 1 18
 3.232126 -0.428442 1 1
 3.232126 -0.197908 1 2
 3.232126  0.246563 1 3
 3.232126  0.247689 1 4
 3.232126  0.568273 1 5
 3.232126  0.775982 1 6
 3.232126  0.776714 1 7
 3.232126  1.137441 1 8
 3.232126  1.351967 1 9
 3.232126  1.352402 1 10
 3.232126  1.451925 1 11
 3.232126  1.452282 1 12
 3.232126  1.468522 1 13
 3.232126  1.949830 1 14
 3.232126  2.133872 1 15
 3.232126  2.138187 1 16
 3.232126  2.485418 1 17
 3.232126  2.486102 1 18
 3.280239 -0.425869 1 1
 3.280239 -0.202716 1 2
 3.280239  0.246557 1 3
 3.280239  0.246560 1 4
 3.280239  0.566975 1 5
 3.280239  0.777122 1 6
 3.280239  0.777125 1 7
 3.280239  1.145294 1 8
 3.280239  1.373565 1 9
 3.280239  1.373566 1 10
 3.280239  1.429974 1 11
 3.280239  1.429979 1 12
 3.280239  1.468046 1 13
 3.280239  1.945634 1 14
 3.280239  2.143612 1 15
 3.280239  2.143619 1 16
 3.280239  2.487406 1 17
 3.280239  2.487408 1 18
 3.280239 -0.425869 1 1
 3.280239 -0.202716 1 2
 3.280239  0.246557 1 3
 3.280239  0.246560 1 4
 3.280239  0.566975 1 5
 3.280239  0.777122 1 6
 3.280239  0.777125 1 7
 3.280239  1.145294 1 8
 3.280239  1.373565 1 9
 3.280239  1.373566 1 10
 3.280239  1.429974 1 11
 3.280239  1.429979 1 12
 3.280239  1.468046 1 13
 3.280239  1.945634 1 14
 3.280239  2.143612 1 15
 3.280239  2.143619 1 16
 3.280239  2.487406 1 17
 3.280239  2.487408 1 18
 3.330747 -0.425121 1 1
 3.330747 -0.202460 1 2
 3.330747  0.241491 1 3
 3.330747  0.245656 1 4
 3.330747  0.571974 1 5
 3.330747  0.776884 1 6
 3.330747  0.780061 1 7
 3.330747  1.142339 1 8
 3.330747  1.352186 1 9
 3.330747  1.364525 1 10
 3.330747  1.431240 1 11
 3.330747  1.445931 1 12
 3.330747  1.484518 1 13
 3.330747  1.947981 1 14
 3.330747  2.129606 1 15
 3.330747  2.147848 1 16
 3.330747  2.474981 1 17
 3.330747  2.491235 1 18
 3.381254 -0.422906 1 1
 3.381254 -0.201740 1 2
 3.381254  0.227966 1 3
 3.381254  0.242707 1 4
 3.381254  0.585942 1 5
 3.381254  0.777045 1 6
 3.381254  0.788659 1 7
 3.381254  1.133577 1 8
 3.381254  1.311680 1 9
 3.381254  1.349666 1 10
 3.381254  1.434404 1 11
 3.381254  1.471636 1 12
 3.381254  1.521185 1 13
 3.381254  1.954797 1 14
 3.381254  2.107856 1 15
 3.381254  2.141405 1 16
 3.381254  2.454086 1 17
 3.381254  2.487739 1 18
 3.431762 -0.419288 1 1
 3.431762 -0.200934 1 2
 3.431762  0.208295 1 3
 3.431762  0.237733 1 4
 3.431762  0.606079 1 5
 3.431762  0.777573 1 6
 3.431762  0.803302 1 7
 3.431762  1.119787 1 8
 3.431762  1.268613 1 9
 3.431762  1.337139 1 10
 3.431762  1.435248 1 11
 3.431762  1.504067 1 12
 3.431762  1.562443 1 13
 3.431762  1.965017 1 14
 3.431762  2.082431 1 15
 3.431762  2.126048 1 16
 3.431762  2.428235 1 17
 3.431762  2.477796 1 18
 3.482269 -0.414349 1 1
 3.482269 -0.200570 1 2
 3.482269  0.185197 1 3
 3.482269  0.230650 1 4
 3.482269  0.629223 1 5
 3.482269  0.778631 1 6
 3.482269  0.824250 1 7
 3.482269  1.102154 1 8
 3.482269  1.227205 1 9
 3.482269  1.329357 1 10
 3.482269  1.435373 1 11
 3.482269  1.541804 1 12
 3.482269  1.603607 1 13
 3.482269  1.976370 1 14
 3.482269  2.057821 1 15
 3.482269  2.105049 1 16
 3.482269  2.402000 1 17
 3.482269  2.462079 1 18
 3.532777 -0.408161 1 1
 3.532777 -0.201225 1 2
 3.532777  0.161055 1 3
 3.532777  0.221512 1 4
 3.532777  0.652815 1 5
 3.532777  0.780507 1 6
 3.532777  0.851303 1 7
 3.532777  1.081767 1 8
 3.532777  1.189439 1 9
 3.532777  1.326974 1 10
 3.532777  1.435305 1 11
 3.532777  1.584077 1 12
 3.532777  1.643779 1 13
 3.532777  1.983396 1 14
 3.532777  2.039129 1 15
 3.532777  2.082360 1 16
 3.532777  2.379108 1 17
 3.532777  2.441190 1 18
 3.583285 -0.400771 1 1
 3.583285 -0.203439 1 2
 3.583285  0.137838 1 3
 3.583285  0.210575 1 4
 3.583285  0.675407 1 5
 3.583285  0.783629 1 6
 3.583285  0.883114 1 7
 3.583285  1.059249 1 8
 3.583285  1.156739 1 9
 3.583285  1.329500 1 10
 3.583285  1.435187 1 11
 3.583285  1.629667 1 12
 3.583285  1.683290 1 13
 3.583285  1.974514 1 14
 3.583285  2.033873 1 15
 3.583285  2.061982 1 16
 3.583285  2.361212 1 17
 3.583285  2.415905 1 18
 3.633792 -0.392190 1 1
 3.633792 -0.207659 1 2
 3.633792  0.117191 1 3
 3.633792  0.198277 1 4
 3.633792  0.696667 1 5
 3.633792  0.788517 1 6
 3.633792  0.916527 1 7
 3.633792  1.034915 1 8
 3.633792  1.130786 1 9
 3.633792  1.335425 1 10
 3.633792  1.435161 1 11
 3.633792  1.676274 1 12
 3.633792  1.722876 1 13
 3.633792  1.946921 1 14
 3.633792  2.036325 1 15
 3.633792  2.048862 1 16
 3.633792  2.347729 1 17
 3.633792  2.387291 1 18
 3.684300 -0.382403 1 1
 3.684300 -0.214212 1 2
 3.684300  0.100475 1 3
 3.684300  0.185142 1 4
 3.684300  0.716954 1 5
 3.684300  0.795649 1 6
 3.684300  0.945870 1 7
 3.684300  1.009169 1 8
 3.684300  1.114874 1 9
 3.684300  1.342417 1 10
 3.684300  1.435648 1 11
 3.684300  1.720007 1 12
 3.684300  1.763095 1 13
 3.684300  1.907471 1 14
 3.684300  2.026803 1 15
 3.684300  2.051219 1 16
 3.684300  2.336630 1 17
 3.684300  2.356639 1 18
 3.734808 -0.371376 1 1
 3.734808 -0.223260 1 2
 3.734808  0.088711 1 3
 3.734808  0.171660 1 4
 3.734808  0.736834 1 5
 3.734808  0.805282 1 6
 3.734808  0.963003 1 7
 3.734808  0.982796 1 8
 3.734808  1.114643 1 9
 3.734808  1.347726 1 10
 3.734808  1.437520 1 11
 3.734808  1.752695 1 12
 3.734808  1.803881 1 13
 3.734808  1.864279 1 14
 3.734808  2.012466 1 15
 3.734808  2.054397 1 16
 3.734808  2.322385 1 17
 3.734808  2.328727 1 18
 3.785315 -0.359088 1 1
 3.785315 -0.234750 1 2
 3.785315  0.082438 1 3
 3.785315  0.158177 1 4
 3.785315  0.756776 1 5
 3.785315  0.817236 1 6
 3.785315  0.955777 1 7
 3.785315  0.964623 1 8
 3.785315  1.132491 1 9
 3.785315  1.348676 1 10
 3.785315  1.442178 1 11
 3.785315  1.747729 1 12
 3.785315  1.843880 1 13
 3.785315  1.844855 1 14
 3.785315  1.995926 1 15
 3.785315  2.052208 1 16
 3.785315  2.292236 1 17
 3.785315  2.316796 1 18
 3.835823 -0.345547 1 1
 3.835823 -0.248394 1 2
 3.835823  0.081617 1 3
 3.835823  0.144858 1 4
 3.835823  0.777021 1 5
 3.835823  0.830574 1 6
 3.835823  0.931394 1 7
 3.835823  0.953687 1 8
 3.835823  1.162322 1 9
 3.835823  1.343087 1 10
 3.835823  1.451527 1 11
 3.835823  1.696615 1 12
 3.835823  1.859445 1 13
 3.835823  1.882599 1 14
 3.835823  1.978410 1 15
 3.835823  2.043506 1 16
 3.835823  2.262698 1 17
 3.835823  2.306683 1 18
 3.886330 -0.330823 1 1
 3.886330 -0.263716 1 2
 3.886330  0.085676 1 3
 3.886330  0.131757 1 4
 3.886330  0.797468 1 5
 3.886330  0.842605 1 6
 3.886330  0.911050 1 7
 3.886330  0.937951 1 8
 3.886330  1.197041 1 9
 3.886330  1.329501 1 10
 3.886330  1.467853 1 11
 3.886330  1.633859 1 12
 3.886330  1.880986 1 13
 3.886330  1.913846 1 14
 3.886330  1.964534 1 15
 3.886330  2.028656 1 16
 3.886330  2.237555 1 17
 3.886330  2.298394 1 18
 3.936838 -0.315070 1 1
 3.936838 -0.280151 1 2
 3.936838  0.093673 1 3
 3.936838  0.118951 1 4
 3.936838  0.817358 1 5
 3.936838  0.846060 1 6
 3.936838  0.901990 1 7
 3.936838  0.921240 1 8
 3.936838  1.232409 1 9
 3.936838  1.307349 1 10
 3.936838  1.493457 1 11
 3.936838  1.574342 1 12
 3.936838  1.901571 1 13
 3.936838  1.922264 1 14
 3.936838  1.969990 1 15
 3.936838  2.008907 1 16
 3.936838  2.219582 1 17
 3.936838  2.293202 1 18
 3.987346 -0.298606 1 1
 3.987346 -0.297078 1 2
 3.987346  0.104269 1 3
 3.987346  0.106947 1 4
 3.987346  0.832368 1 5
 3.987346  0.837226 1 6
 3.987346  0.906692 1 7
 3.987346  0.910091 1 8
 3.987346  1.263910 1 9
 3.987346  1.278929 1 10
 3.987346  1.524388 1 11
 3.987346  1.530155 1 12
 3.987346  1.907630 1 13
 3.987346  1.924124 1 14
 3.987346  1.985711 1 15
 3.987346  1.991141 1 16
 3.987346  2.210841 1 17
 3.987346  2.292236 1 18
 3.987346 -0.298606 1 1
 3.987346 -0.297078 1 2
 3.987346  0.104269 1 3
 3.987346  0.106947 1 4
 3.987346  0.832368 1 5
 3.987346  0.837226 1 6
 3.987346  0.906692 1 7
 3.987346  0.910091 1 8
 3.987346  1.263910 1 9
 3.987346  1.278929 1 10
 3.987346  1.524388 1 11
 3.987346  1.530155 1 12
 3.987346  1.907630 1 13
 3.987346  1.924124 1 14
 3.987346  1.985711 1 15
 3.987346  1.991141 1 16
 3.987346  2.210841 1 17
 3.987346  2.292236 1 18
 4.037346 -0.299167 1 1
 4.037346 -0.297469 1 2
 4.037346  0.104107 1 3
 4.037346  0.106125 1 4
 4.037346  0.815126 1 5
 4.037346  0.825914 1 6
 4.037346  0.921970 1 7
 4.037346  0.924749 1 8
 4.037346  1.263068 1 9
 4.037346  1.276286 1 10
 4.037346  1.528130 1 11
 4.037346  1.531850 1 12
 4.037346  1.889708 1 13
 4.037346  1.902936 1 14
 4.037346  1.998970 1 15
 4.037346  2.012937 1 16
 4.037346  2.213161 1 17
 4.037346  2.294773 1 18
 4.087346 -0.299989 1 1
 4.087346 -0.298028 1 2
 4.087346  0.105310 1 3
 4.087346  0.107231 1 4
 4.087346  0.783802 1 5
 4.087346  0.798400 1 6
 4.087346  0.952653 1 7
 4.087346  0.955988 1 8
 4.087346  1.262242 1 9
 4.087346  1.272699 1 10
 4.087346  1.530925 1 11
 4.087346  1.531737 1 12
 4.087346  1.842119 1 13
 4.087346  1.861070 1 14
 4.087346  2.036311 1 15
 4.087346  2.049595 1 16
 4.087346  2.227062 1 17
 4.087346  2.303342 1 18
 4.137346 -0.300960 1 1
 4.137346 -0.298817 1 2
 4.137346  0.108236 1 3
 4.137346  0.110345 1 4
 4.137346  0.751495 1 5
 4.137346  0.767131 1 6
 4.137346  0.987020 1 7
 4.137346  0.992143 1 8
 4.137346  1.262748 1 9
 4.137346  1.270245 1 10
 4.137346  1.528817 1 11
 4.137346  1.533406 1 12
 4.137346  1.787724 1 13
 4.137346  1.814301 1 14
 4.137346  2.075131 1 15
 4.137346  2.085575 1 16
 4.137346  2.252214 1 17
 4.137346  2.317641 1 18
 4.187346 -0.301996 1 1
 4.187346 -0.299848 1 2
 4.187346  0.113031 1 3
 4.187346  0.115255 1 4
 4.187346  0.721844 1 5
 4.187346  0.735822 1 6
 4.187346  1.022871 1 7
 4.187346  1.030171 1 8
 4.187346  1.266407 1 9
 4.187346  1.271533 1 10
 4.187346  1.524351 1 11
 4.187346  1.535348 1 12
 4.187346  1.732887 1 13
 4.187346  1.765723 1 14
 4.187346  2.110229 1 15
 4.187346  2.117517 1 16
 4.187346  2.285844 1 17
 4.187346  2.336873 1 18
 4.237346 -0.303023 1 1
 4.237346 -0.301043 1 2
 4.237346  0.119406 1 3
 4.237346  0.121518 1 4
 4.237346  0.695916 1 5
 4.237346  0.706321 1 6
 4.237346  1.059647 1 7
 4.237346  1.068240 1 8
 4.237346  1.274973 1 9
 4.237346  1.278987 1 10
 4.237346  1.519936 1 11
 4.237346  1.536577 1 12
 4.237346  1.681028 1 13
 4.237346  1.718166 1 14
 4.237346  2.138814 1 15
 4.237346  2.144500 1 16
 4.237346  2.322325 1 17
 4.237346  2.358618 1 18
 4.287346 -0.303964 1 1
 4.287346 -0.302255 1 2
 4.287346  0.126560 1 3
 4.287346  0.128574 1 4
 4.287346  0.673840 1 5
 4.287346  0.680023 1 6
 4.287346  1.096101 1 7
 4.287346  1.104158 1 8
 4.287346  1.289646 1 9
 4.287346  1.293988 1 10
 4.287346  1.516543 1 11
 4.287346  1.535811 1 12
 4.287346  1.634591 1 13
 4.287346  1.675750 1 14
 4.287346  2.160127 1 15
 4.287346  2.166499 1 16
 4.287346  2.354631 1 17
 4.287346  2.378702 1 18
 4.337346 -0.304743 1 1
 4.337346 -0.303326 1 2
 4.337346  0.133467 1 3
 4.337346  0.135648 1 4
 4.337346  0.655504 1 5
 4.337346  0.658228 1 6
 4.337346  1.129663 1 7
 4.337346  1.135367 1 8
 4.337346  1.310742 1 9
 4.337346  1.315972 1 10
 4.337346  1.512967 1 11
 4.337346  1.529546 1 12
 4.337346  1.596182 1 13
 4.337346  1.644202 1 14
 4.337346  2.175800 1 15
 4.337346  2.183247 1 16
 4.337346  2.377256 1 17
 4.337346  2.393082 1 18
 4.387346 -0.305282 1 1
 4.387346 -0.304145 1 2
 4.387346  0.139345 1 3
 4.387346  0.141568 1 4
 4.387346  0.640667 1 5
 4.387346  0.642545 1 6
 4.387346  1.156848 1 7
 4.387346  1.159583 1 8
 4.387346  1.336872 1 9
 4.387346  1.341846 1 10
 4.387346  1.504320 1 11
 4.387346  1.514517 1 12
 4.387346  1.570763 1 13
 4.387346  1.627896 1 14
 4.387346  2.186664 1 15
 4.387346  2.195913 1 16
 4.387346  2.388975 1 17
 4.387346  2.399750 1 18
 4.437346 -0.305488 1 1
 4.437346 -0.304687 1 2
 4.437346  0.143598 1 3
 4.437346  0.145165 1 4
 4.437346  0.630639 1 5
 4.437346  0.633246 1 6
 4.437346  1.174518 1 7
 4.437346  1.175180 1 8
 4.437346  1.362890 1 9
 4.437346  1.365450 1 10
 4.437346  1.488621 1 11
 4.437346  1.495484 1 12
 4.437346  1.561876 1 13
 4.437346  1.623283 1 14
 4.437346  2.192790 1 15
 4.437346  2.205671 1 16
 4.437346  2.393110 1 17
 4.437346  2.399277 1 18
 4.487346 -0.305349 1 1
 4.487346 -0.304893 1 2
 4.487346  0.145743 1 3
 4.487346  0.145744 1 4
 4.487346  0.627069 1 5
 4.487346  0.630055 1 6
 4.487346  1.180951 1 7
 4.487346  1.180955 1 8
 4.487346  1.376050 1 9
 4.487346  1.376051 1 10
 4.487346  1.480588 1 11
 4.487346  1.485399 1 12
 4.487346  1.563148 1 13
 4.487346  1.622934 1 14
 4.487346  2.194613 1 15
 4.487346  2.211896 1 16
 4.487346  2.394381 1 17
 4.487346  2.394385 1 18
