 0.000000 -0.642316 1 1
 0.000000  0.234597 1 2
 0.000000  0.234597 1 3
 0.000000  0.234597 1 4
 0.000000  0.484626 1 5
 0.000000  0.484627 1 6
 0.000000  0.497051 1 7
 0.000000  0.524058 1 8
 0.000000  0.978624 1 9
 0.000000  0.981525 1 10
 0.000000  1.206412 1 11
 0.000000  1.215918 1 12
 0.000000  1.229566 1 13
 0.000000  2.365137 1 14
 0.000000  2.367382 1 15
 0.000000  2.382508 1 16
 0.000000  2.391039 1 17
 0.000000  2.409817 1 18
 0.047619 -0.642161 1 1
 0.047619  0.228770 1 2
 0.047619  0.231495 1 3
 0.047619  0.231648 1 4
 0.047619  0.488962 1 5
 0.047619  0.489580 1 6
 0.047619  0.494509 1 7
 0.047619  0.529363 1 8
 0.047619  0.972478 1 9
 0.047619  0.980817 1 10
 0.047619  1.212060 1 11
 0.047619  1.221580 1 12
 0.047619  1.242214 1 13
 0.047619  2.344479 1 14
 0.047619  2.348033 1 15
 0.047619  2.385644 1 16
 0.047619  2.401728 1 17
 0.047619  2.417479 1 18
 0.095238 -0.641275 1 1
 0.095238  0.212894 1 2
 0.095238  0.223025 1 3
 0.095238  0.223324 1 4
 0.095238  0.487042 1 5
 0.095238  0.501374 1 6
 0.095238  0.503164 1 7
 0.095238  0.543510 1 8
 0.095238  0.948143 1 9
 0.095238  0.983300 1 10
 0.095238  1.216819 1 11
 0.095238  1.226997 1 12
 0.095238  1.278460 1 13
 0.095238  2.304035 1 14
 0.095238  2.324940 1 15
 0.095238  2.386979 1 16
 0.095238  2.415100 1 17
 0.095238  2.428879 1 18
 0.142857 -0.639573 1 1
 0.142857  0.189903 1 2
 0.142857  0.210642 1 3
 0.142857  0.211074 1 4
 0.142857  0.475571 1 5
 0.142857  0.520263 1 6
 0.142857  0.523401 1 7
 0.142857  0.562892 1 8
 0.142857  0.914781 1 9
 0.142857  0.987735 1 10
 0.142857  1.221400 1 11
 0.142857  1.233755 1 12
 0.142857  1.330440 1 13
 0.142857  2.248046 1 14
 0.142857  2.298735 1 15
 0.142857  2.387955 1 16
 0.142857  2.425701 1 17
 0.142857  2.438962 1 18
 0.190476 -0.636956 1 1
 0.190476  0.162404 1 2
 0.190476  0.195856 1 3
 0.190476  0.196361 1 4
 0.190476  0.461204 1 5
 0.190476  0.543872 1 6
 0.190476  0.548212 1 7
 0.190476  0.583710 1 8
 0.190476  0.878690 1 9
 0.190476  0.994953 1 10
 0.190476  1.228278 1 11
 0.190476  1.245855 1 12
 0.190476  1.387627 1 13
 0.190476  2.179800 1 14
 0.190476  2.267242 1 15
 0.190476  2.389338 1 16
 0.190476  2.429467 1 17
 0.190476  2.446922 1 18
 0.238095 -0.633320 1 1
 0.238095  0.132042 1 2
 0.238095  0.179821 1 3
 0.238095  0.180272 1 4
 0.238095  0.445032 1 5
 0.238095  0.570746 1 6
 0.238095  0.575909 1 7
 0.238095  0.602226 1 8
 0.238095  0.845766 1 9
 0.238095  1.005239 1 10
 0.238095  1.239811 1 11
 0.238095  1.265625 1 12
 0.238095  1.441929 1 13
 0.238095  2.103416 1 14
 0.238095  2.228077 1 15
 0.238095  2.391241 1 16
 0.238095  2.423986 1 17
 0.238095  2.452737 1 18
 0.285714 -0.628541 1 1
 0.285714  0.099717 1 2
 0.285714  0.163285 1 3
 0.285714  0.163547 1 4
 0.285714  0.427967 1 5
 0.285714  0.599793 1 6
 0.285714  0.605385 1 7
 0.285714  0.613787 1 8
 0.285714  0.822775 1 9
 0.285714  1.017981 1 10
 0.285714  1.257652 1 11
 0.285714  1.293537 1 12
 0.285714  1.487585 1 13
 0.285714  2.023641 1 14
 0.285714  2.180374 1 15
 0.285714  2.392720 1 16
 0.285714  2.408541 1 17
 0.285714  2.455920 1 18
 0.333333 -0.622478 1 1
 0.333333  0.065963 1 2
 0.333333  0.146703 1 3
 0.333333  0.146704 1 4
 0.333333  0.410763 1 5
 0.333333  0.613110 1 6
 0.333333  0.630215 1 7
 0.333333  0.636149 1 8
 0.333333  0.816530 1 9
 0.333333  1.031883 1 10
 0.333333  1.281902 1 11
 0.333333  1.328038 1 12
 0.333333  1.522518 1 13
 0.333333  1.945286 1 14
 0.333333  2.125212 1 15
 0.333333  2.381831 1 16
 0.333333  2.391913 1 17
 0.333333  2.456775 1 18
 0.380952 -0.614978 1 1
 0.380952  0.031207 1 2
 0.380952  0.130143 1 3
 0.380952  0.130377 1 4
 0.380952  0.394106 1 5
 0.380952  0.598835 1 6
 0.380952  0.661441 1 7
 0.380952  0.668172 1 8
 0.380952  0.828984 1 9
 0.380952  1.045607 1 10
 0.380952  1.310957 1 11
 0.380952  1.365837 1 12
 0.380952  1.549208 1 13
 0.380952  1.872476 1 14
 0.380952  2.064818 1 15
 0.380952  2.346896 1 16
 0.380952  2.380212 1 17
 0.380952  2.457836 1 18
 0.428571 -0.605890 1 1
 0.428571 -0.004119 1 2
 0.428571  0.114187 1 3
 0.428571  0.114547 1 4
 0.428571  0.378667 1 5
 0.428571  0.575069 1 6
 0.428571  0.693263 1 7
 0.428571  0.701738 1 8
 0.428571  0.855550 1 9
 0.428571  1.058458 1 10
 0.428571  1.342009 1 11
 0.428571  1.402893 1 12
 0.428571  1.574058 1 13
 0.428571  1.807940 1 14
 0.428571  2.001672 1 15
 0.428571  2.303000 1 16
 0.428571  2.354237 1 17
 0.428571  2.461508 1 18
 0.476190 -0.595092 1 1
 0.476190 -0.039575 1 2
 0.476190  0.099082 1 3
 0.476190  0.099433 1 4
 0.476190  0.365044 1 5
 0.476190  0.546611 1 6
 0.476190  0.725924 1 7
 0.476190  0.737180 1 8
 0.476190  0.890340 1 9
 0.476190  1.070779 1 10
 0.476190  1.371911 1 11
 0.476190  1.435650 1 12
 0.476190  1.605063 1 13
 0.476190  1.752618 1 14
 0.476190  1.938068 1 15
 0.476190  2.252234 1 16
 0.476190  2.313856 1 17
 0.476190  2.467115 1 18
 0.523810 -0.582520 1 1
 0.523810 -0.074767 1 2
 0.523810  0.084987 1 3
 0.523810  0.085235 1 4
 0.523810  0.353628 1 5
 0.523810  0.516623 1 6
 0.523810  0.759947 1 7
 0.523810  0.774895 1 8
 0.523810  0.929049 1 9
 0.523810  1.083844 1 10
 0.523810  1.397963 1 11
 0.523810  1.461832 1 12
 0.523810  1.648413 1 13
 0.523810  1.705706 1 14
 0.523810  1.876175 1 15
 0.523810  2.197474 1 16
 0.523810  2.263019 1 17
 0.523810  2.473113 1 18
 0.571429 -0.568186 1 1
 0.571429 -0.109399 1 2
 0.571429  0.071980 1 3
 0.571429  0.072115 1 4
 0.571429  0.344478 1 5
 0.571429  0.487169 1 6
 0.571429  0.795890 1 7
 0.571429  0.815293 1 8
 0.571429  0.968948 1 9
 0.571429  1.099321 1 10
 0.571429  1.418202 1 11
 0.571429  1.480332 1 12
 0.571429  1.665086 1 13
 0.571429  1.704204 1 14
 0.571429  1.819459 1 15
 0.571429  2.142682 1 16
 0.571429  2.207530 1 17
 0.571429  2.478527 1 18
 0.619048 -0.552185 1 1
 0.619048 -0.143295 1 2
 0.619048  0.060100 1 3
 0.619048  0.060172 1 4
 0.619048  0.337310 1 5
 0.619048  0.459730 1 6
 0.619048  0.834113 1 7
 0.619048  0.858575 1 8
 0.619048  1.008589 1 9
 0.619048  1.118534 1 10
 0.619048  1.431134 1 11
 0.619048  1.490418 1 12
 0.619048  1.628117 1 13
 0.619048  1.737276 1 14
 0.619048  1.800342 1 15
 0.619048  2.092468 1 16
 0.619048  2.154102 1 17
 0.619048  2.482197 1 18
 0.666667 -0.534679 1 1
 0.666667 -0.176382 1 2
 0.666667  0.049438 1 3
 0.666667  0.049438 1 4
 0.666667  0.331637 1 5
 0.666667  0.435266 1 6
 0.666667  0.874543 1 7
 0.666667  0.904457 1 8
 0.666667  1.047588 1 9
 0.666667  1.141882 1 10
 0.666667  1.435411 1 11
 0.666667  1.491085 1 12
 0.666667  1.592182 1 13
 0.666667  1.696297 1 14
 0.666667  1.862088 1 15
 0.666667  2.051102 1 16
 0.666667  2.109177 1 17
 0.666667  2.481680 1 18
 0.714286 -0.515867 1 1
 0.714286 -0.208647 1 2
 0.714286  0.039972 1 3
 0.714286  0.040097 1 4
 0.714286  0.327024 1 5
 0.714286  0.414115 1 6
 0.714286  0.916491 1 7
 0.714286  0.951974 1 8
 0.714286  1.086270 1 9
 0.714286  1.168635 1 10
 0.714286  1.430132 1 11
 0.714286  1.481485 1 12
 0.714286  1.555343 1 13
 0.714286  1.647939 1 14
 0.714286  1.927441 1 15
 0.714286  2.021153 1 16
 0.714286  2.077218 1 17
 0.714286  2.472930 1 18
 0.761905 -0.495939 1 1
 0.761905 -0.240082 1 2
 0.761905  0.031907 1 3
 0.761905  0.032173 1 4
 0.761905  0.323328 1 5
 0.761905  0.396006 1 6
 0.761905  0.958601 1 7
 0.761905  0.999464 1 8
 0.761905  1.125217 1 9
 0.761905  1.197158 1 10
 0.761905  1.415797 1 11
 0.761905  1.462333 1 12
 0.761905  1.516635 1 13
 0.761905  1.600448 1 14
 0.761905  1.978919 1 15
 0.761905  2.002528 1 16
 0.761905  2.059240 1 17
 0.761905  2.451346 1 18
 0.809524 -0.475043 1 1
 0.809524 -0.270643 1 2
 0.809524  0.025382 1 3
 0.809524  0.025739 1 4
 0.809524  0.320806 1 5
 0.809524  0.380281 1 6
 0.809524  0.998985 1 7
 0.809524  1.044756 1 8
 0.809524  1.164822 1 9
 0.809524  1.225345 1 10
 0.809524  1.394938 1 11
 0.809524  1.436628 1 12
 0.809524  1.476239 1 13
 0.809524  1.553795 1 14
 0.809524  1.991755 1 15
 0.809524  2.012574 1 16
 0.809524  2.053568 1 17
 0.809524  2.413973 1 18
 0.857143 -0.453247 1 1
 0.857143 -0.300234 1 2
 0.857143  0.020462 1 3
 0.857143  0.020817 1 4
 0.857143  0.320014 1 5
 0.857143  0.366245 1 6
 0.857143  1.035410 1 7
 0.857143  1.085395 1 8
 0.857143  1.204903 1 9
 0.857143  1.250888 1 10
 0.857143  1.371915 1 11
 0.857143  1.408929 1 12
 0.857143  1.435491 1 13
 0.857143  1.507761 1 14
 0.857143  1.986854 1 15
 0.857143  2.028467 1 16
 0.857143  2.057698 1 17
 0.857143  2.361883 1 18
 0.904762 -0.430540 1 1
 0.904762 -0.328724 1 2
 0.904762  0.017102 1 3
 0.904762  0.017362 1 4
 0.904762  0.321556 1 5
 0.904762  0.353504 1 6
 0.904762  1.065335 1 7
 0.904762  1.118596 1 8
 0.904762  1.244005 1 9
 0.904762  1.270693 1 10
 0.904762  1.353009 1 11
 0.904762  1.384683 1 12
 0.904762  1.396774 1 13
 0.904762  1.463017 1 14
 0.904762  1.984951 1 15
 0.904762  2.036249 1 16
 0.904762  2.066342 1 17
 0.904762  2.301724 1 18
 0.952381 -0.406836 1 1
 0.952381 -0.355998 1 2
 0.952381  0.015164 1 3
 0.952381  0.015283 1 4
 0.952381  0.325797 1 5
 0.952381  0.342129 1 6
 0.952381  1.085605 1 7
 0.952381  1.140716 1 8
 0.952381  1.276897 1 9
 0.952381  1.279709 1 10
 0.952381  1.347039 1 11
 0.952381  1.363338 1 12
 0.952381  1.371616 1 13
 0.952381  1.422548 1 14
 0.952381  1.985549 1 15
 0.952381  2.043119 1 16
 0.952381  2.075413 1 17
 0.952381  2.246765 1 18
 1.000000 -0.382019 1 1
 1.000000 -0.381997 1 2
 1.000000  0.014511 1 3
 1.000000  0.014511 1 4
 1.000000  0.332598 1 5
 1.000000  0.332696 1 6
 1.000000  1.092522 1 7
 1.000000  1.147338 1 8
 1.000000  1.276749 1 9
 1.000000  1.290210 1 10
 1.000000  1.340037 1 11
 1.000000  1.358078 1 12
 1.000000  1.375219 1 13
 1.000000  1.399781 1 14
 1.000000  1.988736 1 15
 1.000000  2.050578 1 16
 1.000000  2.076515 1 17
 1.000000  2.219019 1 18
 1.000000 -0.382019 1 1
 1.000000 -0.381997 1 2
 1.000000  0.014511 1 3
 1.000000  0.014511 1 4
 1.000000  0.332598 1 5
 1.000000  0.332696 1 6
 1.000000  1.092522 1 7
 1.000000  1.147338 1 8
 1.000000  1.276749 1 9
 1.000000  1.290210 1 10
 1.000000  1.340037 1 11
 1.000000  1.358078 1 12
 1.000000  1.375219 1 13
 1.000000  1.399781 1 14
 1.000000  1.988736 1 15
 1.000000  2.050578 1 16
 1.000000  2.076515 1 17
 1.000000  2.219019 1 18
 1.058926 -0.382380 1 1
 1.058926 -0.380899 1 2
 1.058926  0.007267 1 3
 1.058926  0.015493 1 4
 1.058926  0.334006 1 5
 1.058926  0.343307 1 6
 1.058926  1.082648 1 7
 1.058926  1.132688 1 8
 1.058926  1.242381 1 9
 1.058926  1.270736 1 10
 1.058926  1.355311 1 11
 1.058926  1.377163 1 12
 1.058926  1.388090 1 13
 1.058926  1.421540 1 14
 1.058926  1.964232 1 15
 1.058926  2.052561 1 16
 1.058926  2.076046 1 17
 1.058926  2.230978 1 18
 1.117851 -0.383627 1 1
 1.117851 -0.377500 1 2
 1.117851 -0.011509 1 3
 1.117851  0.018404 1 4
 1.117851  0.337834 1 5
 1.117851  0.372630 1 6
 1.117851  1.056299 1 7
 1.117851  1.095844 1 8
 1.117851  1.186954 1 9
 1.117851  1.226020 1 10
 1.117851  1.374512 1 11
 1.117851  1.416191 1 12
 1.117851  1.426806 1 13
 1.117851  1.465397 1 14
 1.117851  1.909940 1 15
 1.117851  2.057791 1 16
 1.117851  2.074074 1 17
 1.117851  2.246134 1 18
 1.176777 -0.386088 1 1
 1.176777 -0.371721 1 2
 1.176777 -0.035905 1 3
 1.176777  0.023188 1 4
 1.176777  0.343588 1 5
 1.176777  0.415531 1 6
 1.176777  1.020311 1 7
 1.176777  1.048538 1 8
 1.176777  1.128466 1 9
 1.176777  1.173032 1 10
 1.176777  1.403876 1 11
 1.176777  1.455136 1 12
 1.176777  1.479148 1 13
 1.176777  1.518124 1 14
 1.176777  1.850107 1 15
 1.176777  2.062080 1 16
 1.176777  2.069462 1 17
 1.176777  2.239272 1 18
 1.235702 -0.390310 1 1
 1.235702 -0.363473 1 2
 1.235702 -0.060673 1 3
 1.235702  0.029771 1 4
 1.235702  0.350647 1 5
 1.235702  0.467809 1 6
 1.235702  0.980499 1 7
 1.235702  0.999318 1 8
 1.235702  1.070336 1 9
 1.235702  1.118247 1 10
 1.235702  1.441974 1 11
 1.235702  1.498807 1 12
 1.235702  1.534189 1 13
 1.235702  1.578281 1 14
 1.235702  1.795254 1 15
 1.235702  2.048991 1 16
 1.235702  2.071856 1 17
 1.235702  2.201714 1 18
 1.294628 -0.396975 1 1
 1.294628 -0.352712 1 2
 1.294628 -0.082115 1 3
 1.294628  0.038067 1 4
 1.294628  0.358650 1 5
 1.294628  0.526757 1 6
 1.294628  0.940076 1 7
 1.294628  0.953496 1 8
 1.294628  1.014174 1 9
 1.294628  1.065524 1 10
 1.294628  1.486380 1 11
 1.294628  1.545215 1 12
 1.294628  1.589164 1 13
 1.294628  1.645902 1 14
 1.294628  1.749273 1 15
 1.294628  2.021273 1 16
 1.294628  2.070380 1 17
 1.294628  2.139855 1 18
 1.353553 -0.406729 1 1
 1.353553 -0.339438 1 2
 1.353553 -0.097810 1 3
 1.353553  0.047979 1 4
 1.353553  0.367717 1 5
 1.353553  0.590739 1 6
 1.353553  0.900116 1 7
 1.353553  0.913458 1 8
 1.353553  0.960607 1 9
 1.353553  1.017304 1 10
 1.353553  1.531532 1 11
 1.353553  1.590204 1 12
 1.353553  1.640483 1 13
 1.353553  1.713005 1 14
 1.353553  1.722314 1 15
 1.353553  1.981449 1 16
 1.353553  2.029730 1 17
 1.353553  2.095974 1 18
 1.353553 -0.406759 1 1
 1.353553 -0.339472 1 2
 1.353553 -0.097776 1 3
 1.353553  0.047916 1 4
 1.353553  0.367801 1 5
 1.353553  0.590931 1 6
 1.353553  0.900403 1 7
 1.353553  0.914792 1 8
 1.353553  0.960385 1 9
 1.353553  1.018171 1 10
 1.353553  1.532228 1 11
 1.353553  1.591247 1 12
 1.353553  1.640990 1 13
 1.353553  1.708813 1 14
 1.353553  1.721166 1 15
 1.353553  1.981178 1 16
 1.353553  2.029420 1 17
 1.353553  2.093833 1 18
 1.401765 -0.417282 1 1
 1.401765 -0.326739 1 2
 1.401765 -0.105385 1 3
 1.401765  0.057166 1 4
 1.401765  0.376361 1 5
 1.401765  0.646338 1 6
 1.401765  0.869183 1 7
 1.401765  0.885052 1 8
 1.401765  0.918416 1 9
 1.401765  0.982488 1 10
 1.401765  1.559787 1 11
 1.401765  1.620953 1 12
 1.401765  1.677967 1 13
 1.401765  1.706844 1 14
 1.401765  1.777717 1 15
 1.401765  1.940884 1 16
 1.401765  1.962135 1 17
 1.401765  2.088080 1 18
 1.449977 -0.430025 1 1
 1.449977 -0.312328 1 2
 1.449977 -0.107982 1 3
 1.449977  0.067333 1 4
 1.449977  0.386427 1 5
 1.449977  0.704135 1 6
 1.449977  0.838375 1 7
 1.449977  0.857528 1 8
 1.449977  0.877989 1 9
 1.449977  0.950681 1 10
 1.449977  1.567910 1 11
 1.449977  1.643292 1 12
 1.449977  1.708112 1 13
 1.449977  1.723718 1 14
 1.449977  1.831208 1 15
 1.449977  1.885689 1 16
 1.449977  1.909077 1 17
 1.449977  2.087925 1 18
 1.498189 -0.444645 1 1
 1.498189 -0.296230 1 2
 1.498189 -0.105722 1 3
 1.498189  0.078310 1 4
 1.498189  0.398325 1 5
 1.498189  0.763488 1 6
 1.498189  0.807525 1 7
 1.498189  0.831640 1 8
 1.498189  0.839651 1 9
 1.498189  0.922392 1 10
 1.498189  1.559793 1 11
 1.498189  1.653303 1 12
 1.498189  1.729486 1 13
 1.498189  1.742819 1 14
 1.498189  1.841937 1 15
 1.498189  1.855417 1 16
 1.498189  1.893613 1 17
 1.498189  2.091411 1 18
 1.546401 -0.460627 1 1
 1.546401 -0.278422 1 2
 1.546401 -0.099066 1 3
 1.546401  0.089977 1 4
 1.546401  0.412126 1 5
 1.546401  0.776515 1 6
 1.546401  0.792591 1 7
 1.546401  0.807107 1 8
 1.546401  0.835255 1 9
 1.546401  0.897149 1 10
 1.546401  1.545543 1 11
 1.546401  1.624080 1 12
 1.546401  1.739910 1 13
 1.546401  1.758886 1 14
 1.546401  1.823313 1 15
 1.546401  1.850014 1 16
 1.546401  1.928811 1 17
 1.546401  2.099376 1 18
 1.594613 -0.477412 1 1
 1.594613 -0.258877 1 2
 1.594613 -0.088625 1 3
 1.594613  0.102203 1 4
 1.594613  0.427566 1 5
 1.594613  0.745721 1 6
 1.594613  0.758314 1 7
 1.594613  0.783874 1 8
 1.594613  0.874458 1 9
 1.594613  0.898570 1 10
 1.594613  1.527987 1 11
 1.594613  1.563881 1 12
 1.594613  1.734619 1 13
 1.594613  1.783390 1 14
 1.594613  1.805837 1 15
 1.594613  1.878223 1 16
 1.594613  1.961736 1 17
 1.594613  2.112726 1 18
 1.642824 -0.494505 1 1
 1.642824 -0.237574 1 2
 1.642824 -0.075027 1 3
 1.642824  0.114843 1 4
 1.642824  0.444047 1 5
 1.642824  0.715837 1 6
 1.642824  0.722196 1 7
 1.642824  0.762473 1 8
 1.642824  0.854237 1 9
 1.642824  0.968508 1 10
 1.642824  1.485966 1 11
 1.642824  1.517003 1 12
 1.642824  1.717502 1 13
 1.642824  1.795585 1 14
 1.642824  1.817616 1 15
 1.642824  1.914682 1 16
 1.642824  1.989328 1 17
 1.642824  2.131978 1 18
 1.691036 -0.511518 1 1
 1.691036 -0.214501 1 2
 1.691036 -0.058809 1 3
 1.691036  0.127729 1 4
 1.691036  0.460725 1 5
 1.691036  0.687351 1 6
 1.691036  0.688006 1 7
 1.691036  0.743795 1 8
 1.691036  0.836363 1 9
 1.691036  1.042001 1 10
 1.691036  1.414684 1 11
 1.691036  1.495927 1 12
 1.691036  1.700189 1 13
 1.691036  1.793547 1 14
 1.691036  1.850270 1 15
 1.691036  1.954919 1 16
 1.691036  2.013846 1 17
 1.691036  2.157236 1 18
 1.739248 -0.528166 1 1
 1.739248 -0.189648 1 2
 1.739248 -0.040394 1 3
 1.739248  0.140662 1 4
 1.739248  0.476635 1 5
 1.739248  0.655888 1 6
 1.739248  0.661664 1 7
 1.739248  0.728897 1 8
 1.739248  0.821096 1 9
 1.739248  1.117283 1 10
 1.739248  1.341439 1 11
 1.739248  1.475647 1 12
 1.739248  1.688660 1 13
 1.739248  1.789550 1 14
 1.739248  1.886934 1 15
 1.739248  1.998394 1 16
 1.739248  2.038398 1 17
 1.739248  2.188224 1 18
 1.787460 -0.544230 1 1
 1.787460 -0.163002 1 2
 1.787460 -0.020114 1 3
 1.787460  0.153418 1 4
 1.787460  0.490820 1 5
 1.787460  0.627527 1 6
 1.787460  0.638047 1 7
 1.787460  0.718670 1 8
 1.787460  0.808869 1 9
 1.787460  1.190884 1 10
 1.787460  1.268348 1 11
 1.787460  1.455457 1 12
 1.787460  1.684978 1 13
 1.787460  1.782235 1 14
 1.787460  1.927376 1 15
 1.787460  2.044765 1 16
 1.787460  2.066346 1 17
 1.787460  2.224169 1 18
 1.835672 -0.559528 1 1
 1.835672 -0.134554 1 2
 1.835672  0.001739 1 3
 1.835672  0.165749 1 4
 1.835672  0.502483 1 5
 1.835672  0.603129 1 6
 1.835672  0.616650 1 7
 1.835672  0.713480 1 8
 1.835672  0.800238 1 9
 1.835672  1.196641 1 10
 1.835672  1.256644 1 11
 1.835672  1.435726 1 12
 1.835672  1.690297 1 13
 1.835672  1.771271 1 14
 1.835672  1.971189 1 15
 1.835672  2.090489 1 16
 1.835672  2.102977 1 17
 1.835672  2.263613 1 18
 1.883883 -0.573881 1 1
 1.883883 -0.104325 1 2
 1.883883  0.024858 1 3
 1.883883  0.177410 1 4
 1.883883  0.511135 1 5
 1.883883  0.582880 1 6
 1.883883  0.597079 1 7
 1.883883  0.712833 1 8
 1.883883  0.795802 1 9
 1.883883  1.128417 1 10
 1.883883  1.305754 1 11
 1.883883  1.416309 1 12
 1.883883  1.700332 1 13
 1.883883  1.763996 1 14
 1.883883  2.017044 1 15
 1.883883  2.130885 1 16
 1.883883  2.152417 1 17
 1.883883  2.304389 1 18
 1.932095 -0.587110 1 1
 1.932095 -0.072404 1 2
 1.932095  0.048905 1 3
 1.932095  0.188180 1 4
 1.932095  0.516682 1 5
 1.932095  0.566548 1 6
 1.932095  0.578941 1 7
 1.932095  0.715102 1 8
 1.932095  0.796110 1 9
 1.932095  1.066413 1 10
 1.932095  1.330736 1 11
 1.932095  1.396546 1 12
 1.932095  1.688261 1 13
 1.932095  1.790353 1 14
 1.932095  2.062949 1 15
 1.932095  2.172061 1 16
 1.932095  2.205458 1 17
 1.932095  2.343868 1 18
 1.980307 -0.599034 1 1
 1.980307 -0.038966 1 2
 1.980307  0.073515 1 3
 1.980307  0.197888 1 4
 1.980307  0.519354 1 5
 1.980307  0.553504 1 6
 1.980307  0.562044 1 7
 1.980307  0.717358 1 8
 1.980307  0.801574 1 9
 1.980307  1.013745 1 10
 1.980307  1.331574 1 11
 1.980307  1.375636 1 12
 1.980307  1.650301 1 13
 1.980307  1.852109 1 14
 1.980307  2.106915 1 15
 1.980307  2.213698 1 16
 1.980307  2.257299 1 17
 1.980307  2.379415 1 18
 2.028519 -0.609496 1 1
 2.028519 -0.004276 1 2
 2.028519  0.098308 1 3
 2.028519  0.206418 1 4
 2.028519  0.519571 1 5
 2.028519  0.542688 1 6
 2.028519  0.546640 1 7
 2.028519  0.715414 1 8
 2.028519  0.812388 1 9
 2.028519  0.973683 1 10
 2.028519  1.315250 1 11
 2.028519  1.353161 1 12
 2.028519  1.598738 1 13
 2.028519  1.930470 1 14
 2.028519  2.147629 1 15
 2.028519  2.253078 1 16
 2.028519  2.304569 1 17
 2.028519  2.408825 1 18
 2.076731 -0.618390 1 1
 2.076731  0.031327 1 2
 2.076731  0.122879 1 3
 2.076731  0.213720 1 4
 2.076731  0.517838 1 5
 2.076731  0.531160 1 6
 2.076731  0.535027 1 7
 2.076731  0.704824 1 8
 2.076731  0.828437 1 9
 2.076731  0.948889 1 10
 2.076731  1.290357 1 11
 2.076731  1.329275 1 12
 2.076731  1.538923 1 13
 2.076731  2.014221 1 14
 2.076731  2.184740 1 15
 2.076731  2.287657 1 16
 2.076731  2.344071 1 17
 2.076731  2.430583 1 18
 2.124943 -0.625684 1 1
 2.124943  0.067461 1 2
 2.124943  0.146780 1 3
 2.124943  0.219795 1 4
 2.124943  0.514711 1 5
 2.124943  0.519038 1 6
 2.124943  0.526688 1 7
 2.124943  0.683479 1 8
 2.124943  0.849229 1 9
 2.124943  0.939300 1 10
 2.124943  1.264270 1 11
 2.124943  1.304525 1 12
 2.124943  1.475217 1 13
 2.124943  2.096035 1 14
 2.124943  2.218679 1 15
 2.124943  2.315772 1 16
 2.124943  2.373416 1 17
 2.124943  2.443949 1 18
 2.173154 -0.631429 1 1
 2.173154  0.103682 1 2
 2.173154  0.169474 1 3
 2.173154  0.224689 1 4
 2.173154  0.508609 1 5
 2.173154  0.510888 1 6
 2.173154  0.519040 1 7
 2.173154  0.653119 1 8
 2.173154  0.873838 1 9
 2.173154  0.941197 1 10
 2.173154  1.242234 1 11
 2.173154  1.279882 1 12
 2.173154  1.411893 1 13
 2.173154  2.171121 1 14
 2.173154  2.250216 1 15
 2.173154  2.336907 1 16
 2.173154  2.391771 1 17
 2.173154  2.448928 1 18
 2.221366 -0.635750 1 1
 2.221366  0.139378 1 2
 2.221366  0.190267 1 3
 2.221366  0.228480 1 4
 2.221366  0.500345 1 5
 2.221366  0.506599 1 6
 2.221366  0.511860 1 7
 2.221366  0.617583 1 8
 2.221366  0.900856 1 9
 2.221366  0.949568 1 10
 2.221366  1.226966 1 11
 2.221366  1.256719 1 12
 2.221366  1.352817 1 13
 2.221366  2.236458 1 14
 2.221366  2.279968 1 15
 2.221366  2.351705 1 16
 2.221366  2.400214 1 17
 2.221366  2.446283 1 18
 2.269578 -0.638824 1 1
 2.269578  0.173463 1 2
 2.269578  0.208263 1 3
 2.269578  0.231268 1 4
 2.269578  0.493913 1 5
 2.269578  0.502045 1 6
 2.269578  0.505559 1 7
 2.269578  0.581279 1 8
 2.269578  0.928305 1 9
 2.269578  0.960291 1 10
 2.269578  1.218527 1 11
 2.269578  1.236762 1 12
 2.269578  1.301322 1 13
 2.269578  2.290081 1 14
 2.269578  2.308025 1 15
 2.269578  2.361781 1 16
 2.269578  2.401385 1 17
 2.269578  2.437603 1 18
 2.317790 -0.640838 1 1
 2.317790  0.203750 1 2
 2.317790  0.222372 1 3
 2.317790  0.233156 1 4
 2.317790  0.489052 1 5
 2.317790  0.496449 1 6
 2.317790  0.500799 1 7
 2.317790  0.549759 1 8
 2.317790  0.953379 1 9
 2.317790  0.970422 1 10
 2.317790  1.213889 1 11
 2.317790  1.222749 1 12
 2.317790  1.260723 1 13
 2.317790  2.330320 1 14
 2.317790  2.333854 1 15
 2.317790  2.369295 1 16
 2.317790  2.398597 1 17
 2.317790  2.425338 1 18
 2.366002 -0.641963 1 1
 2.366002  0.226076 1 2
 2.366002  0.231454 1 3
 2.366002  0.234243 1 4
 2.366002  0.485810 1 5
 2.366002  0.489022 1 6
 2.366002  0.497959 1 7
 2.366002  0.529958 1 8
 2.366002  0.971896 1 9
 2.366002  0.977925 1 10
 2.366002  1.208116 1 11
 2.366002  1.217532 1 12
 2.366002  1.235724 1 13
 2.366002  2.354329 1 14
 2.366002  2.356879 1 15
 2.366002  2.376174 1 16
 2.366002  2.394859 1 17
 2.366002  2.413186 1 18
 2.414214 -0.642316 1 1
 2.414214  0.234597 1 2
 2.414214  0.234597 1 3
 2.414214  0.234597 1 4
 2.414214  0.484626 1 5
 2.414214  0.484627 1 6
 2.414214  0.497051 1 7
 2.414214  0.524058 1 8
 2.414214  0.978624 1 9
 2.414214  0.981525 1 10
 2.414214  1.206412 1 11
 2.414214  1.215918 1 12
 2.414214  1.229566 1 13
 2.414214  2.365137 1 14
 2.414214  2.367382 1 15
 2.414214  2.382508 1 16
 2.414214  2.391039 1 17
 2.414214  2.409817 1 18
 2.414214 -0.642316 1 1
 2.414214  0.234597 1 2
 2.414214  0.234597 1 3
 2.414214  0.234597 1 4
 2.414214  0.484626 1 5
 2.414214  0.484627 1 6
 2.414214  0.497051 1 7
 2.414214  0.524058 1 8
 2.414214  0.978624 1 9
 2.414214  0.981525 1 10
 2.414214  1.206412 1 11
 2.414214  1.215918 1 12
 2.414214  1.229566 1 13
 2.414214  2.365137 1 14
 2.414214  2.367382 1 15
 2.414214  2.382508 1 16
 2.414214  2.391039 1 17
 2.414214  2.409817 1 18
 2.462326 -0.642058 1 1
 2.462326  0.225235 1 2
 2.462326  0.233232 1 3
 2.462326  0.233306 1 4
 2.462326  0.486726 1 5
 2.462326  0.487162 1 6
 2.462326  0.498922 1 7
 2.462326  0.530150 1 8
 2.462326  0.974742 1 9
 2.462326  0.976839 1 10
 2.462326  1.210925 1 11
 2.462326  1.222349 1 12
 2.462326  1.237469 1 13
 2.462326  2.349863 1 14
 2.462326  2.353410 1 15
 2.462326  2.381827 1 16
 2.462326  2.396689 1 17
 2.462326  2.417062 1 18
 2.510439 -0.641004 1 1
 2.510439  0.200531 1 2
 2.510439  0.229501 1 3
 2.510439  0.229699 1 4
 2.510439  0.489045 1 5
 2.510439  0.493069 1 6
 2.510439  0.503070 1 7
 2.510439  0.550978 1 8
 2.510439  0.962727 1 9
 2.510439  0.963397 1 10
 2.510439  1.217731 1 11
 2.510439  1.242366 1 12
 2.510439  1.256893 1 13
 2.510439  2.318429 1 14
 2.510439  2.326798 1 15
 2.510439  2.383048 1 16
 2.510439  2.398005 1 17
 2.510439  2.430650 1 18
 2.558551 -0.639016 1 1
 2.558551  0.166747 1 2
 2.558551  0.223922 1 3
 2.558551  0.224196 1 4
 2.558551  0.485070 1 5
 2.558551  0.501909 1 6
 2.558551  0.512069 1 7
 2.558551  0.583094 1 8
 2.558551  0.943617 1 9
 2.558551  0.946684 1 10
 2.558551  1.222147 1 11
 2.558551  1.273897 1 12
 2.558551  1.290009 1 13
 2.558551  2.276675 1 14
 2.558551  2.290577 1 15
 2.558551  2.385458 1 16
 2.558551  2.393768 1 17
 2.558551  2.441500 1 18
 2.606664 -0.635919 1 1
 2.606664  0.128457 1 2
 2.606664  0.217066 1 3
 2.606664  0.217316 1 4
 2.606664  0.477176 1 5
 2.606664  0.512408 1 6
 2.606664  0.524516 1 7
 2.606664  0.620201 1 8
 2.606664  0.922912 1 9
 2.606664  0.928323 1 10
 2.606664  1.224334 1 11
 2.606664  1.313544 1 12
 2.606664  1.334265 1 13
 2.606664  2.228119 1 14
 2.606664  2.246735 1 15
 2.606664  2.377316 1 16
 2.606664  2.389324 1 17
 2.606664  2.448494 1 18
 2.654776 -0.631521 1 1
 2.654776  0.088158 1 2
 2.654776  0.209401 1 3
 2.654776  0.209540 1 4
 2.654776  0.467800 1 5
 2.654776  0.523536 1 6
 2.654776  0.538001 1 7
 2.654776  0.658838 1 8
 2.654776  0.904113 1 9
 2.654776  0.911054 1 10
 2.654776  1.224491 1 11
 2.654776  1.358511 1 12
 2.654776  1.385974 1 13
 2.654776  2.176102 1 14
 2.654776  2.197498 1 15
 2.654776  2.342588 1 16
 2.654776  2.392571 1 17
 2.654776  2.453692 1 18
 2.702889 -0.625663 1 1
 2.702889  0.047105 1 2
 2.702889  0.201265 1 3
 2.702889  0.201265 1 4
 2.702889  0.458199 1 5
 2.702889  0.534310 1 6
 2.702889  0.550708 1 7
 2.702889  0.697595 1 8
 2.702889  0.889886 1 9
 2.702889  0.897480 1 10
 2.702889  1.222243 1 11
 2.702889  1.406191 1 12
 2.702889  1.441011 1 13
 2.702889  2.123767 1 14
 2.702889  2.144944 1 15
 2.702889  2.286144 1 16
 2.702889  2.394604 1 17
 2.702889  2.458351 1 18
 2.751001 -0.618249 1 1
 2.751001  0.005935 1 2
 2.751001  0.192814 1 3
 2.751001  0.192922 1 4
 2.751001  0.449071 1 5
 2.751001  0.543794 1 6
 2.751001  0.561232 1 7
 2.751001  0.736115 1 8
 2.751001  0.882162 1 9
 2.751001  0.889842 1 10
 2.751001  1.217251 1 11
 2.751001  1.453722 1 12
 2.751001  1.494542 1 13
 2.751001  2.073805 1 14
 2.751001  2.091021 1 15
 2.751001  2.211246 1 16
 2.751001  2.394467 1 17
 2.751001  2.462142 1 18
 2.799114 -0.609272 1 1
 2.799114 -0.034989 1 2
 2.799114  0.184466 1 3
 2.799114  0.184616 1 4
 2.799114  0.440700 1 5
 2.799114  0.551238 1 6
 2.799114  0.568758 1 7
 2.799114  0.774379 1 8
 2.799114  0.881946 1 9
 2.799114  0.889702 1 10
 2.799114  1.209776 1 11
 2.799114  1.497647 1 12
 2.799114  1.540880 1 13
 2.799114  2.027800 1 14
 2.799114  2.038106 1 15
 2.799114  2.126563 1 16
 2.799114  2.391913 1 17
 2.799114  2.464158 1 18
 2.847226 -0.598808 1 1
 2.847226 -0.075370 1 2
 2.847226  0.176459 1 3
 2.847226  0.176591 1 4
 2.847226  0.433067 1 5
 2.847226  0.556276 1 6
 2.847226  0.573202 1 7
 2.847226  0.812064 1 8
 2.847226  0.889214 1 9
 2.847226  0.897631 1 10
 2.847226  1.201065 1 11
 2.847226  1.533473 1 12
 2.847226  1.573559 1 13
 2.847226  1.980606 1 14
 2.847226  1.989493 1 15
 2.847226  2.050726 1 16
 2.847226  2.387264 1 17
 2.847226  2.463479 1 18
 2.895339 -0.586997 1 1
 2.895339 -0.114858 1 2
 2.895339  0.168989 1 3
 2.895339  0.169070 1 4
 2.895339  0.426019 1 5
 2.895339  0.558998 1 6
 2.895339  0.575038 1 7
 2.895339  0.848014 1 8
 2.895339  0.903224 1 9
 2.895339  0.913217 1 10
 2.895339  1.193473 1 11
 2.895339  1.555247 1 12
 2.895339  1.586509 1 13
 2.895339  1.912812 1 14
 2.895339  1.951292 1 15
 2.895339  2.015882 1 16
 2.895339  2.381096 1 17
 2.895339  2.459462 1 18
 2.943451 -0.574018 1 1
 2.943451 -0.152988 1 2
 2.943451  0.162200 1 3
 2.943451  0.162232 1 4
 2.943451  0.419443 1 5
 2.943451  0.559779 1 6
 2.943451  0.574906 1 7
 2.943451  0.880025 1 8
 2.943451  0.923144 1 9
 2.943451  0.935492 1 10
 2.943451  1.190253 1 11
 2.943451  1.556672 1 12
 2.943451  1.577276 1 13
 2.943451  1.836539 1 14
 2.943451  1.930519 1 15
 2.943451  2.017762 1 16
 2.943451  2.373904 1 17
 2.943451  2.451945 1 18
 2.991564 -0.560094 1 1
 2.991564 -0.189171 1 2
 2.991564  0.156192 1 3
 2.991564  0.156192 1 4
 2.991564  0.413380 1 5
 2.991564  0.559050 1 6
 2.991564  0.573326 1 7
 2.991564  0.905499 1 8
 2.991564  0.948547 1 9
 2.991564  0.963417 1 10
 2.991564  1.194758 1 11
 2.991564  1.535499 1 12
 2.991564  1.549041 1 13
 2.991564  1.766405 1 14
 2.991564  1.929937 1 15
 2.991564  2.041900 1 16
 2.991564  2.365929 1 17
 2.991564  2.441348 1 18
 3.039676 -0.545533 1 1
 3.039676 -0.222717 1 2
 3.039676  0.151007 1 3
 3.039676  0.151033 1 4
 3.039676  0.408023 1 5
 3.039676  0.557202 1 6
 3.039676  0.570669 1 7
 3.039676  0.923009 1 8
 3.039676  0.979505 1 9
 3.039676  0.996179 1 10
 3.039676  1.208875 1 11
 3.039676  1.496196 1 12
 3.039676  1.507814 1 13
 3.039676  1.704364 1 14
 3.039676  1.945681 1 15
 3.039676  2.080620 1 16
 3.039676  2.357210 1 17
 3.039676  2.428582 1 18
 3.087789 -0.530815 1 1
 3.087789 -0.252854 1 2
 3.087789  0.146715 1 3
 3.087789  0.146772 1 4
 3.087789  0.403627 1 5
 3.087789  0.554627 1 6
 3.087789  0.567304 1 7
 3.087789  0.933351 1 8
 3.087789  1.016313 1 9
 3.087789  1.033476 1 10
 3.087789  1.231677 1 11
 3.087789  1.445804 1 12
 3.087789  1.459102 1 13
 3.087789  1.648805 1 14
 3.087789  1.970859 1 15
 3.087789  2.128379 1 16
 3.087789  2.347861 1 17
 3.087789  2.414678 1 18
 3.135901 -0.516720 1 1
 3.135901 -0.278687 1 2
 3.135901  0.143357 1 3
 3.135901  0.143439 1 4
 3.135901  0.400373 1 5
 3.135901  0.551789 1 6
 3.135901  0.563712 1 7
 3.135901  0.938884 1 8
 3.135901  1.059057 1 9
 3.135901  1.075342 1 10
 3.135901  1.259369 1 11
 3.135901  1.389855 1 12
 3.135901  1.407741 1 13
 3.135901  1.597823 1 14
 3.135901  1.999480 1 15
 3.135901  2.180739 1 16
 3.135901  2.338480 1 17
 3.135901  2.400263 1 18
 3.184014 -0.504479 1 1
 3.184014 -0.299066 1 2
 3.184014  0.140974 1 3
 3.184014  0.141059 1 4
 3.184014  0.398278 1 5
 3.184014  0.549237 1 6
 3.184014  0.560514 1 7
 3.184014  0.941958 1 8
 3.184014  1.107202 1 9
 3.184014  1.121703 1 10
 3.184014  1.282167 1 11
 3.184014  1.332028 1 12
 3.184014  1.362559 1 13
 3.184014  1.551315 1 14
 3.184014  2.026840 1 15
 3.184014  2.233628 1 16
 3.184014  2.330609 1 17
 3.184014  2.385147 1 18
 3.232126 -0.495835 1 1
 3.232126 -0.312456 1 2
 3.232126  0.139594 1 3
 3.232126  0.139652 1 4
 3.232126  0.397199 1 5
 3.232126  0.547514 1 6
 3.232126  0.558353 1 7
 3.232126  0.944018 1 8
 3.232126  1.158659 1 9
 3.232126  1.171836 1 10
 3.232126  1.268271 1 11
 3.232126  1.275727 1 12
 3.232126  1.351604 1 13
 3.232126  1.513689 1 14
 3.232126  2.048782 1 15
 3.232126  2.281795 1 16
 3.232126  2.327783 1 17
 3.232126  2.368759 1 18
 3.280239 -0.492638 1 1
 3.280239 -0.317208 1 2
 3.280239  0.139227 1 3
 3.280239  0.139227 1 4
 3.280239  0.396939 1 5
 3.280239  0.547022 1 6
 3.280239  0.557710 1 7
 3.280239  0.945576 1 8
 3.280239  1.192833 1 9
 3.280239  1.213697 1 10
 3.280239  1.233370 1 11
 3.280239  1.241685 1 12
 3.280239  1.358236 1 13
 3.280239  1.498500 1 14
 3.280239  2.061700 1 15
 3.280239  2.307129 1 16
 3.280239  2.340776 1 17
 3.280239  2.356576 1 18
 3.280239 -0.492638 1 1
 3.280239 -0.317208 1 2
 3.280239  0.139227 1 3
 3.280239  0.139227 1 4
 3.280239  0.396939 1 5
 3.280239  0.547022 1 6
 3.280239  0.557710 1 7
 3.280239  0.945576 1 8
 3.280239  1.192833 1 9
 3.280239  1.213697 1 10
 3.280239  1.233370 1 11
 3.280239  1.241685 1 12
 3.280239  1.358236 1 13
 3.280239  1.498500 1 14
 3.280239  2.061700 1 15
 3.280239  2.307129 1 16
 3.280239  2.340776 1 17
 3.280239  2.356576 1 18
 3.330747 -0.491991 1 1
 3.330747 -0.316730 1 2
 3.330747  0.131998 1 3
 3.330747  0.137701 1 4
 3.330747  0.402662 1 5
 3.330747  0.550972 1 6
 3.330747  0.555162 1 7
 3.330747  0.946333 1 8
 3.330747  1.178387 1 9
 3.330747  1.188827 1 10
 3.330747  1.231079 1 11
 3.330747  1.272508 1 12
 3.330747  1.373169 1 13
 3.330747  1.503177 1 14
 3.330747  2.056140 1 15
 3.330747  2.275253 1 16
 3.330747  2.348006 1 17
 3.330747  2.357660 1 18
 3.381254 -0.490059 1 1
 3.381254 -0.315360 1 2
 3.381254  0.112462 1 3
 3.381254  0.133188 1 4
 3.381254  0.417606 1 5
 3.381254  0.547192 1 6
 3.381254  0.564195 1 7
 3.381254  0.946075 1 8
 3.381254  1.131145 1 9
 3.381254  1.165857 1 10
 3.381254  1.259812 1 11
 3.381254  1.290246 1 12
 3.381254  1.412224 1 13
 3.381254  1.515549 1 14
 3.381254  2.038389 1 15
 3.381254  2.231142 1 16
 3.381254  2.329380 1 17
 3.381254  2.353572 1 18
 3.431762 -0.486844 1 1
 3.431762 -0.313243 1 2
 3.431762  0.085165 1 3
 3.431762  0.125717 1 4
 3.431762  0.437347 1 5
 3.431762  0.537058 1 6
 3.431762  0.586009 1 7
 3.431762  0.940602 1 8
 3.431762  1.074088 1 9
 3.431762  1.158876 1 10
 3.431762  1.291855 1 11
 3.431762  1.304819 1 12
 3.431762  1.461944 1 13
 3.431762  1.532835 1 14
 3.431762  2.012148 1 15
 3.431762  2.181873 1 16
 3.431762  2.295995 1 17
 3.431762  2.335466 1 18
 3.482269 -0.482343 1 1
 3.482269 -0.310629 1 2
 3.482269  0.054240 1 3
 3.482269  0.115385 1 4
 3.482269  0.458299 1 5
 3.482269  0.526539 1 6
 3.482269  0.617156 1 7
 3.482269  0.927889 1 8
 3.482269  1.018306 1 9
 3.482269  1.160600 1 10
 3.482269  1.302609 1 11
 3.482269  1.348573 1 12
 3.482269  1.513759 1 13
 3.482269  1.552487 1 14
 3.482269  1.982441 1 15
 3.482269  2.134092 1 16
 3.482269  2.248190 1 17
 3.482269  2.308294 1 18
 3.532777 -0.476539 1 1
 3.532777 -0.307889 1 2
 3.532777  0.022680 1 3
 3.532777  0.102395 1 4
 3.532777  0.478634 1 5
 3.532777  0.517549 1 6
 3.532777  0.657050 1 7
 3.532777  0.909217 1 8
 3.532777  0.965908 1 9
 3.532777  1.169154 1 10
 3.532777  1.307726 1 11
 3.532777  1.406986 1 12
 3.532777  1.559768 1 13
 3.532777  1.577797 1 14
 3.532777  1.953838 1 15
 3.532777  2.092061 1 16
 3.532777  2.189268 1 17
 3.532777  2.275594 1 18
 3.583285 -0.469403 1 1
 3.583285 -0.305540 1 2
 3.583285 -0.007368 1 3
 3.583285  0.087048 1 4
 3.583285  0.497829 1 5
 3.583285  0.511431 1 6
 3.583285  0.704196 1 7
 3.583285  0.886780 1 8
 3.583285  0.918302 1 9
 3.583285  1.182073 1 10
 3.583285  1.311217 1 11
 3.583285  1.472109 1 12
 3.583285  1.586455 1 13
 3.583285  1.622721 1 14
 3.583285  1.928890 1 15
 3.583285  2.054605 1 16
 3.583285  2.125843 1 17
 3.583285  2.239823 1 18
 3.633792 -0.460899 1 1
 3.633792 -0.304262 1 2
 3.633792 -0.034232 1 3
 3.633792  0.069714 1 4
 3.633792  0.509114 1 5
 3.633792  0.516031 1 6
 3.633792  0.755460 1 7
 3.633792  0.861995 1 8
 3.633792  0.877309 1 9
 3.633792  1.196933 1 10
 3.633792  1.313123 1 11
 3.633792  1.533431 1 12
 3.633792  1.616020 1 13
 3.633792  1.672460 1 14
 3.633792  1.907517 1 15
 3.633792  2.008126 1 16
 3.633792  2.073703 1 17
 3.633792  2.203106 1 18
 3.684300 -0.451004 1 1
 3.684300 -0.304877 1 2
 3.684300 -0.056485 1 3
 3.684300  0.050823 1 4
 3.684300  0.511280 1 5
 3.684300  0.533688 1 6
 3.684300  0.795508 1 7
 3.684300  0.835522 1 8
 3.684300  0.856209 1 9
 3.684300  1.211261 1 10
 3.684300  1.313465 1 11
 3.684300  1.574413 1 12
 3.684300  1.665509 1 13
 3.684300  1.722128 1 14
 3.684300  1.887738 1 15
 3.684300  1.941406 1 16
 3.684300  2.045456 1 17
 3.684300  2.167001 1 18
 3.734808 -0.439734 1 1
 3.734808 -0.308216 1 2
 3.734808 -0.072919 1 3
 3.734808  0.030874 1 4
 3.734808  0.518385 1 5
 3.734808  0.551392 1 6
 3.734808  0.782158 1 7
 3.734808  0.807610 1 8
 3.734808  0.895169 1 9
 3.734808  1.222723 1 10
 3.734808  1.312587 1 11
 3.734808  1.596397 1 12
 3.734808  1.720723 1 13
 3.734808  1.770252 1 14
 3.734808  1.865440 1 15
 3.734808  1.878972 1 16
 3.734808  2.028442 1 17
 3.734808  2.132076 1 18
 3.785315 -0.427157 1 1
 3.785315 -0.314842 1 2
 3.785315 -0.082733 1 3
 3.785315  0.010452 1 4
 3.785315  0.530604 1 5
 3.785315  0.569689 1 6
 3.785315  0.751445 1 7
 3.785315  0.778711 1 8
 3.785315  0.956527 1 9
 3.785315  1.229565 1 10
 3.785315  1.311213 1 11
 3.785315  1.600672 1 12
 3.785315  1.731158 1 13
 3.785315  1.810339 1 14
 3.785315  1.846660 1 15
 3.785315  1.872619 1 16
 3.785315  2.014899 1 17
 3.785315  2.097937 1 18
 3.835823 -0.413406 1 1
 3.835823 -0.324758 1 2
 3.835823 -0.085793 1 3
 3.835823 -0.009782 1 4
 3.835823  0.547702 1 5
 3.835823  0.588808 1 6
 3.835823  0.720345 1 7
 3.835823  0.749485 1 8
 3.835823  1.022633 1 9
 3.835823  1.230936 1 10
 3.835823  1.310409 1 11
 3.835823  1.564439 1 12
 3.835823  1.714209 1 13
 3.835823  1.808470 1 14
 3.835823  1.869295 1 15
 3.835823  1.922581 1 16
 3.835823  2.002681 1 17
 3.835823  2.063911 1 18
 3.886330 -0.398687 1 1
 3.886330 -0.337381 1 2
 3.886330 -0.082668 1 3
 3.886330 -0.029129 1 4
 3.886330  0.568919 1 5
 3.886330  0.607961 1 6
 3.886330  0.691602 1 7
 3.886330  0.720837 1 8
 3.886330  1.091416 1 9
 3.886330  1.226814 1 10
 3.886330  1.311608 1 11
 3.886330  1.489754 1 12
 3.886330  1.718297 1 13
 3.886330  1.788483 1 14
 3.886330  1.901077 1 15
 3.886330  1.984779 1 16
 3.886330  1.992176 1 17
 3.886330  2.030405 1 18
 3.936838 -0.383281 1 1
 3.936838 -0.351823 1 2
 3.936838 -0.074352 1 3
 3.936838 -0.046879 1 4
 3.936838  0.592714 1 5
 3.936838  0.621366 1 6
 3.936838  0.671512 1 7
 3.936838  0.694143 1 8
 3.936838  1.161170 1 9
 3.936838  1.217378 1 10
 3.936838  1.317273 1 11
 3.936838  1.405010 1 12
 3.936838  1.727376 1 13
 3.936838  1.773186 1 14
 3.936838  1.919102 1 15
 3.936838  1.977797 1 16
 3.936838  2.001732 1 17
 3.936838  2.049422 1 18
 3.987346 -0.367577 1 1
 3.987346 -0.367218 1 2
 3.987346 -0.062301 1 3
 3.987346 -0.061936 1 4
 3.987346  0.612398 1 5
 3.987346  0.615009 1 6
 3.987346  0.672996 1 7
 3.987346  0.677054 1 8
 3.987346  1.199450 1 9
 3.987346  1.225828 1 10
 3.987346  1.324720 1 11
 3.987346  1.335989 1 12
 3.987346  1.728256 1 13
 3.987346  1.771859 1 14
 3.987346  1.910782 1 15
 3.987346  1.961880 1 16
 3.987346  1.988483 1 17
 3.987346  2.108314 1 18
 3.987346 -0.367577 1 1
 3.987346 -0.367218 1 2
 3.987346 -0.062301 1 3
 3.987346 -0.061936 1 4
 3.987346  0.612398 1 5
 3.987346  0.615009 1 6
 3.987346  0.672996 1 7
 3.987346  0.677054 1 8
 3.987346  1.199450 1 9
 3.987346  1.225828 1 10
 3.987346  1.324720 1 11
 3.987346  1.335989 1 12
 3.987346  1.728256 1 13
 3.987346  1.771859 1 14
 3.987346  1.910782 1 15
 3.987346  1.961880 1 16
 3.987346  1.988483 1 17
 3.987346  2.108314 1 18
 4.037346 -0.367949 1 1
 4.037346 -0.367666 1 2
 4.037346 -0.060711 1 3
 4.037346 -0.060396 1 4
 4.037346  0.583932 1 5
 4.037346  0.585971 1 6
 4.037346  0.703537 1 7
 4.037346  0.709922 1 8
 4.037346  1.198786 1 9
 4.037346  1.223587 1 10
 4.037346  1.324528 1 11
 4.037346  1.334608 1 12
 4.037346  1.726595 1 13
 4.037346  1.771854 1 14
 4.037346  1.888679 1 15
 4.037346  1.940229 1 16
 4.037346  2.006393 1 17
 4.037346  2.120439 1 18
 4.087346 -0.369100 1 1
 4.087346 -0.368936 1 2
 4.087346 -0.055981 1 3
 4.087346 -0.055801 1 4
 4.087346  0.540990 1 5
 4.087346  0.542114 1 6
 4.087346  0.755261 1 7
 4.087346  0.761804 1 8
 4.087346  1.196856 1 9
 4.087346  1.219933 1 10
 4.087346  1.324276 1 11
 4.087346  1.333300 1 12
 4.087346  1.718491 1 13
 4.087346  1.776978 1 14
 4.087346  1.855698 1 15
 4.087346  1.892198 1 16
 4.087346  2.037396 1 17
 4.087346  2.152977 1 18
 4.137346 -0.370903 1 1
 4.137346 -0.370857 1 2
 4.137346 -0.048458 1 3
 4.137346 -0.048414 1 4
 4.137346  0.499202 1 5
 4.137346  0.499435 1 6
 4.137346  0.811250 1 7
 4.137346  0.817768 1 8
 4.137346  1.194800 1 9
 4.137346  1.216382 1 10
 4.137346  1.324698 1 11
 4.137346  1.332060 1 12
 4.137346  1.692456 1 13
 4.137346  1.784042 1 14
 4.137346  1.815395 1 15
 4.137346  1.862848 1 16
 4.137346  2.068961 1 17
 4.137346  2.187076 1 18
 4.187346 -0.373175 1 1
 4.187346 -0.373134 1 2
 4.187346 -0.038763 1 3
 4.187346 -0.038657 1 4
 4.187346  0.460163 1 5
 4.187346  0.460546 1 6
 4.187346  0.868147 1 7
 4.187346  0.876359 1 8
 4.187346  1.194551 1 9
 4.187346  1.214512 1 10
 4.187346  1.326554 1 11
 4.187346  1.331357 1 12
 4.187346  1.645906 1 13
 4.187346  1.739332 1 14
 4.187346  1.811043 1 15
 4.187346  1.877509 1 16
 4.187346  2.096734 1 17
 4.187346  2.214927 1 18
 4.237346 -0.375596 1 1
 4.237346 -0.375511 1 2
 4.237346 -0.027510 1 3
 4.237346 -0.027364 1 4
 4.237346  0.424983 1 5
 4.237346  0.425678 1 6
 4.237346  0.923822 1 7
 4.237346  0.936889 1 8
 4.237346  1.198204 1 9
 4.237346  1.215661 1 10
 4.237346  1.330145 1 11
 4.237346  1.332137 1 12
 4.237346  1.589616 1 13
 4.237346  1.667471 1 14
 4.237346  1.840775 1 15
 4.237346  1.906237 1 16
 4.237346  2.117339 1 17
 4.237346  2.233000 1 18
 4.287346 -0.377843 1 1
 4.287346 -0.377743 1 2
 4.287346 -0.015600 1 3
 4.287346 -0.015469 1 4
 4.287346  0.394289 1 5
 4.287346  0.395097 1 6
 4.287346  0.976483 1 7
 4.287346  0.997398 1 8
 4.287346  1.207046 1 9
 4.287346  1.221088 1 10
 4.287346  1.334082 1 11
 4.287346  1.336412 1 12
 4.287346  1.531108 1 13
 4.287346  1.597444 1 14
 4.287346  1.877580 1 15
 4.287346  1.938981 1 16
 4.287346  2.127566 1 17
 4.287346  2.240012 1 18
 4.337346 -0.379702 1 1
 4.337346 -0.379599 1 2
 4.337346 -0.004152 1 3
 4.337346 -0.004049 1 4
 4.337346  0.368630 1 5
 4.337346  0.369461 1 6
 4.337346  1.023334 1 7
 4.337346  1.054742 1 8
 4.337346  1.220331 1 9
 4.337346  1.233027 1 10
 4.337346  1.338895 1 11
 4.337346  1.343246 1 12
 4.337346  1.473973 1 13
 4.337346  1.532803 1 14
 4.337346  1.915690 1 15
 4.337346  1.971959 1 16
 4.337346  2.125571 1 17
 4.337346  2.237079 1 18
 4.387346 -0.381040 1 1
 4.387346 -0.380948 1 2
 4.387346  0.005538 1 3
 4.387346  0.005634 1 4
 4.387346  0.348950 1 5
 4.387346  0.349726 1 6
 4.387346  1.060480 1 7
 4.387346  1.103796 1 8
 4.387346  1.236509 1 9
 4.387346  1.253736 1 10
 4.387346  1.345029 1 11
 4.387346  1.351078 1 12
 4.387346  1.420282 1 13
 4.387346  1.475166 1 14
 4.387346  1.950007 1 15
 4.387346  2.003967 1 16
 4.387346  2.112058 1 17
 4.387346  2.228161 1 18
 4.437346 -0.381803 1 1
 4.437346 -0.381753 1 2
 4.437346  0.012128 1 3
 4.437346  0.012211 1 4
 4.437346  0.336549 1 5
 4.437346  0.337087 1 6
 4.437346  1.084217 1 7
 4.437346  1.136751 1 8
 4.437346  1.257759 1 9
 4.437346  1.278336 1 10
 4.437346  1.351276 1 11
 4.437346  1.359355 1 12
 4.437346  1.374537 1 13
 4.437346  1.426536 1 14
 4.437346  1.975759 1 15
 4.437346  2.034199 1 16
 4.437346  2.090629 1 17
 4.437346  2.219811 1 18
 4.487346 -0.382019 1 1
 4.487346 -0.381997 1 2
 4.487346  0.014511 1 3
 4.487346  0.014511 1 4
 4.487346  0.332598 1 5
 4.487346  0.332696 1 6
 4.487346  1.092522 1 7
 4.487346  1.147338 1 8
 4.487346  1.276749 1 9
 4.487346  1.290210 1 10
 4.487346  1.340037 1 11
 4.487346  1.358078 1 12
 4.487346  1.375219 1 13
 4.487346  1.399781 1 14
 4.487346  1.988736 1 15
 4.487346  2.050578 1 16
 4.487346  2.076515 1 17
 4.487346  2.219019 1 18
