 0.000000 -0.900354 1 1
 0.000000  0.666172 1 2
 0.000000  0.666173 1 3
 0.000000  0.666192 1 4
 0.000000  1.075579 1 5
 0.000000  1.075590 1 6
 0.000000  1.075592 1 7
 0.000000  1.669606 1 8
 0.000000  3.425237 1 9
 0.000000  3.425306 1 10
 0.000000  4.840525 1 11
 0.000000  5.007091 1 12
 0.000000  5.044899 1 13
 0.000000  6.101525 1 14
 0.000000  6.211015 1 15
 0.000000  6.220448 1 16
 0.000000  6.913624 1 17
 0.000000  6.913638 1 18
 0.047619 -0.898795 1 1
 0.047619  0.659547 1 2
 0.047619  0.659665 1 3
 0.047619  0.662799 1 4
 0.047619  1.074296 1 5
 0.047619  1.083410 1 6
 0.047619  1.083549 1 7
 0.047619  1.671094 1 8
 0.047619  3.432253 1 9
 0.047619  3.440132 1 10
 0.047619  4.867865 1 11
 0.047619  4.990998 1 12
 0.047619  5.022548 1 13
 0.047619  6.106311 1 14
 0.047619  6.197580 1 15
 0.047619  6.205147 1 16
 0.047619  6.906610 1 17
 0.047619  6.929594 1 18
 0.095238 -0.894143 1 1
 0.095238  0.641190 1 2
 0.095238  0.641508 1 3
 0.095238  0.652473 1 4
 0.095238  1.070613 1 5
 0.095238  1.105553 1 6
 0.095238  1.105823 1 7
 0.095238  1.674801 1 8
 0.095238  3.420334 1 9
 0.095238  3.470485 1 10
 0.095238  4.927587 1 11
 0.095238  4.948354 1 12
 0.095238  4.971242 1 13
 0.095238  6.068525 1 14
 0.095238  6.190018 1 15
 0.095238  6.197554 1 16
 0.095238  6.883980 1 17
 0.095238  6.969880 1 18
 0.142857 -0.886430 1 1
 0.142857  0.614574 1 2
 0.142857  0.614962 1 3
 0.142857  0.635147 1 4
 0.142857  1.064993 1 5
 0.142857  1.138936 1 6
 0.142857  1.139329 1 7
 0.142857  1.678908 1 8
 0.142857  3.328485 1 9
 0.142857  3.492014 1 10
 0.142857  4.883657 1 11
 0.142857  4.888565 1 12
 0.142857  5.008579 1 13
 0.142857  5.977337 1 14
 0.142857  6.202801 1 15
 0.142857  6.227006 1 16
 0.142857  6.843359 1 17
 0.142857  7.018366 1 18
 0.190476 -0.875697 1 1
 0.190476  0.582965 1 2
 0.190476  0.583203 1 3
 0.190476  0.611020 1 4
 0.190476  1.057836 1 5
 0.190476  1.180578 1 6
 0.190476  1.181011 1 7
 0.190476  1.680732 1 8
 0.190476  3.135583 1 9
 0.190476  3.496456 1 10
 0.190476  4.808332 1 11
 0.190476  4.828226 1 12
 0.190476  5.027404 1 13
 0.190476  5.865813 1 14
 0.190476  6.228073 1 15
 0.190476  6.283174 1 16
 0.190476  6.786308 1 17
 0.190476  7.063592 1 18
 0.238095 -0.861971 1 1
 0.238095  0.548568 1 2
 0.238095  0.548599 1 3
 0.238095  0.580797 1 4
 0.238095  1.049408 1 5
 0.238095  1.228195 1 6
 0.238095  1.228337 1 7
 0.238095  1.676589 1 8
 0.238095  2.887883 1 9
 0.238095  3.502633 1 10
 0.238095  4.742739 1 11
 0.238095  4.772213 1 12
 0.238095  4.980711 1 13
 0.238095  5.743173 1 14
 0.238095  6.263319 1 15
 0.238095  6.342469 1 16
 0.238095  6.719590 1 17
 0.238095  7.102093 1 18
 0.285714 -0.845262 1 1
 0.285714  0.512823 1 2
 0.285714  0.512862 1 3
 0.285714  0.545531 1 4
 0.285714  1.039995 1 5
 0.285714  1.279184 1 6
 0.285714  1.279828 1 7
 0.285714  1.661412 1 8
 0.285714  2.675407 1 9
 0.285714  3.538092 1 10
 0.285714  4.691160 1 11
 0.285714  4.723489 1 12
 0.285714  4.897828 1 13
 0.285714  5.609409 1 14
 0.285714  6.290695 1 15
 0.285714  6.387024 1 16
 0.285714  6.650416 1 17
 0.285714  7.136450 1 18
 0.333333 -0.825550 1 1
 0.333333  0.476939 1 2
 0.333333  0.477188 1 3
 0.333333  0.506193 1 4
 0.333333  1.029983 1 5
 0.333333  1.331821 1 6
 0.333333  1.333539 1 7
 0.333333  1.631139 1 8
 0.333333  2.573681 1 9
 0.333333  3.609057 1 10
 0.333333  4.654047 1 11
 0.333333  4.684466 1 12
 0.333333  4.841651 1 13
 0.333333  5.463311 1 14
 0.333333  6.298704 1 15
 0.333333  6.401111 1 16
 0.333333  6.580148 1 17
 0.333333  7.170522 1 18
 0.380952 -0.802814 1 1
 0.380952  0.442020 1 2
 0.380952  0.442525 1 3
 0.380952  0.463425 1 4
 0.380952  1.019738 1 5
 0.380952  1.384976 1 6
 0.380952  1.387480 1 7
 0.380952  1.588684 1 8
 0.380952  2.591500 1 9
 0.380952  3.689665 1 10
 0.380952  4.630110 1 11
 0.380952  4.656322 1 12
 0.380952  4.872740 1 13
 0.380952  5.306271 1 14
 0.380952  6.289506 1 15
 0.380952  6.375435 1 16
 0.380952  6.507597 1 17
 0.380952  7.204571 1 18
 0.428571 -0.777039 1 1
 0.428571  0.408985 1 2
 0.428571  0.409509 1 3
 0.428571  0.417442 1 4
 0.428571  1.009485 1 5
 0.428571  1.438114 1 6
 0.428571  1.440456 1 7
 0.428571  1.539897 1 8
 0.428571  2.679351 1 9
 0.428571  3.743413 1 10
 0.428571  4.614194 1 11
 0.428571  4.637047 1 12
 0.428571  5.007266 1 13
 0.428571  5.143308 1 14
 0.428571  6.274478 1 15
 0.428571  6.304662 1 16
 0.428571  6.442899 1 17
 0.428571  7.233726 1 18
 0.476190 -0.748245 1 1
 0.476190  0.368290 1 2
 0.476190  0.378334 1 3
 0.476190  0.378567 1 4
 0.476190  0.999539 1 5
 0.476190  1.486643 1 6
 0.476190  1.491557 1 7
 0.476190  1.492403 1 8
 0.476190  2.781153 1 9
 0.476190  3.757678 1 10
 0.476190  4.596238 1 11
 0.476190  4.621562 1 12
 0.476190  4.981905 1 13
 0.476190  5.200255 1 14
 0.476190  6.190294 1 15
 0.476190  6.265525 1 16
 0.476190  6.407298 1 17
 0.476190  7.251440 1 18
 0.523810 -0.716515 1 1
 0.523810  0.316290 1 2
 0.523810  0.349880 1 3
 0.523810  0.350122 1 4
 0.523810  0.990643 1 5
 0.523810  1.429510 1 6
 0.523810  1.544107 1 7
 0.523810  1.546167 1 8
 0.523810  2.865777 1 9
 0.523810  3.758272 1 10
 0.523810  4.564916 1 11
 0.523810  4.600088 1 12
 0.523810  4.829066 1 13
 0.523810  5.382516 1 14
 0.523810  6.051437 1 15
 0.523810  6.269024 1 16
 0.523810  6.410236 1 17
 0.523810  7.255641 1 18
 0.571429 -0.681975 1 1
 0.571429  0.262004 1 2
 0.571429  0.323530 1 3
 0.571429  0.324147 1 4
 0.571429  0.983785 1 5
 0.571429  1.370287 1 6
 0.571429  1.596749 1 7
 0.571429  1.602636 1 8
 0.571429  2.929702 1 9
 0.571429  3.788707 1 10
 0.571429  4.512501 1 11
 0.571429  4.560727 1 12
 0.571429  4.687697 1 13
 0.571429  5.512238 1 14
 0.571429  5.911436 1 15
 0.571429  6.285944 1 16
 0.571429  6.444709 1 17
 0.571429  7.249876 1 18
 0.619048 -0.644764 1 1
 0.619048  0.206047 1 2
 0.619048  0.299492 1 3
 0.619048  0.300187 1 4
 0.619048  0.979424 1 5
 0.619048  1.312258 1 6
 0.619048  1.650501 1 7
 0.619048  1.660472 1 8
 0.619048  2.986024 1 9
 0.619048  3.872211 1 10
 0.619048  4.436031 1 11
 0.619048  4.492638 1 12
 0.619048  4.556363 1 13
 0.619048  5.596044 1 14
 0.619048  5.782354 1 15
 0.619048  6.315895 1 16
 0.619048  6.494798 1 17
 0.619048  7.235878 1 18
 0.666667 -0.604987 1 1
 0.666667  0.148811 1 2
 0.666667  0.277716 1 3
 0.666667  0.278198 1 4
 0.666667  0.976904 1 5
 0.666667  1.257988 1 6
 0.666667  1.704122 1 7
 0.666667  1.717835 1 8
 0.666667  3.048538 1 9
 0.666667  3.991730 1 10
 0.666667  4.337049 1 11
 0.666667  4.390976 1 12
 0.666667  4.431109 1 13
 0.666667  5.655052 1 14
 0.666667  5.679652 1 15
 0.666667  6.359352 1 16
 0.666667  6.546920 1 17
 0.666667  7.205838 1 18
 0.714286 -0.562713 1 1
 0.714286  0.090478 1 2
 0.714286  0.258238 1 3
 0.714286  0.258415 1 4
 0.714286  0.974971 1 5
 0.714286  1.208087 1 6
 0.714286  1.755373 1 7
 0.714286  1.772391 1 8
 0.714286  3.121991 1 9
 0.714286  4.105888 1 10
 0.714286  4.224126 1 11
 0.714286  4.266959 1 12
 0.714286  4.304750 1 13
 0.714286  5.530301 1 14
 0.714286  5.793289 1 15
 0.714286  6.414558 1 16
 0.714286  6.595339 1 17
 0.714286  7.145399 1 18
 0.761905 -0.517995 1 1
 0.761905  0.031290 1 2
 0.761905  0.241279 1 3
 0.761905  0.241330 1 4
 0.761905  0.973226 1 5
 0.761905  1.162531 1 6
 0.761905  1.802063 1 7
 0.761905  1.822443 1 8
 0.761905  3.203960 1 9
 0.761905  4.108601 1 10
 0.761905  4.137649 1 11
 0.761905  4.182587 1 12
 0.761905  4.191812 1 13
 0.761905  5.393555 1 14
 0.761905  5.962696 1 15
 0.761905  6.474117 1 16
 0.761905  6.640480 1 17
 0.761905  7.046928 1 18
 0.809524 -0.470850 1 1
 0.809524 -0.028297 1 2
 0.809524  0.227186 1 3
 0.809524  0.227501 1 4
 0.809524  0.973171 1 5
 0.809524  1.122339 1 6
 0.809524  1.842805 1 7
 0.809524  1.867246 1 8
 0.809524  3.291163 1 9
 0.809524  4.013903 1 10
 0.809524  4.020155 1 11
 0.809524  4.087168 1 12
 0.809524  4.249584 1 13
 0.809524  5.256883 1 14
 0.809524  6.164038 1 15
 0.809524  6.527367 1 16
 0.809524  6.684132 1 17
 0.809524  6.921510 1 18
 0.857143 -0.421343 1 1
 0.857143 -0.087648 1 2
 0.857143  0.216472 1 3
 0.857143  0.217106 1 4
 0.857143  0.977490 1 5
 0.857143  1.089087 1 6
 0.857143  1.876762 1 7
 0.857143  1.906035 1 8
 0.857143  3.381859 1 9
 0.857143  3.904948 1 10
 0.857143  3.968008 1 11
 0.857143  4.036073 1 12
 0.857143  4.319999 1 13
 0.857143  5.131026 1 14
 0.857143  6.355453 1 15
 0.857143  6.566229 1 16
 0.857143  6.724561 1 17
 0.857143  6.799181 1 18
 0.904762 -0.369609 1 1
 0.904762 -0.146281 1 2
 0.904762  0.209264 1 3
 0.904762  0.210032 1 4
 0.904762  0.987866 1 5
 0.904762  1.062830 1 6
 0.904762  1.902927 1 7
 0.904762  1.937028 1 8
 0.904762  3.474294 1 9
 0.904762  3.812811 1 10
 0.904762  3.953461 1 11
 0.904762  4.026803 1 12
 0.904762  4.431219 1 13
 0.904762  5.014094 1 14
 0.904762  6.495275 1 15
 0.904762  6.589580 1 16
 0.904762  6.710295 1 17
 0.904762  6.760668 1 18
 0.952381 -0.315909 1 1
 0.952381 -0.203971 1 2
 0.952381  0.205335 1 3
 0.952381  0.205866 1 4
 0.952381  1.003470 1 5
 0.952381  1.041340 1 6
 0.952381  1.919729 1 7
 0.952381  1.957400 1 8
 0.952381  3.564694 1 9
 0.952381  3.731845 1 10
 0.952381  3.959577 1 11
 0.952381  4.038586 1 12
 0.952381  4.581516 1 13
 0.952381  4.889959 1 14
 0.952381  6.554951 1 15
 0.952381  6.609847 1 16
 0.952381  6.676383 1 17
 0.952381  6.781879 1 18
 1.000000 -0.260594 1 1
 1.000000 -0.260593 1 2
 1.000000  0.204271 1 3
 1.000000  0.204273 1 4
 1.000000  1.021817 1 5
 1.000000  1.021821 1 6
 1.000000  1.925561 1 7
 1.000000  1.964460 1 8
 1.000000  3.635474 1 9
 1.000000  3.666274 1 10
 1.000000  3.964849 1 11
 1.000000  4.046453 1 12
 1.000000  4.741486 1 13
 1.000000  4.745888 1 14
 1.000000  6.562952 1 15
 1.000000  6.620322 1 16
 1.000000  6.672970 1 17
 1.000000  6.789187 1 18
 1.000000 -0.260594 1 1
 1.000000 -0.260593 1 2
 1.000000  0.204271 1 3
 1.000000  0.204273 1 4
 1.000000  1.021817 1 5
 1.000000  1.021821 1 6
 1.000000  1.925561 1 7
 1.000000  1.964460 1 8
 1.000000  3.635474 1 9
 1.000000  3.666274 1 10
 1.000000  3.964849 1 11
 1.000000  4.046453 1 12
 1.000000  4.741486 1 13
 1.000000  4.745888 1 14
 1.000000  6.562952 1 15
 1.000000  6.620322 1 16
 1.000000  6.672970 1 17
 1.000000  6.789187 1 18
 1.058926 -0.259517 1 1
 1.058926 -0.258465 1 2
 1.058926  0.191477 1 3
 1.058926  0.206531 1 4
 1.058926  1.025305 1 5
 1.058926  1.041170 1 6
 1.058926  1.925288 1 7
 1.058926  1.954276 1 8
 1.058926  3.577574 1 9
 1.058926  3.664431 1 10
 1.058926  3.957376 1 11
 1.058926  4.085573 1 12
 1.058926  4.751010 1 13
 1.058926  4.769910 1 14
 1.058926  6.545292 1 15
 1.058926  6.614764 1 16
 1.058926  6.704553 1 17
 1.058926  6.772748 1 18
 1.117851 -0.256655 1 1
 1.117851 -0.252238 1 2
 1.117851  0.157150 1 3
 1.117851  0.212721 1 4
 1.117851  1.034134 1 5
 1.117851  1.091917 1 6
 1.117851  1.919651 1 7
 1.117851  1.930164 1 8
 1.117851  3.443901 1 9
 1.117851  3.661507 1 10
 1.117851  3.925072 1 11
 1.117851  4.170263 1 12
 1.117851  4.787248 1 13
 1.117851  4.809542 1 14
 1.117851  6.441300 1 15
 1.117851  6.644964 1 16
 1.117851  6.743290 1 17
 1.117851  6.770946 1 18
 1.176777 -0.253215 1 1
 1.176777 -0.241912 1 2
 1.176777  0.109743 1 3
 1.176777  0.222381 1 4
 1.176777  1.045182 1 5
 1.176777  1.161030 1 6
 1.176777  1.898326 1 7
 1.176777  1.905828 1 8
 1.176777  3.281493 1 9
 1.176777  3.664375 1 10
 1.176777  3.849958 1 11
 1.176777  4.279029 1 12
 1.176777  4.829021 1 13
 1.176777  4.841293 1 14
 1.176777  6.288271 1 15
 1.176777  6.655270 1 16
 1.176777  6.730309 1 17
 1.176777  6.825139 1 18
 1.235702 -0.251344 1 1
 1.235702 -0.227371 1 2
 1.235702  0.058093 1 3
 1.235702  0.235687 1 4
 1.235702  1.057038 1 5
 1.235702  1.242848 1 6
 1.235702  1.866111 1 7
 1.235702  1.880023 1 8
 1.235702  3.116568 1 9
 1.235702  3.678433 1 10
 1.235702  3.730496 1 11
 1.235702  4.416941 1 12
 1.235702  4.857520 1 13
 1.235702  4.866815 1 14
 1.235702  6.109002 1 15
 1.235702  6.623626 1 16
 1.235702  6.742287 1 17
 1.235702  6.828905 1 18
 1.294628 -0.255350 1 1
 1.294628 -0.208530 1 2
 1.294628  0.011214 1 3
 1.294628  0.252666 1 4
 1.294628  1.070543 1 5
 1.294628  1.341549 1 6
 1.294628  1.814304 1 7
 1.294628  1.863042 1 8
 1.294628  2.962801 1 9
 1.294628  3.589944 1 10
 1.294628  3.703593 1 11
 1.294628  4.590535 1 12
 1.294628  4.886591 1 13
 1.294628  4.896317 1 14
 1.294628  5.915578 1 15
 1.294628  6.548246 1 16
 1.294628  6.767181 1 17
 1.294628  6.792192 1 18
 1.353553 -0.272009 1 1
 1.353553 -0.185485 1 2
 1.353553 -0.020972 1 3
 1.353553  0.272952 1 4
 1.353553  1.087577 1 5
 1.353553  1.461581 1 6
 1.353553  1.752709 1 7
 1.353553  1.845395 1 8
 1.353553  2.830486 1 9
 1.353553  3.462198 1 10
 1.353553  3.734300 1 11
 1.353553  4.792508 1 12
 1.353553  4.940135 1 13
 1.353553  4.942892 1 14
 1.353553  5.722844 1 15
 1.353553  6.446731 1 16
 1.353553  6.713386 1 17
 1.353553  6.814124 1 18
 1.353553 -0.272009 1 1
 1.353553 -0.185485 1 2
 1.353553 -0.020972 1 3
 1.353553  0.272952 1 4
 1.353553  1.087577 1 5
 1.353553  1.461581 1 6
 1.353553  1.752709 1 7
 1.353553  1.845395 1 8
 1.353553  2.830486 1 9
 1.353553  3.462198 1 10
 1.353553  3.734300 1 11
 1.353553  4.792508 1 12
 1.353553  4.940135 1 13
 1.353553  4.942892 1 14
 1.353553  5.722844 1 15
 1.353553  6.446731 1 16
 1.353553  6.713386 1 17
 1.353553  6.814124 1 18
 1.401765 -0.298298 1 1
 1.401765 -0.163703 1 2
 1.401765 -0.031701 1 3
 1.401765  0.291928 1 4
 1.401765  1.105627 1 5
 1.401765  1.567770 1 6
 1.401765  1.702465 1 7
 1.401765  1.823978 1 8
 1.401765  2.749016 1 9
 1.401765  3.383351 1 10
 1.401765  3.758426 1 11
 1.401765  4.957741 1 12
 1.401765  5.000448 1 13
 1.401765  5.010007 1 14
 1.401765  5.580929 1 15
 1.401765  6.364965 1 16
 1.401765  6.652572 1 17
 1.401765  6.830150 1 18
 1.449977 -0.334345 1 1
 1.449977 -0.139266 1 2
 1.449977 -0.028744 1 3
 1.449977  0.313100 1 4
 1.449977  1.126194 1 5
 1.449977  1.652137 1 6
 1.449977  1.660911 1 7
 1.449977  1.800404 1 8
 1.449977  2.711228 1 9
 1.449977  3.318778 1 10
 1.449977  3.782496 1 11
 1.449977  5.051937 1 12
 1.449977  5.074490 1 13
 1.449977  5.153215 1 14
 1.449977  5.432283 1 15
 1.449977  6.301239 1 16
 1.449977  6.582412 1 17
 1.449977  6.852703 1 18
 1.498189 -0.376393 1 1
 1.498189 -0.112203 1 2
 1.498189 -0.015650 1 3
 1.498189  0.335967 1 4
 1.498189  1.148328 1 5
 1.498189  1.603204 1 6
 1.498189  1.715521 1 7
 1.498189  1.777700 1 8
 1.498189  2.735043 1 9
 1.498189  3.254617 1 10
 1.498189  3.803904 1 11
 1.498189  5.104455 1 12
 1.498189  5.149857 1 13
 1.498189  5.265078 1 14
 1.498189  5.325064 1 15
 1.498189  6.261428 1 16
 1.498189  6.511867 1 17
 1.498189  6.890559 1 18
 1.546401 -0.421319 1 1
 1.546401 -0.082529 1 2
 1.546401  0.004717 1 3
 1.546401  0.360074 1 4
 1.546401  1.171610 1 5
 1.546401  1.555928 1 6
 1.546401  1.722449 1 7
 1.546401  1.758685 1 8
 1.546401  2.822935 1 9
 1.546401  3.180075 1 10
 1.546401  3.819870 1 11
 1.546401  5.086509 1 12
 1.546401  5.139150 1 13
 1.546401  5.215973 1 14
 1.546401  5.489453 1 15
 1.546401  6.239757 1 16
 1.546401  6.449084 1 17
 1.546401  6.943689 1 18
 1.594613 -0.467173 1 1
 1.594613 -0.050246 1 2
 1.594613  0.030767 1 3
 1.594613  0.385115 1 4
 1.594613  1.196116 1 5
 1.594613  1.510499 1 6
 1.594613  1.694668 1 7
 1.594613  1.744604 1 8
 1.594613  2.955706 1 9
 1.594613  3.095974 1 10
 1.594613  3.824104 1 11
 1.594613  4.921230 1 12
 1.594613  5.160659 1 13
 1.594613  5.267313 1 14
 1.594613  5.643916 1 15
 1.594613  6.222037 1 16
 1.594613  6.399348 1 17
 1.594613  7.003581 1 18
 1.642824 -0.512771 1 1
 1.642824 -0.015353 1 2
 1.642824  0.061534 1 3
 1.642824  0.410853 1 4
 1.642824  1.221616 1 5
 1.642824  1.466548 1 6
 1.642824  1.650377 1 7
 1.642824  1.734765 1 8
 1.642824  2.997760 1 9
 1.642824  3.126805 1 10
 1.642824  3.803570 1 11
 1.642824  4.806372 1 12
 1.642824  5.178071 1 13
 1.642824  5.304022 1 14
 1.642824  5.784980 1 15
 1.642824  6.195196 1 16
 1.642824  6.362487 1 17
 1.642824  7.058684 1 18
 1.691036 -0.557232 1 1
 1.691036  0.022054 1 2
 1.691036  0.096131 1 3
 1.691036  0.437021 1 4
 1.691036  1.246758 1 5
 1.691036  1.423604 1 6
 1.691036  1.600936 1 7
 1.691036  1.727162 1 8
 1.691036  2.920775 1 9
 1.691036  3.300309 1 10
 1.691036  3.744737 1 11
 1.691036  4.767892 1 12
 1.691036  5.197954 1 13
 1.691036  5.331885 1 14
 1.691036  5.901538 1 15
 1.691036  6.160432 1 16
 1.691036  6.331506 1 17
 1.691036  7.099821 1 18
 1.739248 -0.599884 1 1
 1.739248  0.061814 1 2
 1.739248  0.133718 1 3
 1.739248  0.463286 1 4
 1.739248  1.269154 1 5
 1.739248  1.381453 1 6
 1.739248  1.551014 1 7
 1.739248  1.719595 1 8
 1.739248  2.854605 1 9
 1.739248  3.485529 1 10
 1.739248  3.644809 1 11
 1.739248  4.796048 1 12
 1.739248  5.218561 1 13
 1.739248  5.360583 1 14
 1.739248  5.958987 1 15
 1.739248  6.154083 1 16
 1.739248  6.297466 1 17
 1.739248  7.123324 1 18
 1.787460 -0.640213 1 1
 1.787460  0.103697 1 2
 1.787460  0.173550 1 3
 1.787460  0.489136 1 4
 1.787460  1.286442 1 5
 1.787460  1.340383 1 6
 1.787460  1.501861 1 7
 1.787460  1.710856 1 8
 1.787460  2.796154 1 9
 1.787460  3.508043 1 10
 1.787460  3.676219 1 11
 1.787460  4.852505 1 12
 1.787460  5.230217 1 13
 1.787460  5.397503 1 14
 1.787460  5.938982 1 15
 1.787460  6.201179 1 16
 1.787460  6.264767 1 17
 1.787460  7.131258 1 18
 1.835672 -0.677894 1 1
 1.835672  0.147536 1 2
 1.835672  0.215154 1 3
 1.835672  0.514010 1 4
 1.835672  1.297344 1 5
 1.835672  1.301216 1 6
 1.835672  1.453792 1 7
 1.835672  1.701668 1 8
 1.835672  2.737157 1 9
 1.835672  3.342795 1 10
 1.835672  3.865782 1 11
 1.835672  4.895057 1 12
 1.835672  5.222647 1 13
 1.835672  5.444100 1 14
 1.835672  5.902498 1 15
 1.835672  6.201273 1 16
 1.835672  6.298663 1 17
 1.835672  7.128984 1 18
 1.883883 -0.712761 1 1
 1.883883  0.193315 1 2
 1.883883  0.258398 1 3
 1.883883  0.537554 1 4
 1.883883  1.264439 1 5
 1.883883  1.302362 1 6
 1.883883  1.407426 1 7
 1.883883  1.694749 1 8
 1.883883  2.675425 1 9
 1.883883  3.168872 1 10
 1.883883  4.045967 1 11
 1.883883  4.894905 1 12
 1.883883  5.194639 1 13
 1.883883  5.499494 1 14
 1.883883  5.882213 1 15
 1.883883  6.178265 1 16
 1.883883  6.368482 1 17
 1.883883  7.121310 1 18
 1.932095 -0.744768 1 1
 1.932095  0.241128 1 2
 1.932095  0.303280 1 3
 1.932095  0.559686 1 4
 1.932095  1.231246 1 5
 1.932095  1.301520 1 6
 1.932095  1.363564 1 7
 1.932095  1.693347 1 8
 1.932095  2.622716 1 9
 1.932095  3.018898 1 10
 1.932095  4.208649 1 11
 1.932095  4.847738 1 12
 1.932095  5.156461 1 13
 1.932095  5.564259 1 14
 1.932095  5.882764 1 15
 1.932095  6.173447 1 16
 1.932095  6.441927 1 17
 1.932095  7.109948 1 18
 1.980307 -0.773924 1 1
 1.980307  0.290980 1 2
 1.980307  0.349564 1 3
 1.980307  0.580366 1 4
 1.980307  1.201821 1 5
 1.980307  1.294871 1 6
 1.980307  1.322472 1 7
 1.980307  1.698172 1 8
 1.980307  2.605462 1 9
 1.980307  2.929472 1 10
 1.980307  4.347825 1 11
 1.980307  4.777111 1 12
 1.980307  5.121706 1 13
 1.980307  5.637195 1 14
 1.980307  5.898527 1 15
 1.980307  6.188271 1 16
 1.980307  6.520684 1 17
 1.980307  7.094675 1 18
 2.028519 -0.800216 1 1
 2.028519  0.342559 1 2
 2.028519  0.396598 1 3
 2.028519  0.599368 1 4
 2.028519  1.176010 1 5
 2.028519  1.281540 1 6
 2.028519  1.283845 1 7
 2.028519  1.704986 1 8
 2.028519  2.653102 1 9
 2.028519  2.927586 1 10
 2.028519  4.461673 1 11
 2.028519  4.721469 1 12
 2.028519  5.097857 1 13
 2.028519  5.713169 1 14
 2.028519  5.922151 1 15
 2.028519  6.213809 1 16
 2.028519  6.604427 1 17
 2.028519  7.076488 1 18
 2.076731 -0.823573 1 1
 2.076731  0.395119 1 2
 2.076731  0.443459 1 3
 2.076731  0.616271 1 4
 2.076731  1.153348 1 5
 2.076731  1.246754 1 6
 2.076731  1.261398 1 7
 2.076731  1.707750 1 8
 2.076731  2.777883 1 9
 2.076731  3.014957 1 10
 2.076731  4.554214 1 11
 2.076731  4.709994 1 12
 2.076731  5.083770 1 13
 2.076731  5.788222 1 14
 2.076731  5.948379 1 15
 2.076731  6.235673 1 16
 2.076731  6.688217 1 17
 2.076731  7.058505 1 18
 2.124943 -0.843896 1 1
 2.124943  0.447563 1 2
 2.124943  0.489189 1 3
 2.124943  0.630662 1 4
 2.124943  1.133401 1 5
 2.124943  1.211433 1 6
 2.124943  1.234637 1 7
 2.124943  1.704676 1 8
 2.124943  2.961394 1 9
 2.124943  3.160374 1 10
 2.124943  4.634387 1 11
 2.124943  4.745808 1 12
 2.124943  5.072637 1 13
 2.124943  5.861392 1 14
 2.124943  5.975484 1 15
 2.124943  6.242783 1 16
 2.124943  6.765064 1 17
 2.124943  7.043357 1 18
 2.173154 -0.861124 1 1
 2.173154  0.498697 1 2
 2.173154  0.532909 1 3
 2.173154  0.642328 1 4
 2.173154  1.116031 1 5
 2.173154  1.177899 1 6
 2.173154  1.203176 1 7
 2.173154  1.697926 1 8
 2.173154  3.159952 1 9
 2.173154  3.312474 1 10
 2.173154  4.711702 1 11
 2.173154  4.808190 1 12
 2.173154  5.056016 1 13
 2.173154  5.929927 1 14
 2.173154  6.006932 1 15
 2.173154  6.235180 1 16
 2.173154  6.828580 1 17
 2.173154  7.029715 1 18
 2.221366 -0.875224 1 1
 2.221366  0.547292 1 2
 2.221366  0.573620 1 3
 2.221366  0.651332 1 4
 2.221366  1.101453 1 5
 2.221366  1.146763 1 6
 2.221366  1.169343 1 7
 2.221366  1.689917 1 8
 2.221366  3.324423 1 9
 2.221366  3.424100 1 10
 2.221366  4.791248 1 11
 2.221366  4.868402 1 12
 2.221366  5.030021 1 13
 2.221366  5.988940 1 14
 2.221366  6.048506 1 15
 2.221366  6.221130 1 16
 2.221366  6.874330 1 17
 2.221366  7.012563 1 18
 2.269578 -0.886201 1 1
 2.269578  0.591855 1 2
 2.269578  0.609883 1 3
 2.269578  0.657961 1 4
 2.269578  1.090005 1 5
 2.269578  1.119041 1 6
 2.269578  1.135726 1 7
 2.269578  1.682130 1 8
 2.269578  3.421648 1 9
 2.269578  3.472580 1 10
 2.269578  4.867273 1 11
 2.269578  4.903502 1 12
 2.269578  5.007522 1 13
 2.269578  6.038415 1 14
 2.269578  6.100112 1 15
 2.269578  6.207995 1 16
 2.269578  6.901199 1 17
 2.269578  6.987613 1 18
 2.317790 -0.894055 1 1
 2.317790  0.629735 1 2
 2.317790  0.639416 1 3
 2.317790  0.662542 1 4
 2.317790  1.081906 1 5
 2.317790  1.096366 1 6
 2.317790  1.105633 1 7
 2.317790  1.675580 1 8
 2.317790  3.448793 1 9
 2.317790  3.466878 1 10
 2.317790  4.876549 1 11
 2.317790  4.953071 1 12
 2.317790  5.011141 1 13
 2.317790  6.077439 1 14
 2.317790  6.154259 1 15
 2.317790  6.202221 1 16
 2.317790  6.912283 1 17
 2.317790  6.955826 1 18
 2.366002 -0.898777 1 1
 2.366002  0.656371 1 2
 2.366002  0.659164 1 3
 2.366002  0.665270 1 4
 2.366002  1.077140 1 5
 2.366002  1.081066 1 6
 2.366002  1.083775 1 7
 2.366002  1.671169 1 8
 2.366002  3.435970 1 9
 2.366002  3.439455 1 10
 2.366002  4.851763 1 11
 2.366002  4.996123 1 12
 2.366002  5.031372 1 13
 2.366002  6.097441 1 14
 2.366002  6.196575 1 15
 2.366002  6.210700 1 16
 2.366002  6.914131 1 17
 2.366002  6.926195 1 18
 2.414214 -0.900354 1 1
 2.414214  0.666172 1 2
 2.414214  0.666173 1 3
 2.414214  0.666192 1 4
 2.414214  1.075579 1 5
 2.414214  1.075590 1 6
 2.414214  1.075592 1 7
 2.414214  1.669606 1 8
 2.414214  3.425237 1 9
 2.414214  3.425306 1 10
 2.414214  4.840525 1 11
 2.414214  5.007091 1 12
 2.414214  5.044899 1 13
 2.414214  6.101525 1 14
 2.414214  6.211015 1 15
 2.414214  6.220448 1 16
 2.414214  6.913624 1 17
 2.414214  6.913638 1 18
 2.414214 -0.900354 1 1
 2.414214  0.666172 1 2
 2.414214  0.666173 1 3
 2.414214  0.666192 1 4
 2.414214  1.075579 1 5
 2.414214  1.075590 1 6
 2.414214  1.075592 1 7
 2.414214  1.669606 1 8
 2.414214  3.425237 1 9
 2.414214  3.425306 1 10
 2.414214  4.840525 1 11
 2.414214  5.007091 1 12
 2.414214  5.044899 1 13
 2.414214  6.101525 1 14
 2.414214  6.211015 1 15
 2.414214  6.220448 1 16
 2.414214  6.913624 1 17
 2.414214  6.913638 1 18
 2.462326 -0.898777 1 1
 2.462326  0.654463 1 2
 2.462326  0.663252 1 3
 2.462326  0.663337 1 4
 2.462326  1.079168 1 5
 2.462326  1.079391 1 6
 2.462326  1.083119 1 7
 2.462326  1.671106 1 8
 2.462326  3.436903 1 9
 2.462326  3.437703 1 10
 2.462326  4.846901 1 11
 2.462326  4.995492 1 12
 2.462326  5.037123 1 13
 2.462326  6.088650 1 14
 2.462326  6.202127 1 15
 2.462326  6.216159 1 16
 2.462326  6.916534 1 17
 2.462326  6.922846 1 18
 2.510439 -0.894053 1 1
 2.510439  0.622381 1 2
 2.510439  0.655016 1 3
 2.510439  0.655167 1 4
 2.510439  1.089737 1 5
 2.510439  1.090230 1 6
 2.510439  1.102886 1 7
 2.510439  1.675567 1 8
 2.510439  3.459190 1 9
 2.510439  3.461793 1 10
 2.510439  4.859954 1 11
 2.510439  4.961228 1 12
 2.510439  5.020496 1 13
 2.510439  6.064379 1 14
 2.510439  6.171613 1 15
 2.510439  6.202434 1 16
 2.510439  6.923418 1 17
 2.510439  6.940442 1 18
 2.558551 -0.886206 1 1
 2.558551  0.576137 1 2
 2.558551  0.642568 1 3
 2.558551  0.642719 1 4
 2.558551  1.106228 1 5
 2.558551  1.106820 1 6
 2.558551  1.129383 1 7
 2.558551  1.682695 1 8
 2.558551  3.461145 1 9
 2.558551  3.465212 1 10
 2.558551  4.830529 1 11
 2.558551  4.941320 1 12
 2.558551  5.011068 1 13
 2.558551  6.036312 1 14
 2.558551  6.133068 1 15
 2.558551  6.178995 1 16
 2.558551  6.929528 1 17
 2.558551  6.950937 1 18
 2.606664 -0.875261 1 1
 2.606664  0.520776 1 2
 2.606664  0.627099 1 3
 2.606664  0.627165 1 4
 2.606664  1.127154 1 5
 2.606664  1.127450 1 6
 2.606664  1.158182 1 7
 2.606664  1.692258 1 8
 2.606664  3.414379 1 9
 2.606664  3.419134 1 10
 2.606664  4.718893 1 11
 2.606664  4.969698 1 12
 2.606664  5.019610 1 13
 2.606664  6.010753 1 14
 2.606664  6.098685 1 15
 2.606664  6.143063 1 16
 2.606664  6.931091 1 17
 2.606664  6.947356 1 18
 2.654776 -0.861254 1 1
 2.654776  0.459354 1 2
 2.654776  0.609618 1 3
 2.654776  0.609692 1 4
 2.654776  1.150340 1 5
 2.654776  1.150728 1 6
 2.654776  1.186539 1 7
 2.654776  1.704380 1 8
 2.654776  3.309872 1 9
 2.654776  3.316997 1 10
 2.654776  4.579872 1 11
 2.654776  5.003564 1 12
 2.654776  5.039872 1 13
 2.654776  5.989833 1 14
 2.654776  6.070928 1 15
 2.654776  6.096721 1 16
 2.654776  6.927741 1 17
 2.654776  6.935446 1 18
 2.702889 -0.844190 1 1
 2.702889  0.393725 1 2
 2.702889  0.591127 1 3
 2.702889  0.591328 1 4
 2.702889  1.173986 1 5
 2.702889  1.175147 1 6
 2.702889  1.212758 1 7
 2.702889  1.719448 1 8
 2.702889  3.162126 1 9
 2.702889  3.174308 1 10
 2.702889  4.459960 1 11
 2.702889  5.024708 1 12
 2.702889  5.053499 1 13
 2.702889  5.970071 1 14
 2.702889  6.042356 1 15
 2.702889  6.050994 1 16
 2.702889  6.922973 1 17
 2.702889  6.929011 1 18
 2.751001 -0.824048 1 1
 2.751001  0.325422 1 2
 2.751001  0.572671 1 3
 2.751001  0.572906 1 4
 2.751001  1.197306 1 5
 2.751001  1.198850 1 6
 2.751001  1.235855 1 7
 2.751001  1.737537 1 8
 2.751001  3.001726 1 9
 2.751001  3.021289 1 10
 2.751001  4.393983 1 11
 2.751001  5.020750 1 12
 2.751001  5.044287 1 13
 2.751001  5.943137 1 14
 2.751001  6.006159 1 15
 2.751001  6.019245 1 16
 2.751001  6.926106 1 17
 2.751001  6.936737 1 18
 2.799114 -0.800779 1 1
 2.799114  0.255833 1 2
 2.799114  0.554994 1 3
 2.799114  0.555146 1 4
 2.799114  1.219526 1 5
 2.799114  1.220678 1 6
 2.799114  1.255654 1 7
 2.799114  1.758050 1 8
 2.799114  2.865203 1 9
 2.799114  2.893746 1 10
 2.799114  4.387918 1 11
 2.799114  4.981691 1 12
 2.799114  5.002340 1 13
 2.799114  5.906064 1 14
 2.799114  5.977878 1 15
 2.799114  5.990570 1 16
 2.799114  6.937885 1 17
 2.799114  6.963151 1 18
 2.847226 -0.774407 1 1
 2.847226  0.186194 1 2
 2.847226  0.538535 1 3
 2.847226  0.538535 1 4
 2.847226  1.239751 1 5
 2.847226  1.239780 1 6
 2.847226  1.272581 1 7
 2.847226  1.779922 1 8
 2.847226  2.784334 1 9
 2.847226  2.822330 1 10
 2.847226  4.412914 1 11
 2.847226  4.904760 1 12
 2.847226  4.924482 1 13
 2.847226  5.864253 1 14
 2.847226  5.945467 1 15
 2.847226  5.978726 1 16
 2.847226  6.953991 1 17
 2.847226  6.998231 1 18
 2.895339 -0.745050 1 1
 2.895339  0.117290 1 2
 2.895339  0.523282 1 3
 2.895339  0.523422 1 4
 2.895339  1.255582 1 5
 2.895339  1.256844 1 6
 2.895339  1.287142 1 7
 2.895339  1.802223 1 8
 2.895339  2.775437 1 9
 2.895339  2.822467 1 10
 2.895339  4.421825 1 11
 2.895339  4.796052 1 12
 2.895339  4.817027 1 13
 2.895339  5.815686 1 14
 2.895339  5.923945 1 15
 2.895339  5.979503 1 16
 2.895339  6.964712 1 17
 2.895339  7.023574 1 18
 2.943451 -0.712929 1 1
 2.943451  0.049501 1 2
 2.943451  0.509420 1 3
 2.943451  0.509625 1 4
 2.943451  1.267777 1 5
 2.943451  1.269726 1 6
 2.943451  1.299461 1 7
 2.943451  1.824632 1 8
 2.943451  2.834592 1 9
 2.943451  2.889419 1 10
 2.943451  4.380545 1 11
 2.943451  4.667906 1 12
 2.943451  4.693055 1 13
 2.943451  5.753780 1 14
 2.943451  5.924909 1 15
 2.943451  5.995979 1 16
 2.943451  6.958051 1 17
 2.943451  7.023286 1 18
 2.991564 -0.678317 1 1
 2.991564 -0.016913 1 2
 2.991564  0.496982 1 3
 2.991564  0.497153 1 4
 2.991564  1.276337 1 5
 2.991564  1.277974 1 6
 2.991564  1.309346 1 7
 2.991564  1.847481 1 8
 2.991564  2.940567 1 9
 2.991564  3.000931 1 10
 2.991564  4.290749 1 11
 2.991564  4.532737 1 12
 2.991564  4.563316 1 13
 2.991564  5.677920 1 14
 2.991564  5.953922 1 15
 2.991564  6.034285 1 16
 2.991564  6.926203 1 17
 2.991564  6.991739 1 18
 3.039676 -0.641432 1 1
 3.039676 -0.081591 1 2
 3.039676  0.486110 1 3
 3.039676  0.486174 1 4
 3.039676  1.281670 1 5
 3.039676  1.282250 1 6
 3.039676  1.316767 1 7
 3.039676  1.871219 1 8
 3.039676  3.065116 1 9
 3.039676  3.128014 1 10
 3.039676  4.183258 1 11
 3.039676  4.396483 1 12
 3.039676  4.432515 1 13
 3.039676  5.600991 1 14
 3.039676  6.009180 1 15
 3.039676  6.097696 1 16
 3.039676  6.871051 1 17
 3.039676  6.936418 1 18
 3.087789 -0.602542 1 1
 3.087789 -0.143755 1 2
 3.087789  0.477012 1 3
 3.087789  0.477071 1 4
 3.087789  1.284134 1 5
 3.087789  1.284692 1 6
 3.087789  1.322181 1 7
 3.087789  1.895488 1 8
 3.087789  3.185443 1 9
 3.087789  3.248240 1 10
 3.087789  4.094336 1 11
 3.087789  4.258484 1 12
 3.087789  4.301904 1 13
 3.087789  5.544223 1 14
 3.087789  6.079906 1 15
 3.087789  6.180084 1 16
 3.087789  6.804998 1 17
 3.087789  6.874991 1 18
 3.135901 -0.562199 1 1
 3.135901 -0.202242 1 2
 3.135901  0.469952 1 3
 3.135901  0.470096 1 4
 3.135901  1.285363 1 5
 3.135901  1.286532 1 6
 3.135901  1.326364 1 7
 3.135901  1.918727 1 8
 3.135901  3.291893 1 9
 3.135901  3.353589 1 10
 3.135901  4.041285 1 11
 3.135901  4.117348 1 12
 3.135901  4.175902 1 13
 3.135901  5.522037 1 14
 3.135901  6.148583 1 15
 3.135901  6.264621 1 16
 3.135901  6.745428 1 17
 3.135901  6.826823 1 18
 3.184014 -0.522083 1 1
 3.184014 -0.255031 1 2
 3.184014  0.465094 1 3
 3.184014  0.465250 1 4
 3.184014  1.286866 1 5
 3.184014  1.287937 1 6
 3.184014  1.329801 1 7
 3.184014  1.938411 1 8
 3.184014  3.385464 1 9
 3.184014  3.447390 1 10
 3.184014  3.976891 1 11
 3.184014  3.981520 1 12
 3.184014  4.099610 1 13
 3.184014  5.530966 1 14
 3.184014  6.198715 1 15
 3.184014  6.331742 1 16
 3.184014  6.706220 1 17
 3.184014  6.802360 1 18
 3.232126 -0.487269 1 1
 3.232126 -0.297179 1 2
 3.232126  0.462321 1 3
 3.232126  0.462419 1 4
 3.232126  1.288417 1 5
 3.232126  1.288968 1 6
 3.232126  1.332289 1 7
 3.232126  1.951735 1 8
 3.232126  3.465996 1 9
 3.232126  3.531928 1 10
 3.232126  3.858289 1 11
 3.232126  3.875939 1 12
 3.232126  4.100299 1 13
 3.232126  5.551485 1 14
 3.232126  6.224569 1 15
 3.232126  6.370013 1 16
 3.232126  6.690219 1 17
 3.232126  6.797223 1 18
 3.280239 -0.471459 1 1
 3.280239 -0.315344 1 2
 3.280239  0.461443 1 3
 3.280239  0.461443 1 4
 3.280239  1.289215 1 5
 3.280239  1.289243 1 6
 3.280239  1.333222 1 7
 3.280239  1.956428 1 8
 3.280239  3.505947 1 9
 3.280239  3.576805 1 10
 3.280239  3.802929 1 11
 3.280239  3.819022 1 12
 3.280239  4.107580 1 13
 3.280239  5.561303 1 14
 3.280239  6.231334 1 15
 3.280239  6.380559 1 16
 3.280239  6.688571 1 17
 3.280239  6.798159 1 18
 3.280239 -0.471459 1 1
 3.280239 -0.315344 1 2
 3.280239  0.461443 1 3
 3.280239  0.461443 1 4
 3.280239  1.289215 1 5
 3.280239  1.289243 1 6
 3.280239  1.333222 1 7
 3.280239  1.956428 1 8
 3.280239  3.505947 1 9
 3.280239  3.576805 1 10
 3.280239  3.802929 1 11
 3.280239  3.819022 1 12
 3.280239  4.107580 1 13
 3.280239  5.561303 1 14
 3.280239  6.231334 1 15
 3.280239  6.380559 1 16
 3.280239  6.688571 1 17
 3.280239  6.798159 1 18
 3.330747 -0.469859 1 1
 3.330747 -0.313656 1 2
 3.330747  0.453802 1 3
 3.330747  0.458479 1 4
 3.330747  1.288020 1 5
 3.330747  1.294264 1 6
 3.330747  1.338155 1 7
 3.330747  1.952300 1 8
 3.330747  3.497718 1 9
 3.330747  3.572163 1 10
 3.330747  3.765205 1 11
 3.330747  3.819458 1 12
 3.330747  4.158302 1 13
 3.330747  5.551207 1 14
 3.330747  6.210445 1 15
 3.330747  6.351193 1 16
 3.330747  6.699490 1 17
 3.330747  6.795022 1 18
 3.381254 -0.465107 1 1
 3.381254 -0.308640 1 2
 3.381254  0.431826 1 3
 3.381254  0.449583 1 4
 3.381254  1.284709 1 5
 3.381254  1.304957 1 6
 3.381254  1.357463 1 7
 3.381254  1.940220 1 8
 3.381254  3.467135 1 9
 3.381254  3.541639 1 10
 3.381254  3.705876 1 11
 3.381254  3.835390 1 12
 3.381254  4.272174 1 13
 3.381254  5.527488 1 14
 3.381254  6.159455 1 15
 3.381254  6.278108 1 16
 3.381254  6.726951 1 17
 3.381254  6.787355 1 18
 3.431762 -0.457318 1 1
 3.431762 -0.300388 1 2
 3.431762  0.398092 1 3
 3.431762  0.434796 1 4
 3.431762  1.280276 1 5
 3.431762  1.314977 1 6
 3.431762  1.397023 1 7
 3.431762  1.921230 1 8
 3.431762  3.414273 1 9
 3.431762  3.452934 1 10
 3.431762  3.688369 1 11
 3.431762  3.889330 1 12
 3.431762  4.411344 1 13
 3.431762  5.507804 1 14
 3.431762  6.098207 1 15
 3.431762  6.190390 1 16
 3.431762  6.751457 1 17
 3.431762  6.793798 1 18
 3.482269 -0.446613 1 1
 3.482269 -0.289052 1 2
 3.482269  0.355890 1 3
 3.482269  0.414232 1 4
 3.482269  1.275874 1 5
 3.482269  1.325146 1 6
 3.482269  1.453454 1 7
 3.482269  1.896954 1 8
 3.482269  3.322864 1 9
 3.482269  3.360557 1 10
 3.482269  3.700484 1 11
 3.482269  3.981363 1 12
 3.482269  4.557999 1 13
 3.482269  5.513040 1 14
 3.482269  6.031044 1 15
 3.482269  6.106150 1 16
 3.482269  6.752393 1 17
 3.482269  6.842999 1 18
 3.532777 -0.433085 1 1
 3.532777 -0.274904 1 2
 3.532777  0.308350 1 3
 3.532777  0.388211 1 4
 3.532777  1.272840 1 5
 3.532777  1.337391 1 6
 3.532777  1.518900 1 7
 3.532777  1.869347 1 8
 3.532777  3.185258 1 9
 3.532777  3.315588 1 10
 3.532777  3.720536 1 11
 3.532777  4.092406 1 12
 3.532777  4.700139 1 13
 3.532777  5.550051 1 14
 3.532777  5.947033 1 15
 3.532777  6.031845 1 16
 3.532777  6.754815 1 17
 3.532777  6.905176 1 18
 3.583285 -0.416756 1 1
 3.583285 -0.258283 1 2
 3.583285  0.257920 1 3
 3.583285  0.357257 1 4
 3.583285  1.273010 1 5
 3.583285  1.351863 1 6
 3.583285  1.584374 1 7
 3.583285  1.840086 1 8
 3.583285  3.050182 1 9
 3.583285  3.288656 1 10
 3.583285  3.738710 1 11
 3.583285  4.197822 1 12
 3.583285  4.830029 1 13
 3.583285  5.575499 1 14
 3.583285  5.872615 1 15
 3.583285  5.956303 1 16
 3.583285  6.753495 1 17
 3.583285  6.961053 1 18
 3.633792 -0.397639 1 1
 3.633792 -0.239555 1 2
 3.633792  0.206596 1 3
 3.633792  0.322169 1 4
 3.633792  1.278512 1 5
 3.633792  1.367522 1 6
 3.633792  1.640600 1 7
 3.633792  1.809962 1 8
 3.633792  2.932652 1 9
 3.633792  3.272529 1 10
 3.633792  3.750794 1 11
 3.633792  4.276359 1 12
 3.633792  4.943807 1 13
 3.633792  5.477981 1 14
 3.633792  5.857015 1 15
 3.633792  5.910836 1 16
 3.633792  6.736129 1 17
 3.633792  6.998138 1 18
 3.684300 -0.375741 1 1
 3.684300 -0.219106 1 2
 3.684300  0.156194 1 3
 3.684300  0.283961 1 4
 3.684300  1.290852 1 5
 3.684300  1.383196 1 6
 3.684300  1.678990 1 7
 3.684300  1.778911 1 8
 3.684300  2.848395 1 9
 3.684300  3.257573 1 10
 3.684300  3.757174 1 11
 3.684300  4.316676 1 12
 3.684300  5.041000 1 13
 3.684300  5.291364 1 14
 3.684300  5.756325 1 15
 3.684300  6.003267 1 16
 3.684300  6.701550 1 17
 3.684300  7.014772 1 18
 3.734808 -0.351067 1 1
 3.734808 -0.197654 1 2
 3.734808  0.108804 1 3
 3.734808  0.243793 1 4
 3.734808  1.310309 1 5
 3.734808  1.398559 1 6
 3.734808  1.692902 1 7
 3.734808  1.746727 1 8
 3.734808  2.811843 1 9
 3.734808  3.237433 1 10
 3.734808  3.763035 1 11
 3.734808  4.319592 1 12
 3.734808  5.100391 1 13
 3.734808  5.127155 1 14
 3.734808  5.663593 1 15
 3.734808  6.089018 1 16
 3.734808  6.663011 1 17
 3.734808  7.020623 1 18
 3.785315 -0.323693 1 1
 3.785315 -0.177065 1 2
 3.785315  0.067338 1 3
 3.785315  0.202832 1 4
 3.785315  1.335986 1 5
 3.785315  1.414375 1 6
 3.785315  1.680976 1 7
 3.785315  1.713162 1 8
 3.785315  2.828758 1 9
 3.785315  3.210603 1 10
 3.785315  3.777884 1 11
 3.785315  4.295183 1 12
 3.785315  4.975680 1 13
 3.785315  5.184428 1 14
 3.785315  5.613093 1 15
 3.785315  6.130891 1 16
 3.785315  6.646871 1 17
 3.785315  7.028638 1 18
 3.835823 -0.293892 1 1
 3.835823 -0.161752 1 2
 3.835823  0.036404 1 3
 3.835823  0.162030 1 4
 3.835823  1.365976 1 5
 3.835823  1.431536 1 6
 3.835823  1.649661 1 7
 3.835823  1.677643 1 8
 3.835823  2.889077 1 9
 3.835823  3.179278 1 10
 3.835823  3.812841 1 11
 3.835823  4.255667 1 12
 3.835823  4.924836 1 13
 3.835823  5.221667 1 14
 3.835823  5.621822 1 15
 3.835823  6.113845 1 16
 3.835823  6.680850 1 17
 3.835823  7.044834 1 18
 3.886330 -0.262369 1 1
 3.886330 -0.159089 1 2
 3.886330  0.022767 1 3
 3.886330  0.122335 1 4
 3.886330  1.397519 1 5
 3.886330  1.448878 1 6
 3.886330  1.611280 1 7
 3.886330  1.640319 1 8
 3.886330  2.968819 1 9
 3.886330  3.146863 1 10
 3.886330  3.875415 1 11
 3.886330  4.204576 1 12
 3.886330  4.940280 1 13
 3.886330  5.231497 1 14
 3.886330  5.680523 1 15
 3.886330  6.048261 1 16
 3.886330  6.765130 1 17
 3.886330  7.061342 1 18
 3.936838 -0.230238 1 1
 3.936838 -0.173248 1 2
 3.936838  0.029852 1 3
 3.936838  0.085054 1 4
 3.936838  1.427431 1 5
 3.936838  1.459374 1 6
 3.936838  1.582374 1 7
 3.936838  1.604554 1 8
 3.936838  3.042264 1 9
 3.936838  3.114002 1 10
 3.936838  3.963669 1 11
 3.936838  4.133794 1 12
 3.936838  4.999243 1 13
 3.936838  5.208415 1 14
 3.936838  5.768765 1 15
 3.936838  5.956770 1 16
 3.936838  6.867241 1 17
 3.936838  7.056494 1 18
 3.987346 -0.199385 1 1
 3.987346 -0.199385 1 2
 3.987346  0.052655 1 3
 3.987346  0.052655 1 4
 3.987346  1.450378 1 5
 3.987346  1.450407 1 6
 3.987346  1.579982 1 7
 3.987346  1.580894 1 8
 3.987346  3.076340 1 9
 3.987346  3.096039 1 10
 3.987346  4.040559 1 11
 3.987346  4.064145 1 12
 3.987346  5.077096 1 13
 3.987346  5.149404 1 14
 3.987346  5.856158 1 15
 3.987346  5.871159 1 16
 3.987346  6.945865 1 17
 3.987346  7.006407 1 18
 3.987346 -0.199385 1 1
 3.987346 -0.199385 1 2
 3.987346  0.052655 1 3
 3.987346  0.052655 1 4
 3.987346  1.450378 1 5
 3.987346  1.450407 1 6
 3.987346  1.579982 1 7
 3.987346  1.580894 1 8
 3.987346  3.076340 1 9
 3.987346  3.096039 1 10
 3.987346  4.040559 1 11
 3.987346  4.064145 1 12
 3.987346  5.077096 1 13
 3.987346  5.149404 1 14
 3.987346  5.856158 1 15
 3.987346  5.871159 1 16
 3.987346  6.945865 1 17
 3.987346  7.006407 1 18
 4.037346 -0.201921 1 1
 4.037346 -0.201532 1 2
 4.037346  0.056449 1 3
 4.037346  0.056972 1 4
 4.037346  1.408860 1 5
 4.037346  1.410947 1 6
 4.037346  1.619344 1 7
 4.037346  1.620685 1 8
 4.037346  3.083357 1 9
 4.037346  3.104165 1 10
 4.037346  4.047704 1 11
 4.037346  4.065613 1 12
 4.037346  5.034401 1 13
 4.037346  5.100812 1 14
 4.037346  5.881746 1 15
 4.037346  5.937054 1 16
 4.037346  6.941107 1 17
 4.037346  6.998879 1 18
 4.087346 -0.208201 1 1
 4.087346 -0.207565 1 2
 4.087346  0.067967 1 3
 4.087346  0.068723 1 4
 4.087346  1.341071 1 5
 4.087346  1.344379 1 6
 4.087346  1.684448 1 7
 4.087346  1.687310 1 8
 4.087346  3.107260 1 9
 4.087346  3.128613 1 10
 4.087346  4.062617 1 11
 4.087346  4.073390 1 12
 4.087346  4.960793 1 13
 4.087346  5.007924 1 14
 4.087346  5.967148 1 15
 4.087346  6.036005 1 16
 4.087346  6.927091 1 17
 4.087346  6.980114 1 18
 4.137346 -0.216589 1 1
 4.137346 -0.216006 1 2
 4.137346  0.085188 1 3
 4.137346  0.085938 1 4
 4.137346  1.278205 1 5
 4.137346  1.280730 1 6
 4.137346  1.745062 1 7
 4.137346  1.751653 1 8
 4.137346  3.147523 1 9
 4.137346  3.171174 1 10
 4.137346  4.077337 1 11
 4.137346  4.086027 1 12
 4.137346  4.909594 1 13
 4.137346  4.948386 1 14
 4.137346  6.054292 1 15
 4.137346  6.122512 1 16
 4.137346  6.909871 1 17
 4.137346  6.963637 1 18
 4.187346 -0.225718 1 1
 4.187346 -0.225417 1 2
 4.187346  0.106066 1 3
 4.187346  0.106513 1 4
 4.187346  1.223710 1 5
 4.187346  1.224961 1 6
 4.187346  1.795687 1 7
 4.187346  1.808951 1 8
 4.187346  3.204415 1 9
 4.187346  3.232162 1 10
 4.187346  4.084632 1 11
 4.187346  4.102270 1 12
 4.187346  4.887426 1 13
 4.187346  4.936077 1 14
 4.187346  6.127577 1 15
 4.187346  6.201239 1 16
 4.187346  6.890531 1 17
 4.187346  6.956269 1 18
 4.237346 -0.234779 1 1
 4.237346 -0.234778 1 2
 4.237346  0.128777 1 3
 4.237346  0.128778 1 4
 4.237346  1.175317 1 5
 4.237346  1.175319 1 6
 4.237346  1.835912 1 7
 4.237346  1.857885 1 8
 4.237346  3.278579 1 9
 4.237346  3.308390 1 10
 4.237346  4.085722 1 11
 4.237346  4.116045 1 12
 4.237346  4.873507 1 13
 4.237346  4.937540 1 14
 4.237346  6.202606 1 15
 4.237346  6.290112 1 16
 4.237346  6.861207 1 17
 4.237346  6.951282 1 18
 4.287346 -0.243413 1 1
 4.287346 -0.243181 1 2
 4.287346  0.151228 1 3
 4.287346  0.151500 1 4
 4.287346  1.128933 1 5
 4.287346  1.130836 1 6
 4.287346  1.867213 1 7
 4.287346  1.897394 1 8
 4.287346  3.368230 1 9
 4.287346  3.393427 1 10
 4.287346  4.077803 1 11
 4.287346  4.121496 1 12
 4.287346  4.849026 1 13
 4.287346  4.916325 1 14
 4.287346  6.294720 1 15
 4.287346  6.392860 1 16
 4.287346  6.815819 1 17
 4.287346  6.934279 1 18
 4.337346 -0.250738 1 1
 4.337346 -0.250375 1 2
 4.337346  0.172044 1 3
 4.337346  0.172348 1 4
 4.337346  1.086471 1 5
 4.337346  1.089825 1 6
 4.337346  1.891437 1 7
 4.337346  1.927183 1 8
 4.337346  3.465742 1 9
 4.337346  3.480086 1 10
 4.337346  4.054970 1 11
 4.337346  4.113238 1 12
 4.337346  4.811995 1 13
 4.337346  4.866341 1 14
 4.337346  6.397298 1 15
 4.337346  6.493450 1 16
 4.337346  6.760541 1 17
 4.337346  6.897228 1 18
 4.387346 -0.256207 1 1
 4.387346 -0.255900 1 2
 4.387346  0.189081 1 3
 4.387346  0.189324 1 4
 4.387346  1.051755 1 5
 4.387346  1.054907 1 6
 4.387346  1.909625 1 7
 4.387346  1.947906 1 8
 4.387346  3.552295 1 9
 4.387346  3.565866 1 10
 4.387346  4.018689 1 11
 4.387346  4.089733 1 12
 4.387346  4.773901 1 13
 4.387346  4.808391 1 14
 4.387346  6.487380 1 15
 4.387346  6.569485 1 16
 4.387346  6.710780 1 17
 4.387346  6.847599 1 18
 4.437346 -0.259509 1 1
 4.437346 -0.259391 1 2
 4.437346  0.200318 1 3
 4.437346  0.200437 1 4
 4.437346  1.029184 1 5
 4.437346  1.030829 1 6
 4.437346  1.921411 1 7
 4.437346  1.960267 1 8
 4.437346  3.612181 1 9
 4.437346  3.637448 1 10
 4.437346  3.981704 1 11
 4.437346  4.060720 1 12
 4.437346  4.747977 1 13
 4.437346  4.764497 1 14
 4.437346  6.545007 1 15
 4.437346  6.609654 1 16
 4.437346  6.680631 1 17
 4.437346  6.805274 1 18
 4.487346 -0.260594 1 1
 4.487346 -0.260593 1 2
 4.487346  0.204271 1 3
 4.487346  0.204273 1 4
 4.487346  1.021817 1 5
 4.487346  1.021821 1 6
 4.487346  1.925561 1 7
 4.487346  1.964460 1 8
 4.487346  3.635474 1 9
 4.487346  3.666274 1 10
 4.487346  3.964849 1 11
 4.487346  4.046453 1 12
 4.487346  4.741486 1 13
 4.487346  4.745888 1 14
 4.487346  6.562952 1 15
 4.487346  6.620322 1 16
 4.487346  6.672970 1 17
 4.487346  6.789187 1 18
