 0.000000 -0.899806 1 1
 0.000000  0.666789 1 2
 0.000000  0.666789 1 3
 0.000000  0.666789 1 4
 0.000000  1.076327 1 5
 0.000000  1.076327 1 6
 0.000000  1.076327 1 7
 0.000000  1.668119 1 8
 0.047619 -0.898269 1 1
 0.047619  0.659673 1 2
 0.047619  0.659673 1 3
 0.047619  0.663382 1 4
 0.047619  1.074867 1 5
 0.047619  1.085497 1 6
 0.047619  1.085497 1 7
 0.047619  1.669167 1 8
 0.095238 -0.893655 1 1
 0.095238  0.640423 1 2
 0.095238  0.640423 1 3
 0.095238  0.652991 1 4
 0.095238  1.070803 1 5
 0.095238  1.110464 1 6
 0.095238  1.110464 1 7
 0.095238  1.672013 1 8
 0.142857 -0.885964 1 1
 0.142857  0.613348 1 2
 0.142857  0.613348 1 3
 0.142857  0.635453 1 4
 0.142857  1.064872 1 5
 0.142857  1.145798 1 6
 0.142857  1.145798 1 7
 0.142857  1.675344 1 8
 0.190476 -0.875213 1 1
 0.190476  0.582096 1 2
 0.190476  0.582096 1 3
 0.190476  0.611190 1 4
 0.190476  1.057787 1 5
 0.190476  1.186652 1 6
 0.190476  1.186652 1 7
 0.190476  1.676326 1 8
 0.238095 -0.861434 1 1
 0.238095  0.548822 1 2
 0.238095  0.548822 1 3
 0.238095  0.581237 1 4
 0.238095  1.049943 1 5
 0.238095  1.230286 1 6
 0.238095  1.230286 1 7
 0.238095  1.671100 1 8
 0.285714 -0.844659 1 1
 0.285714  0.514628 1 2
 0.285714  0.514628 1 3
 0.285714  0.546663 1 4
 0.285714  1.041435 1 5
 0.285714  1.276030 1 6
 0.285714  1.276030 1 7
 0.285714  1.656184 1 8
 0.333333 -0.824894 1 1
 0.333333  0.480110 1 2
 0.333333  0.480110 1 3
 0.333333  0.508026 1 4
 0.333333  1.032242 1 5
 0.333333  1.324542 1 6
 0.333333  1.324542 1 7
 0.333333  1.629627 1 8
 0.380952 -0.802142 1 1
 0.380952  0.445764 1 2
 0.380952  0.445764 1 3
 0.380952  0.465461 1 4
 0.380952  1.022353 1 5
 0.380952  1.376585 1 6
 0.380952  1.376585 1 7
 0.380952  1.591375 1 8
 0.428571 -0.776396 1 1
 0.428571  0.412140 1 2
 0.428571  0.412140 1 3
 0.428571  0.419065 1 4
 0.428571  1.011831 1 5
 0.428571  1.432005 1 6
 0.428571  1.432005 1 7
 0.428571  1.543092 1 8
 0.476190 -0.747660 1 1
 0.476190  0.369207 1 2
 0.476190  0.379905 1 3
 0.476190  0.379905 1 4
 0.476190  1.000981 1 5
 0.476190  1.487845 1 6
 0.476190  1.489380 1 7
 0.476190  1.489380 1 8
 0.523810 -0.715975 1 1
 0.523810  0.316522 1 2
 0.523810  0.349786 1 3
 0.523810  0.349786 1 4
 0.523810  0.990575 1 5
 0.523810  1.429503 1 6
 0.523810  1.546616 1 7
 0.523810  1.546616 1 8
 0.571429 -0.681439 1 1
 0.571429  0.261729 1 2
 0.571429  0.322399 1 3
 0.571429  0.322399 1 4
 0.571429  0.981825 1 5
 0.571429  1.371529 1 6
 0.571429  1.601954 1 7
 0.571429  1.601954 1 8
 0.619048 -0.644201 1 1
 0.619048  0.205472 1 2
 0.619048  0.298061 1 3
 0.619048  0.298061 1 4
 0.619048  0.975882 1 5
 0.619048  1.315745 1 6
 0.619048  1.654545 1 7
 0.619048  1.654545 1 8
 0.666667 -0.604402 1 1
 0.666667  0.148251 1 2
 0.666667  0.276724 1 3
 0.666667  0.276724 1 4
 0.666667  0.973148 1 5
 0.666667  1.262259 1 6
 0.666667  1.704263 1 7
 0.666667  1.704263 1 8
 0.714286 -0.562132 1 1
 0.714286  0.090395 1 2
 0.714286  0.258137 1 3
 0.714286  0.258137 1 4
 0.714286  0.973111 1 5
 0.714286  1.210866 1 6
 0.714286  1.751101 1 7
 0.714286  1.751101 1 8
 0.761905 -0.517445 1 1
 0.761905  0.032083 1 2
 0.761905  0.242116 1 3
 0.761905  0.242116 1 4
 0.761905  0.975004 1 5
 0.761905  1.162690 1 6
 0.761905  1.794667 1 7
 0.761905  1.794667 1 8
 0.809524 -0.470364 1 1
 0.809524 -0.026621 1 2
 0.809524  0.228715 1 3
 0.809524  0.228715 1 4
 0.809524  0.978720 1 5
 0.809524  1.120303 1 6
 0.809524  1.834053 1 7
 0.809524  1.834053 1 8
 0.857143 -0.420972 1 1
 0.857143 -0.085568 1 2
 0.857143  0.218176 1 3
 0.857143  0.218176 1 4
 0.857143  0.984988 1 5
 0.857143  1.086042 1 6
 0.857143  1.867822 1 7
 0.857143  1.867822 1 8
 0.904762 -0.369367 1 1
 0.904762 -0.144458 1 2
 0.904762  0.210700 1 3
 0.904762  0.210700 1 4
 0.904762  0.994590 1 5
 0.904762  1.059955 1 6
 0.904762  1.894141 1 7
 0.904762  1.894141 1 8
 0.952381 -0.315664 1 1
 0.952381 -0.202803 1 2
 0.952381  0.206299 1 3
 0.952381  0.206299 1 4
 0.952381  1.007435 1 5
 0.952381  1.039730 1 6
 0.952381  1.911025 1 7
 0.952381  1.911025 1 8
 1.000000 -0.260036 1 1
 1.000000 -0.260036 1 2
 1.000000  0.204856 1 3
 1.000000  0.204856 1 4
 1.000000  1.022635 1 5
 1.000000  1.022635 1 6
 1.000000  1.916863 1 7
 1.000000  1.916863 1 8
 1.000000 -0.260036 1 1
 1.000000 -0.260036 1 2
 1.000000  0.204856 1 3
 1.000000  0.204856 1 4
 1.000000  1.022635 1 5
 1.000000  1.022635 1 6
 1.000000  1.916863 1 7
 1.000000  1.916863 1 8
 1.058926 -0.258832 1 1
 1.058926 -0.258001 1 2
 1.058926  0.190278 1 3
 1.058926  0.206877 1 4
 1.058926  1.026559 1 5
 1.058926  1.043185 1 6
 1.058926  1.909792 1 7
 1.058926  1.914192 1 8
 1.117851 -0.255960 1 1
 1.117851 -0.251864 1 2
 1.117851  0.154808 1 3
 1.117851  0.212861 1 4
 1.117851  1.036515 1 5
 1.117851  1.092100 1 6
 1.117851  1.889911 1 7
 1.117851  1.906943 1 8
 1.176777 -0.253124 1 1
 1.176777 -0.241545 1 2
 1.176777  0.110566 1 3
 1.176777  0.222634 1 4
 1.176777  1.048712 1 5
 1.176777  1.152327 1 6
 1.176777  1.860303 1 7
 1.176777  1.896367 1 8
 1.235702 -0.252153 1 1
 1.235702 -0.226959 1 2
 1.235702  0.062439 1 3
 1.235702  0.236053 1 4
 1.235702  1.060677 1 5
 1.235702  1.226981 1 6
 1.235702  1.823947 1 7
 1.235702  1.882351 1 8
 1.294628 -0.255986 1 1
 1.294628 -0.208075 1 2
 1.294628  0.014768 1 3
 1.294628  0.253047 1 4
 1.294628  1.073027 1 5
 1.294628  1.331247 1 6
 1.294628  1.782374 1 7
 1.294628  1.863035 1 8
 1.353553 -0.271455 1 1
 1.353553 -0.184925 1 2
 1.353553 -0.020383 1 3
 1.353553  0.273533 1 4
 1.353553  1.088383 1 5
 1.353553  1.461615 1 6
 1.353553  1.735745 1 7
 1.353553  1.836630 1 8
 1.353553 -0.271455 1 1
 1.353553 -0.184925 1 2
 1.353553 -0.020383 1 3
 1.353553  0.273533 1 4
 1.353553  1.088383 1 5
 1.353553  1.461615 1 6
 1.353553  1.735745 1 7
 1.353553  1.836630 1 8
 1.401765 -0.297202 1 1
 1.401765 -0.162891 1 2
 1.401765 -0.031759 1 3
 1.401765  0.292706 1 4
 1.401765  1.104750 1 5
 1.401765  1.565643 1 6
 1.401765  1.693856 1 7
 1.401765  1.810286 1 8
 1.449977 -0.333142 1 1
 1.449977 -0.138157 1 2
 1.449977 -0.028315 1 3
 1.449977  0.313779 1 4
 1.449977  1.124837 1 5
 1.449977  1.647387 1 6
 1.449977  1.649151 1 7
 1.449977  1.782221 1 8
 1.498189 -0.375194 1 1
 1.498189 -0.110813 1 2
 1.498189 -0.014568 1 3
 1.498189  0.336428 1 4
 1.498189  1.148012 1 5
 1.498189  1.602769 1 6
 1.498189  1.697571 1 7
 1.498189  1.756079 1 8
 1.546401 -0.420266 1 1
 1.546401 -0.080960 1 2
 1.546401  0.006101 1 3
 1.546401  0.360343 1 4
 1.546401  1.173183 1 5
 1.546401  1.556132 1 6
 1.546401  1.714513 1 7
 1.546401  1.735142 1 8
 1.594613 -0.466420 1 1
 1.594613 -0.048697 1 2
 1.594613  0.032006 1 3
 1.594613  0.385281 1 4
 1.594613  1.199112 1 5
 1.594613  1.510450 1 6
 1.594613  1.700179 1 7
 1.594613  1.720786 1 8
 1.642824 -0.512269 1 1
 1.642824 -0.014090 1 2
 1.642824  0.062384 1 3
 1.642824  0.411062 1 4
 1.642824  1.224534 1 5
 1.642824  1.466353 1 6
 1.642824  1.659098 1 7
 1.642824  1.712013 1 8
 1.691036 -0.556728 1 1
 1.691036  0.022817 1 2
 1.691036  0.096724 1 3
 1.691036  0.437466 1 4
 1.691036  1.248154 1 5
 1.691036  1.423934 1 6
 1.691036  1.600048 1 7
 1.691036  1.706414 1 8
 1.739248 -0.599152 1 1
 1.739248  0.062057 1 2
 1.739248  0.134423 1 3
 1.739248  0.464184 1 4
 1.739248  1.268736 1 5
 1.739248  1.382957 1 6
 1.739248  1.536438 1 7
 1.739248  1.701758 1 8
 1.787460 -0.639248 1 1
 1.787460  0.103659 1 2
 1.787460  0.174580 1 3
 1.787460  0.490728 1 4
 1.787460  1.285125 1 5
 1.787460  1.343286 1 6
 1.787460  1.481278 1 7
 1.787460  1.697175 1 8
 1.835672 -0.676873 1 1
 1.835672  0.147608 1 2
 1.835672  0.216278 1 3
 1.835672  0.516478 1 4
 1.835672  1.296317 1 5
 1.835672  1.305108 1 6
 1.835672  1.439313 1 7
 1.835672  1.693285 1 8
 1.883883 -0.711875 1 1
 1.883883  0.193804 1 2
 1.883883  0.259107 1 3
 1.883883  0.540790 1 4
 1.883883  1.268922 1 5
 1.883883  1.301588 1 6
 1.883883  1.405611 1 7
 1.883883  1.691326 1 8
 1.932095 -0.744087 1 1
 1.932095  0.242055 1 2
 1.932095  0.303270 1 3
 1.932095  0.563137 1 4
 1.932095  1.235334 1 5
 1.932095  1.300652 1 6
 1.932095  1.371902 1 7
 1.932095  1.691909 1 8
 1.980307 -0.773384 1 1
 1.980307  0.292072 1 2
 1.980307  0.349114 1 3
 1.980307  0.583211 1 4
 1.980307  1.204822 1 5
 1.980307  1.293679 1 6
 1.980307  1.333058 1 7
 1.980307  1.694306 1 8
 2.028519 -0.799695 1 1
 2.028519  0.343441 1 2
 2.028519  0.396515 1 3
 2.028519  0.600930 1 4
 2.028519  1.177610 1 5
 2.028519  1.281049 1 6
 2.028519  1.289359 1 7
 2.028519  1.696744 1 8
 2.076731 -0.822994 1 1
 2.076731  0.395591 1 2
 2.076731  0.444498 1 3
 2.076731  0.616375 1 4
 2.076731  1.153705 1 5
 2.076731  1.245133 1 6
 2.076731  1.263052 1 7
 2.076731  1.697370 1 8
 2.124943 -0.843263 1 1
 2.124943  0.447755 1 2
 2.124943  0.491402 1 3
 2.124943  0.629681 1 4
 2.124943  1.133030 1 5
 2.124943  1.205369 1 6
 2.124943  1.239775 1 7
 2.124943  1.695164 1 8
 2.173154 -0.860479 1 1
 2.173154  0.498969 1 2
 2.173154  0.535499 1 3
 2.173154  0.640952 1 4
 2.173154  1.115538 1 5
 2.173154  1.172397 1 6
 2.173154  1.211341 1 7
 2.173154  1.690307 1 8
 2.221366 -0.874606 1 1
 2.221366  0.547919 1 2
 2.221366  0.575513 1 3
 2.221366  0.650215 1 4
 2.221366  1.101261 1 5
 2.221366  1.145081 1 6
 2.221366  1.178521 1 7
 2.221366  1.683952 1 8
 2.269578 -0.885622 1 1
 2.269578  0.592790 1 2
 2.269578  0.610607 1 3
 2.269578  0.657456 1 4
 2.269578  1.090236 1 5
 2.269578  1.120903 1 6
 2.269578  1.143453 1 7
 2.269578  1.677589 1 8
 2.317790 -0.893502 1 1
 2.317790  0.630683 1 2
 2.317790  0.639502 1 3
 2.317790  0.662641 1 4
 2.317790  1.082455 1 5
 2.317790  1.099166 1 6
 2.317790  1.110360 1 7
 2.317790  1.672447 1 8
 2.366002 -0.898231 1 1
 2.366002  0.657109 1 2
 2.366002  0.659480 1 3
 2.366002  0.665753 1 4
 2.366002  1.077849 1 5
 2.366002  1.082678 1 6
 2.366002  1.085658 1 7
 2.366002  1.669211 1 8
 2.414214 -0.899806 1 1
 2.414214  0.666789 1 2
 2.414214  0.666789 1 3
 2.414214  0.666789 1 4
 2.414214  1.076327 1 5
 2.414214  1.076327 1 6
 2.414214  1.076327 1 7
 2.414214  1.668119 1 8
 2.414214 -0.899806 1 1
 2.414214  0.666789 1 2
 2.414214  0.666789 1 3
 2.414214  0.666789 1 4
 2.414214  1.076327 1 5
 2.414214  1.076327 1 6
 2.414214  1.076327 1 7
 2.414214  1.668119 1 8
 2.462326 -0.898237 1 1
 2.462326  0.655069 1 2
 2.462326  0.663678 1 3
 2.462326  0.663678 1 4
 2.462326  1.080455 1 5
 2.462326  1.080455 1 6
 2.462326  1.085181 1 7
 2.462326  1.669212 1 8
 2.510439 -0.893527 1 1
 2.510439  0.623113 1 2
 2.510439  0.655070 1 3
 2.510439  0.655070 1 4
 2.510439  1.091924 1 5
 2.510439  1.091924 1 6
 2.510439  1.107491 1 7
 2.510439  1.672539 1 8
 2.558551 -0.885685 1 1
 2.558551  0.577045 1 2
 2.558551  0.642533 1 3
 2.558551  0.642533 1 4
 2.558551  1.108658 1 5
 2.558551  1.108658 1 6
 2.558551  1.134908 1 7
 2.558551  1.678214 1 8
 2.606664 -0.874726 1 1
 2.606664  0.521583 1 2
 2.606664  0.627426 1 3
 2.606664  0.627426 1 4
 2.606664  1.128660 1 5
 2.606664  1.128660 1 6
 2.606664  1.161267 1 7
 2.606664  1.686363 1 8
 2.654776 -0.860683 1 1
 2.654776  0.459748 1 2
 2.654776  0.610560 1 3
 2.654776  0.610560 1 4
 2.654776  1.150604 1 5
 2.654776  1.150604 1 6
 2.654776  1.184531 1 7
 2.654776  1.697005 1 8
 2.702889 -0.843569 1 1
 2.702889  0.393733 1 2
 2.702889  0.592501 1 3
 2.702889  0.592501 1 4
 2.702889  1.173693 1 5
 2.702889  1.173693 1 6
 2.702889  1.205910 1 7
 2.702889  1.709966 1 8
 2.751001 -0.823386 1 1
 2.751001  0.325399 1 2
 2.751001  0.573985 1 3
 2.751001  0.573985 1 4
 2.751001  1.197152 1 5
 2.751001  1.197152 1 6
 2.751001  1.227630 1 7
 2.751001  1.724839 1 8
 2.799114 -0.800126 1 1
 2.799114  0.256111 1 2
 2.799114  0.555924 1 3
 2.799114  0.555924 1 4
 2.799114  1.219893 1 5
 2.799114  1.219893 1 6
 2.799114  1.250602 1 7
 2.799114  1.741025 1 8
 2.847226 -0.773848 1 1
 2.847226  0.186797 1 2
 2.847226  0.539123 1 3
 2.847226  0.539123 1 4
 2.847226  1.240477 1 5
 2.847226  1.240477 1 6
 2.847226  1.273300 1 7
 2.847226  1.757813 1 8
 2.895339 -0.744646 1 1
 2.895339  0.117972 1 2
 2.895339  0.523933 1 3
 2.895339  0.523933 1 4
 2.895339  1.257494 1 5
 2.895339  1.257494 1 6
 2.895339  1.292769 1 7
 2.895339  1.774627 1 8
 2.943451 -0.712648 1 1
 2.943451  0.050036 1 2
 2.943451  0.510254 1 3
 2.943451  0.510254 1 4
 2.943451  1.270054 1 5
 2.943451  1.270054 1 6
 2.943451  1.306698 1 7
 2.943451  1.791312 1 8
 2.991564 -0.678029 1 1
 2.991564 -0.016511 1 2
 2.991564  0.497878 1 3
 2.991564  0.497878 1 4
 2.991564  1.278159 1 5
 2.991564  1.278159 1 6
 2.991564  1.314842 1 7
 2.991564  1.808244 1 8
 3.039676 -0.640981 1 1
 3.039676 -0.081117 1 2
 3.039676  0.486832 1 3
 3.039676  0.486832 1 4
 3.039676  1.282738 1 5
 3.039676  1.282738 1 6
 3.039676  1.318989 1 7
 3.039676  1.826059 1 8
 3.087789 -0.601863 1 1
 3.087789 -0.143054 1 2
 3.087789  0.477491 1 3
 3.087789  0.477491 1 4
 3.087789  1.285218 1 5
 3.087789  1.285218 1 6
 3.087789  1.321753 1 7
 3.087789  1.844902 1 8
 3.135901 -0.561377 1 1
 3.135901 -0.201376 1 2
 3.135901  0.470311 1 3
 3.135901  0.470311 1 4
 3.135901  1.286886 1 5
 3.135901  1.286886 1 6
 3.135901  1.325037 1 7
 3.135901  1.863734 1 8
 3.184014 -0.521290 1 1
 3.184014 -0.254200 1 2
 3.184014  0.465489 1 3
 3.184014  0.465489 1 4
 3.184014  1.288366 1 5
 3.184014  1.288366 1 6
 3.184014  1.329053 1 7
 3.184014  1.880244 1 8
 3.232126 -0.486616 1 1
 3.232126 -0.296505 1 2
 3.232126  0.462838 1 3
 3.232126  0.462838 1 4
 3.232126  1.289555 1 5
 3.232126  1.289555 1 6
 3.232126  1.332547 1 7
 3.232126  1.891637 1 8
 3.280239 -0.470885 1 1
 3.280239 -0.314775 1 2
 3.280239  0.462012 1 3
 3.280239  0.462012 1 4
 3.280239  1.290026 1 5
 3.280239  1.290026 1 6
 3.280239  1.333941 1 7
 3.280239  1.895707 1 8
 3.280239 -0.470885 1 1
 3.280239 -0.314775 1 2
 3.280239  0.462012 1 3
 3.280239  0.462012 1 4
 3.280239  1.290026 1 5
 3.280239  1.290026 1 6
 3.280239  1.333941 1 7
 3.280239  1.895707 1 8
 3.330747 -0.469295 1 1
 3.330747 -0.313164 1 2
 3.330747  0.454676 1 3
 3.330747  0.459264 1 4
 3.330747  1.288153 1 5
 3.330747  1.295216 1 6
 3.330747  1.338222 1 7
 3.330747  1.891864 1 8
 3.381254 -0.464558 1 1
 3.381254 -0.308407 1 2
 3.381254  0.433190 1 3
 3.381254  0.450830 1 4
 3.381254  1.283290 1 5
 3.381254  1.305833 1 6
 3.381254  1.356933 1 7
 3.381254  1.881062 1 8
 3.431762 -0.456767 1 1
 3.431762 -0.300654 1 2
 3.431762  0.399379 1 3
 3.431762  0.436356 1 4
 3.431762  1.277311 1 5
 3.431762  1.314955 1 6
 3.431762  1.397882 1 7
 3.431762  1.865099 1 8
 3.482269 -0.446032 1 1
 3.482269 -0.289927 1 2
 3.482269  0.356424 1 3
 3.482269  0.415717 1 4
 3.482269  1.272356 1 5
 3.482269  1.324441 1 6
 3.482269  1.456568 1 7
 3.482269  1.845947 1 8
 3.532777 -0.432467 1 1
 3.532777 -0.276076 1 2
 3.532777  0.308160 1 3
 3.532777  0.389306 1 4
 3.532777  1.270202 1 5
 3.532777  1.336661 1 6
 3.532777  1.522756 1 7
 3.532777  1.825038 1 8
 3.583285 -0.416136 1 1
 3.583285 -0.258976 1 2
 3.583285  0.257743 1 3
 3.583285  0.357945 1 4
 3.583285  1.272180 1 5
 3.583285  1.351653 1 6
 3.583285  1.585521 1 7
 3.583285  1.802932 1 8
 3.633792 -0.397072 1 1
 3.633792 -0.238987 1 2
 3.633792  0.207171 1 3
 3.633792  0.322756 1 4
 3.633792  1.279285 1 5
 3.633792  1.368270 1 6
 3.633792  1.635755 1 7
 3.633792  1.779490 1 8
 3.684300 -0.375245 1 1
 3.684300 -0.217193 1 2
 3.684300  0.157650 1 3
 3.684300  0.284948 1 4
 3.684300  1.291993 1 5
 3.684300  1.385359 1 6
 3.684300  1.667911 1 7
 3.684300  1.754214 1 8
 3.734808 -0.350620 1 1
 3.734808 -0.195341 1 2
 3.734808  0.110605 1 3
 3.734808  0.245664 1 4
 3.734808  1.309993 1 5
 3.734808  1.402476 1 6
 3.734808  1.679841 1 7
 3.734808  1.726629 1 8
 3.785315 -0.323271 1 1
 3.785315 -0.175783 1 2
 3.785315  0.068667 1 3
 3.785315  0.205792 1 4
 3.785315  1.332406 1 5
 3.785315  1.419898 1 6
 3.785315  1.672036 1 7
 3.785315  1.696546 1 8
 3.835823 -0.293466 1 1
 3.835823 -0.162117 1 2
 3.835823  0.036596 1 3
 3.835823  0.165777 1 4
 3.835823  1.358509 1 5
 3.835823  1.437889 1 6
 3.835823  1.647521 1 7
 3.835823  1.664252 1 8
 3.886330 -0.261854 1 1
 3.886330 -0.160094 1 2
 3.886330  0.021686 1 3
 3.886330  0.126021 1 4
 3.886330  1.388032 1 5
 3.886330  1.454933 1 6
 3.886330  1.613230 1 7
 3.886330  1.631093 1 8
 3.936838 -0.229588 1 1
 3.936838 -0.173582 1 2
 3.936838  0.028661 1 3
 3.936838  0.087559 1 4
 3.936838  1.420315 1 5
 3.936838  1.463648 1 6
 3.936838  1.583681 1 7
 3.936838  1.600355 1 8
 3.987346 -0.198829 1 1
 3.987346 -0.198829 1 2
 3.987346  0.053244 1 3
 3.987346  0.053244 1 4
 3.987346  1.450388 1 5
 3.987346  1.450388 1 6
 3.987346  1.579683 1 7
 3.987346  1.579683 1 8
 3.987346 -0.198829 1 1
 3.987346 -0.198829 1 2
 3.987346  0.053244 1 3
 3.987346  0.053244 1 4
 3.987346  1.450388 1 5
 3.987346  1.450388 1 6
 3.987346  1.579683 1 7
 3.987346  1.579683 1 8
 4.037346 -0.201240 1 1
 4.037346 -0.201240 1 2
 4.037346  0.058229 1 3
 4.037346  0.058229 1 4
 4.037346  1.408911 1 5
 4.037346  1.408911 1 6
 4.037346  1.618707 1 7
 4.037346  1.618707 1 8
 4.087346 -0.207583 1 1
 4.087346 -0.207583 1 2
 4.087346  0.071490 1 3
 4.087346  0.071490 1 4
 4.087346  1.340118 1 5
 4.087346  1.340118 1 6
 4.087346  1.681851 1 7
 4.087346  1.681851 1 8
 4.137346 -0.216058 1 1
 4.137346 -0.216058 1 2
 4.137346  0.089461 1 3
 4.137346  0.089461 1 4
 4.137346  1.276361 1 5
 4.137346  1.276361 1 6
 4.137346  1.739854 1 7
 4.137346  1.739854 1 8
 4.187346 -0.225210 1 1
 4.187346 -0.225210 1 2
 4.187346  0.109200 1 3
 4.187346  0.109200 1 4
 4.187346  1.222544 1 5
 4.187346  1.222544 1 6
 4.187346  1.788682 1 7
 4.187346  1.788682 1 8
 4.237346 -0.234222 1 1
 4.237346 -0.234222 1 2
 4.237346  0.129369 1 3
 4.237346  0.129369 1 4
 4.237346  1.176127 1 5
 4.237346  1.176127 1 6
 4.237346  1.828610 1 7
 4.237346  1.828610 1 8
 4.287346 -0.242585 1 1
 4.287346 -0.242585 1 2
 4.287346  0.149642 1 3
 4.287346  0.149642 1 4
 4.287346  1.133249 1 5
 4.287346  1.133249 1 6
 4.287346  1.860521 1 7
 4.287346  1.860521 1 8
 4.337346 -0.249805 1 1
 4.337346 -0.249805 1 2
 4.337346  0.169509 1 3
 4.337346  0.169509 1 4
 4.337346  1.092642 1 5
 4.337346  1.092642 1 6
 4.337346  1.885088 1 7
 4.337346  1.885088 1 8
 4.387346 -0.255365 1 1
 4.387346 -0.255365 1 2
 4.387346  0.187314 1 3
 4.387346  0.187314 1 4
 4.387346  1.056991 1 5
 4.387346  1.056991 1 6
 4.387346  1.902661 1 7
 4.387346  1.902661 1 8
 4.437346 -0.258851 1 1
 4.437346 -0.258851 1 2
 4.437346  0.200128 1 3
 4.437346  0.200128 1 4
 4.437346  1.031810 1 5
 4.437346  1.031810 1 6
 4.437346  1.913293 1 7
 4.437346  1.913293 1 8
 4.487346 -0.260036 1 1
 4.487346 -0.260036 1 2
 4.487346  0.204856 1 3
 4.487346  0.204856 1 4
 4.487346  1.022635 1 5
 4.487346  1.022635 1 6
 4.487346  1.916863 1 7
 4.487346  1.916863 1 8
