        0.00000       -0.89983   1   1
        0.00000        0.66667   1   2
        0.00000        0.66667   1   3
        0.00000        0.66667   1   4
        0.00000        1.07615   1   5
        0.00000        1.07615   1   6
        0.00000        1.07615   1   7
        0.00000        1.66746   1   8
        0.00000        2.19096   1   9
        0.00000        3.42424   1  10
        0.00000        3.42424   1  11
        0.00000        4.21295   1  12
        0.00000        4.21295   1  13
        0.00000        4.21295   1  14
        0.00000        4.74821   1  15
        0.00000        4.74821   1  16
        0.00000        4.74821   1  17
        0.00000        4.84471   1  18
        0.00000        6.91377   1  19
        0.00000        6.91377   1  20
        0.00000        7.08738   1  21
        0.00000        7.08738   1  22
        0.00000        7.08738   1  23
        0.00000        8.82648   1  24
        0.00000        8.82648   1  25
        0.00000        8.82648   1  26
        0.04762       -0.89829   1   1
        0.04762        0.66007   1   2
        0.04762        0.66007   1   3
        0.04762        0.66310   1   4
        0.04762        1.07500   1   5
        0.04762        1.08421   1   6
        0.04762        1.08421   1   7
        0.04762        1.66851   1   8
        0.04762        2.19143   1   9
        0.04762        3.43173   1  10
        0.04762        3.43808   1  11
        0.04762        4.21065   1  12
        0.04762        4.21065   1  13
        0.04762        4.21193   1  14
        0.04762        4.73553   1  15
        0.04762        4.73553   1  16
        0.04762        4.76783   1  17
        0.04762        4.83523   1  18
        0.04762        6.90683   1  19
        0.04762        6.91870   1  20
        0.04762        7.06840   1  21
        0.04762        7.07569   1  22
        0.04762        7.07569   1  23
        0.04762        8.81413   1  24
        0.04762        8.83767   1  25
        0.04762        8.83767   1  26
        0.09524       -0.89367   1   1
        0.09524        0.64177   1   2
        0.09524        0.64177   1   3
        0.09524        0.65244   1   4
        0.09524        1.07161   1   5
        0.09524        1.10688   1   6
        0.09524        1.10688   1   7
        0.09524        1.67119   1   8
        0.09524        2.19410   1   9
        0.09524        3.42280   1  10
        0.09524        3.46734   1  11
        0.09524        4.20655   1  12
        0.09524        4.20655   1  13
        0.09524        4.20908   1  14
        0.09524        4.70226   1  15
        0.09524        4.70226   1  16
        0.09524        4.79110   1  17
        0.09524        4.84792   1  18
        0.09524        6.88411   1  19
        0.09524        6.93151   1  20
        0.09524        7.02167   1  21
        0.09524        7.04620   1  22
        0.09524        7.04620   1  23
        0.09524        8.78807   1  24
        0.09524        8.87179   1  25
        0.09524        8.87179   1  26
        0.14286       -0.88599   1   1
        0.14286        0.61511   1   2
        0.14286        0.61511   1   3
        0.14286        0.63490   1   4
        0.14286        1.06611   1   5
        0.14286        1.14078   1   6
        0.14286        1.14078   1   7
        0.14286        1.67408   1   8
        0.14286        2.20092   1   9
        0.14286        3.33078   1  10
        0.14286        3.48876   1  11
        0.14286        4.20501   1  12
        0.14286        4.20591   1  13
        0.14286        4.20591   1  14
        0.14286        4.65955   1  15
        0.14286        4.65955   1  16
        0.14286        4.70567   1  17
        0.14286        4.99244   1  18
        0.14286        6.84279   1  19
        0.14286        6.94770   1  20
        0.14286        6.97275   1  21
        0.14286        7.00911   1  22
        0.14286        7.00911   1  23
        0.14286        8.77079   1  24
        0.14286        8.93020   1  25
        0.14286        8.93020   1  26
        0.19048       -0.87524   1   1
        0.19048        0.58338   1   2
        0.19048        0.58338   1   3
        0.19048        0.61091   1   4
        0.19048        1.05878   1   5
        0.19048        1.18242   1   6
        0.19048        1.18242   1   7
        0.19048        1.67485   1   8
        0.19048        2.21172   1   9
        0.19048        3.12127   1  10
        0.19048        3.49425   1  11
        0.19048        4.20014   1  12
        0.19048        4.20977   1  13
        0.19048        4.20977   1  14
        0.19048        4.54973   1  15
        0.19048        4.61833   1  16
        0.19048        4.61833   1  17
        0.19048        5.19929   1  18
        0.19048        6.78423   1  19
        0.19048        6.93708   1  20
        0.19048        6.96316   1  21
        0.19048        6.96846   1  22
        0.19048        6.96846   1  23
        0.19048        8.77471   1  24
        0.19048        9.01237   1  25
        0.19048        9.01237   1  26
        0.23810       -0.86147   1   1
        0.23810        0.54902   1   2
        0.23810        0.54902   1   3
        0.23810        0.58115   1   4
        0.23810        1.05003   1   5
        0.23810        1.22910   1   6
        0.23810        1.22910   1   7
        0.23810        1.67021   1   8
        0.23810        2.22437   1   9
        0.23810        2.84398   1  10
        0.23810        3.50160   1  11
        0.23810        4.19443   1  12
        0.23810        4.21112   1  13
        0.23810        4.21112   1  14
        0.23810        4.33464   1  15
        0.23810        4.58472   1  16
        0.23810        4.58472   1  17
        0.23810        5.41150   1  18
        0.23810        6.71502   1  19
        0.23810        6.90235   1  20
        0.23810        6.92044   1  21
        0.23810        6.92044   1  22
        0.23810        6.97628   1  23
        0.23810        8.78937   1  24
        0.23810        9.11050   1  25
        0.23810        9.11050   1  26
        0.28571       -0.84467   1   1
        0.28571        0.51364   1   2
        0.28571        0.51364   1   3
        0.28571        0.54639   1   4
        0.28571        1.04046   1   5
        0.28571        1.27902   1   6
        0.28571        1.27902   1   7
        0.28571        1.65571   1   8
        0.28571        2.23754   1   9
        0.28571        2.59982   1  10
        0.28571        3.53705   1  11
        0.28571        4.11539   1  12
        0.28571        4.18826   1  13
        0.28571        4.19706   1  14
        0.28571        4.19706   1  15
        0.28571        4.56056   1  16
        0.28571        4.56056   1  17
        0.28571        5.55940   1  18
        0.28571        6.64136   1  19
        0.28571        6.85788   1  20
        0.28571        6.86082   1  21
        0.28571        6.86082   1  22
        0.28571        6.98818   1  23
        0.28571        8.78917   1  24
        0.28571        9.20720   1  25
        0.28571        9.20720   1  26
        0.33333       -0.82486   1   1
        0.33333        0.47831   1   2
        0.33333        0.47831   1   3
        0.33333        0.50734   1   4
        0.33333        1.03059   1   5
        0.33333        1.33102   1   6
        0.33333        1.33102   1   7
        0.33333        1.62775   1   8
        0.33333        2.25236   1   9
        0.33333        2.46062   1  10
        0.33333        3.60655   1  11
        0.33333        3.97620   1  12
        0.33333        4.15529   1  13
        0.33333        4.15529   1  14
        0.33333        4.18356   1  15
        0.33333        4.54677   1  16
        0.33333        4.54677   1  17
        0.33333        5.61581   1  18
        0.33333        6.56208   1  19
        0.33333        6.79007   1  20
        0.33333        6.79007   1  21
        0.33333        6.81155   1  22
        0.33333        7.00131   1  23
        0.33333        8.75474   1  24
        0.33333        9.28214   1  25
        0.33333        9.28214   1  26
        0.38095       -0.80206   1   1
        0.38095        0.44379   1   2
        0.38095        0.44379   1   3
        0.38095        0.46450   1   4
        0.38095        1.02064   1   5
        0.38095        1.38424   1   6
        0.38095        1.38424   1   7
        0.38095        1.58813   1   8
        0.38095        2.27093   1   9
        0.38095        2.42199   1  10
        0.38095        3.68537   1  11
        0.38095        3.99274   1  12
        0.38095        4.08017   1  13
        0.38095        4.08017   1  14
        0.38095        4.18321   1  15
        0.38095        4.54570   1  16
        0.38095        4.54570   1  17
        0.38095        5.61714   1  18
        0.38095        6.46814   1  19
        0.38095        6.70949   1  20
        0.38095        6.70949   1  21
        0.38095        6.76317   1  22
        0.38095        7.01744   1  23
        0.38095        8.68802   1  24
        0.38095        9.32557   1  25
        0.38095        9.32557   1  26
        0.42857       -0.77630   1   1
        0.42857        0.41067   1   2
        0.42857        0.41067   1   3
        0.42857        0.41822   1   4
        0.42857        1.01053   1   5
        0.42857        1.43790   1   6
        0.42857        1.43790   1   7
        0.42857        1.54087   1   8
        0.42857        2.29382   1   9
        0.42857        2.43098   1  10
        0.42857        3.73879   1  11
        0.42857        3.97588   1  12
        0.42857        3.97588   1  13
        0.42857        4.17409   1  14
        0.42857        4.18837   1  15
        0.42857        4.55936   1  16
        0.42857        4.55936   1  17
        0.42857        5.62413   1  18
        0.42857        6.35072   1  19
        0.42857        6.61579   1  20
        0.42857        6.61579   1  21
        0.42857        6.69745   1  22
        0.42857        7.03651   1  23
        0.42857        8.60716   1  24
        0.42857        9.34755   1  25
        0.42857        9.34755   1  26
        0.47619       -0.74763   1   1
        0.47619        0.36884   1   2
        0.47619        0.37934   1   3
        0.47619        0.37934   1   4
        0.47619        1.00036   1   5
        0.47619        1.48733   1   6
        0.47619        1.49138   1   7
        0.47619        1.49138   1   8
        0.47619        2.31936   1   9
        0.47619        2.44097   1  10
        0.47619        3.75514   1  11
        0.47619        3.85598   1  12
        0.47619        3.85598   1  13
        0.47619        4.19690   1  14
        0.47619        4.44647   1  15
        0.47619        4.58593   1  16
        0.47619        4.58593   1  17
        0.47619        5.66765   1  18
        0.47619        6.21127   1  19
        0.47619        6.50502   1  20
        0.47619        6.50502   1  21
        0.47619        6.60848   1  22
        0.47619        7.05623   1  23
        0.47619        8.52898   1  24
        0.47619        9.37122   1  25
        0.47619        9.37122   1  26
        0.52381       -0.71610   1   1
        0.52381        0.31675   1   2
        0.52381        0.35012   1   3
        0.52381        0.35012   1   4
        0.52381        0.99080   1   5
        0.52381        1.42837   1   6
        0.52381        1.54440   1   7
        0.52381        1.54440   1   8
        0.52381        2.34512   1   9
        0.52381        2.43063   1  10
        0.52381        3.73814   1  11
        0.52381        3.73814   1  12
        0.52381        3.75941   1  13
        0.52381        4.20641   1  14
        0.52381        4.61999   1  15
        0.52381        4.61999   1  16
        0.52381        4.71170   1  17
        0.52381        5.73045   1  18
        0.52381        6.06326   1  19
        0.52381        6.38197   1  20
        0.52381        6.38197   1  21
        0.52381        6.51867   1  22
        0.52381        7.07192   1  23
        0.52381        8.45695   1  24
        0.52381        9.41313   1  25
        0.52381        9.41313   1  26
        0.57143       -0.68175   1   1
        0.57143        0.26244   1   2
        0.57143        0.32325   1   3
        0.57143        0.32325   1   4
        0.57143        0.98297   1   5
        0.57143        1.36669   1   6
        0.57143        1.59692   1   7
        0.57143        1.59692   1   8
        0.57143        2.36933   1   9
        0.57143        2.40295   1  10
        0.57143        3.63549   1  11
        0.57143        3.63549   1  12
        0.57143        3.79285   1  13
        0.57143        4.21945   1  14
        0.57143        4.65608   1  15
        0.57143        4.65608   1  16
        0.57143        4.90831   1  17
        0.57143        5.76562   1  18
        0.57143        5.92248   1  19
        0.57143        6.26215   1  20
        0.57143        6.26215   1  21
        0.57143        6.47409   1  22
        0.57143        7.07759   1  23
        0.57143        8.38208   1  24
        0.57143        9.46803   1  25
        0.57143        9.46803   1  26
        0.61905       -0.64462   1   1
        0.61905        0.20639   1   2
        0.61905        0.29891   1   3
        0.61905        0.29891   1   4
        0.61905        0.97772   1   5
        0.61905        1.30664   1   6
        0.61905        1.64862   1   7
        0.61905        1.64862   1   8
        0.61905        2.37332   1   9
        0.61905        2.39068   1  10
        0.61905        3.55029   1  11
        0.61905        3.55029   1  12
        0.61905        3.87680   1  13
        0.61905        4.24354   1  14
        0.61905        4.69034   1  15
        0.61905        4.69034   1  16
        0.61905        5.03301   1  17
        0.61905        5.74898   1  18
        0.61905        5.79424   1  19
        0.61905        6.16126   1  20
        0.61905        6.16126   1  21
        0.61905        6.49382   1  22
        0.61905        7.06575   1  23
        0.61905        8.29117   1  24
        0.61905        9.51353   1  25
        0.61905        9.51353   1  26
        0.66667       -0.60479   1   1
        0.66667        0.14906   1   2
        0.66667        0.27723   1   3
        0.66667        0.27723   1   4
        0.66667        0.97505   1   5
        0.66667        1.25210   1   6
        0.66667        1.69848   1   7
        0.66667        1.69848   1   8
        0.66667        2.35407   1   9
        0.66667        2.40728   1  10
        0.66667        3.47576   1  11
        0.66667        3.47576   1  12
        0.66667        3.99439   1  13
        0.66667        4.28488   1  14
        0.66667        4.71918   1  15
        0.66667        4.71918   1  16
        0.66667        5.12224   1  17
        0.66667        5.66982   1  18
        0.66667        5.70406   1  19
        0.66667        6.08169   1  20
        0.66667        6.08169   1  21
        0.66667        6.54297   1  22
        0.66667        7.02517   1  23
        0.66667        8.17226   1  24
        0.66667        9.53161   1  25
        0.66667        9.53161   1  26
        0.71429       -0.56234   1   1
        0.71429        0.09078   1   2
        0.71429        0.25825   1   3
        0.71429        0.25825   1   4
        0.71429        0.97413   1   5
        0.71429        1.20479   1   6
        0.71429        1.74501   1   7
        0.71429        1.74501   1   8
        0.71429        2.34824   1   9
        0.71429        2.41706   1  10
        0.71429        3.40484   1  11
        0.71429        3.40484   1  12
        0.71429        4.10678   1  13
        0.71429        4.34099   1  14
        0.71429        4.73975   1  15
        0.71429        4.73975   1  16
        0.71429        5.19939   1  17
        0.71429        5.53660   1  18
        0.71429        5.66531   1  19
        0.71429        6.01122   1  20
        0.71429        6.01122   1  21
        0.71429        6.59651   1  22
        0.71429        6.94406   1  23
        0.71429        8.01487   1  24
        0.71429        9.52599   1  25
        0.71429        9.52599   1  26
        0.76190       -0.51743   1   1
        0.76190        0.03188   1   2
        0.76190        0.24202   1   3
        0.76190        0.24202   1   4
        0.76190        0.97423   1   5
        0.76190        1.16443   1   6
        0.76190        1.78694   1   7
        0.76190        1.78694   1   8
        0.76190        2.35244   1   9
        0.76190        2.41981   1  10
        0.76190        3.33817   1  11
        0.76190        3.33817   1  12
        0.76190        4.18859   1  13
        0.76190        4.40147   1  14
        0.76190        4.75384   1  15
        0.76190        4.75384   1  16
        0.76190        5.23662   1  17
        0.76190        5.39226   1  18
        0.76190        5.67293   1  19
        0.76190        5.93702   1  20
        0.76190        5.93702   1  21
        0.76190        6.67183   1  22
        0.76190        6.82007   1  23
        0.76190        7.81595   1  24
        0.76190        9.51722   1  25
        0.76190        9.51722   1  26
        0.80952       -0.47015   1   1
        0.80952       -0.02733   1   2
        0.80952        0.22862   1   3
        0.80952        0.22862   1   4
        0.80952        0.97559   1   5
        0.80952        1.12980   1   6
        0.80952        1.82372   1   7
        0.80952        1.82372   1   8
        0.80952        2.36232   1   9
        0.80952        2.41815   1  10
        0.80952        3.28458   1  11
        0.80952        3.28458   1  12
        0.80952        4.24956   1  13
        0.80952        4.45919   1  14
        0.80952        4.77031   1  15
        0.80952        4.77031   1  16
        0.80952        5.20069   1  17
        0.80952        5.24820   1  18
        0.80952        5.75402   1  19
        0.80952        5.86064   1  20
        0.80952        5.86064   1  21
        0.80952        6.66705   1  22
        0.80952        6.79181   1  23
        0.80952        7.59351   1  24
        0.80952        9.52071   1  25
        0.80952        9.52071   1  26
        0.85714       -0.42065   1   1
        0.85714       -0.08650   1   2
        0.85714        0.21816   1   3
        0.85714        0.21816   1   4
        0.85714        0.97967   1   5
        0.85714        1.09935   1   6
        0.85714        1.85497   1   7
        0.85714        1.85497   1   8
        0.85714        2.37543   1   9
        0.85714        2.41602   1  10
        0.85714        3.25379   1  11
        0.85714        3.25379   1  12
        0.85714        4.32341   1  13
        0.85714        4.51959   1  14
        0.85714        4.79902   1  15
        0.85714        4.79902   1  16
        0.85714        5.11612   1  17
        0.85714        5.11792   1  18
        0.85714        5.79765   1  19
        0.85714        5.79765   1  20
        0.85714        5.88296   1  21
        0.85714        6.51306   1  22
        0.85714        6.94196   1  23
        0.85714        7.38955   1  24
        0.85714        9.53258   1  25
        0.85714        9.53258   1  26
        0.90476       -0.36903   1   1
        0.90476       -0.14526   1   2
        0.90476        0.21070   1   3
        0.90476        0.21070   1   4
        0.90476        0.98834   1   5
        0.90476        1.07161   1   6
        0.90476        1.87966   1   7
        0.90476        1.87966   1   8
        0.90476        2.39010   1   9
        0.90476        2.41556   1  10
        0.90476        3.24685   1  11
        0.90476        3.24685   1  12
        0.90476        4.43639   1  13
        0.90476        4.59446   1  14
        0.90476        4.83990   1  15
        0.90476        4.83990   1  16
        0.90476        5.00110   1  17
        0.90476        5.01098   1  18
        0.90476        5.76146   1  19
        0.90476        5.76146   1  20
        0.90476        6.02348   1  21
        0.90476        6.38724   1  22
        0.90476        7.07677   1  23
        0.90476        7.24878   1  24
        0.90476        9.53923   1  25
        0.90476        9.53923   1  26
        0.95238       -0.31543   1   1
        0.95238       -0.20325   1   2
        0.95238        0.20627   1   3
        0.95238        0.20627   1   4
        0.95238        1.00269   1   5
        0.95238        1.04579   1   6
        0.95238        1.89587   1   7
        0.95238        1.89587   1   8
        0.95238        2.40344   1   9
        0.95238        2.41544   1  10
        0.95238        3.25303   1  11
        0.95238        3.25303   1  12
        0.95238        4.58490   1  13
        0.95238        4.68670   1  14
        0.95238        4.87859   1  15
        0.95238        4.87859   1  16
        0.95238        4.88126   1  17
        0.95238        4.89940   1  18
        0.95238        5.74951   1  19
        0.95238        5.74951   1  20
        0.95238        6.14351   1  21
        0.95238        6.29941   1  22
        0.95238        7.15595   1  23
        0.95238        7.18805   1  24
        0.95238        9.53658   1  25
        0.95238        9.53658   1  26
        1.00000       -0.26008   1   1
        1.00000       -0.26008   1   2
        1.00000        0.20480   1   3
        1.00000        0.20480   1   4
        1.00000        1.02233   1   5
        1.00000        1.02233   1   6
        1.00000        1.90156   1   7
        1.00000        1.90156   1   8
        1.00000        2.41219   1   9
        1.00000        2.41219   1  10
        1.00000        3.25739   1  11
        1.00000        3.25739   1  12
        1.00000        4.74159   1  13
        1.00000        4.74159   1  14
        1.00000        4.78996   1  15
        1.00000        4.78996   1  16
        1.00000        4.89475   1  17
        1.00000        4.89475   1  18
        1.00000        5.74807   1  19
        1.00000        5.74807   1  20
        1.00000        6.22951   1  21
        1.00000        6.22951   1  22
        1.00000        7.17765   1  23
        1.00000        7.17765   1  24
        1.00000        9.53353   1  25
        1.00000        9.53353   1  26
        1.00000       -0.26008   1   1
        1.00000       -0.26008   1   2
        1.00000        0.20480   1   3
        1.00000        0.20480   1   4
        1.00000        1.02233   1   5
        1.00000        1.02233   1   6
        1.00000        1.90156   1   7
        1.00000        1.90156   1   8
        1.00000        2.41219   1   9
        1.00000        2.41219   1  10
        1.00000        3.25739   1  11
        1.00000        3.25739   1  12
        1.00000        4.74159   1  13
        1.00000        4.74159   1  14
        1.00000        4.78996   1  15
        1.00000        4.78996   1  16
        1.00000        4.89475   1  17
        1.00000        4.89475   1  18
        1.00000        5.74807   1  19
        1.00000        5.74807   1  20
        1.00000        6.22951   1  21
        1.00000        6.22951   1  22
        1.00000        7.17765   1  23
        1.00000        7.17765   1  24
        1.00000        9.53353   1  25
        1.00000        9.53353   1  26
        1.05893       -0.25907   1   1
        1.05893       -0.25799   1   2
        1.05893        0.19223   1   3
        1.05893        0.20680   1   4
        1.05893        1.02508   1   5
        1.05893        1.03892   1   6
        1.05893        1.89586   1   7
        1.05893        1.89810   1   8
        1.05893        2.39726   1   9
        1.05893        2.41029   1  10
        1.05893        3.24152   1  11
        1.05893        3.26246   1  12
        1.05893        4.73104   1  13
        1.05893        4.75921   1  14
        1.05893        4.76293   1  15
        1.05893        4.79170   1  16
        1.05893        4.90224   1  17
        1.05893        4.91120   1  18
        1.05893        5.72168   1  19
        1.05893        5.77144   1  20
        1.05893        6.23292   1  21
        1.05893        6.23811   1  22
        1.05893        7.18155   1  23
        1.05893        7.20949   1  24
        1.05893        9.50664   1  25
        1.05893        9.51968   1  26
        1.11785       -0.25633   1   1
        1.11785       -0.25171   1   2
        1.11785        0.15812   1   3
        1.11785        0.21277   1   4
        1.11785        1.03265   1   5
        1.11785        1.08545   1   6
        1.11785        1.87940   1   7
        1.11785        1.88876   1   8
        1.11785        2.35550   1   9
        1.11785        2.40784   1  10
        1.11785        3.19693   1  11
        1.11785        3.27853   1  12
        1.11785        4.68885   1  13
        1.11785        4.70871   1  14
        1.11785        4.78856   1  15
        1.11785        4.79847   1  16
        1.11785        4.91086   1  17
        1.11785        4.95321   1  18
        1.11785        5.64543   1  19
        1.11785        5.84689   1  20
        1.11785        6.21133   1  21
        1.11785        6.27093   1  22
        1.11785        7.20063   1  23
        1.11785        7.31508   1  24
        1.11785        9.44223   1  25
        1.11785        9.48761   1  26
        1.17678       -0.25289   1   1
        1.17678       -0.24125   1   2
        1.17678        0.11062   1   3
        1.17678        0.22259   1   4
        1.17678        1.04342   1   5
        1.17678        1.15542   1   6
        1.17678        1.85361   1   7
        1.17678        1.87576   1   8
        1.17678        2.29470   1   9
        1.17678        2.41195   1  10
        1.17678        3.13066   1  11
        1.17678        3.30668   1  12
        1.17678        4.60843   1  13
        1.17678        4.66868   1  14
        1.17678        4.76817   1  15
        1.17678        4.83307   1  16
        1.17678        4.90414   1  17
        1.17678        5.00732   1  18
        1.17678        5.51969   1  19
        1.17678        5.96763   1  20
        1.17678        6.14201   1  21
        1.17678        6.34139   1  22
        1.17678        7.25676   1  23
        1.17678        7.47658   1  24
        1.17678        9.35872   1  25
        1.17678        9.45008   1  26
        1.23570       -0.25098   1   1
        1.23570       -0.22662   1   2
        1.23570        0.05877   1   3
        1.23570        0.23611   1   4
        1.23570        1.05609   1   5
        1.23570        1.24368   1   6
        1.23570        1.81996   1   7
        1.23570        1.86055   1   8
        1.23570        2.22347   1   9
        1.23570        2.42771   1  10
        1.23570        3.05178   1  11
        1.23570        3.34922   1  12
        1.23570        4.50865   1  13
        1.23570        4.64880   1  14
        1.23570        4.72752   1  15
        1.23570        4.85462   1  16
        1.23570        4.89026   1  17
        1.23570        5.06520   1  18
        1.23570        5.34995   1  19
        1.23570        6.04982   1  20
        1.23570        6.09928   1  21
        1.23570        6.43263   1  22
        1.23570        7.39183   1  23
        1.23570        7.63826   1  24
        1.23570        9.23834   1  25
        1.23570        9.40285   1  26
        1.29463       -0.25500   1   1
        1.29463       -0.20785   1   2
        1.29463        0.01183   1   3
        1.29463        0.25313   1   4
        1.29463        1.07062   1   5
        1.29463        1.34706   1   6
        1.29463        1.77951   1   7
        1.29463        1.84276   1   8
        1.29463        2.14923   1   9
        1.29463        2.45380   1  10
        1.29463        2.97278   1  11
        1.29463        3.40709   1  12
        1.29463        4.41485   1  13
        1.29463        4.62785   1  14
        1.29463        4.66257   1  15
        1.29463        4.87750   1  16
        1.29463        4.89213   1  17
        1.29463        5.13175   1  18
        1.29463        5.16714   1  19
        1.29463        5.96521   1  20
        1.29463        6.21003   1  21
        1.29463        6.48216   1  22
        1.29463        7.64577   1  23
        1.29463        7.75498   1  24
        1.29463        9.04772   1  25
        1.29463        9.33248   1  26
        1.35355       -0.27151   1   1
        1.35355       -0.18497   1   2
        1.35355       -0.02043   1   3
        1.35355        0.27347   1   4
        1.35355        1.08807   1   5
        1.35355        1.46125   1   6
        1.35355        1.73317   1   7
        1.35355        1.82110   1   8
        1.35355        2.07853   1   9
        1.35355        2.48353   1  10
        1.35355        2.90780   1  11
        1.35355        3.46894   1  12
        1.35355        4.34071   1  13
        1.35355        4.56576   1  14
        1.35355        4.62340   1  15
        1.35355        4.89812   1  16
        1.35355        4.91522   1  17
        1.35355        5.01672   1  18
        1.35355        5.22087   1  19
        1.35355        5.90731   1  20
        1.35355        6.29803   1  21
        1.35355        6.46483   1  22
        1.35355        7.80828   1  23
        1.35355        7.97531   1  24
        1.35355        8.78612   1  25
        1.35355        9.24081   1  26
        1.35355       -0.27151   1   1
        1.35355       -0.18497   1   2
        1.35355       -0.02043   1   3
        1.35355        0.27347   1   4
        1.35355        1.08807   1   5
        1.35355        1.46125   1   6
        1.35355        1.73317   1   7
        1.35355        1.82110   1   8
        1.35355        2.07853   1   9
        1.35355        2.48353   1  10
        1.35355        2.90780   1  11
        1.35355        3.46894   1  12
        1.35355        4.34071   1  13
        1.35355        4.56576   1  14
        1.35355        4.62340   1  15
        1.35355        4.89812   1  16
        1.35355        4.91522   1  17
        1.35355        5.01672   1  18
        1.35355        5.22087   1  19
        1.35355        5.90731   1  20
        1.35355        6.29803   1  21
        1.35355        6.46483   1  22
        1.35355        7.80828   1  23
        1.35355        7.97531   1  24
        1.35355        8.78612   1  25
        1.35355        9.24081   1  26
        1.40177       -0.29755   1   1
        1.40177       -0.16324   1   2
        1.40177       -0.03115   1   3
        1.40177        0.29242   1   4
        1.40177        1.10541   1   5
        1.40177        1.55604   1   6
        1.40177        1.69165   1   7
        1.40177        1.80043   1   8
        1.40177        2.02760   1   9
        1.40177        2.50565   1  10
        1.40177        2.87041   1  11
        1.40177        3.50709   1  12
        1.40177        4.29581   1  13
        1.40177        4.47399   1  14
        1.40177        4.65427   1  15
        1.40177        4.89327   1  16
        1.40177        4.92400   1  17
        1.40177        4.95843   1  18
        1.40177        5.31086   1  19
        1.40177        5.88242   1  20
        1.40177        6.36869   1  21
        1.40177        6.42560   1  22
        1.40177        7.81908   1  23
        1.40177        8.22997   1  24
        1.40177        8.54558   1  25
        1.40177        9.16718   1  26
        1.44998       -0.33352   1   1
        1.44998       -0.13880   1   2
        1.44998       -0.02828   1   3
        1.44998        0.31325   1   4
        1.44998        1.12582   1   5
        1.44998        1.64142   1   6
        1.44998        1.64774   1   7
        1.44998        1.77843   1   8
        1.44998        1.98794   1   9
        1.44998        2.52398   1  10
        1.44998        2.84470   1  11
        1.44998        3.52473   1  12
        1.44998        4.26304   1  13
        1.44998        4.38960   1  14
        1.44998        4.70915   1  15
        1.44998        4.84051   1  16
        1.44998        4.89250   1  17
        1.44998        5.00788   1  18
        1.44998        5.40395   1  19
        1.44998        5.86517   1  20
        1.44998        6.39063   1  21
        1.44998        6.45100   1  22
        1.44998        7.83343   1  23
        1.44998        8.31272   1  24
        1.44998        8.43236   1  25
        1.44998        9.11212   1  26
        1.49819       -0.37578   1   1
        1.49819       -0.11169   1   2
        1.49819       -0.01495   1   3
        1.49819        0.33577   1   4
        1.49819        1.14902   1   5
        1.49819        1.60242   1   6
        1.49819        1.70038   1   7
        1.49819        1.75730   1   8
        1.49819        1.97028   1   9
        1.49819        2.53920   1  10
        1.49819        2.82376   1  11
        1.49819        3.52391   1  12
        1.49819        4.24112   1  13
        1.49819        4.31909   1  14
        1.49819        4.75310   1  15
        1.49819        4.77138   1  16
        1.49819        4.91155   1  17
        1.49819        5.05438   1  18
        1.49819        5.48819   1  19
        1.49819        5.83698   1  20
        1.49819        6.37659   1  21
        1.49819        6.54507   1  22
        1.49819        7.84832   1  23
        1.49819        8.14529   1  24
        1.49819        8.58052   1  25
        1.49819        9.08207   1  26
        1.54640       -0.42102   1   1
        1.54640       -0.08194   1   2
        1.54640        0.00588   1   3
        1.54640        0.35973   1   4
        1.54640        1.17411   1   5
        1.54640        1.55668   1   6
        1.54640        1.71452   1   7
        1.54640        1.73909   1   8
        1.54640        1.98852   1   9
        1.54640        2.55249   1  10
        1.54640        2.79998   1  11
        1.54640        3.51862   1  12
        1.54640        4.22867   1  13
        1.54640        4.25643   1  14
        1.54640        4.66129   1  15
        1.54640        4.84545   1  16
        1.54640        4.93588   1  17
        1.54640        5.08818   1  18
        1.54640        5.56341   1  19
        1.54640        5.79615   1  20
        1.54640        6.38918   1  21
        1.54640        6.63852   1  22
        1.54640        7.76266   1  23
        1.54640        8.16046   1  24
        1.54640        8.69136   1  25
        1.54640        9.06996   1  26
        1.59461       -0.46707   1   1
        1.59461       -0.04959   1   2
        1.59461        0.03220   1   3
        1.59461        0.38487   1   4
        1.59461        1.19981   1   5
        1.59461        1.51134   1   6
        1.59461        1.68944   1   7
        1.59461        1.72471   1   8
        1.59461        2.03598   1   9
        1.59461        2.56383   1  10
        1.59461        2.76876   1  11
        1.59461        3.52672   1  12
        1.59461        4.19022   1  13
        1.59461        4.22200   1  14
        1.59461        4.57551   1  15
        1.59461        4.89642   1  16
        1.59461        4.98322   1  17
        1.59461        5.10481   1  18
        1.59461        5.64268   1  19
        1.59461        5.76498   1  20
        1.59461        6.42489   1  21
        1.59461        6.71447   1  22
        1.59461        7.61759   1  23
        1.59461        8.29168   1  24
        1.59461        8.78080   1  25
        1.59461        9.06050   1  26
        1.64282       -0.51261   1   1
        1.64282       -0.01471   1   2
        1.64282        0.06279   1   3
        1.64282        0.41090   1   4
        1.64282        1.22482   1   5
        1.64282        1.46699   1   6
        1.64282        1.64541   1   7
        1.64282        1.71368   1   8
        1.64282        2.09402   1   9
        1.64282        2.57245   1  10
        1.64282        2.73075   1  11
        1.64282        3.55617   1  12
        1.64282        4.11460   1  13
        1.64282        4.21508   1  14
        1.64282        4.50963   1  15
        1.64282        4.85650   1  16
        1.64282        5.10635   1  17
        1.64282        5.10663   1  18
        1.64282        5.74292   1  19
        1.64282        5.76621   1  20
        1.64282        6.47507   1  21
        1.64282        6.76171   1  22
        1.64282        7.46031   1  23
        1.64282        8.45425   1  24
        1.64282        8.85279   1  25
        1.64282        9.04018   1  26
        1.69104       -0.55682   1   1
        1.69104        0.02260   1   2
        1.69104        0.09686   1   3
        1.69104        0.43742   1   4
        1.69104        1.24800   1   5
        1.69104        1.42397   1   6
        1.69104        1.59510   1   7
        1.69104        1.70473   1   8
        1.69104        2.15181   1   9
        1.69104        2.57947   1  10
        1.69104        2.69016   1  11
        1.69104        3.60131   1  12
        1.69104        4.03409   1  13
        1.69104        4.20207   1  14
        1.69104        4.47034   1  15
        1.69104        4.77918   1  16
        1.69104        5.09721   1  17
        1.69104        5.24924   1  18
        1.69104        5.79885   1  19
        1.69104        5.87208   1  20
        1.69104        6.52990   1  21
        1.69104        6.78053   1  22
        1.69104        7.28350   1  23
        1.69104        8.63565   1  24
        1.69104        8.90103   1  25
        1.69104        9.00556   1  26
        1.73925       -0.59917   1   1
        1.73925        0.06228   1   2
        1.73925        0.13390   1   3
        1.73925        0.46399   1   4
        1.73925        1.26845   1   5
        1.73925        1.38241   1   6
        1.73925        1.54470   1   7
        1.73925        1.69675   1   8
        1.73925        2.20305   1   9
        1.73925        2.58877   1  10
        1.73925        2.65008   1  11
        1.73925        3.65155   1  12
        1.73925        3.95631   1  13
        1.73925        4.18015   1  14
        1.73925        4.45182   1  15
        1.73925        4.69401   1  16
        1.73925        5.08052   1  17
        1.73925        5.39060   1  18
        1.73925        5.83964   1  19
        1.73925        6.02114   1  20
        1.73925        6.58132   1  21
        1.73925        6.78199   1  22
        1.73925        7.09846   1  23
        1.73925        8.82916   1  24
        1.73925        8.91972   1  25
        1.73925        8.96478   1  26
        1.78746       -0.63931   1   1
        1.78746        0.10423   1   2
        1.78746        0.17351   1   3
        1.78746        0.49011   1   4
        1.78746        1.28527   1   5
        1.78746        1.34242   1   6
        1.78746        1.49686   1   7
        1.78746        1.68956   1   8
        1.78746        2.24287   1   9
        1.78746        2.60325   1  10
        1.78746        2.61018   1  11
        1.78746        3.70155   1  12
        1.78746        3.88528   1  13
        1.78746        4.15105   1  14
        1.78746        4.44306   1  15
        1.78746        4.62404   1  16
        1.78746        5.05696   1  17
        1.78746        5.52212   1  18
        1.78746        5.85985   1  19
        1.78746        6.16746   1  20
        1.78746        6.62479   1  21
        1.78746        6.78126   1  22
        1.78746        6.94148   1  23
        1.78746        8.91427   1  24
        1.78746        8.93177   1  25
        1.78746        9.01279   1  26
        1.83567       -0.67698   1   1
        1.83567        0.14838   1   2
        1.83567        0.21534   1   3
        1.83567        0.51528   1   4
        1.83567        1.29742   1   5
        1.83567        1.30423   1   6
        1.83567        1.45188   1   7
        1.83567        1.68407   1   8
        1.83567        2.26851   1   9
        1.83567        2.56912   1  10
        1.83567        2.61993   1  11
        1.83567        3.75350   1  12
        1.83567        3.82436   1  13
        1.83567        4.12113   1  14
        1.83567        4.44012   1  15
        1.83567        4.58162   1  16
        1.83567        5.02542   1  17
        1.83567        5.64481   1  18
        1.83567        5.84179   1  19
        1.83567        6.29004   1  20
        1.83567        6.66004   1  21
        1.83567        6.78904   1  22
        1.83567        6.84335   1  23
        1.83567        8.90159   1  24
        1.83567        8.91723   1  25
        1.83567        9.15931   1  26
        1.88388       -0.71197   1   1
        1.88388        0.19460   1   2
        1.88388        0.25903   1   3
        1.88388        0.53911   1   4
        1.88388        1.26819   1   5
        1.88388        1.30379   1   6
        1.88388        1.40887   1   7
        1.88388        1.68176   1   8
        1.88388        2.28019   1   9
        1.88388        2.52954   1  10
        1.88388        2.63063   1  11
        1.88388        3.78553   1  12
        1.88388        3.81020   1  13
        1.88388        4.09873   1  14
        1.88388        4.43955   1  15
        1.88388        4.56920   1  16
        1.88388        4.98594   1  17
        1.88388        5.76871   1  18
        1.88388        5.79465   1  19
        1.88388        6.38545   1  20
        1.88388        6.69016   1  21
        1.88388        6.80411   1  22
        1.88388        6.80693   1  23
        1.88388        8.89874   1  24
        1.88388        8.92177   1  25
        1.88388        9.25171   1  26
        1.93210       -0.74415   1   1
        1.93210        0.24272   1   2
        1.93210        0.30420   1   3
        1.93210        0.56131   1   4
        1.93210        1.23477   1   5
        1.93210        1.30359   1   6
        1.93210        1.36687   1   7
        1.93210        1.68358   1   8
        1.93210        2.28064   1   9
        1.93210        2.50339   1  10
        1.93210        2.63626   1  11
        1.93210        3.78266   1  12
        1.93210        3.86880   1  13
        1.93210        4.08968   1  14
        1.93210        4.42245   1  15
        1.93210        4.58360   1  16
        1.93210        4.94266   1  17
        1.93210        5.75371   1  18
        1.93210        5.90712   1  19
        1.93210        6.46938   1  20
        1.93210        6.71951   1  21
        1.93210        6.80124   1  22
        1.93210        6.82973   1  23
        1.93210        8.91188   1  24
        1.93210        8.93497   1  25
        1.93210        9.28767   1  26
        1.98031       -0.77342   1   1
        1.98031        0.29248   1   2
        1.98031        0.35043   1   3
        1.98031        0.58173   1   4
        1.98031        1.20438   1   5
        1.98031        1.29648   1   6
        1.98031        1.32554   1   7
        1.98031        1.68874   1   8
        1.98031        2.27337   1   9
        1.98031        2.51396   1  10
        1.98031        2.66129   1  11
        1.98031        3.81292   1  12
        1.98031        3.92422   1  13
        1.98031        4.09423   1  14
        1.98031        4.37323   1  15
        1.98031        4.61493   1  16
        1.98031        4.90336   1  17
        1.98031        5.73849   1  18
        1.98031        6.06729   1  19
        1.98031        6.56113   1  20
        1.98031        6.75181   1  21
        1.98031        6.81528   1  22
        1.98031        6.85147   1  23
        1.98031        8.93542   1  24
        1.98031        8.94063   1  25
        1.98031        9.27562   1  26
        2.02852       -0.79972   1   1
        2.02852        0.34353   1   2
        2.02852        0.39723   1   3
        2.02852        0.60022   1   4
        2.02852        1.17731   1   5
        2.02852        1.28248   1   6
        2.02852        1.28527   1   7
        2.02852        1.69407   1   8
        2.02852        2.26136   1   9
        2.02852        2.58773   1  10
        2.02852        2.73886   1  11
        2.02852        3.86355   1  12
        2.02852        3.97593   1  13
        2.02852        4.10780   1  14
        2.02852        4.31399   1  15
        2.02852        4.64632   1  16
        2.02852        4.87554   1  17
        2.02852        5.71123   1  18
        2.02852        6.24415   1  19
        2.02852        6.66523   1  20
        2.02852        6.78910   1  21
        2.02852        6.83999   1  22
        2.02852        6.86954   1  23
        2.02852        8.92552   1  24
        2.02852        8.95842   1  25
        2.02852        9.22994   1  26
        2.07673       -0.82303   1   1
        2.07673        0.39541   1   2
        2.07673        0.44397   1   3
        2.07673        0.61661   1   4
        2.07673        1.15363   1   5
        2.07673        1.24680   1   6
        2.07673        1.26194   1   7
        2.07673        1.69617   1   8
        2.07673        2.24684   1   9
        2.07673        2.73583   1  10
        2.07673        2.88217   1  11
        2.07673        3.92922   1  12
        2.07673        4.02763   1  13
        2.07673        4.12453   1  14
        2.07673        4.28472   1  15
        2.07673        4.66241   1  16
        2.07673        4.86267   1  17
        2.07673        5.61574   1  18
        2.07673        6.42170   1  19
        2.07673        6.76761   1  20
        2.07673        6.83118   1  21
        2.07673        6.87160   1  22
        2.07673        6.88471   1  23
        2.07673        8.88707   1  24
        2.07673        8.97104   1  25
        2.07673        9.16612   1  26
        2.12494       -0.84330   1   1
        2.12494        0.44745   1   2
        2.12494        0.48990   1   3
        2.12494        0.63072   1   4
        2.12494        1.13327   1   5
        2.12494        1.21071   1   6
        2.12494        1.23561   1   7
        2.12494        1.69414   1   8
        2.12494        2.23169   1   9
        2.12494        2.93943   1  10
        2.12494        3.07214   1  11
        2.12494        4.00865   1  12
        2.12494        4.08153   1  13
        2.12494        4.14046   1  14
        2.12494        4.30684   1  15
        2.12494        4.65997   1  16
        2.12494        4.86175   1  17
        2.12494        5.44102   1  18
        2.12494        6.58107   1  19
        2.12494        6.84873   1  20
        2.12494        6.87578   1  21
        2.12494        6.89854   1  22
        2.12494        6.90063   1  23
        2.12494        8.83554   1  24
        2.12494        8.96810   1  25
        2.12494        9.09627   1  26
        2.17315       -0.86052   1   1
        2.17315        0.49878   1   2
        2.17315        0.53405   1   3
        2.17315        0.64242   1   4
        2.17315        1.11608   1   5
        2.17315        1.17727   1   6
        2.17315        1.20467   1   7
        2.17315        1.68916   1   8
        2.17315        2.21762   1   9
        2.17315        3.15312   1  10
        2.17315        3.26337   1  11
        2.17315        4.08683   1  12
        2.17315        4.13428   1  13
        2.17315        4.15472   1  14
        2.17315        4.38602   1  15
        2.17315        4.64973   1  16
        2.17315        4.86266   1  17
        2.17315        5.22392   1  18
        2.17315        6.70924   1  19
        2.17315        6.90170   1  20
        2.17315        6.91086   1  21
        2.17315        6.91984   1  22
        2.17315        6.92424   1  23
        2.17315        8.78915   1  24
        2.17315        8.95013   1  25
        2.17315        9.02798   1  26
        2.22137       -0.87464   1   1
        2.22137        0.54803   1   2
        2.22137        0.57512   1   3
        2.22137        0.65165   1   4
        2.22137        1.10194   1   5
        2.22137        1.14662   1   6
        2.22137        1.17090   1   7
        2.22137        1.68291   1   8
        2.22137        2.20604   1   9
        2.22137        3.32505   1  10
        2.22137        3.40314   1  11
        2.22137        4.14424   1  12
        2.22137        4.16857   1  13
        2.22137        4.17730   1  14
        2.22137        4.51289   1  15
        2.22137        4.64894   1  16
        2.22137        4.85229   1  17
        2.22137        5.01848   1  18
        2.22137        6.80216   1  19
        2.22137        6.91952   1  20
        2.22137        6.93900   1  21
        2.22137        6.95141   1  22
        2.22137        6.96189   1  23
        2.22137        8.76455   1  24
        2.22137        8.92187   1  25
        2.22137        8.96568   1  26
        2.26958       -0.88565   1   1
        2.26958        0.59317   1   2
        2.26958        0.61140   1   3
        2.26958        0.65849   1   4
        2.26958        1.09081   1   5
        2.26958        1.11932   1   6
        2.26958        1.13688   1   7
        2.26958        1.67679   1   8
        2.26958        2.19786   1   9
        2.26958        3.42243   1  10
        2.26958        3.46416   1  11
        2.26958        4.17990   1  12
        2.26958        4.18316   1  13
        2.26958        4.20295   1  14
        2.26958        4.64925   1  15
        2.26958        4.66859   1  16
        2.26958        4.82485   1  17
        2.26958        4.86920   1  18
        2.26958        6.86204   1  19
        2.26958        6.92244   1  20
        2.26958        6.97955   1  21
        2.26958        6.98995   1  22
        2.26958        7.00335   1  23
        2.26958        8.76769   1  24
        2.26958        8.88935   1  25
        2.26958        8.91174   1  26
        2.31779       -0.89352   1   1
        2.31779        0.63105   1   2
        2.31779        0.64057   1   3
        2.31779        0.66313   1   4
        2.31779        1.08272   1   5
        2.31779        1.09684   1   6
        2.31779        1.10632   1   7
        2.31779        1.67179   1   8
        2.31779        2.19324   1   9
        2.31779        3.44753   1  10
        2.31779        3.46236   1  11
        2.31779        4.19760   1  12
        2.31779        4.20027   1  13
        2.31779        4.21235   1  14
        2.31779        4.70326   1  15
        2.31779        4.73626   1  16
        2.31779        4.78875   1  17
        2.31779        4.80890   1  18
        2.31779        6.89487   1  19
        2.31779        6.92007   1  20
        2.31779        7.02809   1  21
        2.31779        7.03530   1  22
        2.31779        7.04376   1  23
        2.31779        8.79055   1  24
        2.31779        8.85834   1  25
        2.31779        8.86788   1  26
        2.36600       -0.89825   1   1
        2.36600        0.65718   1   2
        2.36600        0.65986   1   3
        2.36600        0.66580   1   4
        2.36600        1.07780   1   5
        2.36600        1.08161   1   6
        2.36600        1.08431   1   7
        2.36600        1.66857   1   8
        2.36600        2.19137   1   9
        2.36600        3.43451   1  10
        2.36600        3.43725   1  11
        2.36600        4.20872   1  12
        2.36600        4.21016   1  13
        2.36600        4.21340   1  14
        2.36600        4.73534   1  15
        2.36600        4.74438   1  16
        2.36600        4.75934   1  17
        2.36600        4.83411   1  18
        2.36600        6.90968   1  19
        2.36600        6.91580   1  20
        2.36600        7.07044   1  21
        2.36600        7.07279   1  22
        2.36600        7.07528   1  23
        2.36600        8.81577   1  24
        2.36600        8.83521   1  25
        2.36600        8.83759   1  26
        2.41421       -0.89983   1   1
        2.41421        0.66667   1   2
        2.41421        0.66667   1   3
        2.41421        0.66667   1   4
        2.41421        1.07615   1   5
        2.41421        1.07615   1   6
        2.41421        1.07615   1   7
        2.41421        1.66746   1   8
        2.41421        2.19096   1   9
        2.41421        3.42424   1  10
        2.41421        3.42424   1  11
        2.41421        4.21295   1  12
        2.41421        4.21295   1  13
        2.41421        4.21295   1  14
        2.41421        4.74821   1  15
        2.41421        4.74821   1  16
        2.41421        4.74821   1  17
        2.41421        4.84471   1  18
        2.41421        6.91377   1  19
        2.41421        6.91377   1  20
        2.41421        7.08738   1  21
        2.41421        7.08738   1  22
        2.41421        7.08738   1  23
        2.41421        8.82648   1  24
        2.41421        8.82648   1  25
        2.41421        8.82648   1  26
        2.41421       -0.89983   1   1
        2.41421        0.66667   1   2
        2.41421        0.66667   1   3
        2.41421        0.66667   1   4
        2.41421        1.07615   1   5
        2.41421        1.07615   1   6
        2.41421        1.07615   1   7
        2.41421        1.66746   1   8
        2.41421        2.19096   1   9
        2.41421        3.42424   1  10
        2.41421        3.42424   1  11
        2.41421        4.21295   1  12
        2.41421        4.21295   1  13
        2.41421        4.21295   1  14
        2.41421        4.74821   1  15
        2.41421        4.74821   1  16
        2.41421        4.74821   1  17
        2.41421        4.84471   1  18
        2.41421        6.91377   1  19
        2.41421        6.91377   1  20
        2.41421        7.08738   1  21
        2.41421        7.08738   1  22
        2.41421        7.08738   1  23
        2.41421        8.82648   1  24
        2.41421        8.82648   1  25
        2.41421        8.82648   1  26
        2.46233       -0.89826   1   1
        2.46233        0.65525   1   2
        2.46233        0.66383   1   3
        2.46233        0.66383   1   4
        2.46233        1.07999   1   5
        2.46233        1.07999   1   6
        2.46233        1.08366   1   7
        2.46233        1.66857   1   8
        2.46233        2.19134   1   9
        2.46233        3.43610   1  10
        2.46233        3.43610   1  11
        2.46233        4.20919   1  12
        2.46233        4.20919   1  13
        2.46233        4.21366   1  14
        2.46233        4.73602   1  15
        2.46233        4.75157   1  16
        2.46233        4.75157   1  17
        2.46233        4.83383   1  18
        2.46233        6.91274   1  19
        2.46233        6.91274   1  20
        2.46233        7.07216   1  21
        2.46233        7.07216   1  22
        2.46233        7.07428   1  23
        2.46233        8.82301   1  24
        2.46233        8.82301   1  25
        2.46233        8.84213   1  26
        2.51044       -0.89355   1   1
        2.51044        0.62368   1   2
        2.51044        0.65571   1   3
        2.51044        0.65571   1   4
        2.51044        1.09095   1   5
        2.51044        1.09095   1   6
        2.51044        1.10351   1   7
        2.51044        1.67194   1   8
        2.51044        2.19287   1   9
        2.51044        3.45881   1  10
        2.51044        3.45881   1  11
        2.51044        4.19814   1  12
        2.51044        4.19814   1  13
        2.51044        4.21043   1  14
        2.51044        4.70519   1  15
        2.51044        4.76390   1  16
        2.51044        4.76390   1  17
        2.51044        4.80095   1  18
        2.51044        6.90678   1  19
        2.51044        6.90678   1  20
        2.51044        7.03476   1  21
        2.51044        7.03476   1  22
        2.51044        7.03768   1  23
        2.51044        8.81568   1  24
        2.51044        8.81568   1  25
        2.51044        8.87993   1  26
        2.55855       -0.88571   1   1
        2.55855        0.57749   1   2
        2.55855        0.64326   1   3
        2.55855        0.64326   1   4
        2.55855        1.10757   1   5
        2.55855        1.10757   1   6
        2.55855        1.13015   1   7
        2.55855        1.67760   1   8
        2.55855        2.19634   1   9
        2.55855        3.46162   1  10
        2.55855        3.46162   1  11
        2.55855        4.18054   1  12
        2.55855        4.18054   1  13
        2.55855        4.19142   1  14
        2.55855        4.60035   1  15
        2.55855        4.78943   1  16
        2.55855        4.78943   1  17
        2.55855        4.81665   1  18
        2.55855        6.88407   1  19
        2.55855        6.88407   1  20
        2.55855        6.98208   1  21
        2.55855        6.99865   1  22
        2.55855        6.99865   1  23
        2.55855        8.81281   1  24
        2.55855        8.81281   1  25
        2.55855        8.92149   1  26
        2.60666       -0.87475   1   1
        2.60666        0.52163   1   2
        2.60666        0.62766   1   3
        2.60666        0.62766   1   4
        2.60666        1.12809   1   5
        2.60666        1.12809   1   6
        2.60666        1.15888   1   7
        2.60666        1.68554   1   8
        2.60666        2.20256   1   9
        2.60666        3.41513   1  10
        2.60666        3.41513   1  11
        2.60666        4.14422   1  12
        2.60666        4.15888   1  13
        2.60666        4.15888   1  14
        2.60666        4.42153   1  15
        2.60666        4.82738   1  16
        2.60666        4.82738   1  17
        2.60666        4.90625   1  18
        2.60666        6.83196   1  19
        2.60666        6.83196   1  20
        2.60666        6.90969   1  21
        2.60666        6.98546   1  22
        2.60666        6.98546   1  23
        2.60666        8.82388   1  24
        2.60666        8.82388   1  25
        2.60666        8.95523   1  26
        2.65478       -0.86070   1   1
        2.65478        0.45955   1   2
        2.65478        0.61013   1   3
        2.65478        0.61013   1   4
        2.65478        1.15084   1   5
        2.65478        1.15084   1   6
        2.65478        1.18683   1   7
        2.65478        1.69569   1   8
        2.65478        2.21205   1   9
        2.65478        3.30848   1  10
        2.65478        3.30848   1  11
        2.65478        4.04601   1  12
        2.65478        4.13855   1  13
        2.65478        4.13855   1  14
        2.65478        4.24693   1  15
        2.65478        4.86875   1  16
        2.65478        4.86875   1  17
        2.65478        5.04191   1  18
        2.65478        6.75954   1  19
        2.65478        6.75954   1  20
        2.65478        6.82296   1  21
        2.65478        6.98733   1  22
        2.65478        6.98733   1  23
        2.65478        8.85315   1  24
        2.65478        8.85315   1  25
        2.65478        8.98290   1  26
        2.70289       -0.84357   1   1
        2.70289        0.39359   1   2
        2.70289        0.59173   1   3
        2.70289        0.59173   1   4
        2.70289        1.17449   1   5
        2.70289        1.17449   1   6
        2.70289        1.21255   1   7
        2.70289        1.70793   1   8
        2.70289        2.22480   1   9
        2.70289        3.15359   1  10
        2.70289        3.15359   1  11
        2.70289        3.88119   1  12
        2.70289        4.12427   1  13
        2.70289        4.12427   1  14
        2.70289        4.15684   1  15
        2.70289        4.90253   1  16
        2.70289        4.90253   1  17
        2.70289        5.19766   1  18
        2.70289        6.67838   1  19
        2.70289        6.67838   1  20
        2.70289        6.72961   1  21
        2.70289        6.98904   1  22
        2.70289        6.98904   1  23
        2.70289        8.89634   1  24
        2.70289        8.89634   1  25
        2.70289        9.01279   1  26
        2.75100       -0.82338   1   1
        2.75100        0.32541   1   2
        2.75100        0.57336   1   3
        2.75100        0.57336   1   4
        2.75100        1.19797   1   5
        2.75100        1.19797   1   6
        2.75100        1.23550   1   7
        2.75100        1.72197   1   8
        2.75100        2.24013   1   9
        2.75100        2.97998   1  10
        2.75100        2.97998   1  11
        2.75100        3.71823   1  12
        2.75100        4.11430   1  13
        2.75100        4.11430   1  14
        2.75100        4.13564   1  15
        2.75100        4.92122   1  16
        2.75100        4.92122   1  17
        2.75100        5.35286   1  18
        2.75100        6.59799   1  19
        2.75100        6.59799   1  20
        2.75100        6.64648   1  21
        2.75100        6.98076   1  22
        2.75100        6.98076   1  23
        2.75100        8.94368   1  24
        2.75100        8.94368   1  25
        2.75100        9.04662   1  26
        2.79911       -0.80014   1   1
        2.79911        0.25615   1   2
        2.79911        0.55565   1   3
        2.79911        0.55565   1   4
        2.79911        1.22029   1   5
        2.79911        1.22029   1   6
        2.79911        1.25563   1   7
        2.79911        1.73731   1   8
        2.79911        2.25706   1   9
        2.79911        2.82406   1  10
        2.79911        2.82406   1  11
        2.79911        3.59049   1  12
        2.79911        4.09930   1  13
        2.79911        4.09930   1  14
        2.79911        4.16322   1  15
        2.79911        4.92111   1  16
        2.79911        4.92111   1  17
        2.79911        5.49138   1  18
        2.79911        6.52736   1  19
        2.79911        6.52736   1  20
        2.79911        6.59961   1  21
        2.79911        6.96051   1  22
        2.79911        6.96051   1  23
        2.79911        8.98624   1  24
        2.79911        8.98624   1  25
        2.79911        9.07225   1  26
        2.84723       -0.77388   1   1
        2.84723        0.18671   1   2
        2.84723        0.53903   1   3
        2.84723        0.53903   1   4
        2.84723        1.24031   1   5
        2.84723        1.24031   1   6
        2.84723        1.27309   1   7
        2.84723        1.75325   1   8
        2.84723        2.27434   1   9
        2.84723        2.71690   1  10
        2.84723        2.71690   1  11
        2.84723        3.48540   1  12
        2.84723        4.06731   1  13
        2.84723        4.06731   1  14
        2.84723        4.22147   1  15
        2.84723        4.90431   1  16
        2.84723        4.90431   1  17
        2.84723        5.59331   1  18
        2.84723        6.46833   1  19
        2.84723        6.46833   1  20
        2.84723        6.61219   1  21
        2.84723        6.93460   1  22
        2.84723        6.93460   1  23
        2.84723        9.01890   1  24
        2.84723        9.01890   1  25
        2.84723        9.06987   1  26
        2.89534       -0.74470   1   1
        2.89534        0.11773   1   2
        2.89534        0.52371   1   3
        2.89534        0.52371   1   4
        2.89534        1.25690   1   5
        2.89534        1.25690   1   6
        2.89534        1.28799   1   7
        2.89534        1.76896   1   8
        2.89534        2.29014   1   9
        2.89534        2.67351   1  10
        2.89534        2.67351   1  11
        2.89534        3.38060   1  12
        2.89534        4.00995   1  13
        2.89534        4.00995   1  14
        2.89534        4.28224   1  15
        2.89534        4.88377   1  16
        2.89534        4.88377   1  17
        2.89534        5.64279   1  18
        2.89534        6.41003   1  19
        2.89534        6.41003   1  20
        2.89534        6.67600   1  21
        2.89534        6.91328   1  22
        2.89534        6.91328   1  23
        2.89534        9.02719   1  24
        2.89534        9.03820   1  25
        2.89534        9.03820   1  26
        2.94345       -0.71271   1   1
        2.94345        0.04975   1   2
        2.94345        0.50978   1   3
        2.94345        0.50978   1   4
        2.94345        1.26932   1   5
        2.94345        1.26932   1   6
        2.94345        1.30032   1   7
        2.94345        1.78374   1   8
        2.94345        2.30237   1   9
        2.94345        2.68833   1  10
        2.94345        2.68833   1  11
        2.94345        3.26522   1  12
        2.94345        3.92869   1  13
        2.94345        3.92869   1  14
        2.94345        4.32244   1  15
        2.94345        4.88121   1  16
        2.94345        4.88121   1  17
        2.94345        5.63633   1  18
        2.94345        6.33443   1  19
        2.94345        6.33443   1  20
        2.94345        6.74850   1  21
        2.94345        6.90369   1  22
        2.94345        6.90369   1  23
        2.94345        8.94875   1  24
        2.94345        9.03986   1  25
        2.94345        9.03986   1  26
        2.99156       -0.67809   1   1
        2.99156       -0.01672   1   2
        2.99156        0.49735   1   3
        2.99156        0.49735   1   4
        2.99156        1.27757   1   5
        2.99156        1.27757   1   6
        2.99156        1.31000   1   7
        2.99156        1.79722   1   8
        2.99156        2.31011   1   9
        2.99156        2.73840   1  10
        2.99156        2.73840   1  11
        2.99156        3.14458   1  12
        2.99156        3.83908   1  13
        2.99156        3.83908   1  14
        2.99156        4.34213   1  15
        2.99156        4.91349   1  16
        2.99156        4.91349   1  17
        2.99156        5.57261   1  18
        2.99156        6.22902   1  19
        2.99156        6.22902   1  20
        2.99156        6.79773   1  21
        2.99156        6.90642   1  22
        2.99156        6.90642   1  23
        2.99156        8.85086   1  24
        2.99156        9.02149   1  25
        2.99156        9.02149   1  26
        3.03968       -0.64103   1   1
        3.03968       -0.08122   1   2
        3.03968        0.48656   1   3
        3.03968        0.48656   1   4
        3.03968        1.28242   1   5
        3.03968        1.28242   1   6
        3.03968        1.31728   1   7
        3.03968        1.80933   1   8
        3.03968        2.31462   1   9
        3.03968        2.79616   1  10
        3.03968        2.79616   1  11
        3.03968        3.03329   1  12
        3.03968        3.76231   1  13
        3.03968        3.76231   1  14
        3.03968        4.36496   1  15
        3.03968        4.98143   1  16
        3.03968        4.98143   1  17
        3.03968        5.45617   1  18
        3.03968        6.09544   1  19
        3.03968        6.09544   1  20
        3.03968        6.83229   1  21
        3.03968        6.91755   1  22
        3.03968        6.91755   1  23
        3.03968        8.75004   1  24
        3.03968        8.98838   1  25
        3.03968        8.98838   1  26
        3.08779       -0.60190   1   1
        3.08779       -0.14308   1   2
        3.08779        0.47761   1   3
        3.08779        0.47761   1   4
        3.08779        1.28511   1   5
        3.08779        1.28511   1   6
        3.08779        1.32270   1   7
        3.08779        1.82025   1   8
        3.08779        2.31810   1   9
        3.08779        2.84678   1  10
        3.08779        2.84678   1  11
        3.08779        2.94679   1  12
        3.08779        3.70663   1  13
        3.08779        3.70663   1  14
        3.08779        4.41756   1  15
        3.08779        5.07016   1  16
        3.08779        5.07016   1  17
        3.08779        5.31008   1  18
        3.08779        5.95201   1  19
        3.08779        5.95201   1  20
        3.08779        6.88723   1  21
        3.08779        6.93035   1  22
        3.08779        6.93035   1  23
        3.08779        8.65667   1  24
        3.08779        8.95424   1  25
        3.08779        8.95424   1  26
        3.13590       -0.56141   1   1
        3.13590       -0.20139   1   2
        3.13590        0.47066   1   3
        3.13590        0.47066   1   4
        3.13590        1.28684   1   5
        3.13590        1.28684   1   6
        3.13590        1.32695   1   7
        3.13590        1.83038   1   8
        3.13590        2.32129   1   9
        3.13590        2.89277   1  10
        3.13590        2.89277   1  11
        3.13590        2.89420   1  12
        3.13590        3.66255   1  13
        3.13590        3.66255   1  14
        3.13590        4.50603   1  15
        3.13590        5.15753   1  16
        3.13590        5.15753   1  17
        3.13590        5.17152   1  18
        3.13590        5.82642   1  19
        3.13590        5.82642   1  20
        3.13590        6.93745   1  21
        3.13590        6.93745   1  22
        3.13590        6.99115   1  23
        3.13590        8.57234   1  24
        3.13590        8.93296   1  25
        3.13590        8.93296   1  26
        3.18401       -0.52133   1   1
        3.18401       -0.25423   1   2
        3.18401        0.46577   1   3
        3.18401        0.46577   1   4
        3.18401        1.28826   1   5
        3.18401        1.28826   1   6
        3.18401        1.33039   1   7
        3.18401        1.83956   1   8
        3.18401        2.32372   1   9
        3.18401        2.87288   1  10
        3.18401        2.93888   1  11
        3.18401        2.93888   1  12
        3.18401        3.61998   1  13
        3.18401        3.61998   1  14
        3.18401        4.60653   1  15
        3.18401        5.07495   1  16
        3.18401        5.22505   1  17
        3.18401        5.22505   1  18
        3.18401        5.73988   1  19
        3.18401        5.73988   1  20
        3.18401        6.93564   1  21
        3.18401        6.93564   1  22
        3.18401        7.13838   1  23
        3.18401        8.49322   1  24
        3.18401        8.92862   1  25
        3.18401        8.92862   1  26
        3.23213       -0.48667   1   1
        3.23213       -0.29654   1   2
        3.23213        0.46289   1   3
        3.23213        0.46289   1   4
        3.23213        1.28937   1   5
        3.23213        1.28937   1   6
        3.23213        1.33282   1   7
        3.23213        1.84643   1   8
        3.23213        2.32539   1   9
        3.23213        2.86950   1  10
        3.23213        2.97838   1  11
        3.23213        2.97838   1  12
        3.23213        3.58325   1  13
        3.23213        3.58325   1  14
        3.23213        4.67826   1  15
        3.23213        5.03472   1  16
        3.23213        5.26457   1  17
        3.23213        5.26457   1  18
        3.23213        5.69548   1  19
        3.23213        5.69548   1  20
        3.23213        6.92886   1  21
        3.23213        6.92886   1  22
        3.23213        7.27972   1  23
        3.23213        8.42483   1  24
        3.23213        8.93380   1  25
        3.23213        8.93380   1  26
        3.28024       -0.47095   1   1
        3.28024       -0.31481   1   2
        3.28024        0.46194   1   3
        3.28024        0.46194   1   4
        3.28024        1.28981   1   5
        3.28024        1.28981   1   6
        3.28024        1.33371   1   7
        3.28024        1.84903   1   8
        3.28024        2.32606   1   9
        3.28024        2.87020   1  10
        3.28024        2.99475   1  11
        3.28024        2.99475   1  12
        3.28024        3.56795   1  13
        3.28024        3.56795   1  14
        3.28024        4.70108   1  15
        3.28024        5.02919   1  16
        3.28024        5.27701   1  17
        3.28024        5.27701   1  18
        3.28024        5.68296   1  19
        3.28024        5.68296   1  20
        3.28024        6.92519   1  21
        3.28024        6.92519   1  22
        3.28024        7.34049   1  23
        3.28024        8.39485   1  24
        3.28024        8.93725   1  25
        3.28024        8.93725   1  26
        3.28024       -0.47095   1   1
        3.28024       -0.31481   1   2
        3.28024        0.46194   1   3
        3.28024        0.46194   1   4
        3.28024        1.28981   1   5
        3.28024        1.28981   1   6
        3.28024        1.33371   1   7
        3.28024        1.84903   1   8
        3.28024        2.32606   1   9
        3.28024        2.87020   1  10
        3.28024        2.99475   1  11
        3.28024        2.99475   1  12
        3.28024        3.56795   1  13
        3.28024        3.56795   1  14
        3.28024        4.70108   1  15
        3.28024        5.02919   1  16
        3.28024        5.27701   1  17
        3.28024        5.27701   1  18
        3.28024        5.68296   1  19
        3.28024        5.68296   1  20
        3.28024        6.92519   1  21
        3.28024        6.92519   1  22
        3.28024        7.34049   1  23
        3.28024        8.39485   1  24
        3.28024        8.93725   1  25
        3.28024        8.93725   1  26
        3.33075       -0.46941   1   1
        3.33075       -0.31319   1   2
        3.33075        0.45425   1   3
        3.33075        0.45891   1   4
        3.33075        1.28830   1   5
        3.33075        1.29506   1   6
        3.33075        1.33854   1   7
        3.33075        1.84849   1   8
        3.33075        2.31726   1   9
        3.33075        2.84077   1  10
        3.33075        2.98624   1  11
        3.33075        3.01303   1  12
        3.33075        3.56211   1  13
        3.33075        3.58301   1  14
        3.33075        4.67446   1  15
        3.33075        5.03013   1  16
        3.33075        5.27130   1  17
        3.33075        5.27633   1  18
        3.33075        5.67503   1  19
        3.33075        5.67535   1  20
        3.33075        6.91234   1  21
        3.33075        6.91649   1  22
        3.33075        7.36000   1  23
        3.33075        8.38082   1  24
        3.33075        8.92620   1  25
        3.33075        8.94270   1  26
        3.38125       -0.46480   1   1
        3.38125       -0.30836   1   2
        3.38125        0.43216   1   3
        3.38125        0.44985   1   4
        3.38125        1.28423   1   5
        3.38125        1.30563   1   6
        3.38125        1.35819   1   7
        3.38125        1.84565   1   8
        3.38125        2.29199   1   9
        3.38125        2.77361   1  10
        3.38125        2.96445   1  11
        3.38125        3.05121   1  12
        3.38125        3.55761   1  13
        3.38125        3.62859   1  14
        3.38125        4.61800   1  15
        3.38125        5.03319   1  16
        3.38125        5.25659   1  17
        3.38125        5.27307   1  18
        3.38125        5.65392   1  19
        3.38125        5.65529   1  20
        3.38125        6.88004   1  21
        3.38125        6.88971   1  22
        3.38125        7.41090   1  23
        3.38125        8.35451   1  24
        3.38125        8.89474   1  25
        3.38125        8.96267   1  26
        3.43176       -0.45717   1   1
        3.43176       -0.30035   1   2
        3.43176        0.39829   1   3
        3.43176        0.43486   1   4
        3.43176        1.27880   1   5
        3.43176        1.31511   1   6
        3.43176        1.39837   1   7
        3.43176        1.83821   1   8
        3.43176        2.25367   1   9
        3.43176        2.69212   1  10
        3.43176        2.93883   1  11
        3.43176        3.09685   1  12
        3.43176        3.58382   1  13
        3.43176        3.70222   1  14
        3.43176        4.57711   1  15
        3.43176        5.03757   1  16
        3.43176        5.23843   1  17
        3.43176        5.26430   1  18
        3.43176        5.62192   1  19
        3.43176        5.63555   1  20
        3.43176        6.84301   1  21
        3.43176        6.84528   1  22
        3.43176        7.47452   1  23
        3.43176        8.34688   1  24
        3.43176        8.84989   1  25
        3.43176        9.00377   1  26
        3.48227       -0.44655   1   1
        3.48227       -0.28923   1   2
        3.48227        0.35595   1   3
        3.48227        0.41419   1   4
        3.48227        1.27354   1   5
        3.48227        1.32516   1   6
        3.48227        1.45455   1   7
        3.48227        1.82549   1   8
        3.48227        2.20739   1   9
        3.48227        2.61421   1  10
        3.48227        2.91899   1  11
        3.48227        3.14701   1  12
        3.48227        3.66098   1  13
        3.48227        3.79425   1  14
        3.48227        4.57747   1  15
        3.48227        5.03903   1  16
        3.48227        5.22232   1  17
        3.48227        5.24868   1  18
        3.48227        5.58185   1  19
        3.48227        5.62724   1  20
        3.48227        6.78555   1  21
        3.48227        6.81555   1  22
        3.48227        7.53479   1  23
        3.48227        8.36983   1  24
        3.48227        8.80302   1  25
        3.48227        9.06494   1  26
        3.53278       -0.43299   1   1
        3.53278       -0.27513   1   2
        3.53278        0.30835   1   3
        3.53278        0.38821   1   4
        3.53278        1.27033   1   5
        3.53278        1.33764   1   6
        3.53278        1.51872   1   7
        3.53278        1.80895   1   8
        3.53278        2.15849   1   9
        3.53278        2.55281   1  10
        3.53278        2.90911   1  11
        3.53278        3.20292   1  12
        3.53278        3.78183   1  13
        3.53278        3.88933   1  14
        3.53278        4.60619   1  15
        3.53278        5.03050   1  16
        3.53278        5.21220   1  17
        3.53278        5.22910   1  18
        3.53278        5.53457   1  19
        3.53278        5.62965   1  20
        3.53278        6.71264   1  21
        3.53278        6.80248   1  22
        3.53278        7.59175   1  23
        3.53278        8.40012   1  24
        3.53278        8.76158   1  25
        3.53278        9.12697   1  26
        3.58328       -0.41650   1   1
        3.58328       -0.25828   1   2
        3.58328        0.25805   1   3
        3.58328        0.35746   1   4
        3.58328        1.27145   1   5
        3.58328        1.35231   1   6
        3.58328        1.58205   1   7
        3.58328        1.79021   1   8
        3.58328        2.11156   1   9
        3.58328        2.51029   1  10
        3.58328        2.90681   1  11
        3.58328        3.26151   1  12
        3.58328        3.91920   1  13
        3.58328        3.97222   1  14
        3.58328        4.62383   1  15
        3.58328        5.00719   1  16
        3.58328        5.20785   1  17
        3.58328        5.20958   1  18
        3.58328        5.48431   1  19
        3.58328        5.62852   1  20
        3.58328        6.62899   1  21
        3.58328        6.79402   1  22
        3.58328        7.66167   1  23
        3.58328        8.39648   1  24
        3.58328        8.72376   1  25
        3.58328        9.16085   1  26
        3.63379       -0.39713   1   1
        3.63379       -0.23902   1   2
        3.63379        0.20711   1   3
        3.63379        0.32269   1   4
        3.63379        1.27896   1   5
        3.63379        1.36801   1   6
        3.63379        1.63519   1   7
        3.63379        1.76934   1   8
        3.63379        2.07117   1   9
        3.63379        2.48045   1  10
        3.63379        2.90780   1  11
        3.63379        3.30988   1  12
        3.63379        4.03298   1  13
        3.63379        4.03658   1  14
        3.63379        4.60459   1  15
        3.63379        4.97131   1  16
        3.63379        5.17797   1  17
        3.63379        5.20875   1  18
        3.63379        5.44506   1  19
        3.63379        5.60920   1  20
        3.63379        6.53858   1  21
        3.63379        6.77234   1  22
        3.63379        7.76176   1  23
        3.63379        8.32682   1  24
        3.63379        8.68319   1  25
        3.63379        9.15845   1  26
        3.68430       -0.37495   1   1
        3.68430       -0.21795   1   2
        3.68430        0.15721   1   3
        3.68430        0.28477   1   4
        3.68430        1.29365   1   5
        3.68430        1.38384   1   6
        3.68430        1.66930   1   7
        3.68430        1.74556   1   8
        3.68430        2.04354   1   9
        3.68430        2.45505   1  10
        3.68430        2.91188   1  11
        3.68430        3.32995   1  12
        3.68430        4.07158   1  13
        3.68430        4.09811   1  14
        3.68430        4.56802   1  15
        3.68430        4.92996   1  16
        3.68430        5.12946   1  17
        3.68430        5.19417   1  18
        3.68430        5.43303   1  19
        3.68430        5.57983   1  20
        3.68430        6.44346   1  21
        3.68430        6.72587   1  22
        3.68430        7.89277   1  23
        3.68430        8.19995   1  24
        3.68430        8.63544   1  25
        3.68430        9.13731   1  26
        3.73481       -0.35008   1   1
        3.73481       -0.19612   1   2
        3.73481        0.11019   1   3
        3.73481        0.24470   1   4
        3.73481        1.31482   1   5
        3.73481        1.39982   1   6
        3.73481        1.67785   1   7
        3.73481        1.71852   1   8
        3.73481        2.03664   1   9
        3.73481        2.42893   1  10
        3.73481        2.92526   1  11
        3.73481        3.31160   1  12
        3.73481        4.09952   1  13
        3.73481        4.10047   1  14
        3.73481        4.54447   1  15
        3.73481        4.88902   1  16
        3.73481        5.06898   1  17
        3.73481        5.15296   1  18
        3.73481        5.44698   1  19
        3.73481        5.57830   1  20
        3.73481        6.34300   1  21
        3.73481        6.65742   1  22
        3.73481        8.02973   1  23
        3.73481        8.07783   1  24
        3.73481        8.58617   1  25
        3.73481        9.10788   1  26
        3.78532       -0.32271   1   1
        3.78532       -0.17567   1   2
        3.78532        0.06871   1   3
        3.78532        0.20358   1   4
        3.78532        1.34076   1   5
        3.78532        1.41660   1   6
        3.78532        1.66166   1   7
        3.78532        1.68880   1   8
        3.78532        2.05508   1   9
        3.78532        2.40079   1  10
        3.78532        2.95728   1  11
        3.78532        3.26879   1  12
        3.78532        4.08852   1  13
        3.78532        4.13504   1  14
        3.78532        4.52888   1  15
        3.78532        4.84836   1  16
        3.78532        5.01178   1  17
        3.78532        5.09536   1  18
        3.78532        5.47569   1  19
        3.78532        5.63384   1  20
        3.78532        6.23771   1  21
        3.78532        6.57961   1  22
        3.78532        8.02480   1  23
        3.78532        8.12598   1  24
        3.78532        8.56386   1  25
        3.78532        9.06596   1  26
        3.83582       -0.29313   1   1
        3.83582       -0.16092   1   2
        3.83582        0.03740   1   3
        3.83582        0.16247   1   4
        3.83582        1.36945   1   5
        3.83582        1.43437   1   6
        3.83582        1.63069   1   7
        3.83582        1.65762   1   8
        3.83582        2.09537   1   9
        3.83582        2.37108   1  10
        3.83582        3.01349   1  11
        3.83582        3.23293   1  12
        3.83582        4.10068   1  13
        3.83582        4.18931   1  14
        3.83582        4.51520   1  15
        3.83582        4.80134   1  16
        3.83582        4.96470   1  17
        3.83582        5.04207   1  18
        3.83582        5.51421   1  19
        3.83582        5.74212   1  20
        3.83582        6.12898   1  21
        3.83582        6.50305   1  22
        3.83582        8.05168   1  23
        3.83582        8.15700   1  24
        3.83582        8.59443   1  25
        3.83582        9.00773   1  26
        3.88633       -0.26185   1   1
        3.88633       -0.15876   1   2
        3.88633        0.02332   1   3
        3.88633        0.12259   1   4
        3.88633        1.39893   1   5
        3.88633        1.45093   1   6
        3.88633        1.59819   1   7
        3.88633        1.62679   1   8
        3.88633        2.14891   1   9
        3.88633        2.33936   1  10
        3.88633        3.08810   1  11
        3.88633        3.22195   1  12
        3.88633        4.14711   1  13
        3.88633        4.25134   1  14
        3.88633        4.51232   1  15
        3.88633        4.73972   1  16
        3.88633        4.92989   1  17
        3.88633        4.99863   1  18
        3.88633        5.56578   1  19
        3.88633        5.86971   1  20
        3.88633        6.02990   1  21
        3.88633        6.42715   1  22
        3.88633        8.11721   1  23
        3.88633        8.16413   1  24
        3.88633        8.65303   1  25
        3.88633        8.93715   1  26
        3.93684       -0.22980   1   1
        3.93684       -0.17300   1   2
        3.93684        0.03022   1   3
        3.93684        0.08539   1   4
        3.93684        1.42707   1   5
        3.93684        1.45904   1   6
        3.93684        1.57761   1   7
        3.93684        1.59899   1   8
        3.93684        2.20613   1   9
        3.93684        2.30305   1  10
        3.93684        3.16152   1  11
        3.93684        3.22380   1  12
        3.93684        4.21639   1  13
        3.93684        4.28882   1  14
        3.93684        4.53129   1  15
        3.93684        4.66187   1  16
        3.93684        4.91616   1  17
        3.93684        4.96124   1  18
        3.93684        5.63913   1  19
        3.93684        5.85045   1  20
        3.93684        6.08430   1  21
        3.93684        6.33863   1  22
        3.93684        8.17051   1  23
        3.93684        8.17853   1  24
        3.93684        8.71742   1  25
        3.93684        8.86179   1  26
        3.98735       -0.19888   1   1
        3.98735       -0.19888   1   2
        3.98735        0.05319   1   3
        3.98735        0.05319   1   4
        3.98735        1.44986   1   5
        3.98735        1.44986   1   6
        3.98735        1.57938   1   7
        3.98735        1.57938   1   8
        3.98735        2.25887   1   9
        3.98735        2.25887   1  10
        3.98735        3.20963   1  11
        3.98735        3.20963   1  12
        3.98735        4.27520   1  13
        3.98735        4.27520   1  14
        3.98735        4.58334   1  15
        3.98735        4.58334   1  16
        3.98735        4.93011   1  17
        3.98735        4.93011   1  18
        3.98735        5.73865   1  19
        3.98735        5.73865   1  20
        3.98735        6.22277   1  21
        3.98735        6.22277   1  22
        3.98735        8.18828   1  23
        3.98735        8.18828   1  24
        3.98735        8.78721   1  25
        3.98735        8.78721   1  26
        3.98735       -0.19888   1   1
        3.98735       -0.19888   1   2
        3.98735        0.05319   1   3
        3.98735        0.05319   1   4
        3.98735        1.44986   1   5
        3.98735        1.44986   1   6
        3.98735        1.57938   1   7
        3.98735        1.57938   1   8
        3.98735        2.25887   1   9
        3.98735        2.25887   1  10
        3.98735        3.20963   1  11
        3.98735        3.20963   1  12
        3.98735        4.27520   1  13
        3.98735        4.27520   1  14
        3.98735        4.58334   1  15
        3.98735        4.58334   1  16
        3.98735        4.93011   1  17
        3.98735        4.93011   1  18
        3.98735        5.73865   1  19
        3.98735        5.73865   1  20
        3.98735        6.22277   1  21
        3.98735        6.22277   1  22
        3.98735        8.18828   1  23
        3.98735        8.18828   1  24
        3.98735        8.78721   1  25
        3.98735        8.78721   1  26
        4.03735       -0.20102   1   1
        4.03735       -0.20102   1   2
        4.03735        0.05723   1   3
        4.03735        0.05723   1   4
        4.03735        1.41514   1   5
        4.03735        1.41514   1   6
        4.03735        1.61333   1   7
        4.03735        1.61333   1   8
        4.03735        2.26041   1   9
        4.03735        2.26041   1  10
        4.03735        3.19958   1  11
        4.03735        3.19958   1  12
        4.03735        4.28374   1  13
        4.03735        4.28374   1  14
        4.03735        4.58337   1  15
        4.03735        4.58337   1  16
        4.03735        4.93221   1  17
        4.03735        4.93221   1  18
        4.03735        5.74206   1  19
        4.03735        5.74206   1  20
        4.03735        6.22307   1  21
        4.03735        6.22307   1  22
        4.03735        8.14754   1  23
        4.03735        8.14754   1  24
        4.03735        8.83740   1  25
        4.03735        8.83740   1  26
        4.08735       -0.20690   1   1
        4.08735       -0.20690   1   2
        4.08735        0.06865   1   3
        4.08735        0.06865   1   4
        4.08735        1.35310   1   5
        4.08735        1.35310   1   6
        4.08735        1.67255   1   7
        4.08735        1.67255   1   8
        4.08735        2.26602   1   9
        4.08735        2.26602   1  10
        4.08735        3.17772   1  11
        4.08735        3.17772   1  12
        4.08735        4.31978   1  13
        4.08735        4.31978   1  14
        4.08735        4.58814   1  15
        4.08735        4.58814   1  16
        4.08735        4.93758   1  17
        4.08735        4.93758   1  18
        4.08735        5.75028   1  19
        4.08735        5.75028   1  20
        4.08735        6.22159   1  21
        4.08735        6.22159   1  22
        4.08735        8.04933   1  23
        4.08735        8.04933   1  24
        4.08735        8.95695   1  25
        4.08735        8.95695   1  26
        4.13735       -0.21527   1   1
        4.13735       -0.21527   1   2
        4.13735        0.08578   1   3
        4.13735        0.08578   1   4
        4.13735        1.28993   1   5
        4.13735        1.28993   1   6
        4.13735        1.72961   1   7
        4.13735        1.72961   1   8
        4.13735        2.27768   1   9
        4.13735        2.27768   1  10
        4.13735        3.16144   1  11
        4.13735        3.16144   1  12
        4.13735        4.39434   1  13
        4.13735        4.39434   1  14
        4.13735        4.61066   1  15
        4.13735        4.61066   1  16
        4.13735        4.94271   1  17
        4.13735        4.94271   1  18
        4.13735        5.75599   1  19
        4.13735        5.75599   1  20
        4.13735        6.21925   1  21
        4.13735        6.21925   1  22
        4.13735        7.92559   1  23
        4.13735        7.92559   1  24
        4.13735        9.09258   1  25
        4.13735        9.09258   1  26
        4.18735       -0.22476   1   1
        4.18735       -0.22476   1   2
        4.18735        0.10663   1   3
        4.18735        0.10663   1   4
        4.18735        1.23060   1   5
        4.18735        1.23060   1   6
        4.18735        1.77829   1   7
        4.18735        1.77829   1   8
        4.18735        2.29591   1   9
        4.18735        2.29591   1  10
        4.18735        3.16239   1  11
        4.18735        3.16239   1  12
        4.18735        4.49815   1  13
        4.18735        4.49815   1  14
        4.18735        4.65731   1  15
        4.18735        4.65731   1  16
        4.18735        4.94182   1  17
        4.18735        4.94182   1  18
        4.18735        5.75403   1  19
        4.18735        5.75403   1  20
        4.18735        6.22103   1  21
        4.18735        6.22103   1  22
        4.18735        7.78694   1  23
        4.18735        7.78694   1  24
        4.18735        9.20704   1  25
        4.18735        9.20704   1  26
        4.23735       -0.23427   1   1
        4.23735       -0.23427   1   2
        4.23735        0.12931   1   3
        4.23735        0.12931   1   4
        4.23735        1.17581   1   5
        4.23735        1.17581   1   6
        4.23735        1.81762   1   7
        4.23735        1.81762   1   8
        4.23735        2.31874   1   9
        4.23735        2.31874   1  10
        4.23735        3.17927   1  11
        4.23735        3.17927   1  12
        4.23735        4.60595   1  13
        4.23735        4.60595   1  14
        4.23735        4.71466   1  15
        4.23735        4.71466   1  16
        4.23735        4.93246   1  17
        4.23735        4.93246   1  18
        4.23735        5.74657   1  19
        4.23735        5.74657   1  20
        4.23735        6.22946   1  21
        4.23735        6.22946   1  22
        4.23735        7.63194   1  23
        4.23735        7.63194   1  24
        4.23735        9.29079   1  25
        4.23735        9.29079   1  26
        4.28735       -0.24295   1   1
        4.28735       -0.24295   1   2
        4.28735        0.15202   1   3
        4.28735        0.15202   1   4
        4.28735        1.12609   1   5
        4.28735        1.12609   1   6
        4.28735        1.84843   1   7
        4.28735        1.84843   1   8
        4.28735        2.34332   1   9
        4.28735        2.34332   1  10
        4.28735        3.20300   1  11
        4.28735        3.20300   1  12
        4.28735        4.69323   1  13
        4.28735        4.69323   1  14
        4.28735        4.75337   1  15
        4.28735        4.75337   1  16
        4.28735        4.92197   1  17
        4.28735        4.92197   1  18
        4.28735        5.73955   1  19
        4.28735        5.73955   1  20
        4.28735        6.24218   1  21
        4.28735        6.24218   1  22
        4.28735        7.47031   1  23
        4.28735        7.47031   1  24
        4.28735        9.35588   1  25
        4.28735        9.35588   1  26
        4.33735       -0.25021   1   1
        4.33735       -0.25021   1   2
        4.33735        0.17286   1   3
        4.33735        0.17286   1   4
        4.33735        1.08329   1   5
        4.33735        1.08329   1   6
        4.33735        1.87174   1   7
        4.33735        1.87174   1   8
        4.33735        2.36768   1   9
        4.33735        2.36768   1  10
        4.33735        3.22527   1  11
        4.33735        3.22527   1  12
        4.33735        4.74473   1  13
        4.33735        4.74473   1  14
        4.33735        4.76125   1  15
        4.33735        4.76125   1  16
        4.33735        4.91768   1  17
        4.33735        4.91768   1  18
        4.33735        5.73794   1  19
        4.33735        5.73794   1  20
        4.33735        6.24987   1  21
        4.33735        6.24987   1  22
        4.33735        7.33052   1  23
        4.33735        7.33052   1  24
        4.33735        9.41705   1  25
        4.33735        9.41705   1  26
        4.38735       -0.25563   1   1
        4.38735       -0.25563   1   2
        4.38735        0.18980   1   3
        4.38735        0.18980   1   4
        4.38735        1.05020   1   5
        4.38735        1.05020   1   6
        4.38735        1.88826   1   7
        4.38735        1.88826   1   8
        4.38735        2.38983   1   9
        4.38735        2.38983   1  10
        4.38735        3.24239   1  11
        4.38735        3.24239   1  12
        4.38735        4.75289   1  13
        4.38735        4.75289   1  14
        4.38735        4.76781   1  15
        4.38735        4.76781   1  16
        4.38735        4.91346   1  17
        4.38735        4.91346   1  18
        4.38735        5.74184   1  19
        4.38735        5.74184   1  20
        4.38735        6.24536   1  21
        4.38735        6.24536   1  22
        4.38735        7.23685   1  23
        4.38735        7.23685   1  24
        4.38735        9.47531   1  25
        4.38735        9.47531   1  26
        4.43735       -0.25896   1   1
        4.43735       -0.25896   1   2
        4.43735        0.20092   1   3
        4.43735        0.20092   1   4
        4.43735        1.02940   1   5
        4.43735        1.02940   1   6
        4.43735        1.89822   1   7
        4.43735        1.89822   1   8
        4.43735        2.40611   1   9
        4.43735        2.40611   1  10
        4.43735        3.25344   1  11
        4.43735        3.25344   1  12
        4.43735        4.74495   1  13
        4.43735        4.74495   1  14
        4.43735        4.78178   1  15
        4.43735        4.78178   1  16
        4.43735        4.90251   1  17
        4.43735        4.90251   1  18
        4.43735        5.74643   1  19
        4.43735        5.74643   1  20
        4.43735        6.23472   1  21
        4.43735        6.23472   1  22
        4.43735        7.19042   1  23
        4.43735        7.19042   1  24
        4.43735        9.51808   1  25
        4.43735        9.51808   1  26
        4.48735       -0.26008   1   1
        4.48735       -0.26008   1   2
        4.48735        0.20480   1   3
        4.48735        0.20480   1   4
        4.48735        1.02233   1   5
        4.48735        1.02233   1   6
        4.48735        1.90156   1   7
        4.48735        1.90156   1   8
        4.48735        2.41219   1   9
        4.48735        2.41219   1  10
        4.48735        3.25739   1  11
        4.48735        3.25739   1  12
        4.48735        4.74159   1  13
        4.48735        4.74159   1  14
        4.48735        4.78996   1  15
        4.48735        4.78996   1  16
        4.48735        4.89475   1  17
        4.48735        4.89475   1  18
        4.48735        5.74807   1  19
        4.48735        5.74807   1  20
        4.48735        6.22951   1  21
        4.48735        6.22951   1  22
        4.48735        7.17765   1  23
        4.48735        7.17765   1  24
        4.48735        9.53353   1  25
        4.48735        9.53353   1  26
