 0.000000 -0.798611 1 1
 0.000000  0.141390 1 2
 0.000000  0.141390 1 3
 0.000000  0.141390 1 4
 0.000000  0.163328 1 5
 0.000000  0.412147 1 6
 0.000000  0.412147 1 7
 0.000000  0.412147 1 8
 0.000000  1.009167 1 9
 0.000000  1.009167 1 10
 0.000000  1.648282 1 11
 0.000000  1.648282 1 12
 0.000000  1.648282 1 13
 0.000000  2.618487 1 14
 0.000000  2.618487 1 15
 0.000000  2.656722 1 16
 0.000000  2.656722 1 17
 0.000000  2.656722 1 18
 0.047619 -0.797919 1 1
 0.047619  0.119015 1 2
 0.047619  0.138779 1 3
 0.047619  0.139040 1 4
 0.047619  0.185903 1 5
 0.047619  0.409623 1 6
 0.047619  0.415729 1 7
 0.047619  0.415750 1 8
 0.047619  0.995824 1 9
 0.047619  1.010148 1 10
 0.047619  1.647532 1 11
 0.047619  1.648476 1 12
 0.047619  1.650323 1 13
 0.047619  2.595747 1 14
 0.047619  2.615205 1 15
 0.047619  2.656204 1 16
 0.047619  2.656640 1 17
 0.047619  2.670841 1 18
 0.095238 -0.795875 1 1
 0.095238  0.088599 1 2
 0.095238  0.131828 1 3
 0.095238  0.132205 1 4
 0.095238  0.216683 1 5
 0.095238  0.402374 1 6
 0.095238  0.425683 1 7
 0.095238  0.425774 1 8
 0.095238  0.957862 1 9
 0.095238  1.014032 1 10
 0.095238  1.647407 1 11
 0.095238  1.648176 1 12
 0.095238  1.658991 1 13
 0.095238  2.556389 1 14
 0.095238  2.606792 1 15
 0.095238  2.655452 1 16
 0.095238  2.656540 1 17
 0.095238  2.687679 1 18
 0.142857 -0.792548 1 1
 0.142857  0.057711 1 2
 0.142857  0.121760 1 3
 0.142857  0.122087 1 4
 0.142857  0.247362 1 5
 0.142857  0.391400 1 6
 0.142857  0.440251 1 7
 0.142857  0.440419 1 8
 0.142857  0.901906 1 9
 0.142857  1.023073 1 10
 0.142857  1.648360 1 11
 0.142857  1.649537 1 12
 0.142857  1.678807 1 13
 0.142857  2.514542 1 14
 0.142857  2.596385 1 15
 0.142857  2.655392 1 16
 0.142857  2.657340 1 17
 0.142857  2.700299 1 18
 0.190476 -0.788015 1 1
 0.190476  0.026796 1 2
 0.190476  0.109664 1 3
 0.190476  0.109850 1 4
 0.190476  0.276165 1 5
 0.190476  0.378409 1 6
 0.190476  0.457818 1 7
 0.190476  0.457985 1 8
 0.190476  0.838545 1 9
 0.190476  1.039311 1 10
 0.190476  1.649819 1 11
 0.190476  1.654650 1 12
 0.190476  1.710668 1 13
 0.190476  2.473048 1 14
 0.190476  2.586372 1 15
 0.190476  2.656887 1 16
 0.190476  2.659445 1 17
 0.190476  2.711206 1 18
 0.238095 -0.782314 1 1
 0.238095 -0.003960 1 2
 0.238095  0.096228 1 3
 0.238095  0.096257 1 4
 0.238095  0.300780 1 5
 0.238095  0.365922 1 6
 0.238095  0.477560 1 7
 0.238095  0.477599 1 8
 0.238095  0.779055 1 9
 0.238095  1.062891 1 10
 0.238095  1.652256 1 11
 0.238095  1.661744 1 12
 0.238095  1.749724 1 13
 0.238095  2.430691 1 14
 0.238095  2.576667 1 15
 0.238095  2.660838 1 16
 0.238095  2.662887 1 17
 0.238095  2.721829 1 18
 0.285714 -0.775437 1 1
 0.285714 -0.034378 1 2
 0.285714  0.081773 1 3
 0.285714  0.081895 1 4
 0.285714  0.316561 1 5
 0.285714  0.358706 1 6
 0.285714  0.499223 1 7
 0.285714  0.499398 1 8
 0.285714  0.731485 1 9
 0.285714  1.091487 1 10
 0.285714  1.654448 1 11
 0.285714  1.668412 1 12
 0.285714  1.788099 1 13
 0.285714  2.384942 1 14
 0.285714  2.564877 1 15
 0.285714  2.668344 1 16
 0.285714  2.668518 1 17
 0.285714  2.731490 1 18
 0.333333 -0.767358 1 1
 0.333333 -0.064333 1 2
 0.333333  0.066802 1 3
 0.333333  0.067053 1 4
 0.333333  0.317189 1 5
 0.333333  0.362947 1 6
 0.333333  0.523174 1 7
 0.333333  0.523546 1 8
 0.333333  0.698909 1 9
 0.333333  1.121706 1 10
 0.333333  1.655155 1 11
 0.333333  1.671960 1 12
 0.333333  1.819632 1 13
 0.333333  2.334922 1 14
 0.333333  2.547970 1 15
 0.333333  2.677522 1 16
 0.333333  2.680940 1 17
 0.333333  2.738952 1 18
 0.380952 -0.758092 1 1
 0.380952 -0.093770 1 2
 0.380952  0.051792 1 3
 0.380952  0.052111 1 4
 0.380952  0.308454 1 5
 0.380952  0.372136 1 6
 0.380952  0.549546 1 7
 0.380952  0.549996 1 8
 0.380952  0.680956 1 9
 0.380952  1.151560 1 10
 0.380952  1.653661 1 11
 0.380952  1.670529 1 12
 0.380952  1.842638 1 13
 0.380952  2.282957 1 14
 0.380952  2.524249 1 15
 0.380952  2.691848 1 16
 0.380952  2.697394 1 17
 0.380952  2.744003 1 18
 0.428571 -0.747720 1 1
 0.428571 -0.122724 1 2
 0.428571  0.037161 1 3
 0.428571  0.037437 1 4
 0.428571  0.297328 1 5
 0.428571  0.377865 1 6
 0.428571  0.578051 1 7
 0.428571  0.578419 1 8
 0.428571  0.676873 1 9
 0.428571  1.182039 1 10
 0.428571  1.649541 1 11
 0.428571  1.663641 1 12
 0.428571  1.858672 1 13
 0.428571  2.234278 1 14
 0.428571  2.494472 1 15
 0.428571  2.710561 1 16
 0.428571  2.714866 1 17
 0.428571  2.747467 1 18
 0.476190 -0.736375 1 1
 0.476190 -0.151234 1 2
 0.476190  0.023206 1 3
 0.476190  0.023323 1 4
 0.476190  0.285849 1 5
 0.476190  0.376921 1 6
 0.476190  0.608232 1 7
 0.476190  0.608403 1 8
 0.476190  0.686832 1 9
 0.476190  1.216174 1 10
 0.476190  1.642284 1 11
 0.476190  1.651981 1 12
 0.476190  1.868010 1 13
 0.476190  2.196360 1 14
 0.476190  2.461555 1 15
 0.476190  2.729580 1 16
 0.476190  2.730407 1 17
 0.476190  2.749778 1 18
 0.523810 -0.724199 1 1
 0.523810 -0.179249 1 2
 0.523810  0.010012 1 3
 0.523810  0.010105 1 4
 0.523810  0.274932 1 5
 0.523810  0.369207 1 6
 0.523810  0.639701 1 7
 0.523810  0.639737 1 8
 0.523810  0.710270 1 9
 0.523810  1.256061 1 10
 0.523810  1.631274 1 11
 0.523810  1.636790 1 12
 0.523810  1.866201 1 13
 0.523810  2.177661 1 14
 0.523810  2.429054 1 15
 0.523810  2.739902 1 16
 0.523810  2.747586 1 17
 0.523810  2.749853 1 18
 0.571429 -0.711319 1 1
 0.571429 -0.206588 1 2
 0.571429 -0.002277 1 3
 0.571429 -0.002018 1 4
 0.571429  0.265287 1 5
 0.571429  0.356863 1 6
 0.571429  0.672160 1 7
 0.571429  0.672293 1 8
 0.571429  0.744729 1 9
 0.571429  1.300289 1 10
 0.571429  1.616001 1 11
 0.571429  1.619231 1 12
 0.571429  1.848442 1 13
 0.571429  2.181799 1 14
 0.571429  2.399134 1 15
 0.571429  2.745493 1 16
 0.571429  2.747971 1 17
 0.571429  2.760294 1 18
 0.619048 -0.697865 1 1
 0.619048 -0.232995 1 2
 0.619048 -0.013368 1 3
 0.619048 -0.013056 1 4
 0.619048  0.257254 1 5
 0.619048  0.342412 1 6
 0.619048  0.705388 1 7
 0.619048  0.705435 1 8
 0.619048  0.787249 1 9
 0.619048  1.344317 1 10
 0.619048  1.596365 1 11
 0.619048  1.599841 1 12
 0.619048  1.817202 1 13
 0.619048  2.202271 1 14
 0.619048  2.370999 1 15
 0.619048  2.734628 1 16
 0.619048  2.757870 1 17
 0.619048  2.769629 1 18
 0.666667 -0.684021 1 1
 0.666667 -0.258207 1 2
 0.666667 -0.023172 1 3
 0.666667 -0.022926 1 4
 0.666667  0.250654 1 5
 0.666667  0.327541 1 6
 0.666667  0.738371 1 7
 0.666667  0.738594 1 8
 0.666667  0.836116 1 9
 0.666667  1.383862 1 10
 0.666667  1.572968 1 11
 0.666667  1.578431 1 12
 0.666667  1.778795 1 13
 0.666667  2.230096 1 14
 0.666667  2.341033 1 15
 0.666667  2.715994 1 16
 0.666667  2.771497 1 17
 0.666667  2.778162 1 18
 0.714286 -0.670061 1 1
 0.714286 -0.281970 1 2
 0.714286 -0.031697 1 3
 0.714286 -0.031592 1 4
 0.714286  0.245043 1 5
 0.714286  0.313150 1 6
 0.714286  0.770324 1 7
 0.714286  0.770978 1 8
 0.714286  0.891112 1 9
 0.714286  1.418226 1 10
 0.714286  1.547151 1 11
 0.714286  1.554714 1 12
 0.714286  1.736587 1 13
 0.714286  2.262980 1 14
 0.714286  2.305362 1 15
 0.714286  2.689620 1 16
 0.714286  2.786126 1 17
 0.714286  2.787500 1 18
 0.761905 -0.656378 1 1
 0.761905 -0.303969 1 2
 0.761905 -0.039035 1 3
 0.761905 -0.038983 1 4
 0.761905  0.240240 1 5
 0.761905  0.299782 1 6
 0.761905  0.801126 1 7
 0.761905  0.802322 1 8
 0.761905  0.952380 1 9
 0.761905  1.450379 1 10
 0.761905  1.520696 1 11
 0.761905  1.529113 1 12
 0.761905  1.690018 1 13
 0.761905  2.263495 1 14
 0.761905  2.304399 1 15
 0.761905  2.658165 1 16
 0.761905  2.796324 1 17
 0.761905  2.797023 1 18
 0.809524 -0.643473 1 1
 0.809524 -0.323755 1 2
 0.809524 -0.045217 1 3
 0.809524 -0.045044 1 4
 0.809524  0.236644 1 5
 0.809524  0.287763 1 6
 0.809524  0.831294 1 7
 0.809524  0.832993 1 8
 0.809524  1.019019 1 9
 0.809524  1.483558 1 10
 0.809524  1.495375 1 11
 0.809524  1.502949 1 12
 0.809524  1.637331 1 13
 0.809524  2.220129 1 14
 0.809524  2.356546 1 15
 0.809524  2.627682 1 16
 0.809524  2.798621 1 17
 0.809524  2.804574 1 18
 0.857143 -0.631999 1 1
 0.857143 -0.340653 1 2
 0.857143 -0.050069 1 3
 0.857143 -0.049839 1 4
 0.857143  0.235045 1 5
 0.857143  0.277141 1 6
 0.857143  0.860920 1 7
 0.857143  0.862849 1 8
 0.857143  1.088170 1 9
 0.857143  1.472724 1 10
 0.857143  1.478220 1 11
 0.857143  1.517221 1 12
 0.857143  1.578915 1 13
 0.857143  2.183352 1 14
 0.857143  2.414292 1 15
 0.857143  2.605811 1 16
 0.857143  2.794573 1 17
 0.857143  2.807975 1 18
 0.904762 -0.622770 1 1
 0.904762 -0.353791 1 2
 0.904762 -0.053525 1 3
 0.904762 -0.053315 1 4
 0.904762  0.236019 1 5
 0.904762  0.267768 1 6
 0.904762  0.888082 1 7
 0.904762  0.889782 1 8
 0.904762  1.154878 1 9
 0.904762  1.454210 1 10
 0.904762  1.457346 1 11
 0.904762  1.518911 1 12
 0.904762  1.546519 1 13
 0.904762  2.159540 1 14
 0.904762  2.465359 1 15
 0.904762  2.597596 1 16
 0.904762  2.789558 1 17
 0.904762  2.806225 1 18
 0.952381 -0.616698 1 1
 0.952381 -0.362212 1 2
 0.952381 -0.055559 1 3
 0.952381 -0.055435 1 4
 0.952381  0.239171 1 5
 0.952381  0.259885 1 6
 0.952381  0.908263 1 7
 0.952381  0.909261 1 8
 0.952381  1.210320 1 9
 0.952381  1.441735 1 10
 0.952381  1.443013 1 11
 0.952381  1.466771 1 12
 0.952381  1.565953 1 13
 0.952381  2.148773 1 14
 0.952381  2.497709 1 15
 0.952381  2.600611 1 16
 0.952381  2.788605 1 17
 0.952381  2.800238 1 18
 1.000000 -0.614568 1 1
 1.000000 -0.365125 1 2
 1.000000 -0.056187 1 3
 1.000000 -0.056187 1 4
 1.000000  0.241572 1 5
 1.000000  0.255983 1 6
 1.000000  0.916165 1 7
 1.000000  0.916165 1 8
 1.000000  1.234837 1 9
 1.000000  1.437557 1 10
 1.000000  1.437557 1 11
 1.000000  1.443195 1 12
 1.000000  1.572640 1 13
 1.000000  2.146173 1 14
 1.000000  2.508113 1 15
 1.000000  2.603944 1 16
 1.000000  2.793019 1 17
 1.000000  2.793019 1 18
 1.000000 -0.614568 1 1
 1.000000 -0.365125 1 2
 1.000000 -0.056187 1 3
 1.000000 -0.056187 1 4
 1.000000  0.241572 1 5
 1.000000  0.255983 1 6
 1.000000  0.916165 1 7
 1.000000  0.916165 1 8
 1.000000  1.234837 1 9
 1.000000  1.437557 1 10
 1.000000  1.437557 1 11
 1.000000  1.443195 1 12
 1.000000  1.572640 1 13
 1.000000  2.146173 1 14
 1.000000  2.508113 1 15
 1.000000  2.603944 1 16
 1.000000  2.793019 1 17
 1.000000  2.793019 1 18
 1.058926 -0.614437 1 1
 1.058926 -0.364710 1 2
 1.058926 -0.061532 1 3
 1.058926 -0.055286 1 4
 1.058926  0.245547 1 5
 1.058926  0.261592 1 6
 1.058926  0.904544 1 7
 1.058926  0.908306 1 8
 1.058926  1.220352 1 9
 1.058926  1.394089 1 10
 1.058926  1.425711 1 11
 1.058926  1.502018 1 12
 1.058926  1.582381 1 13
 1.058926  2.146585 1 14
 1.058926  2.503797 1 15
 1.058926  2.591725 1 16
 1.058926  2.791172 1 17
 1.058926  2.793755 1 18
 1.117851 -0.614115 1 1
 1.117851 -0.363515 1 2
 1.117851 -0.075933 1 3
 1.117851 -0.052598 1 4
 1.117851  0.251114 1 5
 1.117851  0.284018 1 6
 1.117851  0.874538 1 7
 1.117851  0.886383 1 8
 1.117851  1.168474 1 9
 1.117851  1.382016 1 10
 1.117851  1.395879 1 11
 1.117851  1.568430 1 12
 1.117851  1.605891 1 13
 1.117851  2.148356 1 14
 1.117851  2.489977 1 15
 1.117851  2.559963 1 16
 1.117851  2.789129 1 17
 1.117851  2.796548 1 18
 1.176777 -0.613814 1 1
 1.176777 -0.361629 1 2
 1.176777 -0.095347 1 3
 1.176777 -0.048163 1 4
 1.176777  0.256178 1 5
 1.176777  0.322797 1 6
 1.176777  0.835933 1 7
 1.176777  0.854513 1 8
 1.176777  1.087454 1 9
 1.176777  1.355068 1 10
 1.176777  1.398914 1 11
 1.176777  1.636738 1 12
 1.176777  1.638039 1 13
 1.176777  2.151758 1 14
 1.176777  2.461756 1 15
 1.176777  2.524568 1 16
 1.176777  2.792773 1 17
 1.176777  2.802218 1 18
 1.235702 -0.613898 1 1
 1.235702 -0.359075 1 2
 1.235702 -0.115210 1 3
 1.235702 -0.042061 1 4
 1.235702  0.262027 1 5
 1.235702  0.371939 1 6
 1.235702  0.796684 1 7
 1.235702  0.817501 1 8
 1.235702  0.997135 1 9
 1.235702  1.306611 1 10
 1.235702  1.430013 1 11
 1.235702  1.672318 1 12
 1.235702  1.708252 1 13
 1.235702  2.155794 1 14
 1.235702  2.416897 1 15
 1.235702  2.502196 1 16
 1.235702  2.802731 1 17
 1.235702  2.810191 1 18
 1.294628 -0.614854 1 1
 1.294628 -0.355747 1 2
 1.294628 -0.132129 1 3
 1.294628 -0.034398 1 4
 1.294628  0.269227 1 5
 1.294628  0.424969 1 6
 1.294628  0.760845 1 7
 1.294628  0.779197 1 8
 1.294628  0.910178 1 9
 1.294628  1.252416 1 10
 1.294628  1.468112 1 11
 1.294628  1.709926 1 12
 1.294628  1.772287 1 13
 1.294628  2.159545 1 14
 1.294628  2.367670 1 15
 1.294628  2.492626 1 16
 1.294628  2.812863 1 17
 1.294628  2.818357 1 18
 1.353553 -0.617245 1 1
 1.353553 -0.351424 1 2
 1.353553 -0.144390 1 3
 1.353553 -0.025281 1 4
 1.353553  0.278095 1 5
 1.353553  0.476677 1 6
 1.353553  0.730217 1 7
 1.353553  0.741794 1 8
 1.353553  0.833569 1 9
 1.353553  1.193877 1 10
 1.353553  1.508474 1 11
 1.353553  1.746345 1 12
 1.353553  1.820720 1 13
 1.353553  2.163255 1 14
 1.353553  2.321648 1 15
 1.353553  2.493224 1 16
 1.353553  2.815788 1 17
 1.353553  2.825014 1 18
 1.353553 -0.617245 1 1
 1.353553 -0.351424 1 2
 1.353553 -0.144390 1 3
 1.353553 -0.025281 1 4
 1.353553  0.278095 1 5
 1.353553  0.476677 1 6
 1.353553  0.730217 1 7
 1.353553  0.741794 1 8
 1.353553  0.833569 1 9
 1.353553  1.193877 1 10
 1.353553  1.508474 1 11
 1.353553  1.746345 1 12
 1.353553  1.820720 1 13
 1.353553  2.163255 1 14
 1.353553  2.321648 1 15
 1.353553  2.493224 1 16
 1.353553  2.815788 1 17
 1.353553  2.825014 1 18
 1.401765 -0.620663 1 1
 1.401765 -0.346928 1 2
 1.401765 -0.150511 1 3
 1.401765 -0.016815 1 4
 1.401765  0.286551 1 5
 1.401765  0.515867 1 6
 1.401765  0.710840 1 7
 1.401765  0.712514 1 8
 1.401765  0.781628 1 9
 1.401765  1.143648 1 10
 1.401765  1.539603 1 11
 1.401765  1.773759 1 12
 1.401765  1.842847 1 13
 1.401765  2.167337 1 14
 1.401765  2.288628 1 15
 1.401765  2.497644 1 16
 1.401765  2.811060 1 17
 1.401765  2.829778 1 18
 1.449977 -0.625678 1 1
 1.449977 -0.341297 1 2
 1.449977 -0.152928 1 3
 1.449977 -0.007507 1 4
 1.449977  0.295791 1 5
 1.449977  0.549210 1 6
 1.449977  0.684564 1 7
 1.449977  0.697450 1 8
 1.449977  0.745652 1 9
 1.449977  1.092053 1 10
 1.449977  1.565796 1 11
 1.449977  1.798695 1 12
 1.449977  1.846616 1 13
 1.449977  2.174073 1 14
 1.449977  2.263758 1 15
 1.449977  2.499228 1 16
 1.449977  2.801750 1 17
 1.449977  2.835564 1 18
 1.498189 -0.632426 1 1
 1.498189 -0.334177 1 2
 1.498189 -0.151531 1 3
 1.498189  0.002553 1 4
 1.498189  0.305324 1 5
 1.498189  0.569246 1 6
 1.498189  0.657938 1 7
 1.498189  0.676295 1 8
 1.498189  0.751267 1 9
 1.498189  1.039820 1 10
 1.498189  1.583871 1 11
 1.498189  1.821429 1 12
 1.498189  1.833206 1 13
 1.498189  2.185266 1 14
 1.498189  2.252210 1 15
 1.498189  2.492086 1 16
 1.498189  2.790321 1 17
 1.498189  2.843844 1 18
 1.546401 -0.640870 1 1
 1.546401 -0.325174 1 2
 1.546401 -0.146430 1 3
 1.546401  0.013236 1 4
 1.546401  0.314518 1 5
 1.546401  0.573234 1 6
 1.546401  0.632586 1 7
 1.546401  0.646611 1 8
 1.546401  0.804204 1 9
 1.546401  0.987802 1 10
 1.546401  1.590054 1 11
 1.546401  1.808477 1 12
 1.546401  1.842531 1 13
 1.546401  2.201753 1 14
 1.546401  2.257288 1 15
 1.546401  2.474288 1 16
 1.546401  2.777718 1 17
 1.546401  2.854763 1 18
 1.594613 -0.650806 1 1
 1.594613 -0.313981 1 2
 1.594613 -0.138029 1 3
 1.594613  0.024383 1 4
 1.594613  0.322694 1 5
 1.594613  0.568578 1 6
 1.594613  0.608446 1 7
 1.594613  0.617993 1 8
 1.594613  0.885541 1 9
 1.594613  0.937115 1 10
 1.594613  1.579605 1 11
 1.594613  1.781623 1 12
 1.594613  1.862421 1 13
 1.594613  2.222632 1 14
 1.594613  2.278860 1 15
 1.594613  2.449364 1 16
 1.594613  2.762981 1 17
 1.594613  2.866668 1 18
 1.642824 -0.661933 1 1
 1.642824 -0.300445 1 2
 1.642824 -0.126817 1 3
 1.642824  0.035827 1 4
 1.642824  0.329252 1 5
 1.642824  0.561006 1 6
 1.642824  0.585467 1 7
 1.642824  0.592372 1 8
 1.642824  0.889278 1 9
 1.642824  0.982115 1 10
 1.642824  1.548791 1 11
 1.642824  1.760326 1 12
 1.642824  1.880812 1 13
 1.642824  2.245624 1 14
 1.642824  2.314008 1 15
 1.642824  2.424625 1 16
 1.642824  2.744749 1 17
 1.642824  2.876708 1 18
 1.691036 -0.673913 1 1
 1.691036 -0.284559 1 2
 1.691036 -0.113184 1 3
 1.691036  0.047400 1 4
 1.691036  0.333743 1 5
 1.691036  0.552160 1 6
 1.691036  0.563691 1 7
 1.691036  0.570745 1 8
 1.691036  0.846331 1 9
 1.691036  1.084470 1 10
 1.691036  1.498772 1 11
 1.691036  1.745972 1 12
 1.691036  1.896518 1 13
 1.691036  2.268309 1 14
 1.691036  2.357512 1 15
 1.691036  2.407795 1 16
 1.691036  2.723449 1 17
 1.691036  2.882148 1 18
 1.739248 -0.686422 1 1
 1.739248 -0.266375 1 2
 1.739248 -0.097391 1 3
 1.739248  0.058950 1 4
 1.739248  0.335878 1 5
 1.739248  0.540168 1 6
 1.739248  0.543249 1 7
 1.739248  0.556067 1 8
 1.739248  0.810543 1 9
 1.739248  1.185323 1 10
 1.739248  1.434620 1 11
 1.739248  1.735684 1 12
 1.739248  1.907788 1 13
 1.739248  2.289570 1 14
 1.739248  2.392599 1 15
 1.739248  2.413464 1 16
 1.739248  2.702554 1 17
 1.739248  2.881667 1 18
 1.787460 -0.699152 1 1
 1.787460 -0.245991 1 2
 1.787460 -0.079681 1 3
 1.787460  0.070297 1 4
 1.787460  0.335531 1 5
 1.787460  0.523976 1 6
 1.787460  0.524362 1 7
 1.787460  0.549968 1 8
 1.787460  0.783919 1 9
 1.787460  1.276925 1 10
 1.787460  1.363678 1 11
 1.787460  1.727298 1 12
 1.787460  1.912825 1 13
 1.787460  2.310244 1 14
 1.787460  2.399362 1 15
 1.787460  2.454431 1 16
 1.787460  2.687728 1 17
 1.787460  2.875887 1 18
 1.835672 -0.711820 1 1
 1.835672 -0.223533 1 2
 1.835672 -0.060357 1 3
 1.835672  0.081217 1 4
 1.835672  0.332815 1 5
 1.835672  0.506789 1 6
 1.835672  0.507236 1 7
 1.835672  0.549123 1 8
 1.835672  0.767509 1 9
 1.835672  1.274573 1 10
 1.835672  1.370787 1 11
 1.835672  1.720653 1 12
 1.835672  1.910469 1 13
 1.835672  2.332396 1 14
 1.835672  2.407615 1 15
 1.835672  2.492091 1 16
 1.835672  2.683462 1 17
 1.835672  2.866778 1 18
 1.883883 -0.724172 1 1
 1.883883 -0.199138 1 2
 1.883883 -0.039777 1 3
 1.883883  0.091461 1 4
 1.883883  0.328134 1 5
 1.883883  0.489610 1 6
 1.883883  0.491963 1 7
 1.883883  0.551244 1 8
 1.883883  0.761010 1 9
 1.883883  1.197545 1 10
 1.883883  1.437833 1 11
 1.883883  1.716260 1 12
 1.883883  1.900812 1 13
 1.883883  2.357486 1 14
 1.883883  2.416801 1 15
 1.883883  2.521679 1 16
 1.883883  2.689117 1 17
 1.883883  2.856277 1 18
 1.932095 -0.735993 1 1
 1.932095 -0.172935 1 2
 1.932095 -0.018329 1 3
 1.932095  0.100820 1 4
 1.932095  0.322047 1 5
 1.932095  0.472819 1 6
 1.932095  0.478464 1 7
 1.932095  0.553412 1 8
 1.932095  0.762944 1 9
 1.932095  1.123080 1 10
 1.932095  1.490776 1 11
 1.932095  1.713436 1 12
 1.932095  1.885150 1 13
 1.932095  2.384956 1 14
 1.932095  2.425624 1 15
 1.932095  2.544881 1 16
 1.932095  2.698804 1 17
 1.932095  2.845043 1 18
 1.980307 -0.747102 1 1
 1.980307 -0.145023 1 2
 1.980307  0.003586 1 3
 1.980307  0.109177 1 4
 1.980307  0.315003 1 5
 1.980307  0.457111 1 6
 1.980307  0.466517 1 7
 1.980307  0.551886 1 8
 1.980307  0.771414 1 9
 1.980307  1.058514 1 10
 1.980307  1.528435 1 11
 1.980307  1.709510 1 12
 1.980307  1.865126 1 13
 1.980307  2.412420 1 14
 1.980307  2.434838 1 15
 1.980307  2.564293 1 16
 1.980307  2.705796 1 17
 1.980307  2.832232 1 18
 2.028519 -0.757353 1 1
 2.028519 -0.115497 1 2
 2.028519  0.025558 1 3
 2.028519  0.116509 1 4
 2.028519  0.307110 1 5
 2.028519  0.443401 1 6
 2.028519  0.455848 1 7
 2.028519  0.543638 1 8
 2.028519  0.785055 1 9
 2.028519  1.009010 1 10
 2.028519  1.554274 1 11
 2.028519  1.700912 1 12
 2.028519  1.841886 1 13
 2.028519  2.437166 1 14
 2.028519  2.445876 1 15
 2.028519  2.581676 1 16
 2.028519  2.706146 1 17
 2.028519  2.816426 1 18
 2.076731 -0.766628 1 1
 2.076731 -0.084496 1 2
 2.076731  0.047152 1 3
 2.076731  0.122849 1 4
 2.076731  0.298050 1 5
 2.076731  0.432476 1 6
 2.076731  0.446245 1 7
 2.076731  0.528040 1 8
 2.076731  0.803638 1 9
 2.076731  0.977480 1 10
 2.076731  1.573564 1 11
 2.076731  1.685557 1 12
 2.076731  1.815954 1 13
 2.076731  2.457834 1 14
 2.076731  2.459838 1 15
 2.076731  2.597889 1 16
 2.076731  2.699612 1 17
 2.076731  2.796977 1 18
 2.124943 -0.774838 1 1
 2.124943 -0.052233 1 2
 2.124943  0.067909 1 3
 2.124943  0.128223 1 4
 2.124943  0.287172 1 5
 2.124943  0.424656 1 6
 2.124943  0.437630 1 7
 2.124943  0.507185 1 8
 2.124943  0.827927 1 9
 2.124943  0.963598 1 10
 2.124943  1.590458 1 11
 2.124943  1.665181 1 12
 2.124943  1.787666 1 13
 2.124943  2.475354 1 14
 2.124943  2.477504 1 15
 2.124943  2.613085 1 16
 2.124943  2.688925 1 17
 2.124943  2.774797 1 18
 2.173154 -0.781910 1 1
 2.173154 -0.018961 1 2
 2.173154  0.087332 1 3
 2.173154  0.132633 1 4
 2.173154  0.273704 1 5
 2.173154  0.419669 1 6
 2.173154  0.430061 1 7
 2.173154  0.484333 1 8
 2.173154  0.858738 1 9
 2.173154  0.964050 1 10
 2.173154  1.605737 1 11
 2.173154  1.646065 1 12
 2.173154  1.757635 1 13
 2.173154  2.492639 1 14
 2.173154  2.499551 1 15
 2.173154  2.626945 1 16
 2.173154  2.677874 1 17
 2.173154  2.751966 1 18
 2.221366 -0.787784 1 1
 2.221366  0.015019 1 2
 2.221366  0.104843 1 3
 2.221366  0.136070 1 4
 2.221366  0.257001 1 5
 2.221366  0.416750 1 6
 2.221366  0.423684 1 7
 2.221366  0.462162 1 8
 2.221366  0.895532 1 9
 2.221366  0.973638 1 10
 2.221366  1.616073 1 11
 2.221366  1.637558 1 12
 2.221366  1.727039 1 13
 2.221366  2.513120 1 14
 2.221366  2.526090 1 15
 2.221366  2.638881 1 16
 2.221366  2.669239 1 17
 2.221366  2.730433 1 18
 2.269578 -0.792428 1 1
 2.269578  0.049415 1 2
 2.269578  0.119785 1 3
 2.269578  0.138563 1 4
 2.269578  0.236648 1 5
 2.269578  0.414949 1 6
 2.269578  0.418641 1 7
 2.269578  0.442373 1 8
 2.269578  0.935329 1 9
 2.269578  0.986668 1 10
 2.269578  1.622192 1 11
 2.269578  1.641226 1 12
 2.269578  1.697714 1 13
 2.269578  2.538875 1 14
 2.269578  2.555738 1 15
 2.269578  2.648129 1 16
 2.269578  2.663858 1 17
 2.269578  2.710637 1 18
 2.317790 -0.795818 1 1
 2.317790  0.083809 1 2
 2.317790  0.131386 1 3
 2.317790  0.140199 1 4
 2.317790  0.212560 1 5
 2.317790  0.413587 1 6
 2.317790  0.415025 1 7
 2.317790  0.426401 1 8
 2.317790  0.972402 1 9
 2.317790  0.998512 1 10
 2.317790  1.632375 1 11
 2.317790  1.645825 1 12
 2.317790  1.672392 1 13
 2.317790  2.569219 1 14
 2.317790  2.585013 1 15
 2.317790  2.653849 1 16
 2.317790  2.660940 1 17
 2.317790  2.691246 1 18
 2.366002 -0.797903 1 1
 2.366002  0.117286 1 2
 2.366002  0.138820 1 3
 2.366002  0.141104 1 4
 2.366002  0.185342 1 5
 2.366002  0.412555 1 6
 2.366002  0.412864 1 7
 2.366002  0.415853 1 8
 2.366002  0.999273 1 9
 2.366002  1.006420 1 10
 2.366002  1.643449 1 11
 2.366002  1.647898 1 12
 2.366002  1.654710 1 13
 2.366002  2.600126 1 14
 2.366002  2.608542 1 15
 2.366002  2.656188 1 16
 2.366002  2.658551 1 17
 2.366002  2.670799 1 18
 2.414214 -0.798611 1 1
 2.414214  0.141390 1 2
 2.414214  0.141390 1 3
 2.414214  0.141390 1 4
 2.414214  0.163328 1 5
 2.414214  0.412147 1 6
 2.414214  0.412147 1 7
 2.414214  0.412147 1 8
 2.414214  1.009167 1 9
 2.414214  1.009167 1 10
 2.414214  1.648282 1 11
 2.414214  1.648282 1 12
 2.414214  1.648282 1 13
 2.414214  2.618487 1 14
 2.414214  2.618487 1 15
 2.414214  2.656722 1 16
 2.414214  2.656722 1 17
 2.414214  2.656722 1 18
 2.414214 -0.798611 1 1
 2.414214  0.141390 1 2
 2.414214  0.141390 1 3
 2.414214  0.141390 1 4
 2.414214  0.163328 1 5
 2.414214  0.412147 1 6
 2.414214  0.412147 1 7
 2.414214  0.412147 1 8
 2.414214  1.009167 1 9
 2.414214  1.009167 1 10
 2.414214  1.648282 1 11
 2.414214  1.648282 1 12
 2.414214  1.648282 1 13
 2.414214  2.618487 1 14
 2.414214  2.618487 1 15
 2.414214  2.656722 1 16
 2.414214  2.656722 1 17
 2.414214  2.656722 1 18
 2.462326 -0.797907 1 1
 2.462326  0.116948 1 2
 2.462326  0.140278 1 3
 2.462326  0.140278 1 4
 2.462326  0.185041 1 5
 2.462326  0.413609 1 6
 2.462326  0.413863 1 7
 2.462326  0.413863 1 8
 2.462326  1.002947 1 9
 2.462326  1.002947 1 10
 2.462326  1.640465 1 11
 2.462326  1.652687 1 12
 2.462326  1.652687 1 13
 2.462326  2.605066 1 14
 2.462326  2.605066 1 15
 2.462326  2.652891 1 16
 2.462326  2.666048 1 17
 2.462326  2.666048 1 18
 2.510439 -0.795838 1 1
 2.510439  0.082393 1 2
 2.510439  0.137278 1 3
 2.510439  0.137278 1 4
 2.510439  0.210702 1 5
 2.510439  0.418068 1 6
 2.510439  0.418790 1 7
 2.510439  0.418790 1 8
 2.510439  0.986167 1 9
 2.510439  0.986167 1 10
 2.510439  1.619579 1 11
 2.510439  1.664412 1 12
 2.510439  1.664412 1 13
 2.510439  2.581035 1 14
 2.510439  2.581035 1 15
 2.510439  2.644608 1 16
 2.510439  2.679682 1 17
 2.510439  2.679682 1 18
 2.558551 -0.792491 1 1
 2.558551  0.046337 1 2
 2.558551  0.132753 1 3
 2.558551  0.132753 1 4
 2.558551  0.230959 1 5
 2.558551  0.425788 1 6
 2.558551  0.426170 1 7
 2.558551  0.426170 1 8
 2.558551  0.963287 1 9
 2.558551  0.963287 1 10
 2.558551  1.588387 1 11
 2.558551  1.682266 1 12
 2.558551  1.682266 1 13
 2.558551  2.555042 1 14
 2.558551  2.555042 1 15
 2.558551  2.636978 1 16
 2.558551  2.691815 1 17
 2.558551  2.691815 1 18
 2.606664 -0.787915 1 1
 2.606664  0.009795 1 2
 2.606664  0.127083 1 3
 2.606664  0.127083 1 4
 2.606664  0.244255 1 5
 2.606664  0.434941 1 6
 2.606664  0.434941 1 7
 2.606664  0.437503 1 8
 2.606664  0.939566 1 9
 2.606664  0.939566 1 10
 2.606664  1.550812 1 11
 2.606664  1.704868 1 12
 2.606664  1.704868 1 13
 2.606664  2.529352 1 14
 2.606664  2.529352 1 15
 2.606664  2.631080 1 16
 2.606664  2.702427 1 17
 2.606664  2.702427 1 18
 2.654776 -0.782109 1 1
 2.654776 -0.026746 1 2
 2.654776  0.120577 1 3
 2.654776  0.120577 1 4
 2.654776  0.250480 1 5
 2.654776  0.444144 1 6
 2.654776  0.444144 1 7
 2.654776  0.454305 1 8
 2.654776  0.919527 1 9
 2.654776  0.919527 1 10
 2.654776  1.510980 1 11
 2.654776  1.729773 1 12
 2.654776  1.729773 1 13
 2.654776  2.506031 1 14
 2.654776  2.506031 1 15
 2.654776  2.622398 1 16
 2.654776  2.710824 1 17
 2.654776  2.710824 1 18
 2.702889 -0.775081 1 1
 2.702889 -0.063028 1 2
 2.702889  0.113481 1 3
 2.702889  0.113481 1 4
 2.702889  0.250991 1 5
 2.702889  0.453238 1 6
 2.702889  0.453238 1 7
 2.702889  0.476937 1 8
 2.702889  0.906014 1 9
 2.702889  0.906014 1 10
 2.702889  1.471492 1 11
 2.702889  1.753169 1 12
 2.702889  1.753169 1 13
 2.702889  2.486550 1 14
 2.702889  2.486550 1 15
 2.702889  2.603448 1 16
 2.702889  2.716604 1 17
 2.702889  2.716604 1 18
 2.751001 -0.766908 1 1
 2.751001 -0.098836 1 2
 2.751001  0.106037 1 3
 2.751001  0.106037 1 4
 2.751001  0.247912 1 5
 2.751001  0.462014 1 6
 2.751001  0.462014 1 7
 2.751001  0.505213 1 8
 2.751001  0.900399 1 9
 2.751001  0.900399 1 10
 2.751001  1.432659 1 11
 2.751001  1.770687 1 12
 2.751001  1.770687 1 13
 2.751001  2.470788 1 14
 2.751001  2.470788 1 15
 2.751001  2.568504 1 16
 2.751001  2.721282 1 17
 2.751001  2.721282 1 18
 2.799114 -0.757719 1 1
 2.799114 -0.133923 1 2
 2.799114  0.098514 1 3
 2.799114  0.098514 1 4
 2.799114  0.243090 1 5
 2.799114  0.470190 1 6
 2.799114  0.470190 1 7
 2.799114  0.538063 1 8
 2.799114  0.903571 1 9
 2.799114  0.903571 1 10
 2.799114  1.393203 1 11
 2.799114  1.778864 1 12
 2.799114  1.778864 1 13
 2.799114  2.457731 1 14
 2.799114  2.457731 1 15
 2.799114  2.516863 1 16
 2.799114  2.727638 1 17
 2.799114  2.727638 1 18
 2.847226 -0.747672 1 1
 2.847226 -0.167881 1 2
 2.847226  0.091207 1 3
 2.847226  0.091207 1 4
 2.847226  0.237611 1 5
 2.847226  0.477069 1 6
 2.847226  0.477069 1 7
 2.847226  0.573658 1 8
 2.847226  0.916818 1 9
 2.847226  0.916818 1 10
 2.847226  1.352007 1 11
 2.847226  1.776217 1 12
 2.847226  1.776217 1 13
 2.847226  2.446904 1 14
 2.847226  2.446904 1 15
 2.847226  2.453048 1 16
 2.847226  2.737699 1 17
 2.847226  2.737699 1 18
 2.895339 -0.736934 1 1
 2.895339 -0.200268 1 2
 2.895339  0.084376 1 3
 2.895339  0.084376 1 4
 2.895339  0.231909 1 5
 2.895339  0.481792 1 6
 2.895339  0.481792 1 7
 2.895339  0.609753 1 8
 2.895339  0.941640 1 9
 2.895339  0.941640 1 10
 2.895339  1.309787 1 11
 2.895339  1.763492 1 12
 2.895339  1.763492 1 13
 2.895339  2.384304 1 14
 2.895339  2.438268 1 15
 2.895339  2.438268 1 16
 2.895339  2.752058 1 17
 2.895339  2.752058 1 18
 2.943451 -0.725709 1 1
 2.943451 -0.230699 1 2
 2.943451  0.078197 1 3
 2.943451  0.078197 1 4
 2.943451  0.226137 1 5
 2.943451  0.484018 1 6
 2.943451  0.484018 1 7
 2.943451  0.644183 1 8
 2.943451  0.978560 1 9
 2.943451  0.978560 1 10
 2.943451  1.270341 1 11
 2.943451  1.742940 1 12
 2.943451  1.742940 1 13
 2.943451  2.317455 1 14
 2.943451  2.431707 1 15
 2.943451  2.431707 1 16
 2.943451  2.770190 1 17
 2.943451  2.770190 1 18
 2.991564 -0.714260 1 1
 2.991564 -0.258846 1 2
 2.991564  0.072762 1 3
 2.991564  0.072762 1 4
 2.991564  0.220519 1 5
 2.991564  0.484298 1 6
 2.991564  0.484298 1 7
 2.991564  0.675101 1 8
 2.991564  1.026050 1 9
 2.991564  1.026050 1 10
 2.991564  1.240623 1 11
 2.991564  1.717029 1 12
 2.991564  1.717029 1 13
 2.991564  2.256856 1 14
 2.991564  2.427715 1 15
 2.991564  2.427715 1 16
 2.991564  2.790258 1 17
 2.991564  2.790258 1 18
 3.039676 -0.702935 1 1
 3.039676 -0.284378 1 2
 3.039676  0.068103 1 3
 3.039676  0.068103 1 4
 3.039676  0.215447 1 5
 3.039676  0.483653 1 6
 3.039676  0.483653 1 7
 3.039676  0.700710 1 8
 3.039676  1.080807 1 9
 3.039676  1.080807 1 10
 3.039676  1.228806 1 11
 3.039676  1.687238 1 12
 3.039676  1.687238 1 13
 3.039676  2.203974 1 14
 3.039676  2.427525 1 15
 3.039676  2.427525 1 16
 3.039676  2.809404 1 17
 3.039676  2.809404 1 18
 3.087789 -0.692232 1 1
 3.087789 -0.306786 1 2
 3.087789  0.064238 1 3
 3.087789  0.064238 1 4
 3.087789  0.211296 1 5
 3.087789  0.482880 1 6
 3.087789  0.482880 1 7
 3.087789  0.719305 1 8
 3.087789  1.138886 1 9
 3.087789  1.138886 1 10
 3.087789  1.240169 1 11
 3.087789  1.653655 1 12
 3.087789  1.653655 1 13
 3.087789  2.158374 1 14
 3.087789  2.431361 1 15
 3.087789  2.431361 1 16
 3.087789  2.825150 1 17
 3.087789  2.825150 1 18
 3.135901 -0.682790 1 1
 3.135901 -0.325400 1 2
 3.135901  0.061184 1 3
 3.135901  0.061184 1 4
 3.135901  0.208196 1 5
 3.135901  0.482232 1 6
 3.135901  0.482232 1 7
 3.135901  0.730541 1 8
 3.135901  1.196775 1 9
 3.135901  1.196775 1 10
 3.135901  1.272437 1 11
 3.135901  1.615585 1 12
 3.135901  1.615585 1 13
 3.135901  2.118883 1 14
 3.135901  2.436864 1 15
 3.135901  2.436864 1 16
 3.135901  2.836422 1 17
 3.135901  2.836422 1 18
 3.184014 -0.675330 1 1
 3.184014 -0.339452 1 2
 3.184014  0.058953 1 3
 3.184014  0.058953 1 4
 3.184014  0.206037 1 5
 3.184014  0.481547 1 6
 3.184014  0.481547 1 7
 3.184014  0.735692 1 8
 3.184014  1.250818 1 9
 3.184014  1.250818 1 10
 3.184014  1.314752 1 11
 3.184014  1.573621 1 12
 3.184014  1.573621 1 13
 3.184014  2.085111 1 14
 3.184014  2.439951 1 15
 3.184014  2.439951 1 16
 3.184014  2.842967 1 17
 3.184014  2.842967 1 18
 3.232126 -0.670525 1 1
 3.232126 -0.348239 1 2
 3.232126  0.057565 1 3
 3.232126  0.057565 1 4
 3.232126  0.204651 1 5
 3.232126  0.480610 1 6
 3.232126  0.480610 1 7
 3.232126  0.736383 1 8
 3.232126  1.293961 1 9
 3.232126  1.293961 1 10
 3.232126  1.351181 1 11
 3.232126  1.533779 1 12
 3.232126  1.533779 1 13
 3.232126  2.059239 1 14
 3.232126  2.437527 1 15
 3.232126  2.437527 1 16
 3.232126  2.844306 1 17
 3.232126  2.844306 1 18
 3.280239 -0.668863 1 1
 3.280239 -0.351253 1 2
 3.280239  0.057054 1 3
 3.280239  0.057054 1 4
 3.280239  0.203972 1 5
 3.280239  0.479503 1 6
 3.280239  0.479503 1 7
 3.280239  0.734118 1 8
 3.280239  1.309589 1 9
 3.280239  1.309589 1 10
 3.280239  1.366103 1 11
 3.280239  1.513741 1 12
 3.280239  1.513741 1 13
 3.280239  2.046782 1 14
 3.280239  2.429683 1 15
 3.280239  2.429683 1 16
 3.280239  2.839744 1 17
 3.280239  2.839744 1 18
 3.280239 -0.668863 1 1
 3.280239 -0.351253 1 2
 3.280239  0.057054 1 3
 3.280239  0.057054 1 4
 3.280239  0.203972 1 5
 3.280239  0.479503 1 6
 3.280239  0.479503 1 7
 3.280239  0.734118 1 8
 3.280239  1.309589 1 9
 3.280239  1.309589 1 10
 3.280239  1.366103 1 11
 3.280239  1.513741 1 12
 3.280239  1.513741 1 13
 3.280239  2.046782 1 14
 3.280239  2.429683 1 15
 3.280239  2.429683 1 16
 3.280239  2.839744 1 17
 3.280239  2.839744 1 18
 3.330747 -0.668295 1 1
 3.330747 -0.350863 1 2
 3.330747  0.048538 1 3
 3.330747  0.055728 1 4
 3.330747  0.212433 1 5
 3.330747  0.475823 1 6
 3.330747  0.482720 1 7
 3.330747  0.741632 1 8
 3.330747  1.279600 1 9
 3.330747  1.303010 1 10
 3.330747  1.368266 1 11
 3.330747  1.520550 1 12
 3.330747  1.540286 1 13
 3.330747  2.059597 1 14
 3.330747  2.427363 1 15
 3.330747  2.428786 1 16
 3.330747  2.831933 1 17
 3.330747  2.835957 1 18
 3.381254 -0.666610 1 1
 3.381254 -0.349776 1 2
 3.381254  0.027651 1 3
 3.381254  0.051788 1 4
 3.381254  0.233208 1 5
 3.381254  0.467954 1 6
 3.381254  0.492034 1 7
 3.381254  0.754692 1 8
 3.381254  1.209028 1 9
 3.381254  1.291046 1 10
 3.381254  1.375755 1 11
 3.381254  1.545162 1 12
 3.381254  1.588063 1 13
 3.381254  2.096652 1 14
 3.381254  2.420066 1 15
 3.381254  2.425061 1 16
 3.381254  2.813584 1 17
 3.381254  2.825008 1 18
 3.431762 -0.663858 1 1
 3.431762 -0.348162 1 2
 3.431762  0.001432 1 3
 3.431762  0.045360 1 4
 3.431762  0.259348 1 5
 3.431762  0.459827 1 6
 3.431762  0.506907 1 7
 3.431762  0.759493 1 8
 3.431762  1.124402 1 9
 3.431762  1.281019 1 10
 3.431762  1.384290 1 11
 3.431762  1.578134 1 12
 3.431762  1.638223 1 13
 3.431762  2.151379 1 14
 3.431762  2.406987 1 15
 3.431762  2.416832 1 16
 3.431762  2.788738 1 17
 3.431762  2.816132 1 18
 3.482269 -0.660089 1 1
 3.482269 -0.346187 1 2
 3.482269 -0.026036 1 3
 3.482269  0.036608 1 4
 3.482269  0.286705 1 5
 3.482269  0.452606 1 6
 3.482269  0.526810 1 7
 3.482269  0.752806 1 8
 3.482269  1.038558 1 9
 3.482269  1.274578 1 10
 3.482269  1.393665 1 11
 3.482269  1.612730 1 12
 3.482269  1.685930 1 13
 3.482269  2.210842 1 14
 3.482269  2.388333 1 15
 3.482269  2.404066 1 16
 3.482269  2.765094 1 17
 3.482269  2.815055 1 18
 3.532777 -0.655384 1 1
 3.532777 -0.344039 1 2
 3.532777 -0.052661 1 3
 3.532777  0.025683 1 4
 3.532777  0.312887 1 5
 3.532777  0.446578 1 6
 3.532777  0.551322 1 7
 3.532777  0.738546 1 8
 3.532777  0.958948 1 9
 3.532777  1.272370 1 10
 3.532777  1.404646 1 11
 3.532777  1.645982 1 12
 3.532777  1.729431 1 13
 3.532777  2.259147 1 14
 3.532777  2.366820 1 15
 3.532777  2.390665 1 16
 3.532777  2.749538 1 17
 3.532777  2.821781 1 18
 3.583285 -0.649871 1 1
 3.583285 -0.341987 1 2
 3.583285 -0.077157 1 3
 3.583285  0.012734 1 4
 3.583285  0.336376 1 5
 3.583285  0.442645 1 6
 3.583285  0.579272 1 7
 3.583285  0.721804 1 8
 3.583285  0.890528 1 9
 3.583285  1.274114 1 10
 3.583285  1.417395 1 11
 3.583285  1.678058 1 12
 3.583285  1.766889 1 13
 3.583285  2.280554 1 14
 3.583285  2.347177 1 15
 3.583285  2.386225 1 16
 3.583285  2.744706 1 17
 3.583285  2.832043 1 18
 3.633792 -0.643738 1 1
 3.633792 -0.340424 1 2
 3.633792 -0.098387 1 3
 3.633792 -0.001959 1 4
 3.633792  0.356516 1 5
 3.633792  0.442276 1 6
 3.633792  0.604683 1 7
 3.633792  0.709574 1 8
 3.633792  0.837117 1 9
 3.633792  1.277677 1 10
 3.633792  1.431558 1 11
 3.633792  1.710210 1 12
 3.633792  1.796327 1 13
 3.633792  2.272530 1 14
 3.633792  2.333277 1 15
 3.633792  2.394081 1 16
 3.633792  2.748849 1 17
 3.633792  2.840527 1 18
 3.684300 -0.637226 1 1
 3.684300 -0.339826 1 2
 3.684300 -0.115316 1 3
 3.684300 -0.017948 1 4
 3.684300  0.373937 1 5
 3.684300  0.446567 1 6
 3.684300  0.612310 1 7
 3.684300  0.709225 1 8
 3.684300  0.807258 1 9
 3.684300  1.279646 1 10
 3.684300  1.446885 1 11
 3.684300  1.742898 1 12
 3.684300  1.816057 1 13
 3.684300  2.253281 1 14
 3.684300  2.324075 1 15
 3.684300  2.403950 1 16
 3.684300  2.757640 1 17
 3.684300  2.844105 1 18
 3.734808 -0.630628 1 1
 3.734808 -0.340562 1 2
 3.734808 -0.127202 1 3
 3.734808 -0.034663 1 4
 3.734808  0.390333 1 5
 3.734808  0.455368 1 6
 3.734808  0.598984 1 7
 3.734808  0.699499 1 8
 3.734808  0.823274 1 9
 3.734808  1.277041 1 10
 3.734808  1.463480 1 11
 3.734808  1.773950 1 12
 3.734808  1.825120 1 13
 3.734808  2.237137 1 14
 3.734808  2.315948 1 15
 3.734808  2.411668 1 16
 3.734808  2.766238 1 17
 3.734808  2.843266 1 18
 3.785315 -0.624308 1 1
 3.785315 -0.342633 1 2
 3.785315 -0.133793 1 3
 3.785315 -0.051551 1 4
 3.785315  0.407430 1 5
 3.785315  0.467257 1 6
 3.785315  0.577654 1 7
 3.785315  0.672610 1 8
 3.785315  0.877309 1 9
 3.785315  1.268606 1 10
 3.785315  1.481253 1 11
 3.785315  1.792173 1 12
 3.785315  1.830049 1 13
 3.785315  2.231242 1 14
 3.785315  2.305526 1 15
 3.785315  2.418297 1 16
 3.785315  2.771171 1 17
 3.785315  2.840857 1 18
 3.835823 -0.618679 1 1
 3.835823 -0.345565 1 2
 3.835823 -0.135319 1 3
 3.835823 -0.068163 1 4
 3.835823  0.425883 1 5
 3.835823  0.480191 1 6
 3.835823  0.555942 1 7
 3.835823  0.642386 1 8
 3.835823  0.946008 1 9
 3.835823  1.254352 1 10
 3.835823  1.499656 1 11
 3.835823  1.777635 1 12
 3.835823  1.847798 1 13
 3.835823  2.236251 1 14
 3.835823  2.293623 1 15
 3.835823  2.423824 1 16
 3.835823  2.771834 1 17
 3.835823  2.839236 1 18
 3.886330 -0.614200 1 1
 3.886330 -0.348556 1 2
 3.886330 -0.132337 1 3
 3.886330 -0.084006 1 4
 3.886330  0.444935 1 5
 3.886330  0.491035 1 6
 3.886330  0.538451 1 7
 3.886330  0.614316 1 8
 3.886330  1.018250 1 9
 3.886330  1.233985 1 10
 3.886330  1.517939 1 11
 3.886330  1.744363 1 12
 3.886330  1.866968 1 13
 3.886330  2.241551 1 14
 3.886330  2.289946 1 15
 3.886330  2.426416 1 16
 3.886330  2.770319 1 17
 3.886330  2.838681 1 18
 3.936838 -0.611299 1 1
 3.936838 -0.350768 1 2
 3.936838 -0.125846 1 3
 3.936838 -0.098195 1 4
 3.936838  0.463042 1 5
 3.936838  0.492325 1 6
 3.936838  0.531977 1 7
 3.936838  0.591950 1 8
 3.936838  1.084291 1 9
 3.936838  1.206739 1 10
 3.936838  1.534207 1 11
 3.936838  1.710358 1 12
 3.936838  1.879816 1 13
 3.936838  2.237014 1 14
 3.936838  2.300431 1 15
 3.936838  2.425413 1 16
 3.936838  2.769070 1 17
 3.936838  2.838423 1 18
 3.987346 -0.610293 1 1
 3.987346 -0.351579 1 2
 3.987346 -0.120221 1 3
 3.987346 -0.106385 1 4
 3.987346  0.475623 1 5
 3.987346  0.484634 1 6
 3.987346  0.533775 1 7
 3.987346  0.582140 1 8
 3.987346  1.120704 1 9
 3.987346  1.184980 1 10
 3.987346  1.541753 1 11
 3.987346  1.695024 1 12
 3.987346  1.884287 1 13
 3.987346  2.233480 1 14
 3.987346  2.307362 1 15
 3.987346  2.424050 1 16
 3.987346  2.768739 1 17
 3.987346  2.838274 1 18
 3.987346 -0.610293 1 1
 3.987346 -0.351579 1 2
 3.987346 -0.120221 1 3
 3.987346 -0.106385 1 4
 3.987346  0.475623 1 5
 3.987346  0.484634 1 6
 3.987346  0.533775 1 7
 3.987346  0.582140 1 8
 3.987346  1.120704 1 9
 3.987346  1.184980 1 10
 3.987346  1.541753 1 11
 3.987346  1.695024 1 12
 3.987346  1.884287 1 13
 3.987346  2.233480 1 14
 3.987346  2.307362 1 15
 3.987346  2.424050 1 16
 3.987346  2.768739 1 17
 3.987346  2.838274 1 18
 4.037346 -0.610395 1 1
 4.037346 -0.351932 1 2
 4.037346 -0.118927 1 3
 4.037346 -0.105488 1 4
 4.037346  0.462229 1 5
 4.037346  0.463860 1 6
 4.037346  0.555912 1 7
 4.037346  0.596896 1 8
 4.037346  1.120743 1 9
 4.037346  1.185967 1 10
 4.037346  1.539041 1 11
 4.037346  1.687124 1 12
 4.037346  1.877833 1 13
 4.037346  2.223805 1 14
 4.037346  2.318858 1 15
 4.037346  2.426842 1 16
 4.037346  2.771043 1 17
 4.037346  2.840870 1 18
 4.087346 -0.610693 1 1
 4.087346 -0.352965 1 2
 4.087346 -0.115100 1 3
 4.087346 -0.102749 1 4
 4.087346  0.428910 1 5
 4.087346  0.433600 1 6
 4.087346  0.595650 1 7
 4.087346  0.630111 1 8
 4.087346  1.121351 1 9
 4.087346  1.189410 1 10
 4.087346  1.532268 1 11
 4.087346  1.665126 1 12
 4.087346  1.859294 1 13
 4.087346  2.203578 1 14
 4.087346  2.344607 1 15
 4.087346  2.434159 1 16
 4.087346  2.777991 1 17
 4.087346  2.846436 1 18
 4.137346 -0.611167 1 1
 4.137346 -0.354589 1 2
 4.137346 -0.108912 1 3
 4.137346 -0.098121 1 4
 4.137346  0.391848 1 5
 4.137346  0.401054 1 6
 4.137346  0.642567 1 7
 4.137346  0.671541 1 8
 4.137346  1.123780 1 9
 4.137346  1.196486 1 10
 4.137346  1.524678 1 11
 4.137346  1.633442 1 12
 4.137346  1.830393 1 13
 4.137346  2.182078 1 14
 4.137346  2.375510 1 15
 4.137346  2.444246 1 16
 4.137346  2.788661 1 17
 4.137346  2.849575 1 18
 4.187346 -0.611776 1 1
 4.187346 -0.356609 1 2
 4.187346 -0.100695 1 3
 4.187346 -0.091753 1 4
 4.187346  0.355720 1 5
 4.187346  0.368499 1 6
 4.187346  0.695015 1 7
 4.187346  0.717872 1 8
 4.187346  1.129607 1 9
 4.187346  1.208596 1 10
 4.187346  1.519430 1 11
 4.187346  1.597406 1 12
 4.187346  1.792790 1 13
 4.187346  2.164144 1 14
 4.187346  2.406971 1 15
 4.187346  2.457535 1 16
 4.187346  2.799354 1 17
 4.187346  2.845059 1 18
 4.237346 -0.612455 1 1
 4.237346 -0.358767 1 2
 4.237346 -0.091015 1 3
 4.237346 -0.084126 1 4
 4.237346  0.322826 1 5
 4.237346  0.337598 1 6
 4.237346  0.750391 1 7
 4.237346  0.766624 1 8
 4.237346  1.140379 1 9
 4.237346  1.227265 1 10
 4.237346  1.517757 1 11
 4.237346  1.561268 1 12
 4.237346  1.748303 1 13
 4.237346  2.152467 1 14
 4.237346  2.436127 1 15
 4.237346  2.476995 1 16
 4.237346  2.804925 1 17
 4.237346  2.831685 1 18
 4.287346 -0.613129 1 1
 4.287346 -0.360820 1 2
 4.287346 -0.080740 1 3
 4.287346 -0.076017 1 4
 4.287346  0.294734 1 5
 4.287346  0.309774 1 6
 4.287346  0.804290 1 7
 4.287346  0.814102 1 8
 4.287346  1.157178 1 9
 4.287346  1.254281 1 10
 4.287346  1.518221 1 11
 4.287346  1.527132 1 12
 4.287346  1.699651 1 13
 4.287346  2.147250 1 14
 4.287346  2.461235 1 15
 4.287346  2.504626 1 16
 4.287346  2.803515 1 17
 4.287346  2.813985 1 18
 4.337346 -0.613724 1 1
 4.337346 -0.362590 1 2
 4.337346 -0.071017 1 3
 4.337346 -0.068328 1 4
 4.337346  0.272185 1 5
 4.337346  0.286632 1 6
 4.337346  0.851327 1 7
 4.337346  0.855941 1 8
 4.337346  1.179679 1 9
 4.337346  1.291091 1 10
 4.337346  1.495559 1 11
 4.337346  1.517164 1 12
 4.337346  1.650815 1 13
 4.337346  2.146256 1 14
 4.337346  2.481340 1 15
 4.337346  2.538145 1 16
 4.337346  2.798418 1 17
 4.337346  2.799432 1 18
 4.387346 -0.614183 1 1
 4.387346 -0.363956 1 2
 4.387346 -0.063085 1 3
 4.387346 -0.061949 1 4
 4.387346  0.255509 1 5
 4.387346  0.269588 1 6
 4.387346  0.886979 1 7
 4.387346  0.888448 1 8
 4.387346  1.204834 1 9
 4.387346  1.337141 1 10
 4.387346  1.467414 1 11
 4.387346  1.508588 1 12
 4.387346  1.607959 1 13
 4.387346  2.146482 1 14
 4.387346  2.496027 1 15
 4.387346  2.571001 1 16
 4.387346  2.792692 1 17
 4.387346  2.794383 1 18
 4.437346 -0.614470 1 1
 4.437346 -0.364825 1 2
 4.437346 -0.057952 1 3
 4.437346 -0.057691 1 4
 4.437346  0.245124 1 5
 4.437346  0.259359 1 6
 4.437346  0.908840 1 7
 4.437346  0.909075 1 8
 4.437346  1.226134 1 9
 4.437346  1.388832 1 10
 4.437346  1.446001 1 11
 4.437346  1.483491 1 12
 4.437346  1.580722 1 13
 4.437346  2.146365 1 14
 4.437346  2.505052 1 15
 4.437346  2.595090 1 16
 4.437346  2.792254 1 17
 4.437346  2.793073 1 18
 4.487346 -0.614568 1 1
 4.487346 -0.365125 1 2
 4.487346 -0.056187 1 3
 4.487346 -0.056187 1 4
 4.487346  0.241572 1 5
 4.487346  0.255983 1 6
 4.487346  0.916165 1 7
 4.487346  0.916165 1 8
 4.487346  1.234837 1 9
 4.487346  1.437557 1 10
 4.487346  1.437557 1 11
 4.487346  1.443195 1 12
 4.487346  1.572640 1 13
 4.487346  2.146173 1 14
 4.487346  2.508113 1 15
 4.487346  2.603944 1 16
 4.487346  2.793019 1 17
 4.487346  2.793019 1 18
