 0.000000 -0.251836 1 1
 0.000000 -0.251836 1 2
 0.000000 -0.251836 1 3
 0.000000 -0.129689 1 4
 0.000000 -0.129689 1 5
 0.000000 -0.129689 1 6
 0.000000 -0.069422 1 7
 0.000000 -0.069422 1 8
 0.000000 -0.069422 1 9
 0.000000  0.087552 1 10
 0.000000  0.087552 1 11
 0.000000  0.087552 1 12
 0.000000  0.277961 1 13
 0.000000  0.277961 1 14
 0.041667 -0.253629 1 1
 0.041667 -0.251938 1 2
 0.041667 -0.251938 1 3
 0.041667 -0.131543 1 4
 0.041667 -0.131543 1 5
 0.041667 -0.130864 1 6
 0.041667 -0.073853 1 7
 0.041667 -0.070496 1 8
 0.041667 -0.070496 1 9
 0.041667  0.087742 1 10
 0.041667  0.090858 1 11
 0.041667  0.090858 1 12
 0.041667  0.277981 1 13
 0.041667  0.282374 1 14
 0.083333 -0.258912 1 1
 0.083333 -0.252232 1 2
 0.083333 -0.252232 1 3
 0.083333 -0.136916 1 4
 0.083333 -0.136916 1 5
 0.083333 -0.134272 1 6
 0.083333 -0.086173 1 7
 0.083333 -0.073282 1 8
 0.083333 -0.073282 1 9
 0.083333  0.088302 1 10
 0.083333  0.100156 1 11
 0.083333  0.100156 1 12
 0.083333  0.278041 1 13
 0.083333  0.294670 1 14
 0.125000 -0.267407 1 1
 0.125000 -0.252686 1 2
 0.125000 -0.252686 1 3
 0.125000 -0.145231 1 4
 0.125000 -0.145231 1 5
 0.125000 -0.139587 1 6
 0.125000 -0.104042 1 7
 0.125000 -0.076902 1 8
 0.125000 -0.076902 1 9
 0.125000  0.089199 1 10
 0.125000  0.113996 1 11
 0.125000  0.113996 1 12
 0.125000  0.278135 1 13
 0.125000  0.312588 1 14
 0.166667 -0.278642 1 1
 0.166667 -0.253249 1 2
 0.166667 -0.253249 1 3
 0.166667 -0.155567 1 4
 0.166667 -0.155567 1 5
 0.166667 -0.146318 1 6
 0.166667 -0.124789 1 7
 0.166667 -0.080679 1 8
 0.166667 -0.080679 1 9
 0.166667  0.090377 1 10
 0.166667  0.130758 1 11
 0.166667  0.130758 1 12
 0.166667  0.278253 1 13
 0.166667  0.333553 1 14
 0.208333 -0.291955 1 1
 0.208333 -0.253851 1 2
 0.208333 -0.253851 1 3
 0.208333 -0.166898 1 4
 0.208333 -0.166898 1 5
 0.208333 -0.153883 1 6
 0.208333 -0.146116 1 7
 0.208333 -0.084282 1 8
 0.208333 -0.084282 1 9
 0.208333  0.091759 1 10
 0.208333  0.149000 1 11
 0.208333  0.149000 1 12
 0.208333  0.278387 1 13
 0.208333  0.355342 1 14
 0.250000 -0.306519 1 1
 0.250000 -0.254410 1 2
 0.250000 -0.254410 1 3
 0.250000 -0.178325 1 4
 0.250000 -0.178325 1 5
 0.250000 -0.166344 1 6
 0.250000 -0.161689 1 7
 0.250000 -0.087576 1 8
 0.250000 -0.087576 1 9
 0.250000  0.093251 1 10
 0.250000  0.167522 1 11
 0.250000  0.167522 1 12
 0.250000  0.278528 1 13
 0.250000  0.376295 1 14
 0.291667 -0.321360 1 1
 0.291667 -0.254834 1 2
 0.291667 -0.254834 1 3
 0.291667 -0.189148 1 4
 0.291667 -0.189148 1 5
 0.291667 -0.184370 1 6
 0.291667 -0.169189 1 7
 0.291667 -0.090484 1 8
 0.291667 -0.090484 1 9
 0.291667  0.094748 1 10
 0.291667  0.185278 1 11
 0.291667  0.185278 1 12
 0.291667  0.278668 1 13
 0.291667  0.395251 1 14
 0.333333 -0.335430 1 1
 0.333333 -0.255040 1 2
 0.333333 -0.255040 1 3
 0.333333 -0.199556 1 4
 0.333333 -0.198856 1 5
 0.333333 -0.198856 1 6
 0.333333 -0.175921 1 7
 0.333333 -0.092939 1 8
 0.333333 -0.092939 1 9
 0.333333  0.096141 1 10
 0.333333  0.201338 1 11
 0.333333  0.201338 1 12
 0.333333  0.278799 1 13
 0.333333  0.411460 1 14
 0.375000 -0.347702 1 1
 0.375000 -0.254986 1 2
 0.375000 -0.254986 1 3
 0.375000 -0.211577 1 4
 0.375000 -0.207052 1 5
 0.375000 -0.207052 1 6
 0.375000 -0.181524 1 7
 0.375000 -0.094890 1 8
 0.375000 -0.094890 1 9
 0.375000  0.097335 1 10
 0.375000  0.214875 1 11
 0.375000  0.214875 1 12
 0.375000  0.278913 1 13
 0.375000  0.424464 1 14
 0.416667 -0.357239 1 1
 0.416667 -0.254716 1 2
 0.416667 -0.254716 1 3
 0.416667 -0.220259 1 4
 0.416667 -0.213368 1 5
 0.416667 -0.213368 1 6
 0.416667 -0.185720 1 7
 0.416667 -0.096299 1 8
 0.416667 -0.096299 1 9
 0.416667  0.098248 1 10
 0.416667  0.225150 1 11
 0.416667  0.225150 1 12
 0.416667  0.279002 1 13
 0.416667  0.433958 1 14
 0.458333 -0.363289 1 1
 0.458333 -0.254393 1 2
 0.458333 -0.254393 1 3
 0.458333 -0.225504 1 4
 0.458333 -0.217410 1 5
 0.458333 -0.217410 1 6
 0.458333 -0.188316 1 7
 0.458333 -0.097149 1 8
 0.458333 -0.097149 1 9
 0.458333  0.098820 1 10
 0.458333  0.231574 1 11
 0.458333  0.231574 1 12
 0.458333  0.279058 1 13
 0.458333  0.439739 1 14
 0.500000 -0.365363 1 1
 0.500000 -0.254246 1 2
 0.500000 -0.254246 1 3
 0.500000 -0.227259 1 4
 0.500000 -0.218813 1 5
 0.500000 -0.218813 1 6
 0.500000 -0.189195 1 7
 0.500000 -0.097432 1 8
 0.500000 -0.097432 1 9
 0.500000  0.099015 1 10
 0.500000  0.233761 1 11
 0.500000  0.233761 1 12
 0.500000  0.279078 1 13
 0.500000  0.441681 1 14
 0.500000 -0.365363 1 1
 0.500000 -0.254246 1 2
 0.500000 -0.254246 1 3
 0.500000 -0.227259 1 4
 0.500000 -0.218813 1 5
 0.500000 -0.218813 1 6
 0.500000 -0.189195 1 7
 0.500000 -0.097432 1 8
 0.500000 -0.097432 1 9
 0.500000  0.099015 1 10
 0.500000  0.233761 1 11
 0.500000  0.233761 1 12
 0.500000  0.279078 1 13
 0.500000  0.441681 1 14
 0.541667 -0.365440 1 1
 0.541667 -0.255084 1 2
 0.541667 -0.254267 1 3
 0.541667 -0.243137 1 4
 0.541667 -0.219469 1 5
 0.541667 -0.209687 1 6
 0.541667 -0.181530 1 7
 0.541667 -0.100727 1 8
 0.541667 -0.099462 1 9
 0.541667  0.101971 1 10
 0.541667  0.233773 1 11
 0.541667  0.233879 1 12
 0.541667  0.282246 1 13
 0.541667  0.443309 1 14
 0.583333 -0.365665 1 1
 0.583333 -0.264235 1 2
 0.583333 -0.257813 1 3
 0.583333 -0.254329 1 4
 0.583333 -0.221396 1 5
 0.583333 -0.203836 1 6
 0.583333 -0.163655 1 7
 0.583333 -0.109639 1 8
 0.583333 -0.105101 1 9
 0.583333  0.110339 1 10
 0.583333  0.233806 1 11
 0.583333  0.234304 1 12
 0.583333  0.290813 1 13
 0.583333  0.448342 1 14
 0.625000 -0.366020 1 1
 0.625000 -0.285276 1 2
 0.625000 -0.263027 1 3
 0.625000 -0.254434 1 4
 0.625000 -0.224465 1 5
 0.625000 -0.199054 1 6
 0.625000 -0.143377 1 7
 0.625000 -0.121705 1 8
 0.625000 -0.113285 1 9
 0.625000  0.122906 1 10
 0.625000  0.233860 1 11
 0.625000  0.235238 1 12
 0.625000  0.302475 1 13
 0.625000  0.457116 1 14
 0.666667 -0.366484 1 1
 0.666667 -0.305338 1 2
 0.666667 -0.271451 1 3
 0.666667 -0.254586 1 4
 0.666667 -0.228469 1 5
 0.666667 -0.193801 1 6
 0.666667 -0.133981 1 7
 0.666667 -0.123619 1 8
 0.666667 -0.122827 1 9
 0.666667  0.138256 1 10
 0.666667  0.233934 1 11
 0.666667  0.236957 1 12
 0.666667  0.314651 1 13
 0.666667  0.469785 1 14
 0.708333 -0.367053 1 1
 0.708333 -0.323926 1 2
 0.708333 -0.283390 1 3
 0.708333 -0.254789 1 4
 0.708333 -0.233127 1 5
 0.708333 -0.187995 1 6
 0.708333 -0.144134 1 7
 0.708333 -0.132724 1 8
 0.708333 -0.105492 1 9
 0.708333  0.155085 1 10
 0.708333  0.234025 1 11
 0.708333  0.239723 1 12
 0.708333  0.325469 1 13
 0.708333  0.485882 1 14
 0.750000 -0.367763 1 1
 0.750000 -0.340693 1 2
 0.750000 -0.298186 1 3
 0.750000 -0.255047 1 4
 0.750000 -0.238102 1 5
 0.750000 -0.181878 1 6
 0.750000 -0.151163 1 7
 0.750000 -0.142235 1 8
 0.750000 -0.089600 1 9
 0.750000  0.172289 1 10
 0.750000  0.234135 1 11
 0.750000  0.243669 1 12
 0.750000  0.334129 1 13
 0.750000  0.504197 1 14
 0.791667 -0.368719 1 1
 0.791667 -0.355349 1 2
 0.791667 -0.314228 1 3
 0.791667 -0.255353 1 4
 0.791667 -0.243027 1 5
 0.791667 -0.175788 1 6
 0.791667 -0.155301 1 7
 0.791667 -0.150834 1 8
 0.791667 -0.076291 1 9
 0.791667  0.188890 1 10
 0.791667  0.234261 1 11
 0.791667  0.248685 1 12
 0.791667  0.340620 1 13
 0.791667  0.523058 1 14
 0.833333 -0.370145 1 1
 0.833333 -0.367657 1 2
 0.833333 -0.329467 1 3
 0.833333 -0.255686 1 4
 0.833333 -0.247541 1 5
 0.833333 -0.170102 1 6
 0.833333 -0.158166 1 7
 0.833333 -0.157354 1 8
 0.833333 -0.065686 1 9
 0.833333  0.203997 1 10
 0.833333  0.234395 1 11
 0.833333  0.254359 1 12
 0.833333  0.345279 1 13
 0.833333  0.540791 1 14
 0.875000 -0.377430 1 1
 0.875000 -0.372413 1 2
 0.875000 -0.341891 1 3
 0.875000 -0.256012 1 4
 0.875000 -0.251338 1 5
 0.875000 -0.165192 1 6
 0.875000 -0.164014 1 7
 0.875000 -0.158144 1 8
 0.875000 -0.057715 1 9
 0.875000  0.216797 1 10
 0.875000  0.234527 1 11
 0.875000  0.260018 1 12
 0.875000  0.348484 1 13
 0.875000  0.555999 1 14
 0.916667 -0.384517 1 1
 0.916667 -0.375652 1 2
 0.916667 -0.350065 1 3
 0.916667 -0.256287 1 4
 0.916667 -0.254187 1 5
 0.916667 -0.168248 1 6
 0.916667 -0.161403 1 7
 0.916667 -0.158299 1 8
 0.916667 -0.052215 1 9
 0.916667  0.226550 1 10
 0.916667  0.234640 1 11
 0.916667  0.264855 1 12
 0.916667  0.350545 1 13
 0.916667  0.567606 1 14
 0.958333 -0.388810 1 1
 0.958333 -0.378806 1 2
 0.958333 -0.354125 1 3
 0.958333 -0.256471 1 4
 0.958333 -0.255943 1 5
 0.958333 -0.170805 1 6
 0.958333 -0.159010 1 7
 0.958333 -0.158237 1 8
 0.958333 -0.049005 1 9
 0.958333  0.232661 1 10
 0.958333  0.234717 1 11
 0.958333  0.268113 1 12
 0.958333  0.351689 1 13
 0.958333  0.574864 1 14
 1.000000 -0.390248 1 1
 1.000000 -0.380115 1 2
 1.000000 -0.355282 1 3
 1.000000 -0.256535 1 4
 1.000000 -0.256535 1 5
 1.000000 -0.171660 1 6
 1.000000 -0.158192 1 7
 1.000000 -0.158192 1 8
 1.000000 -0.047950 1 9
 1.000000  0.234744 1 10
 1.000000  0.234744 1 11
 1.000000  0.269263 1 12
 1.000000  0.352055 1 13
 1.000000  0.577333 1 14
 1.000000 -0.390248 1 1
 1.000000 -0.380115 1 2
 1.000000 -0.355282 1 3
 1.000000 -0.256535 1 4
 1.000000 -0.256535 1 5
 1.000000 -0.171660 1 6
 1.000000 -0.158192 1 7
 1.000000 -0.158192 1 8
 1.000000 -0.047950 1 9
 1.000000  0.234744 1 10
 1.000000  0.234744 1 11
 1.000000  0.269263 1 12
 1.000000  0.352055 1 13
 1.000000  0.577333 1 14
 1.041595 -0.388840 1 1
 1.041595 -0.378723 1 2
 1.041595 -0.354184 1 3
 1.041595 -0.256609 1 4
 1.041595 -0.255802 1 5
 1.041595 -0.170811 1 6
 1.041595 -0.159173 1 7
 1.041595 -0.158064 1 8
 1.041595 -0.048990 1 9
 1.041595  0.233534 1 10
 1.041595  0.233845 1 11
 1.041595  0.268102 1 12
 1.041595  0.351693 1 13
 1.041595  0.574874 1 14
 1.083189 -0.384928 1 1
 1.083189 -0.374314 1 2
 1.083189 -0.350923 1 3
 1.083189 -0.256805 1 4
 1.083189 -0.253607 1 5
 1.083189 -0.168309 1 6
 1.083189 -0.161920 1 7
 1.083189 -0.157659 1 8
 1.083189 -0.052033 1 9
 1.083189  0.229944 1 10
 1.083189  0.231168 1 11
 1.083189  0.264643 1 12
 1.083189  0.350597 1 13
 1.083189  0.567641 1 14
 1.124784 -0.379237 1 1
 1.124784 -0.366389 1 2
 1.124784 -0.345603 1 3
 1.124784 -0.257051 1 4
 1.124784 -0.249964 1 5
 1.124784 -0.165872 1 6
 1.124784 -0.164269 1 7
 1.124784 -0.156925 1 8
 1.124784 -0.056856 1 9
 1.124784  0.224087 1 10
 1.124784  0.226773 1 11
 1.124784  0.258957 1 12
 1.124784  0.348740 1 13
 1.124784  0.556023 1 14
 1.166378 -0.372292 1 1
 1.166378 -0.354807 1 2
 1.166378 -0.338417 1 3
 1.166378 -0.257254 1 4
 1.166378 -0.244905 1 5
 1.166378 -0.170189 1 6
 1.166378 -0.158870 1 7
 1.166378 -0.155801 1 8
 1.166378 -0.063110 1 9
 1.166378  0.216171 1 10
 1.166378  0.220739 1 11
 1.166378  0.251187 1 12
 1.166378  0.346104 1 13
 1.166378  0.540553 1 14
 1.207973 -0.364204 1 1
 1.207973 -0.339940 1 2
 1.207973 -0.329654 1 3
 1.207973 -0.257335 1 4
 1.207973 -0.238477 1 5
 1.207973 -0.173901 1 6
 1.207973 -0.154209 1 7
 1.207973 -0.152311 1 8
 1.207973 -0.070367 1 9
 1.207973  0.206481 1 10
 1.207973  0.213145 1 11
 1.207973  0.241544 1 12
 1.207973  0.342692 1 13
 1.207973  0.521798 1 14
 1.249567 -0.355012 1 1
 1.249567 -0.322322 1 2
 1.249567 -0.319702 1 3
 1.249567 -0.257246 1 4
 1.249567 -0.230760 1 5
 1.249567 -0.176059 1 6
 1.249567 -0.152046 1 7
 1.249567 -0.144806 1 8
 1.249567 -0.078156 1 9
 1.249567  0.195370 1 10
 1.249567  0.204071 1 11
 1.249567  0.230290 1 12
 1.249567  0.338522 1 13
 1.249567  0.500329 1 14
 1.291162 -0.344809 1 1
 1.291162 -0.309025 1 2
 1.291162 -0.302501 1 3
 1.291162 -0.256979 1 4
 1.291162 -0.221867 1 5
 1.291162 -0.175863 1 6
 1.291162 -0.149170 1 7
 1.291162 -0.136579 1 8
 1.291162 -0.085984 1 9
 1.291162  0.183232 1 10
 1.291162  0.193616 1 11
 1.291162  0.217708 1 12
 1.291162  0.333619 1 13
 1.291162  0.476724 1 14
 1.332756 -0.333744 1 1
 1.332756 -0.298126 1 2
 1.332756 -0.281062 1 3
 1.332756 -0.256554 1 4
 1.332756 -0.211941 1 5
 1.332756 -0.172721 1 6
 1.332756 -0.145444 1 7
 1.332756 -0.127857 1 8
 1.332756 -0.093333 1 9
 1.332756  0.170461 1 10
 1.332756  0.181919 1 11
 1.332756  0.204056 1 12
 1.332756  0.328007 1 13
 1.332756  0.451579 1 14
 1.374351 -0.322023 1 1
 1.374351 -0.287517 1 2
 1.374351 -0.258634 1 3
 1.374351 -0.256004 1 4
 1.374351 -0.201155 1 5
 1.374351 -0.166283 1 6
 1.374351 -0.140853 1 7
 1.374351 -0.118871 1 8
 1.374351 -0.099608 1 9
 1.374351  0.157418 1 10
 1.374351  0.169185 1 11
 1.374351  0.189552 1 12
 1.374351  0.321729 1 13
 1.374351  0.425501 1 14
 1.415945 -0.309941 1 1
 1.415945 -0.277725 1 2
 1.415945 -0.255365 1 3
 1.415945 -0.235907 1 4
 1.415945 -0.189730 1 5
 1.415945 -0.156488 1 6
 1.415945 -0.135771 1 7
 1.415945 -0.109866 1 8
 1.415945 -0.103953 1 9
 1.415945  0.144452 1 10
 1.415945  0.155722 1 11
 1.415945  0.174390 1 12
 1.415945  0.314893 1 13
 1.415945  0.399140 1 14
 1.457540 -0.297851 1 1
 1.457540 -0.269249 1 2
 1.457540 -0.254672 1 3
 1.457540 -0.213534 1 4
 1.457540 -0.177940 1 5
 1.457540 -0.143640 1 6
 1.457540 -0.131379 1 7
 1.457540 -0.104953 1 8
 1.457540 -0.101082 1 9
 1.457540  0.131887 1 10
 1.457540  0.141929 1 11
 1.457540  0.158753 1 12
 1.457540  0.307693 1 13
 1.457540  0.373173 1 14
 1.499134 -0.286154 1 1
 1.499134 -0.262495 1 2
 1.499134 -0.253966 1 3
 1.499134 -0.192139 1 4
 1.499134 -0.166164 1 5
 1.499134 -0.129198 1 6
 1.499134 -0.128491 1 7
 1.499134 -0.101230 1 8
 1.499134 -0.092772 1 9
 1.499134  0.120079 1 10
 1.499134  0.128318 1 11
 1.499134  0.142893 1 12
 1.499134  0.300425 1 13
 1.499134  0.348381 1 14
 1.540729 -0.275300 1 1
 1.540729 -0.257638 1 2
 1.540729 -0.253291 1 3
 1.540729 -0.172389 1 4
 1.540729 -0.154917 1 5
 1.540729 -0.128917 1 6
 1.540729 -0.112225 1 7
 1.540729 -0.093737 1 8
 1.540729 -0.085219 1 9
 1.540729  0.109429 1 10
 1.540729  0.115514 1 11
 1.540729  0.127220 1 12
 1.540729  0.293469 1 13
 1.540729  0.325687 1 14
 1.582323 -0.265819 1 1
 1.582323 -0.254545 1 2
 1.582323 -0.252698 1 3
 1.582323 -0.155149 1 4
 1.582323 -0.144867 1 5
 1.582323 -0.129225 1 6
 1.582323 -0.096333 1 7
 1.582323 -0.084940 1 8
 1.582323 -0.078750 1 9
 1.582323  0.100392 1 10
 1.582323  0.104248 1 11
 1.582323  0.112444 1 12
 1.582323  0.287268 1 13
 1.582323  0.306166 1 14
 1.623918 -0.258338 1 1
 1.623918 -0.252836 1 2
 1.623918 -0.252233 1 3
 1.623918 -0.141532 1 4
 1.623918 -0.136799 1 5
 1.623918 -0.129506 1 6
 1.623918 -0.082559 1 7
 1.623918 -0.076950 1 8
 1.623918 -0.073729 1 9
 1.623918  0.093449 1 10
 1.623918  0.095326 1 11
 1.623918  0.099734 1 12
 1.623918  0.282311 1 13
 1.623918  0.290987 1 14
 1.665512 -0.253510 1 1
 1.665512 -0.252053 1 2
 1.665512 -0.251937 1 3
 1.665512 -0.132737 1 4
 1.665512 -0.131528 1 5
 1.665512 -0.129650 1 6
 1.665512 -0.072931 1 7
 1.665512 -0.071406 1 8
 1.665512 -0.070526 1 9
 1.665512  0.089058 1 10
 1.665512  0.089555 1 11
 1.665512  0.090817 1 12
 1.665512  0.279084 1 13
 1.665512  0.281299 1 14
 1.707107 -0.251836 1 1
 1.707107 -0.251836 1 2
 1.707107 -0.251836 1 3
 1.707107 -0.129689 1 4
 1.707107 -0.129689 1 5
 1.707107 -0.129689 1 6
 1.707107 -0.069422 1 7
 1.707107 -0.069422 1 8
 1.707107 -0.069422 1 9
 1.707107  0.087552 1 10
 1.707107  0.087552 1 11
 1.707107  0.087552 1 12
 1.707107  0.277961 1 13
 1.707107  0.277961 1 14
 1.707107 -0.251836 1 1
 1.707107 -0.251836 1 2
 1.707107 -0.251836 1 3
 1.707107 -0.129689 1 4
 1.707107 -0.129689 1 5
 1.707107 -0.129689 1 6
 1.707107 -0.069422 1 7
 1.707107 -0.069422 1 8
 1.707107 -0.069422 1 9
 1.707107  0.087552 1 10
 1.707107  0.087552 1 11
 1.707107  0.087552 1 12
 1.707107  0.277961 1 13
 1.707107  0.277961 1 14
 1.748346 -0.253453 1 1
 1.748346 -0.252007 1 2
 1.748346 -0.252007 1 3
 1.748346 -0.132288 1 4
 1.748346 -0.132288 1 5
 1.748346 -0.129253 1 6
 1.748346 -0.072620 1 7
 1.748346 -0.071074 1 8
 1.748346 -0.071074 1 9
 1.748346  0.089448 1 10
 1.748346  0.089934 1 11
 1.748346  0.089934 1 12
 1.748346  0.280162 1 13
 1.748346  0.280162 1 14
 1.789585 -0.258163 1 1
 1.789585 -0.252565 1 2
 1.789585 -0.252565 1 3
 1.789585 -0.139743 1 4
 1.789585 -0.139743 1 5
 1.789585 -0.127945 1 6
 1.789585 -0.081759 1 7
 1.789585 -0.075642 1 8
 1.789585 -0.075642 1 9
 1.789585  0.094824 1 10
 1.789585  0.096614 1 11
 1.789585  0.096614 1 12
 1.789585  0.286617 1 13
 1.789585  0.286617 1 14
 1.830825 -0.265565 1 1
 1.830825 -0.253641 1 2
 1.830825 -0.253641 1 3
 1.830825 -0.151133 1 4
 1.830825 -0.151133 1 5
 1.830825 -0.125776 1 6
 1.830825 -0.095720 1 7
 1.830825 -0.082226 1 8
 1.830825 -0.082226 1 9
 1.830825  0.102961 1 10
 1.830825  0.106505 1 11
 1.830825  0.106505 1 12
 1.830825  0.296923 1 13
 1.830825  0.296923 1 14
 1.872064 -0.275064 1 1
 1.872064 -0.255452 1 2
 1.872064 -0.255452 1 3
 1.872064 -0.165233 1 4
 1.872064 -0.165233 1 5
 1.872064 -0.122785 1 6
 1.872064 -0.113174 1 7
 1.872064 -0.089822 1 8
 1.872064 -0.089822 1 9
 1.872064  0.113114 1 10
 1.872064  0.118449 1 11
 1.872064  0.118449 1 12
 1.872064  0.310507 1 13
 1.872064  0.310507 1 14
 1.913303 -0.285990 1 1
 1.913303 -0.258230 1 2
 1.913303 -0.258230 1 3
 1.913303 -0.180848 1 4
 1.913303 -0.180848 1 5
 1.913303 -0.132927 1 6
 1.913303 -0.119039 1 7
 1.913303 -0.097480 1 8
 1.913303 -0.097480 1 9
 1.913303  0.124708 1 10
 1.913303  0.131533 1 11
 1.913303  0.131533 1 12
 1.913303  0.326718 1 13
 1.913303  0.326718 1 14
 1.954543 -0.297694 1 1
 1.954543 -0.262146 1 2
 1.954543 -0.262146 1 3
 1.954543 -0.197017 1 4
 1.954543 -0.197017 1 5
 1.954543 -0.154062 1 6
 1.954543 -0.114615 1 7
 1.954543 -0.104337 1 8
 1.954543 -0.104337 1 9
 1.954543  0.137340 1 10
 1.954543  0.145142 1 11
 1.954543  0.145142 1 12
 1.954543  0.344925 1 13
 1.954543  0.344925 1 14
 1.995782 -0.309572 1 1
 1.995782 -0.267243 1 2
 1.995782 -0.267243 1 3
 1.995782 -0.213066 1 4
 1.995782 -0.213066 1 5
 1.995782 -0.175946 1 6
 1.995782 -0.109682 1 7
 1.995782 -0.109682 1 8
 1.995782 -0.109588 1 9
 1.995782  0.150705 1 10
 1.995782  0.158898 1 11
 1.995782  0.158898 1 12
 1.995782  0.364587 1 13
 1.995782  0.364587 1 14
 2.037021 -0.321020 1 1
 2.037021 -0.273430 1 2
 2.037021 -0.273430 1 3
 2.037021 -0.228565 1 4
 2.037021 -0.228565 1 5
 2.037021 -0.198097 1 6
 2.037021 -0.113011 1 7
 2.037021 -0.113011 1 8
 2.037021 -0.104023 1 9
 2.037021  0.164529 1 10
 2.037021  0.172576 1 11
 2.037021  0.172576 1 12
 2.037021  0.385232 1 13
 2.037021  0.385232 1 14
 2.078261 -0.331423 1 1
 2.078261 -0.280509 1 2
 2.078261 -0.280509 1 3
 2.078261 -0.243247 1 4
 2.078261 -0.243247 1 5
 2.078261 -0.220058 1 6
 2.078261 -0.114045 1 7
 2.078261 -0.114045 1 8
 2.078261 -0.097994 1 9
 2.078261  0.178535 1 10
 2.078261  0.186034 1 11
 2.078261  0.186034 1 12
 2.078261  0.406372 1 13
 2.078261  0.406372 1 14
 2.119500 -0.340229 1 1
 2.119500 -0.288219 1 2
 2.119500 -0.288219 1 3
 2.119500 -0.256915 1 4
 2.119500 -0.256915 1 5
 2.119500 -0.241368 1 6
 2.119500 -0.112712 1 7
 2.119500 -0.112712 1 8
 2.119500 -0.091598 1 9
 2.119500  0.192442 1 10
 2.119500  0.199160 1 11
 2.119500  0.199160 1 12
 2.119500  0.427471 1 13
 2.119500  0.427471 1 14
 2.160739 -0.347067 1 1
 2.160739 -0.296310 1 2
 2.160739 -0.296310 1 3
 2.160739 -0.269372 1 4
 2.160739 -0.269372 1 5
 2.160739 -0.261613 1 6
 2.160739 -0.109123 1 7
 2.160739 -0.109123 1 8
 2.160739 -0.084969 1 9
 2.160739  0.205989 1 10
 2.160739  0.211838 1 11
 2.160739  0.211838 1 12
 2.160739  0.448034 1 13
 2.160739  0.448034 1 14
 2.201978 -0.351875 1 1
 2.201978 -0.304615 1 2
 2.201978 -0.304615 1 3
 2.201978 -0.280458 1 4
 2.201978 -0.280428 1 5
 2.201978 -0.280428 1 6
 2.201978 -0.103518 1 7
 2.201978 -0.103518 1 8
 2.201978 -0.078282 1 9
 2.201978  0.218973 1 10
 2.201978  0.223955 1 11
 2.201978  0.223955 1 12
 2.201978  0.467770 1 13
 2.201978  0.467770 1 14
 2.243218 -0.354979 1 1
 2.243218 -0.312993 1 2
 2.243218 -0.312993 1 3
 2.243218 -0.297437 1 4
 2.243218 -0.289932 1 5
 2.243218 -0.289932 1 6
 2.243218 -0.096241 1 7
 2.243218 -0.096241 1 8
 2.243218 -0.071742 1 9
 2.243218  0.231219 1 10
 2.243218  0.235371 1 11
 2.243218  0.235371 1 12
 2.243218  0.486561 1 13
 2.243218  0.486561 1 14
 2.284457 -0.357256 1 1
 2.284457 -0.321246 1 2
 2.284457 -0.321246 1 3
 2.284457 -0.311698 1 4
 2.284457 -0.297867 1 5
 2.284457 -0.297867 1 6
 2.284457 -0.087712 1 7
 2.284457 -0.087712 1 8
 2.284457 -0.065540 1 9
 2.284457  0.242587 1 10
 2.284457  0.245952 1 11
 2.284457  0.245952 1 12
 2.284457  0.504368 1 13
 2.284457  0.504368 1 14
 2.325696 -0.360284 1 1
 2.325696 -0.329084 1 2
 2.325696 -0.329084 1 3
 2.325696 -0.321773 1 4
 2.325696 -0.304335 1 5
 2.325696 -0.304335 1 6
 2.325696 -0.078445 1 7
 2.325696 -0.078445 1 8
 2.325696 -0.059818 1 9
 2.325696  0.252943 1 10
 2.325696  0.255564 1 11
 2.325696  0.255564 1 12
 2.325696  0.521076 1 13
 2.325696  0.521076 1 14
 2.366936 -0.365532 1 1
 2.366936 -0.336200 1 2
 2.366936 -0.336200 1 3
 2.366936 -0.326426 1 4
 2.366936 -0.309481 1 5
 2.366936 -0.309481 1 6
 2.366936 -0.069041 1 7
 2.366936 -0.069041 1 8
 2.366936 -0.054675 1 9
 2.366936  0.262135 1 10
 2.366936  0.264065 1 11
 2.366936  0.264065 1 12
 2.366936  0.536435 1 13
 2.366936  0.536435 1 14
 2.408175 -0.372422 1 1
 2.408175 -0.342338 1 2
 2.408175 -0.342338 1 3
 2.408175 -0.326628 1 4
 2.408175 -0.313443 1 5
 2.408175 -0.313443 1 6
 2.408175 -0.060160 1 7
 2.408175 -0.060160 1 8
 2.408175 -0.050198 1 9
 2.408175  0.269988 1 10
 2.408175  0.271295 1 11
 2.408175  0.271295 1 12
 2.408175  0.550066 1 13
 2.408175  0.550066 1 14
 2.449414 -0.379159 1 1
 2.449414 -0.347299 1 2
 2.449414 -0.347299 1 3
 2.449414 -0.324670 1 4
 2.449414 -0.316355 1 5
 2.449414 -0.316355 1 6
 2.449414 -0.052448 1 7
 2.449414 -0.052448 1 8
 2.449414 -0.046503 1 9
 2.449414  0.276324 1 10
 2.449414  0.277098 1 11
 2.449414  0.277098 1 12
 2.449414  0.561487 1 13
 2.449414  0.561487 1 14
 2.490654 -0.384506 1 1
 2.490654 -0.350936 1 2
 2.490654 -0.350936 1 3
 2.490654 -0.322296 1 4
 2.490654 -0.318340 1 5
 2.490654 -0.318340 1 6
 2.490654 -0.046480 1 7
 2.490654 -0.046480 1 8
 2.490654 -0.043726 1 9
 2.490654  0.280978 1 10
 2.490654  0.281338 1 11
 2.490654  0.281338 1 12
 2.490654  0.570161 1 13
 2.490654  0.570161 1 14
 2.531893 -0.387872 1 1
 2.531893 -0.353152 1 2
 2.531893 -0.353152 1 3
 2.531893 -0.320523 1 4
 2.531893 -0.319497 1 5
 2.531893 -0.319497 1 6
 2.531893 -0.042706 1 7
 2.531893 -0.042706 1 8
 2.531893 -0.042000 1 9
 2.531893  0.283825 1 10
 2.531893  0.283918 1 11
 2.531893  0.283918 1 12
 2.531893  0.575595 1 13
 2.531893  0.575595 1 14
 2.573132 -0.389014 1 1
 2.573132 -0.353896 1 2
 2.573132 -0.353896 1 3
 2.573132 -0.319877 1 4
 2.573132 -0.319877 1 5
 2.573132 -0.319877 1 6
 2.573132 -0.041414 1 7
 2.573132 -0.041414 1 8
 2.573132 -0.041414 1 9
 2.573132  0.284783 1 10
 2.573132  0.284783 1 11
 2.573132  0.284783 1 12
 2.573132  0.577446 1 13
 2.573132  0.577446 1 14
 2.573132 -0.389014 1 1
 2.573132 -0.353896 1 2
 2.573132 -0.353896 1 3
 2.573132 -0.319877 1 4
 2.573132 -0.319877 1 5
 2.573132 -0.319877 1 6
 2.573132 -0.041414 1 7
 2.573132 -0.041414 1 8
 2.573132 -0.041414 1 9
 2.573132  0.284783 1 10
 2.573132  0.284783 1 11
 2.573132  0.284783 1 12
 2.573132  0.577446 1 13
 2.573132  0.577446 1 14
 2.614727 -0.387866 1 1
 2.614727 -0.353516 1 2
 2.614727 -0.352750 1 3
 2.614727 -0.320674 1 4
 2.614727 -0.319626 1 5
 2.614727 -0.319216 1 6
 2.614727 -0.042966 1 7
 2.614727 -0.042609 1 8
 2.614727 -0.041893 1 9
 2.614727  0.283577 1 10
 2.614727  0.283975 1 11
 2.614727  0.284069 1 12
 2.614727  0.574628 1 13
 2.614727  0.576499 1 14
 2.656321 -0.384657 1 1
 2.656321 -0.352202 1 2
 2.656321 -0.349340 1 3
 2.656321 -0.322962 1 4
 2.656321 -0.318857 1 5
 2.656321 -0.317184 1 6
 2.656321 -0.047509 1 7
 2.656321 -0.046097 1 8
 2.656321 -0.043335 1 9
 2.656321  0.279992 1 10
 2.656321  0.281619 1 11
 2.656321  0.281970 1 12
 2.656321  0.566410 1 13
 2.656321  0.573679 1 14
 2.697916 -0.380174 1 1
 2.697916 -0.349397 1 2
 2.697916 -0.343758 1 3
 2.697916 -0.326425 1 4
 2.697916 -0.317524 1 5
 2.697916 -0.313613 1 6
 2.697916 -0.054716 1 7
 2.697916 -0.051613 1 8
 2.697916 -0.045759 1 9
 2.697916  0.274123 1 10
 2.697916  0.277906 1 11
 2.697916  0.278621 1 12
 2.697916  0.553442 1 13
 2.697916  0.569051 1 14
 2.739510 -0.375740 1 1
 2.739510 -0.344272 1 2
 2.739510 -0.336180 1 3
 2.739510 -0.330528 1 4
 2.739510 -0.315553 1 5
 2.739510 -0.308162 1 6
 2.739510 -0.064053 1 7
 2.739510 -0.058777 1 8
 2.739510 -0.049221 1 9
 2.739510  0.266133 1 10
 2.739510  0.273136 1 11
 2.739510  0.274247 1 12
 2.739510  0.536651 1 13
 2.739510  0.562721 1 14
 2.781105 -0.372478 1 1
 2.781105 -0.336531 1 2
 2.781105 -0.334564 1 3
 2.781105 -0.326871 1 4
 2.781105 -0.312860 1 5
 2.781105 -0.300250 1 6
 2.781105 -0.074831 1 7
 2.781105 -0.067172 1 8
 2.781105 -0.053831 1 9
 2.781105  0.256224 1 10
 2.781105  0.267676 1 11
 2.781105  0.269147 1 12
 2.781105  0.516970 1 13
 2.781105  0.554825 1 14
 2.822699 -0.370516 1 1
 2.822699 -0.337743 1 2
 2.822699 -0.327126 1 3
 2.822699 -0.316189 1 4
 2.822699 -0.309376 1 5
 2.822699 -0.289145 1 6
 2.822699 -0.086254 1 7
 2.822699 -0.076417 1 8
 2.822699 -0.059728 1 9
 2.822699  0.244624 1 10
 2.822699  0.261913 1 11
 2.822699  0.263667 1 12
 2.822699  0.495159 1 13
 2.822699  0.545539 1 14
 2.864294 -0.369404 1 1
 2.864294 -0.339310 1 2
 2.864294 -0.317419 1 3
 2.864294 -0.305057 1 4
 2.864294 -0.304597 1 5
 2.864294 -0.274390 1 6
 2.864294 -0.097475 1 7
 2.864294 -0.086227 1 8
 2.864294 -0.067043 1 9
 2.864294  0.231566 1 10
 2.864294  0.256207 1 11
 2.864294  0.258150 1 12
 2.864294  0.471749 1 13
 2.864294  0.535098 1 14
 2.905888 -0.368731 1 1
 2.905888 -0.338635 1 2
 2.905888 -0.308131 1 3
 2.905888 -0.299869 1 4
 2.905888 -0.292680 1 5
 2.905888 -0.256251 1 6
 2.905888 -0.107646 1 7
 2.905888 -0.096464 1 8
 2.905888 -0.075862 1 9
 2.905888  0.217279 1 10
 2.905888  0.250846 1 11
 2.905888  0.252890 1 12
 2.905888  0.447158 1 13
 2.905888  0.523801 1 14
 2.947483 -0.368245 1 1
 2.947483 -0.335263 1 2
 2.947483 -0.299386 1 3
 2.947483 -0.293760 1 4
 2.947483 -0.281154 1 5
 2.947483 -0.235546 1 6
 2.947483 -0.115929 1 7
 2.947483 -0.107148 1 8
 2.947483 -0.086198 1 9
 2.947483  0.201989 1 10
 2.947483  0.246049 1 11
 2.947483  0.248109 1 12
 2.947483  0.421825 1 13
 2.947483  0.511975 1 14
 2.989077 -0.367812 1 1
 2.989077 -0.328934 1 2
 2.989077 -0.291145 1 3
 2.989077 -0.286655 1 4
 2.989077 -0.270861 1 5
 2.989077 -0.213257 1 6
 2.989077 -0.121488 1 7
 2.989077 -0.118404 1 8
 2.989077 -0.097966 1 9
 2.989077  0.185964 1 10
 2.989077  0.241988 1 11
 2.989077  0.243973 1 12
 2.989077  0.396311 1 13
 2.989077  0.499917 1 14
 3.030672 -0.367371 1 1
 3.030672 -0.319612 1 2
 3.030672 -0.283367 1 3
 3.030672 -0.278477 1 4
 3.030672 -0.262629 1 5
 3.030672 -0.190304 1 6
 3.030672 -0.130412 1 7
 3.030672 -0.123607 1 8
 3.030672 -0.111000 1 9
 3.030672  0.169498 1 10
 3.030672  0.238783 1 11
 3.030672  0.240590 1 12
 3.030672  0.371228 1 13
 3.030672  0.487861 1 14
 3.072266 -0.366908 1 1
 3.072266 -0.307504 1 2
 3.072266 -0.276053 1 3
 3.072266 -0.269201 1 4
 3.072266 -0.257030 1 5
 3.072266 -0.167579 1 6
 3.072266 -0.143321 1 7
 3.072266 -0.125047 1 8
 3.072266 -0.121994 1 9
 3.072266  0.152989 1 10
 3.072266  0.236478 1 11
 3.072266  0.238000 1 12
 3.072266  0.347279 1 13
 3.072266  0.476087 1 14
 3.113861 -0.366441 1 1
 3.113861 -0.293041 1 2
 3.113861 -0.269285 1 3
 3.113861 -0.258881 1 4
 3.113861 -0.254076 1 5
 3.113861 -0.157228 1 6
 3.113861 -0.146036 1 7
 3.113861 -0.139779 1 8
 3.113861 -0.117167 1 9
 3.113861  0.136998 1 10
 3.113861  0.235013 1 11
 3.113861  0.236162 1 12
 3.113861  0.325311 1 13
 3.113861  0.465055 1 14
 3.155455 -0.366011 1 1
 3.155455 -0.276803 1 2
 3.155455 -0.263298 1 3
 3.155455 -0.253175 1 4
 3.155455 -0.247672 1 5
 3.155455 -0.172169 1 6
 3.155455 -0.154799 1 7
 3.155455 -0.126813 1 8
 3.155455 -0.110526 1 9
 3.155455  0.122343 1 10
 3.155455  0.234221 1 11
 3.155455  0.234960 1 12
 3.155455  0.306375 1 13
 3.155455  0.455439 1 14
 3.197050 -0.365664 1 1
 3.197050 -0.259423 1 2
 3.197050 -0.258491 1 3
 3.197050 -0.253433 1 4
 3.197050 -0.235917 1 5
 3.197050 -0.188115 1 6
 3.197050 -0.169526 1 7
 3.197050 -0.111291 1 8
 3.197050 -0.103936 1 9
 3.197050  0.110177 1 10
 3.197050  0.233881 1 11
 3.197050  0.234243 1 12
 3.197050  0.291658 1 13
 3.197050  0.447979 1 14
 3.238644 -0.365440 1 1
 3.238644 -0.255345 1 2
 3.238644 -0.253990 1 3
 3.238644 -0.241623 1 4
 3.238644 -0.224732 1 5
 3.238644 -0.204843 1 6
 3.238644 -0.182617 1 7
 3.238644 -0.101041 1 8
 3.238644 -0.099166 1 9
 3.238644  0.101951 1 10
 3.238644  0.233778 1 11
 3.238644  0.233874 1 12
 3.238644  0.282294 1 13
 3.238644  0.443281 1 14
 3.280239 -0.365363 1 1
 3.280239 -0.254246 1 2
 3.280239 -0.254246 1 3
 3.280239 -0.227259 1 4
 3.280239 -0.218813 1 5
 3.280239 -0.218813 1 6
 3.280239 -0.189195 1 7
 3.280239 -0.097432 1 8
 3.280239 -0.097432 1 9
 3.280239  0.099015 1 10
 3.280239  0.233761 1 11
 3.280239  0.233761 1 12
 3.280239  0.279078 1 13
 3.280239  0.441681 1 14
 3.280239 -0.389014 1 1
 3.280239 -0.353896 1 2
 3.280239 -0.353896 1 3
 3.280239 -0.319877 1 4
 3.280239 -0.319877 1 5
 3.280239 -0.319877 1 6
 3.280239 -0.041414 1 7
 3.280239 -0.041414 1 8
 3.280239 -0.041414 1 9
 3.280239  0.284783 1 10
 3.280239  0.284783 1 11
 3.280239  0.284783 1 12
 3.280239  0.577446 1 13
 3.280239  0.577446 1 14
 3.321906 -0.387902 1 1
 3.321906 -0.353920 1 2
 3.321906 -0.352300 1 3
 3.321906 -0.321088 1 4
 3.321906 -0.319218 1 5
 3.321906 -0.319218 1 6
 3.321906 -0.042977 1 7
 3.321906 -0.042977 1 8
 3.321906 -0.041535 1 9
 3.321906  0.283585 1 10
 3.321906  0.283585 1 11
 3.321906  0.284462 1 12
 3.321906  0.573674 1 13
 3.321906  0.577442 1 14
 3.363572 -0.385211 1 1
 3.363572 -0.353990 1 2
 3.363572 -0.346963 1 3
 3.363572 -0.324639 1 4
 3.363572 -0.317243 1 5
 3.363572 -0.317243 1 6
 3.363572 -0.047609 1 7
 3.363572 -0.047609 1 8
 3.363572 -0.041886 1 9
 3.363572  0.280165 1 10
 3.363572  0.280165 1 11
 3.363572  0.283532 1 12
 3.363572  0.562658 1 13
 3.363572  0.577430 1 14
 3.405239 -0.382391 1 1
 3.405239 -0.354100 1 2
 3.405239 -0.336740 1 3
 3.405239 -0.330288 1 4
 3.405239 -0.313970 1 5
 3.405239 -0.313970 1 6
 3.405239 -0.055139 1 7
 3.405239 -0.055139 1 8
 3.405239 -0.042436 1 9
 3.405239  0.274997 1 10
 3.405239  0.274997 1 11
 3.405239  0.282091 1 12
 3.405239  0.545260 1 13
 3.405239  0.577416 1 14
 3.446906 -0.380457 1 1
 3.446906 -0.354244 1 2
 3.446906 -0.337638 1 3
 3.446906 -0.321194 1 4
 3.446906 -0.309434 1 5
 3.446906 -0.309434 1 6
 3.446906 -0.065258 1 7
 3.446906 -0.065258 1 8
 3.446906 -0.043138 1 9
 3.446906  0.268733 1 10
 3.446906  0.268733 1 11
 3.446906  0.280282 1 12
 3.446906  0.522834 1 13
 3.446906  0.577402 1 14
 3.488572 -0.379486 1 1
 3.488572 -0.354411 1 2
 3.488572 -0.346164 1 3
 3.488572 -0.303704 1 4
 3.488572 -0.303704 1 5
 3.488572 -0.301131 1 6
 3.488572 -0.077508 1 7
 3.488572 -0.077508 1 8
 3.488572 -0.043939 1 9
 3.488572  0.262049 1 10
 3.488572  0.262049 1 11
 3.488572  0.278275 1 12
 3.488572  0.497020 1 13
 3.488572  0.577392 1 14
 3.530239 -0.379167 1 1
 3.530239 -0.355268 1 2
 3.530239 -0.354590 1 3
 3.530239 -0.296889 1 4
 3.530239 -0.296889 1 5
 3.530239 -0.277995 1 6
 3.530239 -0.091309 1 7
 3.530239 -0.091309 1 8
 3.530239 -0.044781 1 9
 3.530239  0.255515 1 10
 3.530239  0.255515 1 11
 3.530239  0.276234 1 12
 3.530239  0.469444 1 13
 3.530239  0.577385 1 14
 3.571906 -0.379212 1 1
 3.571906 -0.364328 1 2
 3.571906 -0.354769 1 3
 3.571906 -0.289167 1 4
 3.571906 -0.289167 1 5
 3.571906 -0.253418 1 6
 3.571906 -0.105976 1 7
 3.571906 -0.105976 1 8
 3.571906 -0.045609 1 9
 3.571906  0.249548 1 10
 3.571906  0.249548 1 11
 3.571906  0.274304 1 12
 3.571906  0.441568 1 13
 3.571906  0.577379 1 14
 3.613572 -0.379423 1 1
 3.613572 -0.372744 1 2
 3.613572 -0.354936 1 3
 3.613572 -0.280824 1 4
 3.613572 -0.280824 1 5
 3.613572 -0.229072 1 6
 3.613572 -0.120738 1 7
 3.613572 -0.120738 1 8
 3.613572 -0.046373 1 9
 3.613572  0.244413 1 10
 3.613572  0.244413 1 11
 3.613572  0.272594 1 12
 3.613572  0.414711 1 13
 3.613572  0.577371 1 14
 3.655239 -0.379975 1 1
 3.655239 -0.379680 1 2
 3.655239 -0.355079 1 3
 3.655239 -0.272336 1 4
 3.655239 -0.272336 1 5
 3.655239 -0.206706 1 6
 3.655239 -0.134699 1 7
 3.655239 -0.134699 1 8
 3.655239 -0.047027 1 9
 3.655239  0.240271 1 10
 3.655239  0.240271 1 11
 3.655239  0.271183 1 12
 3.655239  0.390309 1 13
 3.655239  0.577359 1 14
 3.696906 -0.385538 1 1
 3.696906 -0.379908 1 2
 3.696906 -0.355189 1 3
 3.696906 -0.264533 1 4
 3.696906 -0.264533 1 5
 3.696906 -0.188303 1 6
 3.696906 -0.146681 1 7
 3.696906 -0.146681 1 8
 3.696906 -0.047527 1 9
 3.696906  0.237230 1 10
 3.696906  0.237230 1 11
 3.696906  0.270132 1 12
 3.696906  0.370251 1 13
 3.696906  0.577347 1 14
 3.738572 -0.389048 1 1
 3.738572 -0.380061 1 2
 3.738572 -0.355259 1 3
 3.738572 -0.258736 1 4
 3.738572 -0.258736 1 5
 3.738572 -0.176010 1 6
 3.738572 -0.155098 1 7
 3.738572 -0.155098 1 8
 3.738572 -0.047843 1 9
 3.738572  0.235371 1 10
 3.738572  0.235371 1 11
 3.738572  0.269482 1 12
 3.738572  0.356817 1 13
 3.738572  0.577337 1 14
 3.780239 -0.390248 1 1
 3.780239 -0.380115 1 2
 3.780239 -0.355282 1 3
 3.780239 -0.256535 1 4
 3.780239 -0.256535 1 5
 3.780239 -0.171660 1 6
 3.780239 -0.158192 1 7
 3.780239 -0.158192 1 8
 3.780239 -0.047950 1 9
 3.780239  0.234744 1 10
 3.780239  0.234744 1 11
 3.780239  0.269263 1 12
 3.780239  0.352055 1 13
 3.780239  0.577333 1 14
