 0.000000 -0.277976 1 1
 0.000000 -0.272650 1 2
 0.000000 -0.169690 1 3
 0.000000 -0.168214 1 4
 0.000000 -0.160279 1 5
 0.000000 -0.006546 1 6
 0.000000  0.003562 1 7
 0.000000  0.004853 1 8
 0.000000  0.099621 1 9
 0.000000  0.155039 1 10
 0.000000  0.159161 1 11
 0.000000  0.198714 1 12
 0.000000  0.223206 1 13
 0.000000  0.232920 1 14
 0.000000  0.247096 1 15
 0.000000  0.269791 1 16
 0.000000  0.273127 1 17
 0.000000  0.419851 1 18
 0.000000  0.434738 1 19
 0.000000  0.631846 1 20
 0.000000  0.644605 1 21
 0.000000  0.719291 1 22
 0.070711 -0.274250 1 1
 0.070711 -0.271332 1 2
 0.070711 -0.168170 1 3
 0.070711 -0.167005 1 4
 0.070711 -0.159925 1 5
 0.070711 -0.007135 1 6
 0.070711 -0.002746 1 7
 0.070711  0.003693 1 8
 0.070711  0.095839 1 9
 0.070711  0.149433 1 10
 0.070711  0.149706 1 11
 0.070711  0.197149 1 12
 0.070711  0.227387 1 13
 0.070711  0.232352 1 14
 0.070711  0.252224 1 15
 0.070711  0.274851 1 16
 0.070711  0.275791 1 17
 0.070711  0.417957 1 18
 0.070711  0.439691 1 19
 0.070711  0.628370 1 20
 0.070711  0.644276 1 21
 0.070711  0.717970 1 22
 0.141421 -0.272846 1 1
 0.141421 -0.259208 1 2
 0.141421 -0.164090 1 3
 0.141421 -0.162944 1 4
 0.141421 -0.159271 1 5
 0.141421 -0.023887 1 6
 0.141421 -0.008613 1 7
 0.141421  0.004092 1 8
 0.141421  0.086833 1 9
 0.141421  0.128246 1 10
 0.141421  0.137062 1 11
 0.141421  0.192677 1 12
 0.141421  0.231419 1 13
 0.141421  0.233974 1 14
 0.141421  0.264408 1 15
 0.141421  0.281683 1 16
 0.141421  0.287429 1 17
 0.141421  0.412786 1 18
 0.141421  0.453415 1 19
 0.141421  0.619640 1 20
 0.141421  0.643606 1 21
 0.141421  0.713198 1 22
 0.212132 -0.272718 1 1
 0.212132 -0.241342 1 2
 0.212132 -0.161137 1 3
 0.212132 -0.159232 1 4
 0.212132 -0.152712 1 5
 0.212132 -0.053069 1 6
 0.212132 -0.009841 1 7
 0.212132  0.004795 1 8
 0.212132  0.076904 1 9
 0.212132  0.105782 1 10
 0.212132  0.121795 1 11
 0.212132  0.185496 1 12
 0.212132  0.231477 1 13
 0.212132  0.237569 1 14
 0.212132  0.279448 1 15
 0.212132  0.287083 1 16
 0.212132  0.301788 1 17
 0.212132  0.405702 1 18
 0.212132  0.472607 1 19
 0.212132  0.609633 1 20
 0.212132  0.643207 1 21
 0.212132  0.703210 1 22
 0.282843 -0.272748 1 1
 0.282843 -0.224819 1 2
 0.282843 -0.160498 1 3
 0.282843 -0.159558 1 4
 0.282843 -0.136959 1 5
 0.282843 -0.079467 1 6
 0.282843 -0.008941 1 7
 0.282843  0.005739 1 8
 0.282843  0.068692 1 9
 0.282843  0.086840 1 10
 0.282843  0.106348 1 11
 0.282843  0.175100 1 12
 0.282843  0.232805 1 13
 0.282843  0.238335 1 14
 0.282843  0.289931 1 15
 0.282843  0.295772 1 16
 0.282843  0.312370 1 17
 0.282843  0.398439 1 18
 0.282843  0.492893 1 19
 0.282843  0.602133 1 20
 0.282843  0.643365 1 21
 0.282843  0.686710 1 22
 0.353553 -0.272418 1 1
 0.353553 -0.219209 1 2
 0.353553 -0.162905 1 3
 0.353553 -0.159693 1 4
 0.353553 -0.116695 1 5
 0.353553 -0.087833 1 6
 0.353553 -0.004404 1 7
 0.353553  0.006627 1 8
 0.353553  0.062801 1 9
 0.353553  0.072585 1 10
 0.353553  0.092059 1 11
 0.353553  0.160813 1 12
 0.353553  0.234333 1 13
 0.353553  0.238571 1 14
 0.353553  0.289577 1 15
 0.353553  0.312775 1 16
 0.353553  0.315793 1 17
 0.353553  0.392403 1 18
 0.353553  0.511089 1 19
 0.353553  0.599069 1 20
 0.353553  0.643833 1 21
 0.353553  0.663983 1 22
 0.424264 -0.271584 1 1
 0.424264 -0.228798 1 2
 0.424264 -0.165424 1 3
 0.424264 -0.161356 1 4
 0.424264 -0.093898 1 5
 0.424264 -0.071916 1 6
 0.424264  0.004419 1 7
 0.424264  0.007200 1 8
 0.424264  0.058975 1 9
 0.424264  0.063442 1 10
 0.424264  0.079488 1 11
 0.424264  0.143249 1 12
 0.424264  0.234980 1 13
 0.424264  0.239379 1 14
 0.424264  0.285027 1 15
 0.424264  0.311302 1 16
 0.424264  0.329237 1 17
 0.424264  0.388225 1 18
 0.424264  0.526466 1 19
 0.424264  0.601009 1 20
 0.424264  0.637252 1 21
 0.424264  0.644198 1 22
 0.494975 -0.270819 1 1
 0.494975 -0.245372 1 2
 0.494975 -0.166878 1 3
 0.494975 -0.164458 1 4
 0.494975 -0.070363 1 5
 0.494975 -0.044542 1 6
 0.494975  0.007748 1 7
 0.494975  0.017337 1 8
 0.494975  0.056662 1 9
 0.494975  0.061559 1 10
 0.494975  0.067555 1 11
 0.494975  0.124975 1 12
 0.494975  0.234809 1 13
 0.494975  0.239559 1 14
 0.494975  0.274748 1 15
 0.494975  0.300424 1 16
 0.494975  0.343169 1 17
 0.494975  0.386049 1 18
 0.494975  0.539667 1 19
 0.494975  0.607854 1 20
 0.494975  0.610361 1 21
 0.494975  0.644314 1 22
 0.565685 -0.270791 1 1
 0.565685 -0.261416 1 2
 0.565685 -0.168438 1 3
 0.565685 -0.166861 1 4
 0.565685 -0.047254 1 5
 0.565685 -0.022290 1 6
 0.565685  0.008864 1 7
 0.565685  0.032352 1 8
 0.565685  0.053818 1 9
 0.565685  0.055239 1 10
 0.565685  0.070647 1 11
 0.565685  0.109669 1 12
 0.565685  0.234632 1 13
 0.565685  0.237172 1 14
 0.565685  0.259354 1 15
 0.565685  0.286808 1 16
 0.565685  0.352749 1 17
 0.565685  0.385879 1 18
 0.565685  0.550690 1 19
 0.565685  0.587775 1 20
 0.565685  0.617808 1 21
 0.565685  0.644319 1 22
 0.636396 -0.273221 1 1
 0.636396 -0.270974 1 2
 0.636396 -0.171864 1 3
 0.636396 -0.166055 1 4
 0.636396 -0.026264 1 5
 0.636396 -0.012061 1 6
 0.636396  0.010313 1 7
 0.636396  0.038024 1 8
 0.636396  0.044993 1 9
 0.636396  0.054358 1 10
 0.636396  0.087056 1 11
 0.636396  0.100039 1 12
 0.636396  0.230472 1 13
 0.636396  0.234823 1 14
 0.636396  0.246124 1 15
 0.636396  0.275472 1 16
 0.636396  0.357647 1 17
 0.636396  0.386957 1 18
 0.636396  0.557838 1 19
 0.636396  0.573468 1 20
 0.636396  0.626812 1 21
 0.636396  0.644343 1 22
 0.707107 -0.277228 1 1
 0.707107 -0.271464 1 2
 0.707107 -0.173215 1 3
 0.707107 -0.165604 1 4
 0.707107 -0.015212 1 5
 0.707107 -0.009609 1 6
 0.707107  0.010871 1 7
 0.707107  0.028644 1 8
 0.707107  0.050006 1 9
 0.707107  0.054049 1 10
 0.707107  0.095677 1 11
 0.707107  0.096811 1 12
 0.707107  0.224904 1 13
 0.707107  0.234994 1 14
 0.707107  0.242254 1 15
 0.707107  0.271040 1 16
 0.707107  0.359036 1 17
 0.707107  0.387609 1 18
 0.707107  0.559471 1 19
 0.707107  0.569474 1 20
 0.707107  0.630450 1 21
 0.707107  0.644366 1 22
 0.707107 -0.277228 1 1
 0.707107 -0.271464 1 2
 0.707107 -0.173215 1 3
 0.707107 -0.165604 1 4
 0.707107 -0.015212 1 5
 0.707107 -0.009609 1 6
 0.707107  0.010871 1 7
 0.707107  0.028644 1 8
 0.707107  0.050006 1 9
 0.707107  0.054049 1 10
 0.707107  0.095677 1 11
 0.707107  0.096811 1 12
 0.707107  0.224904 1 13
 0.707107  0.234994 1 14
 0.707107  0.242254 1 15
 0.707107  0.271040 1 16
 0.707107  0.359036 1 17
 0.707107  0.387609 1 18
 0.707107  0.559471 1 19
 0.707107  0.569474 1 20
 0.707107  0.630450 1 21
 0.707107  0.644366 1 22
 0.707107 -0.277228 1 1
 0.707107 -0.271464 1 2
 0.707107 -0.173215 1 3
 0.707107 -0.165604 1 4
 0.707107 -0.015212 1 5
 0.707107 -0.009609 1 6
 0.707107  0.010871 1 7
 0.707107  0.028644 1 8
 0.707107  0.050006 1 9
 0.707107  0.054049 1 10
 0.707107  0.095677 1 11
 0.707107  0.096811 1 12
 0.707107  0.224904 1 13
 0.707107  0.234994 1 14
 0.707107  0.242254 1 15
 0.707107  0.271040 1 16
 0.707107  0.359036 1 17
 0.707107  0.387609 1 18
 0.707107  0.559471 1 19
 0.707107  0.569474 1 20
 0.707107  0.630450 1 21
 0.707107  0.644366 1 22
 0.707107 -0.277228 1 1
 0.707107 -0.271464 1 2
 0.707107 -0.173215 1 3
 0.707107 -0.165604 1 4
 0.707107 -0.015212 1 5
 0.707107 -0.009609 1 6
 0.707107  0.010871 1 7
 0.707107  0.028644 1 8
 0.707107  0.050006 1 9
 0.707107  0.054049 1 10
 0.707107  0.095677 1 11
 0.707107  0.096811 1 12
 0.707107  0.224904 1 13
 0.707107  0.234994 1 14
 0.707107  0.242254 1 15
 0.707107  0.271040 1 16
 0.707107  0.359036 1 17
 0.707107  0.387609 1 18
 0.707107  0.559471 1 19
 0.707107  0.569474 1 20
 0.707107  0.630450 1 21
 0.707107  0.644366 1 22
 0.707107 -0.277228 1 1
 0.707107 -0.271464 1 2
 0.707107 -0.173215 1 3
 0.707107 -0.165604 1 4
 0.707107 -0.015212 1 5
 0.707107 -0.009609 1 6
 0.707107  0.010871 1 7
 0.707107  0.028644 1 8
 0.707107  0.050006 1 9
 0.707107  0.054049 1 10
 0.707107  0.095677 1 11
 0.707107  0.096811 1 12
 0.707107  0.224904 1 13
 0.707107  0.234994 1 14
 0.707107  0.242254 1 15
 0.707107  0.271040 1 16
 0.707107  0.359036 1 17
 0.707107  0.387609 1 18
 0.707107  0.559471 1 19
 0.707107  0.569474 1 20
 0.707107  0.630450 1 21
 0.707107  0.644366 1 22
 0.777817 -0.276813 1 1
 0.777817 -0.267084 1 2
 0.777817 -0.173678 1 3
 0.777817 -0.164113 1 4
 0.777817 -0.026134 1 5
 0.777817 -0.016576 1 6
 0.777817  0.026104 1 7
 0.777817  0.027123 1 8
 0.777817  0.047890 1 9
 0.777817  0.050361 1 10
 0.777817  0.086360 1 11
 0.777817  0.099062 1 12
 0.777817  0.227413 1 13
 0.777817  0.240053 1 14
 0.777817  0.249423 1 15
 0.777817  0.270798 1 16
 0.777817  0.358080 1 17
 0.777817  0.386597 1 18
 0.777817  0.560734 1 19
 0.777817  0.570985 1 20
 0.777817  0.630569 1 21
 0.777817  0.641099 1 22
 0.848528 -0.276110 1 1
 0.848528 -0.255033 1 2
 0.848528 -0.174525 1 3
 0.848528 -0.160229 1 4
 0.848528 -0.049190 1 5
 0.848528 -0.024147 1 6
 0.848528  0.023263 1 7
 0.848528  0.032890 1 8
 0.848528  0.044743 1 9
 0.848528  0.051211 1 10
 0.848528  0.065855 1 11
 0.848528  0.109358 1 12
 0.848528  0.230078 1 13
 0.848528  0.252391 1 14
 0.848528  0.267053 1 15
 0.848528  0.270456 1 16
 0.848528  0.354081 1 17
 0.848528  0.385015 1 18
 0.848528  0.554506 1 19
 0.848528  0.584903 1 20
 0.848528  0.630963 1 21
 0.848528  0.633031 1 22
 0.919239 -0.275916 1 1
 0.919239 -0.238314 1 2
 0.919239 -0.174641 1 3
 0.919239 -0.155475 1 4
 0.919239 -0.072060 1 5
 0.919239 -0.045004 1 6
 0.919239  0.015594 1 7
 0.919239  0.019036 1 8
 0.919239  0.052513 1 9
 0.919239  0.054004 1 10
 0.919239  0.059511 1 11
 0.919239  0.125534 1 12
 0.919239  0.230459 1 13
 0.919239  0.266367 1 14
 0.919239  0.270541 1 15
 0.919239  0.284963 1 16
 0.919239  0.345195 1 17
 0.919239  0.385476 1 18
 0.919239  0.542904 1 19
 0.919239  0.607601 1 20
 0.919239  0.624174 1 21
 0.919239  0.631563 1 22
 0.989949 -0.276578 1 1
 0.989949 -0.221094 1 2
 0.989949 -0.173381 1 3
 0.989949 -0.151547 1 4
 0.989949 -0.094888 1 5
 0.989949 -0.073376 1 6
 0.989949  0.001147 1 7
 0.989949  0.015403 1 8
 0.989949  0.054549 1 9
 0.989949  0.055745 1 10
 0.989949  0.072832 1 11
 0.989949  0.144093 1 12
 0.989949  0.229137 1 13
 0.989949  0.270786 1 14
 0.989949  0.277104 1 15
 0.989949  0.297159 1 16
 0.989949  0.331760 1 17
 0.989949  0.388542 1 18
 0.989949  0.528726 1 19
 0.989949  0.618200 1 20
 0.989949  0.632012 1 21
 0.989949  0.634041 1 22
 1.060660 -0.277635 1 1
 1.060660 -0.211095 1 2
 1.060660 -0.171137 1 3
 1.060660 -0.149462 1 4
 1.060660 -0.117267 1 5
 1.060660 -0.090320 1 6
 1.060660 -0.008188 1 7
 1.060660  0.012269 1 8
 1.060660  0.057985 1 9
 1.060660  0.065464 1 10
 1.060660  0.087613 1 11
 1.060660  0.161253 1 12
 1.060660  0.228036 1 13
 1.060660  0.270375 1 14
 1.060660  0.281572 1 15
 1.060660  0.302713 1 16
 1.060660  0.315541 1 17
 1.060660  0.393432 1 18
 1.060660  0.512328 1 19
 1.060660  0.616678 1 20
 1.060660  0.631917 1 21
 1.060660  0.660507 1 22
 1.131371 -0.278353 1 1
 1.131371 -0.217571 1 2
 1.131371 -0.168975 1 3
 1.131371 -0.149569 1 4
 1.131371 -0.137421 1 5
 1.131371 -0.081019 1 6
 1.131371 -0.012220 1 7
 1.131371  0.009448 1 8
 1.131371  0.063594 1 9
 1.131371  0.080083 1 10
 1.131371  0.104573 1 11
 1.131371  0.174981 1 12
 1.131371  0.228409 1 13
 1.131371  0.269152 1 14
 1.131371  0.278490 1 15
 1.131371  0.298189 1 16
 1.131371  0.302746 1 17
 1.131371  0.399541 1 18
 1.131371  0.493310 1 19
 1.131371  0.619528 1 20
 1.131371  0.631339 1 21
 1.131371  0.683744 1 22
 1.202082 -0.278461 1 1
 1.202082 -0.235377 1 2
 1.202082 -0.167766 1 3
 1.202082 -0.153156 1 4
 1.202082 -0.151873 1 5
 1.202082 -0.053004 1 6
 1.202082 -0.011959 1 7
 1.202082  0.007188 1 8
 1.202082  0.072075 1 9
 1.202082  0.099134 1 10
 1.202082  0.122566 1 11
 1.202082  0.185170 1 12
 1.202082  0.229274 1 13
 1.202082  0.268089 1 14
 1.202082  0.268193 1 15
 1.202082  0.280980 1 16
 1.202082  0.297973 1 17
 1.202082  0.406357 1 18
 1.202082  0.472526 1 19
 1.202082  0.626028 1 20
 1.202082  0.630863 1 21
 1.202082  0.701337 1 22
 1.272792 -0.278174 1 1
 1.272792 -0.254174 1 2
 1.272792 -0.167621 1 3
 1.272792 -0.163273 1 4
 1.272792 -0.155569 1 5
 1.272792 -0.023415 1 6
 1.272792 -0.009559 1 7
 1.272792  0.005751 1 8
 1.272792  0.083335 1 9
 1.272792  0.122089 1 10
 1.272792  0.139744 1 11
 1.272792  0.192488 1 12
 1.272792  0.228536 1 13
 1.272792  0.253247 1 14
 1.272792  0.265038 1 15
 1.272792  0.268199 1 16
 1.272792  0.288835 1 17
 1.272792  0.412983 1 18
 1.272792  0.453208 1 19
 1.272792  0.630988 1 20
 1.272792  0.634459 1 21
 1.272792  0.712388 1 22
 1.343503 -0.277908 1 1
 1.343503 -0.267831 1 2
 1.343503 -0.168286 1 3
 1.343503 -0.167994 1 4
 1.343503 -0.158934 1 5
 1.343503 -0.007358 1 6
 1.343503 -0.003290 1 7
 1.343503  0.005052 1 8
 1.343503  0.094564 1 9
 1.343503  0.144536 1 10
 1.343503  0.153477 1 11
 1.343503  0.197114 1 12
 1.343503  0.225515 1 13
 1.343503  0.239038 1 14
 1.343503  0.252354 1 15
 1.343503  0.269205 1 16
 1.343503  0.278226 1 17
 1.343503  0.417974 1 18
 1.343503  0.439603 1 19
 1.343503  0.631539 1 20
 1.343503  0.641725 1 21
 1.343503  0.717787 1 22
 1.414214 -0.277976 1 1
 1.414214 -0.272650 1 2
 1.414214 -0.169690 1 3
 1.414214 -0.168214 1 4
 1.414214 -0.160279 1 5
 1.414214 -0.006546 1 6
 1.414214  0.003562 1 7
 1.414214  0.004853 1 8
 1.414214  0.099621 1 9
 1.414214  0.155039 1 10
 1.414214  0.159161 1 11
 1.414214  0.198714 1 12
 1.414214  0.223206 1 13
 1.414214  0.232920 1 14
 1.414214  0.247096 1 15
 1.414214  0.269791 1 16
 1.414214  0.273127 1 17
 1.414214  0.419851 1 18
 1.414214  0.434738 1 19
 1.414214  0.631846 1 20
 1.414214  0.644605 1 21
 1.414214  0.719291 1 22
 1.414214 -0.277976 1 1
 1.414214 -0.272650 1 2
 1.414214 -0.169690 1 3
 1.414214 -0.168214 1 4
 1.414214 -0.160279 1 5
 1.414214 -0.006546 1 6
 1.414214  0.003562 1 7
 1.414214  0.004853 1 8
 1.414214  0.099621 1 9
 1.414214  0.155039 1 10
 1.414214  0.159161 1 11
 1.414214  0.198714 1 12
 1.414214  0.223206 1 13
 1.414214  0.232920 1 14
 1.414214  0.247096 1 15
 1.414214  0.269791 1 16
 1.414214  0.273127 1 17
 1.414214  0.419851 1 18
 1.414214  0.434738 1 19
 1.414214  0.631846 1 20
 1.414214  0.644605 1 21
 1.414214  0.719291 1 22
 1.480079 -0.276384 1 1
 1.480079 -0.271265 1 2
 1.480079 -0.168133 1 3
 1.480079 -0.167854 1 4
 1.480079 -0.160432 1 5
 1.480079 -0.011356 1 6
 1.480079  0.005564 1 7
 1.480079  0.006799 1 8
 1.480079  0.092717 1 9
 1.480079  0.147373 1 10
 1.480079  0.153045 1 11
 1.480079  0.197654 1 12
 1.480079  0.228118 1 13
 1.480079  0.238931 1 14
 1.480079  0.246196 1 15
 1.480079  0.273989 1 16
 1.480079  0.274106 1 17
 1.480079  0.418917 1 18
 1.480079  0.437913 1 19
 1.480079  0.629185 1 20
 1.480079  0.641970 1 21
 1.480079  0.716605 1 22
 1.545944 -0.271702 1 1
 1.545944 -0.267157 1 2
 1.545944 -0.167762 1 3
 1.545944 -0.162418 1 4
 1.545944 -0.160736 1 5
 1.545944 -0.024599 1 6
 1.545944  0.011335 1 7
 1.545944  0.012419 1 8
 1.545944  0.074825 1 9
 1.545944  0.128884 1 10
 1.545944  0.136910 1 11
 1.545944  0.193484 1 12
 1.545944  0.239976 1 13
 1.545944  0.244621 1 14
 1.545944  0.252752 1 15
 1.545944  0.276510 1 16
 1.545944  0.284711 1 17
 1.545944  0.416114 1 18
 1.545944  0.446875 1 19
 1.545944  0.621486 1 20
 1.545944  0.634369 1 21
 1.545944  0.708677 1 22
 1.611810 -0.264307 1 1
 1.611810 -0.260400 1 2
 1.611810 -0.166738 1 3
 1.611810 -0.160775 1 4
 1.611810 -0.153582 1 5
 1.611810 -0.043453 1 6
 1.611810  0.020180 1 7
 1.611810  0.021035 1 8
 1.611810  0.050663 1 9
 1.611810  0.105406 1 10
 1.611810  0.114733 1 11
 1.611810  0.184118 1 12
 1.611810  0.244842 1 13
 1.611810  0.253765 1 14
 1.611810  0.269336 1 15
 1.611810  0.279544 1 16
 1.611810  0.298928 1 17
 1.611810  0.411449 1 18
 1.611810  0.460066 1 19
 1.611810  0.609598 1 20
 1.611810  0.622714 1 21
 1.611810  0.695899 1 22
 1.677675 -0.255106 1 1
 1.677675 -0.250954 1 2
 1.677675 -0.164543 1 3
 1.677675 -0.159974 1 4
 1.677675 -0.141659 1 5
 1.677675 -0.064738 1 6
 1.677675  0.023627 1 7
 1.677675  0.030965 1 8
 1.677675  0.031391 1 9
 1.677675  0.080184 1 10
 1.677675  0.089871 1 11
 1.677675  0.168739 1 12
 1.677675  0.248279 1 13
 1.677675  0.265014 1 14
 1.677675  0.283778 1 15
 1.677675  0.286496 1 16
 1.677675  0.314695 1 17
 1.677675  0.404955 1 18
 1.677675  0.475358 1 19
 1.677675  0.594921 1 20
 1.677675  0.608500 1 21
 1.677675  0.678966 1 22
 1.743540 -0.245196 1 1
 1.743540 -0.239146 1 2
 1.743540 -0.160633 1 3
 1.743540 -0.157757 1 4
 1.743540 -0.127020 1 5
 1.743540 -0.085654 1 6
 1.743540 -0.003969 1 7
 1.743540  0.040568 1 8
 1.743540  0.041984 1 9
 1.743540  0.055509 1 10
 1.743540  0.066148 1 11
 1.743540  0.148454 1 12
 1.743540  0.254568 1 13
 1.743540  0.270312 1 14
 1.743540  0.290754 1 15
 1.743540  0.303208 1 16
 1.743540  0.330870 1 17
 1.743540  0.396722 1 18
 1.743540  0.490695 1 19
 1.743540  0.579276 1 20
 1.743540  0.593640 1 21
 1.743540  0.658897 1 22
 1.809406 -0.235285 1 1
 1.809406 -0.226430 1 2
 1.809406 -0.154607 1 3
 1.809406 -0.153733 1 4
 1.809406 -0.110075 1 5
 1.809406 -0.103816 1 6
 1.809406 -0.030254 1 7
 1.809406  0.031145 1 8
 1.809406  0.032864 1 9
 1.809406  0.053454 1 10
 1.809406  0.059472 1 11
 1.809406  0.124938 1 12
 1.809406  0.262848 1 13
 1.809406  0.271308 1 14
 1.809406  0.298180 1 15
 1.809406  0.318671 1 16
 1.809406  0.346527 1 17
 1.809406  0.386931 1 18
 1.809406  0.504563 1 19
 1.809406  0.564626 1 20
 1.809406  0.580145 1 21
 1.809406  0.637059 1 22
 1.875271 -0.226159 1 1
 1.875271 -0.214975 1 2
 1.875271 -0.147877 1 3
 1.875271 -0.146385 1 4
 1.875271 -0.117038 1 5
 1.875271 -0.091213 1 6
 1.875271 -0.053669 1 7
 1.875271  0.010437 1 8
 1.875271  0.011594 1 9
 1.875271  0.061856 1 10
 1.875271  0.066434 1 11
 1.875271  0.099630 1 12
 1.875271  0.270971 1 13
 1.875271  0.272443 1 14
 1.875271  0.303197 1 15
 1.875271  0.332141 1 16
 1.875271  0.360745 1 17
 1.875271  0.375869 1 18
 1.875271  0.516210 1 19
 1.875271  0.552608 1 20
 1.875271  0.569580 1 21
 1.875271  0.615073 1 22
 1.941136 -0.218649 1 1
 1.941136 -0.207193 1 2
 1.941136 -0.140687 1 3
 1.941136 -0.136379 1 4
 1.941136 -0.123429 1 5
 1.941136 -0.073112 1 6
 1.941136 -0.070788 1 7
 1.941136 -0.008690 1 8
 1.941136 -0.007211 1 9
 1.941136  0.067884 1 10
 1.941136  0.072560 1 11
 1.941136  0.073628 1 12
 1.941136  0.270816 1 13
 1.941136  0.282866 1 14
 1.941136  0.304950 1 15
 1.941136  0.342993 1 16
 1.941136  0.363966 1 17
 1.941136  0.372630 1 18
 1.941136  0.525603 1 19
 1.941136  0.544095 1 20
 1.941136  0.562600 1 21
 1.941136  0.594647 1 22
 2.007002 -0.213223 1 1
 2.007002 -0.204174 1 2
 2.007002 -0.133279 1 3
 2.007002 -0.125682 1 4
 2.007002 -0.122734 1 5
 2.007002 -0.088296 1 6
 2.007002 -0.049073 1 7
 2.007002 -0.026013 1 8
 2.007002 -0.021119 1 9
 2.007002  0.047677 1 10
 2.007002  0.071551 1 11
 2.007002  0.076553 1 12
 2.007002  0.271527 1 13
 2.007002  0.293641 1 14
 2.007002  0.303859 1 15
 2.007002  0.350853 1 16
 2.007002  0.351860 1 17
 2.007002  0.381482 1 18
 2.007002  0.533280 1 19
 2.007002  0.538998 1 20
 2.007002  0.558824 1 21
 2.007002  0.577246 1 22
 2.072867 -0.209752 1 1
 2.072867 -0.204425 1 2
 2.072867 -0.127419 1 3
 2.072867 -0.117232 1 4
 2.072867 -0.116515 1 5
 2.072867 -0.099889 1 6
 2.072867 -0.038723 1 7
 2.072867 -0.030373 1 8
 2.072867 -0.026276 1 9
 2.072867  0.022255 1 10
 2.072867  0.073378 1 11
 2.072867  0.078652 1 12
 2.072867  0.272900 1 13
 2.072867  0.301470 1 14
 2.072867  0.303702 1 15
 2.072867  0.340859 1 16
 2.072867  0.355577 1 17
 2.072867  0.386895 1 18
 2.072867  0.536535 1 19
 2.072867  0.539914 1 20
 2.072867  0.557232 1 21
 2.072867  0.563993 1 22
 2.138733 -0.208224 1 1
 2.138733 -0.205263 1 2
 2.138733 -0.125131 1 3
 2.138733 -0.112619 1 4
 2.138733 -0.110512 1 5
 2.138733 -0.108113 1 6
 2.138733 -0.043715 1 7
 2.138733 -0.033694 1 8
 2.138733 -0.003690 1 9
 2.138733 -0.001218 1 10
 2.138733  0.073912 1 11
 2.138733  0.079289 1 12
 2.138733  0.273680 1 13
 2.138733  0.300196 1 14
 2.138733  0.308929 1 15
 2.138733  0.335293 1 16
 2.138733  0.357150 1 17
 2.138733  0.388711 1 18
 2.138733  0.535837 1 19
 2.138733  0.543873 1 20
 2.138733  0.556834 1 21
 2.138733  0.557694 1 22
 2.138733 -0.208224 1 1
 2.138733 -0.205263 1 2
 2.138733 -0.125131 1 3
 2.138733 -0.112619 1 4
 2.138733 -0.110512 1 5
 2.138733 -0.108113 1 6
 2.138733 -0.043715 1 7
 2.138733 -0.033694 1 8
 2.138733 -0.003690 1 9
 2.138733 -0.001218 1 10
 2.138733  0.073912 1 11
 2.138733  0.079289 1 12
 2.138733  0.273680 1 13
 2.138733  0.300196 1 14
 2.138733  0.308929 1 15
 2.138733  0.335293 1 16
 2.138733  0.357150 1 17
 2.138733  0.388711 1 18
 2.138733  0.535837 1 19
 2.138733  0.543873 1 20
 2.138733  0.556834 1 21
 2.138733  0.557694 1 22
 2.209443 -0.206412 1 1
 2.209443 -0.205982 1 2
 2.209443 -0.145662 1 3
 2.209443 -0.117313 1 4
 2.209443 -0.110896 1 5
 2.209443 -0.084059 1 6
 2.209443 -0.043767 1 7
 2.209443 -0.035267 1 8
 2.209443 -0.000036 1 9
 2.209443  0.001621 1 10
 2.209443  0.070016 1 11
 2.209443  0.079448 1 12
 2.209443  0.273494 1 13
 2.209443  0.300622 1 14
 2.209443  0.302179 1 15
 2.209443  0.334712 1 16
 2.209443  0.354787 1 17
 2.209443  0.391885 1 18
 2.209443  0.521589 1 19
 2.209443  0.535963 1 20
 2.209443  0.560589 1 21
 2.209443  0.581396 1 22
 2.280154 -0.208280 1 1
 2.280154 -0.201556 1 2
 2.280154 -0.165973 1 3
 2.280154 -0.129129 1 4
 2.280154 -0.113867 1 5
 2.280154 -0.053443 1 6
 2.280154 -0.043916 1 7
 2.280154 -0.038435 1 8
 2.280154  0.003801 1 9
 2.280154  0.015677 1 10
 2.280154  0.059312 1 11
 2.280154  0.080345 1 12
 2.280154  0.273226 1 13
 2.280154  0.286688 1 14
 2.280154  0.301615 1 15
 2.280154  0.333119 1 16
 2.280154  0.348858 1 17
 2.280154  0.397748 1 18
 2.280154  0.498871 1 19
 2.280154  0.536050 1 20
 2.280154  0.567035 1 21
 2.280154  0.609742 1 22
 2.350865 -0.211732 1 1
 2.350865 -0.194773 1 2
 2.350865 -0.178544 1 3
 2.350865 -0.143905 1 4
 2.350865 -0.122164 1 5
 2.350865 -0.044082 1 6
 2.350865 -0.040492 1 7
 2.350865 -0.025993 1 8
 2.350865  0.010908 1 9
 2.350865  0.034190 1 10
 2.350865  0.044949 1 11
 2.350865  0.083687 1 12
 2.350865  0.269522 1 13
 2.350865  0.273412 1 14
 2.350865  0.302565 1 15
 2.350865  0.330663 1 16
 2.350865  0.341549 1 17
 2.350865  0.401926 1 18
 2.350865  0.482364 1 19
 2.350865  0.535632 1 20
 2.350865  0.573242 1 21
 2.350865  0.632911 1 22
 2.421575 -0.214675 1 1
 2.421575 -0.186724 1 2
 2.421575 -0.185153 1 3
 2.421575 -0.158268 1 4
 2.421575 -0.134809 1 5
 2.421575 -0.044028 1 6
 2.421575 -0.040928 1 7
 2.421575 -0.010268 1 8
 2.421575  0.021412 1 9
 2.421575  0.036912 1 10
 2.421575  0.050590 1 11
 2.421575  0.093032 1 12
 2.421575  0.255107 1 13
 2.421575  0.274218 1 14
 2.421575  0.303011 1 15
 2.421575  0.327206 1 16
 2.421575  0.334411 1 17
 2.421575  0.403079 1 18
 2.421575  0.472989 1 19
 2.421575  0.534732 1 20
 2.421575  0.577918 1 21
 2.421575  0.648611 1 22
 2.492286 -0.216200 1 1
 2.492286 -0.188284 1 2
 2.492286 -0.177713 1 3
 2.492286 -0.170129 1 4
 2.492286 -0.147939 1 5
 2.492286 -0.043498 1 6
 2.492286 -0.040580 1 7
 2.492286 -0.020772 1 8
 2.492286  0.034179 1 9
 2.492286  0.051586 1 10
 2.492286  0.059527 1 11
 2.492286  0.109450 1 12
 2.492286  0.245959 1 13
 2.492286  0.275274 1 14
 2.492286  0.302948 1 15
 2.492286  0.322639 1 16
 2.492286  0.328102 1 17
 2.492286  0.401007 1 18
 2.492286  0.471166 1 19
 2.492286  0.533905 1 20
 2.492286  0.582153 1 21
 2.492286  0.656182 1 22
 2.562997 -0.216607 1 1
 2.562997 -0.189371 1 2
 2.562997 -0.178795 1 3
 2.562997 -0.170418 1 4
 2.562997 -0.156899 1 5
 2.562997 -0.044322 1 6
 2.562997 -0.042562 1 7
 2.562997 -0.039523 1 8
 2.562997  0.046985 1 9
 2.562997  0.062670 1 10
 2.562997  0.076213 1 11
 2.562997  0.126597 1 12
 2.562997  0.243394 1 13
 2.562997  0.276068 1 14
 2.562997  0.302754 1 15
 2.562997  0.317415 1 16
 2.562997  0.322831 1 17
 2.562997  0.395357 1 18
 2.562997  0.476869 1 19
 2.562997  0.533607 1 20
 2.562997  0.586577 1 21
 2.562997  0.655156 1 22
 2.633707 -0.215596 1 1
 2.633707 -0.189695 1 2
 2.633707 -0.184735 1 3
 2.633707 -0.174763 1 4
 2.633707 -0.152913 1 5
 2.633707 -0.071280 1 6
 2.633707 -0.041695 1 7
 2.633707 -0.037456 1 8
 2.633707  0.057561 1 9
 2.633707  0.062975 1 10
 2.633707  0.099964 1 11
 2.633707  0.137864 1 12
 2.633707  0.248484 1 13
 2.633707  0.276411 1 14
 2.633707  0.302805 1 15
 2.633707  0.312592 1 16
 2.633707  0.318867 1 17
 2.633707  0.385643 1 18
 2.633707  0.489670 1 19
 2.633707  0.533716 1 20
 2.633707  0.589955 1 21
 2.633707  0.644686 1 22
 2.704418 -0.212120 1 1
 2.704418 -0.190290 1 2
 2.704418 -0.188775 1 3
 2.704418 -0.183397 1 4
 2.704418 -0.145335 1 5
 2.704418 -0.098116 1 6
 2.704418 -0.041342 1 7
 2.704418 -0.034696 1 8
 2.704418  0.062469 1 9
 2.704418  0.064643 1 10
 2.704418  0.118492 1 11
 2.704418  0.140758 1 12
 2.704418  0.261152 1 13
 2.704418  0.276469 1 14
 2.704418  0.303112 1 15
 2.704418  0.309203 1 16
 2.704418  0.316610 1 17
 2.704418  0.372133 1 18
 2.704418  0.508921 1 19
 2.704418  0.533790 1 20
 2.704418  0.590800 1 21
 2.704418  0.624720 1 22
 2.775129 -0.206272 1 1
 2.775129 -0.191379 1 2
 2.775129 -0.191307 1 3
 2.775129 -0.190477 1 4
 2.775129 -0.140097 1 5
 2.775129 -0.120217 1 6
 2.775129 -0.041451 1 7
 2.775129 -0.032302 1 8
 2.775129  0.062239 1 9
 2.775129  0.068316 1 10
 2.775129  0.129764 1 11
 2.775129  0.138660 1 12
 2.775129  0.276463 1 13
 2.775129  0.276787 1 14
 2.775129  0.303400 1 15
 2.775129  0.307509 1 16
 2.775129  0.315955 1 17
 2.775129  0.357501 1 18
 2.775129  0.533474 1 19
 2.775129  0.533663 1 20
 2.775129  0.589648 1 21
 2.775129  0.597795 1 22
 2.845839 -0.202476 1 1
 2.845839 -0.193257 1 2
 2.845839 -0.192256 1 3
 2.845839 -0.192201 1 4
 2.845839 -0.138271 1 5
 2.845839 -0.129538 1 6
 2.845839 -0.041574 1 7
 2.845839 -0.031362 1 8
 2.845839  0.062254 1 9
 2.845839  0.069391 1 10
 2.845839  0.133468 1 11
 2.845839  0.137126 1 12
 2.845839  0.276464 1 13
 2.845839  0.284938 1 14
 2.845839  0.303500 1 15
 2.845839  0.307052 1 16
 2.845839  0.315952 1 17
 2.845839  0.349940 1 18
 2.845839  0.533562 1 19
 2.845839  0.554416 1 20
 2.845839  0.575586 1 21
 2.845839  0.588816 1 22
 2.845839 -0.202476 1 1
 2.845839 -0.193257 1 2
 2.845839 -0.192256 1 3
 2.845839 -0.192201 1 4
 2.845839 -0.138271 1 5
 2.845839 -0.129538 1 6
 2.845839 -0.041574 1 7
 2.845839 -0.031362 1 8
 2.845839  0.062254 1 9
 2.845839  0.069391 1 10
 2.845839  0.133468 1 11
 2.845839  0.137126 1 12
 2.845839  0.276464 1 13
 2.845839  0.284938 1 14
 2.845839  0.303500 1 15
 2.845839  0.307052 1 16
 2.845839  0.315952 1 17
 2.845839  0.349940 1 18
 2.845839  0.533562 1 19
 2.845839  0.554416 1 20
 2.845839  0.575586 1 21
 2.845839  0.588816 1 22
 2.845839 -0.202476 1 1
 2.845839 -0.193257 1 2
 2.845839 -0.192256 1 3
 2.845839 -0.192201 1 4
 2.845839 -0.138271 1 5
 2.845839 -0.129538 1 6
 2.845839 -0.041574 1 7
 2.845839 -0.031362 1 8
 2.845839  0.062254 1 9
 2.845839  0.069391 1 10
 2.845839  0.133468 1 11
 2.845839  0.137126 1 12
 2.845839  0.276464 1 13
 2.845839  0.284938 1 14
 2.845839  0.303500 1 15
 2.845839  0.307052 1 16
 2.845839  0.315952 1 17
 2.845839  0.349940 1 18
 2.845839  0.533562 1 19
 2.845839  0.554416 1 20
 2.845839  0.575586 1 21
 2.845839  0.588816 1 22
 2.845839 -0.202476 1 1
 2.845839 -0.193257 1 2
 2.845839 -0.192256 1 3
 2.845839 -0.192201 1 4
 2.845839 -0.138271 1 5
 2.845839 -0.129538 1 6
 2.845839 -0.041574 1 7
 2.845839 -0.031362 1 8
 2.845839  0.062254 1 9
 2.845839  0.069391 1 10
 2.845839  0.133468 1 11
 2.845839  0.137126 1 12
 2.845839  0.276464 1 13
 2.845839  0.284938 1 14
 2.845839  0.303500 1 15
 2.845839  0.307052 1 16
 2.845839  0.315952 1 17
 2.845839  0.349940 1 18
 2.845839  0.533562 1 19
 2.845839  0.554416 1 20
 2.845839  0.575586 1 21
 2.845839  0.588816 1 22
 2.845839 -0.202476 1 1
 2.845839 -0.193257 1 2
 2.845839 -0.192256 1 3
 2.845839 -0.192201 1 4
 2.845839 -0.138271 1 5
 2.845839 -0.129538 1 6
 2.845839 -0.041574 1 7
 2.845839 -0.031362 1 8
 2.845839  0.062254 1 9
 2.845839  0.069391 1 10
 2.845839  0.133468 1 11
 2.845839  0.137126 1 12
 2.845839  0.276464 1 13
 2.845839  0.284938 1 14
 2.845839  0.303500 1 15
 2.845839  0.307052 1 16
 2.845839  0.315952 1 17
 2.845839  0.349940 1 18
 2.845839  0.533562 1 19
 2.845839  0.554416 1 20
 2.845839  0.575586 1 21
 2.845839  0.588816 1 22
 2.911705 -0.202291 1 1
 2.911705 -0.195365 1 2
 2.911705 -0.194365 1 3
 2.911705 -0.192495 1 4
 2.911705 -0.134746 1 5
 2.911705 -0.126220 1 6
 2.911705 -0.039060 1 7
 2.911705 -0.029375 1 8
 2.911705  0.060687 1 9
 2.911705  0.068748 1 10
 2.911705  0.131314 1 11
 2.911705  0.134782 1 12
 2.911705  0.276814 1 13
 2.911705  0.286768 1 14
 2.911705  0.303507 1 15
 2.911705  0.309189 1 16
 2.911705  0.314667 1 17
 2.911705  0.348622 1 18
 2.911705  0.534677 1 19
 2.911705  0.555259 1 20
 2.911705  0.575955 1 21
 2.911705  0.589002 1 22
 2.977570 -0.201697 1 1
 2.977570 -0.201353 1 2
 2.977570 -0.200028 1 3
 2.977570 -0.193231 1 4
 2.977570 -0.124753 1 5
 2.977570 -0.116645 1 6
 2.977570 -0.031700 1 7
 2.977570 -0.023473 1 8
 2.977570  0.056517 1 9
 2.977570  0.066610 1 10
 2.977570  0.124891 1 11
 2.977570  0.127834 1 12
 2.977570  0.277592 1 13
 2.977570  0.292028 1 14
 2.977570  0.303316 1 15
 2.977570  0.310896 1 16
 2.977570  0.315252 1 17
 2.977570  0.344752 1 18
 2.977570  0.538133 1 19
 2.977570  0.557962 1 20
 2.977570  0.576857 1 21
 2.977570  0.589397 1 22
 3.043435 -0.210226 1 1
 3.043435 -0.208285 1 2
 3.043435 -0.200572 1 3
 3.043435 -0.194010 1 4
 3.043435 -0.109355 1 5
 3.043435 -0.101668 1 6
 3.043435 -0.020015 1 7
 3.043435 -0.013865 1 8
 3.043435  0.050657 1 9
 3.043435  0.062904 1 10
 3.043435  0.114335 1 11
 3.043435  0.116547 1 12
 3.043435  0.278067 1 13
 3.043435  0.300065 1 14
 3.043435  0.302352 1 15
 3.043435  0.304867 1 16
 3.043435  0.324335 1 17
 3.043435  0.338560 1 18
 3.043435  0.544212 1 19
 3.043435  0.562957 1 20
 3.043435  0.577756 1 21
 3.043435  0.589580 1 22
 3.109301 -0.220922 1 1
 3.109301 -0.218266 1 2
 3.109301 -0.198695 1 3
 3.109301 -0.194306 1 4
 3.109301 -0.089599 1 5
 3.109301 -0.082317 1 6
 3.109301 -0.004823 1 7
 3.109301 -0.001020 1 8
 3.109301  0.043882 1 9
 3.109301  0.057951 1 10
 3.109301  0.099989 1 11
 3.109301  0.101424 1 12
 3.109301  0.277277 1 13
 3.109301  0.296910 1 14
 3.109301  0.299860 1 15
 3.109301  0.309930 1 16
 3.109301  0.330395 1 17
 3.109301  0.335264 1 18
 3.109301  0.553164 1 19
 3.109301  0.570701 1 20
 3.109301  0.578000 1 21
 3.109301  0.589057 1 22
 3.175166 -0.232511 1 1
 3.175166 -0.229109 1 2
 3.175166 -0.195775 1 3
 3.175166 -0.193603 1 4
 3.175166 -0.066592 1 5
 3.175166 -0.059726 1 6
 3.175166  0.012778 1 7
 3.175166  0.014190 1 8
 3.175166  0.036804 1 9
 3.175166  0.052254 1 10
 3.175166  0.082620 1 11
 3.175166  0.083293 1 12
 3.175166  0.274300 1 13
 3.175166  0.287391 1 14
 3.175166  0.295136 1 15
 3.175166  0.320583 1 16
 3.175166  0.320684 1 17
 3.175166  0.346865 1 18
 3.175166  0.564941 1 19
 3.175166  0.577060 1 20
 3.175166  0.581341 1 21
 3.175166  0.587458 1 22
 3.241032 -0.244109 1 1
 3.241032 -0.239999 1 2
 3.241032 -0.191563 1 3
 3.241032 -0.191536 1 4
 3.241032 -0.041607 1 5
 3.241032 -0.035176 1 6
 3.241032  0.029748 1 7
 3.241032  0.029921 1 8
 3.241032  0.031161 1 9
 3.241032  0.046337 1 10
 3.241032  0.063668 1 11
 3.241032  0.064262 1 12
 3.241032  0.268522 1 13
 3.241032  0.276727 1 14
 3.241032  0.287782 1 15
 3.241032  0.309954 1 16
 3.241032  0.331042 1 17
 3.241032  0.358100 1 18
 3.241032  0.574731 1 19
 3.241032  0.578935 1 20
 3.241032  0.584690 1 21
 3.241032  0.594402 1 22
 3.306897 -0.254900 1 1
 3.306897 -0.250182 1 2
 3.306897 -0.188030 1 3
 3.306897 -0.186008 1 4
 3.306897 -0.016061 1 5
 3.306897 -0.010098 1 6
 3.306897  0.023642 1 7
 3.306897  0.033427 1 8
 3.306897  0.038613 1 9
 3.306897  0.040690 1 10
 3.306897  0.054338 1 11
 3.306897  0.057339 1 12
 3.306897  0.259865 1 13
 3.306897  0.265449 1 14
 3.306897  0.277909 1 15
 3.306897  0.298868 1 16
 3.306897  0.340504 1 17
 3.306897  0.368157 1 18
 3.306897  0.571216 1 19
 3.306897  0.580985 1 20
 3.306897  0.593918 1 21
 3.306897  0.608708 1 22
 3.372762 -0.264151 1 1
 3.372762 -0.258961 1 2
 3.372762 -0.183423 1 3
 3.372762 -0.179456 1 4
 3.372762  0.008366 1 5
 3.372762  0.013801 1 6
 3.372762  0.017144 1 7
 3.372762  0.018325 1 8
 3.372762  0.021247 1 9
 3.372762  0.035756 1 10
 3.372762  0.069442 1 11
 3.372762  0.070290 1 12
 3.372762  0.249013 1 13
 3.372762  0.254338 1 14
 3.372762  0.266332 1 15
 3.372762  0.288301 1 16
 3.372762  0.348366 1 17
 3.372762  0.376447 1 18
 3.372762  0.567105 1 19
 3.372762  0.576877 1 20
 3.372762  0.608200 1 21
 3.372762  0.622549 1 22
 3.438628 -0.271246 1 1
 3.438628 -0.265730 1 2
 3.438628 -0.178549 1 3
 3.438628 -0.172813 1 4
 3.438628  0.000653 1 5
 3.438628  0.005218 1 6
 3.438628  0.014275 1 7
 3.438628  0.029521 1 8
 3.438628  0.031917 1 9
 3.438628  0.034364 1 10
 3.438628  0.083220 1 11
 3.438628  0.083812 1 12
 3.438628  0.237626 1 13
 3.438628  0.244532 1 14
 3.438628  0.254732 1 15
 3.438628  0.279342 1 16
 3.438628  0.354222 1 17
 3.438628  0.382586 1 18
 3.438628  0.563235 1 19
 3.438628  0.573103 1 20
 3.438628  0.619991 1 21
 3.438628  0.634079 1 22
 3.504493 -0.275706 1 1
 3.504493 -0.270003 1 2
 3.504493 -0.174700 1 3
 3.504493 -0.167615 1 4
 3.504493 -0.010984 1 5
 3.504493 -0.005709 1 6
 3.504493  0.011736 1 7
 3.504493  0.029480 1 8
 3.504493  0.044484 1 9
 3.504493  0.048773 1 10
 3.504493  0.092430 1 11
 3.504493  0.093350 1 12
 3.504493  0.228494 1 13
 3.504493  0.237560 1 14
 3.504493  0.245727 1 15
 3.504493  0.273228 1 16
 3.504493  0.357823 1 17
 3.504493  0.386345 1 18
 3.504493  0.560473 1 19
 3.504493  0.570438 1 20
 3.504493  0.627746 1 21
 3.504493  0.641703 1 22
 3.570358 -0.277228 1 1
 3.570358 -0.271464 1 2
 3.570358 -0.173215 1 3
 3.570358 -0.165604 1 4
 3.570358 -0.015212 1 5
 3.570358 -0.009609 1 6
 3.570358  0.010871 1 7
 3.570358  0.028644 1 8
 3.570358  0.050006 1 9
 3.570358  0.054049 1 10
 3.570358  0.095677 1 11
 3.570358  0.096811 1 12
 3.570358  0.224904 1 13
 3.570358  0.234994 1 14
 3.570358  0.242254 1 15
 3.570358  0.271040 1 16
 3.570358  0.359036 1 17
 3.570358  0.387609 1 18
 3.570358  0.559471 1 19
 3.570358  0.569474 1 20
 3.570358  0.630450 1 21
 3.570358  0.644366 1 22
 3.570358 -0.277976 1 1
 3.570358 -0.272650 1 2
 3.570358 -0.169690 1 3
 3.570358 -0.168214 1 4
 3.570358 -0.160279 1 5
 3.570358 -0.006546 1 6
 3.570358  0.003562 1 7
 3.570358  0.004853 1 8
 3.570358  0.099621 1 9
 3.570358  0.155039 1 10
 3.570358  0.159161 1 11
 3.570358  0.198714 1 12
 3.570358  0.223206 1 13
 3.570358  0.232920 1 14
 3.570358  0.247096 1 15
 3.570358  0.269791 1 16
 3.570358  0.273127 1 17
 3.570358  0.419851 1 18
 3.570358  0.434738 1 19
 3.570358  0.631846 1 20
 3.570358  0.644605 1 21
 3.570358  0.719291 1 22
 3.641787 -0.275488 1 1
 3.641787 -0.270010 1 2
 3.641787 -0.168200 1 3
 3.641787 -0.167466 1 4
 3.641787 -0.159391 1 5
 3.641787 -0.007245 1 6
 3.641787 -0.000615 1 7
 3.641787  0.001833 1 8
 3.641787  0.094906 1 9
 3.641787  0.145329 1 10
 3.641787  0.152685 1 11
 3.641787  0.197092 1 12
 3.641787  0.227040 1 13
 3.641787  0.235830 1 14
 3.641787  0.252196 1 15
 3.641787  0.272135 1 16
 3.641787  0.277062 1 17
 3.641787  0.417880 1 18
 3.641787  0.439829 1 19
 3.641787  0.629865 1 20
 3.641787  0.642931 1 21
 3.641787  0.717858 1 22
 3.713216 -0.268341 1 1
 3.713216 -0.262599 1 2
 3.713216 -0.165541 1 3
 3.713216 -0.162963 1 4
 3.713216 -0.157055 1 5
 3.713216 -0.013126 1 6
 3.713216 -0.008975 1 7
 3.713216 -0.006414 1 8
 3.713216  0.082284 1 9
 3.713216  0.119294 1 10
 3.713216  0.141103 1 11
 3.713216  0.192379 1 12
 3.713216  0.236422 1 13
 3.713216  0.243430 1 14
 3.713216  0.263269 1 15
 3.713216  0.278772 1 16
 3.713216  0.285388 1 17
 3.713216  0.412227 1 18
 3.713216  0.454686 1 19
 3.713216  0.624466 1 20
 3.713216  0.638391 1 21
 3.713216  0.712760 1 22
 3.784644 -0.257561 1 1
 3.784644 -0.251613 1 2
 3.784644 -0.163237 1 3
 3.784644 -0.154121 1 4
 3.784644 -0.152279 1 5
 3.784644 -0.030229 1 6
 3.784644 -0.021546 1 7
 3.784644 -0.010710 1 8
 3.784644  0.065172 1 9
 3.784644  0.086225 1 10
 3.784644  0.131131 1 11
 3.784644  0.185029 1 12
 3.784644  0.248132 1 13
 3.784644  0.253442 1 14
 3.784644  0.276139 1 15
 3.784644  0.288334 1 16
 3.784644  0.293122 1 17
 3.784644  0.403732 1 18
 3.784644  0.477429 1 19
 3.784644  0.617115 1 20
 3.784644  0.632240 1 21
 3.784644  0.702214 1 22
 3.856073 -0.244928 1 1
 3.856073 -0.238417 1 2
 3.856073 -0.161396 1 3
 3.856073 -0.151574 1 4
 3.856073 -0.134904 1 5
 3.856073 -0.048927 1 6
 3.856073 -0.042715 1 7
 3.856073 -0.011081 1 8
 3.856073  0.047041 1 9
 3.856073  0.051256 1 10
 3.856073  0.126783 1 11
 3.856073  0.175701 1 12
 3.856073  0.259733 1 13
 3.856073  0.263760 1 14
 3.856073  0.290321 1 15
 3.856073  0.298358 1 16
 3.856073  0.298591 1 17
 3.856073  0.393268 1 18
 3.856073  0.505113 1 19
 3.856073  0.609686 1 20
 3.856073  0.625998 1 21
 3.856073  0.684826 1 22
 3.927501 -0.232372 1 1
 3.927501 -0.224972 1 2
 3.927501 -0.160425 1 3
 3.927501 -0.150037 1 4
 3.927501 -0.111329 1 5
 3.927501 -0.067511 1 6
 3.927501 -0.064696 1 7
 3.927501 -0.008949 1 8
 3.927501  0.016817 1 9
 3.927501  0.030366 1 10
 3.927501  0.128463 1 11
 3.927501  0.165151 1 12
 3.927501  0.269772 1 13
 3.927501  0.272607 1 14
 3.927501  0.300741 1 15
 3.927501  0.306149 1 16
 3.927501  0.307321 1 17
 3.927501  0.381422 1 18
 3.927501  0.535252 1 19
 3.927501  0.603770 1 20
 3.927501  0.620920 1 21
 3.927501  0.660730 1 22
 3.998930 -0.221725 1 1
 3.998930 -0.214921 1 2
 3.998930 -0.160142 1 3
 3.998930 -0.149464 1 4
 3.998930 -0.089270 1 5
 3.998930 -0.082126 1 6
 3.998930 -0.075814 1 7
 3.998930 -0.016310 1 8
 3.998930 -0.003885 1 9
 3.998930  0.016421 1 10
 3.998930  0.134672 1 11
 3.998930  0.154197 1 12
 3.998930  0.277026 1 13
 3.998930  0.278529 1 14
 3.998930  0.301614 1 15
 3.998930  0.313032 1 16
 3.998930  0.321196 1 17
 3.998930  0.369274 1 18
 3.998930  0.566436 1 19
 3.998930  0.600173 1 20
 3.998930  0.617718 1 21
 3.998930  0.631844 1 22
 4.070358 -0.216766 1 1
 4.070358 -0.211666 1 2
 4.070358 -0.160116 1 3
 4.070358 -0.149369 1 4
 4.070358 -0.091136 1 5
 4.070358 -0.088498 1 6
 4.070358 -0.053452 1 7
 4.070358 -0.044112 1 8
 4.070358  0.002043 1 9
 4.070358  0.007559 1 10
 4.070358  0.143490 1 11
 4.070358  0.143908 1 12
 4.070358  0.279806 1 13
 4.070358  0.280603 1 14
 4.070358  0.301609 1 15
 4.070358  0.315002 1 16
 4.070358  0.329252 1 17
 4.070358  0.362393 1 18
 4.070358  0.592500 1 19
 4.070358  0.598997 1 20
 4.070358  0.606219 1 21
 4.070358  0.616639 1 22
 4.070358 -0.216766 1 1
 4.070358 -0.211666 1 2
 4.070358 -0.160116 1 3
 4.070358 -0.149369 1 4
 4.070358 -0.091136 1 5
 4.070358 -0.088498 1 6
 4.070358 -0.053452 1 7
 4.070358 -0.044112 1 8
 4.070358  0.002043 1 9
 4.070358  0.007559 1 10
 4.070358  0.143490 1 11
 4.070358  0.143908 1 12
 4.070358  0.279806 1 13
 4.070358  0.280603 1 14
 4.070358  0.301609 1 15
 4.070358  0.315002 1 16
 4.070358  0.329252 1 17
 4.070358  0.362393 1 18
 4.070358  0.592500 1 19
 4.070358  0.598997 1 20
 4.070358  0.606219 1 21
 4.070358  0.616639 1 22
 4.136224 -0.215861 1 1
 4.136224 -0.210593 1 2
 4.136224 -0.161926 1 3
 4.136224 -0.152139 1 4
 4.136224 -0.087453 1 5
 4.136224 -0.085356 1 6
 4.136224 -0.054496 1 7
 4.136224 -0.046800 1 8
 4.136224 -0.000694 1 9
 4.136224  0.002821 1 10
 4.136224  0.144291 1 11
 4.136224  0.144777 1 12
 4.136224  0.276666 1 13
 4.136224  0.279388 1 14
 4.136224  0.306640 1 15
 4.136224  0.314576 1 16
 4.136224  0.330835 1 17
 4.136224  0.361802 1 18
 4.136224  0.589539 1 19
 4.136224  0.591270 1 20
 4.136224  0.610584 1 21
 4.136224  0.616346 1 22
 4.202089 -0.212919 1 1
 4.202089 -0.207214 1 2
 4.202089 -0.166217 1 3
 4.202089 -0.158459 1 4
 4.202089 -0.079461 1 5
 4.202089 -0.077833 1 6
 4.202089 -0.058723 1 7
 4.202089 -0.056282 1 8
 4.202089 -0.006601 1 9
 4.202089 -0.004479 1 10
 4.202089  0.144384 1 11
 4.202089  0.145092 1 12
 4.202089  0.271927 1 13
 4.202089  0.279445 1 14
 4.202089  0.312534 1 15
 4.202089  0.314929 1 16
 4.202089  0.335264 1 17
 4.202089  0.360318 1 18
 4.202089  0.577081 1 19
 4.202089  0.580525 1 20
 4.202089  0.615313 1 21
 4.202089  0.616216 1 22
 4.267954 -0.207358 1 1
 4.267954 -0.201153 1 2
 4.267954 -0.170896 1 3
 4.267954 -0.165305 1 4
 4.267954 -0.080635 1 5
 4.267954 -0.080067 1 6
 4.267954 -0.062056 1 7
 4.267954 -0.060418 1 8
 4.267954 -0.011031 1 9
 4.267954 -0.003465 1 10
 4.267954  0.140498 1 11
 4.267954  0.141737 1 12
 4.267954  0.270946 1 13
 4.267954  0.280642 1 14
 4.267954  0.309126 1 15
 4.267954  0.321369 1 16
 4.267954  0.341317 1 17
 4.267954  0.358790 1 18
 4.267954  0.559109 1 19
 4.267954  0.566006 1 20
 4.267954  0.617424 1 21
 4.267954  0.619466 1 22
 4.333820 -0.198545 1 1
 4.333820 -0.192263 1 2
 4.333820 -0.174272 1 3
 4.333820 -0.170879 1 4
 4.333820 -0.101809 1 5
 4.333820 -0.099797 1 6
 4.333820 -0.052737 1 7
 4.333820 -0.052207 1 8
 4.333820 -0.007005 1 9
 4.333820  0.002513 1 10
 4.333820  0.132781 1 11
 4.333820  0.134735 1 12
 4.333820  0.272187 1 13
 4.333820  0.280121 1 14
 4.333820  0.306004 1 15
 4.333820  0.324665 1 16
 4.333820  0.348422 1 17
 4.333820  0.358423 1 18
 4.333820  0.538852 1 19
 4.333820  0.547826 1 20
 4.333820  0.620625 1 21
 4.333820  0.624073 1 22
 4.399685 -0.186522 1 1
 4.399685 -0.182783 1 2
 4.399685 -0.174310 1 3
 4.399685 -0.173945 1 4
 4.399685 -0.124418 1 5
 4.399685 -0.122342 1 6
 4.399685 -0.044033 1 7
 4.399685 -0.043490 1 8
 4.399685  0.002256 1 9
 4.399685  0.011346 1 10
 4.399685  0.123971 1 11
 4.399685  0.126269 1 12
 4.399685  0.272128 1 13
 4.399685  0.275144 1 14
 4.399685  0.303559 1 15
 4.399685  0.324925 1 16
 4.399685  0.356830 1 17
 4.399685  0.360203 1 18
 4.399685  0.518388 1 19
 4.399685  0.528548 1 20
 4.399685  0.625979 1 21
 4.399685  0.629803 1 22
 4.465551 -0.180482 1 1
 4.465551 -0.178819 1 2
 4.465551 -0.170912 1 3
 4.465551 -0.167656 1 4
 4.465551 -0.140071 1 5
 4.465551 -0.138634 1 6
 4.465551 -0.037167 1 7
 4.465551 -0.035991 1 8
 4.465551  0.012714 1 9
 4.465551  0.020368 1 10
 4.465551  0.116981 1 11
 4.465551  0.118676 1 12
 4.465551  0.266638 1 13
 4.465551  0.268688 1 14
 4.465551  0.300039 1 15
 4.465551  0.322660 1 16
 4.465551  0.364269 1 17
 4.465551  0.366224 1 18
 4.465551  0.499949 1 19
 4.465551  0.510783 1 20
 4.465551  0.633160 1 21
 4.465551  0.636729 1 22
 4.531416 -0.185165 1 1
 4.531416 -0.183786 1 2
 4.531416 -0.169219 1 3
 4.531416 -0.166624 1 4
 4.531416 -0.137869 1 5
 4.531416 -0.130655 1 6
 4.531416 -0.031169 1 7
 4.531416 -0.029934 1 8
 4.531416  0.021174 1 9
 4.531416  0.026805 1 10
 4.531416  0.113673 1 11
 4.531416  0.113863 1 12
 4.531416  0.256415 1 13
 4.531416  0.262068 1 14
 4.531416  0.294743 1 15
 4.531416  0.318444 1 16
 4.531416  0.369762 1 17
 4.531416  0.375508 1 18
 4.531416  0.485221 1 19
 4.531416  0.496476 1 20
 4.531416  0.641389 1 21
 4.531416  0.644363 1 22
 4.597281 -0.196524 1 1
 4.597281 -0.194659 1 2
 4.597281 -0.168475 1 3
 4.597281 -0.165959 1 4
 4.597281 -0.119834 1 5
 4.597281 -0.112953 1 6
 4.597281 -0.025391 1 7
 4.597281 -0.024394 1 8
 4.597281  0.025478 1 9
 4.597281  0.028792 1 10
 4.597281  0.112147 1 11
 4.597281  0.115189 1 12
 4.597281  0.245782 1 13
 4.597281  0.253653 1 14
 4.597281  0.288450 1 15
 4.597281  0.313177 1 16
 4.597281  0.375383 1 17
 4.597281  0.383576 1 18
 4.597281  0.474867 1 19
 4.597281  0.486437 1 20
 4.597281  0.649571 1 21
 4.597281  0.651835 1 22
 4.663147 -0.206902 1 1
 4.663147 -0.204922 1 2
 4.663147 -0.165934 1 3
 4.663147 -0.163736 1 4
 4.663147 -0.101451 1 5
 4.663147 -0.096225 1 6
 4.663147 -0.018940 1 7
 4.663147 -0.018171 1 8
 4.663147  0.024751 1 9
 4.663147  0.026203 1 10
 4.663147  0.113691 1 11
 4.663147  0.119521 1 12
 4.663147  0.236026 1 13
 4.663147  0.245198 1 14
 4.663147  0.282480 1 15
 4.663147  0.308061 1 16
 4.663147  0.380055 1 17
 4.663147  0.389708 1 18
 4.663147  0.468521 1 19
 4.663147  0.480347 1 20
 4.663147  0.656516 1 21
 4.663147  0.658134 1 22
 4.729012 -0.213542 1 1
 4.729012 -0.211576 1 2
 4.729012 -0.163809 1 3
 4.729012 -0.161710 1 4
 4.729012 -0.088499 1 5
 4.729012 -0.084864 1 6
 4.729012 -0.011558 1 7
 4.729012 -0.010978 1 8
 4.729012  0.020094 1 9
 4.729012  0.020683 1 10
 4.729012  0.116369 1 11
 4.729012  0.124037 1 12
 4.729012  0.228855 1 13
 4.729012  0.238727 1 14
 4.729012  0.278195 1 15
 4.729012  0.304342 1 16
 4.729012  0.383097 1 17
 4.729012  0.393509 1 18
 4.729012  0.465279 1 19
 4.729012  0.477285 1 20
 4.729012  0.661166 1 21
 4.729012  0.662338 1 22
 4.794877 -0.215801 1 1
 4.794877 -0.213849 1 2
 4.794877 -0.163007 1 3
 4.794877 -0.160923 1 4
 4.794877 -0.083925 1 5
 4.794877 -0.080942 1 6
 4.794877 -0.007154 1 7
 4.794877 -0.006737 1 8
 4.794877  0.016538 1 9
 4.794877  0.017016 1 10
 4.794877  0.117663 1 11
 4.794877  0.125948 1 12
 4.794877  0.226158 1 13
 4.794877  0.236257 1 14
 4.794877  0.276635 1 15
 4.794877  0.302980 1 16
 4.794877  0.384148 1 17
 4.794877  0.394794 1 18
 4.794877  0.464307 1 19
 4.794877  0.476379 1 20
 4.794877  0.662802 1 21
 4.794877  0.663815 1 22
 4.794877 -0.215801 1 1
 4.794877 -0.213849 1 2
 4.794877 -0.163007 1 3
 4.794877 -0.160923 1 4
 4.794877 -0.083925 1 5
 4.794877 -0.080942 1 6
 4.794877 -0.007154 1 7
 4.794877 -0.006737 1 8
 4.794877  0.016538 1 9
 4.794877  0.017016 1 10
 4.794877  0.117663 1 11
 4.794877  0.125948 1 12
 4.794877  0.226158 1 13
 4.794877  0.236257 1 14
 4.794877  0.276635 1 15
 4.794877  0.302980 1 16
 4.794877  0.384148 1 17
 4.794877  0.394794 1 18
 4.794877  0.464307 1 19
 4.794877  0.476379 1 20
 4.794877  0.662802 1 21
 4.794877  0.663815 1 22
 4.866306 -0.215066 1 1
 4.866306 -0.213097 1 2
 4.866306 -0.164852 1 3
 4.866306 -0.162439 1 4
 4.866306 -0.082427 1 5
 4.866306 -0.079195 1 6
 4.866306 -0.011614 1 7
 4.866306 -0.010705 1 8
 4.866306  0.020609 1 9
 4.866306  0.021903 1 10
 4.866306  0.107636 1 11
 4.866306  0.115525 1 12
 4.866306  0.233568 1 13
 4.866306  0.243212 1 14
 4.866306  0.276457 1 15
 4.866306  0.302870 1 16
 4.866306  0.383421 1 17
 4.866306  0.394398 1 18
 4.866306  0.466343 1 19
 4.866306  0.478103 1 20
 4.866306  0.659868 1 21
 4.866306  0.661272 1 22
 4.937735 -0.212596 1 1
 4.937735 -0.210913 1 2
 4.937735 -0.169241 1 3
 4.937735 -0.165669 1 4
 4.937735 -0.078644 1 5
 4.937735 -0.074886 1 6
 4.937735 -0.020441 1 7
 4.937735 -0.018639 1 8
 4.937735  0.028161 1 9
 4.937735  0.031352 1 10
 4.937735  0.084872 1 11
 4.937735  0.092855 1 12
 4.937735  0.249228 1 13
 4.937735  0.258658 1 14
 4.937735  0.276004 1 15
 4.937735  0.302548 1 16
 4.937735  0.381450 1 17
 4.937735  0.393426 1 18
 4.937735  0.472093 1 19
 4.937735  0.483094 1 20
 4.937735  0.651154 1 21
 4.937735  0.653480 1 22
 5.009163 -0.208313 1 1
 5.009163 -0.208007 1 2
 5.009163 -0.173040 1 3
 5.009163 -0.167215 1 4
 5.009163 -0.074409 1 5
 5.009163 -0.070347 1 6
 5.009163 -0.030192 1 7
 5.009163 -0.026986 1 8
 5.009163  0.031964 1 9
 5.009163  0.038273 1 10
 5.009163  0.062616 1 11
 5.009163  0.072324 1 12
 5.009163  0.265775 1 13
 5.009163  0.275588 1 14
 5.009163  0.276160 1 15
 5.009163  0.302045 1 16
 5.009163  0.378594 1 17
 5.009163  0.392302 1 18
 5.009163  0.480798 1 19
 5.009163  0.490939 1 20
 5.009163  0.637003 1 21
 5.009163  0.640149 1 22
 5.080592 -0.206294 1 1
 5.080592 -0.204419 1 2
 5.080592 -0.171036 1 3
 5.080592 -0.162762 1 4
 5.080592 -0.072953 1 5
 5.080592 -0.069387 1 6
 5.080592 -0.038981 1 7
 5.080592 -0.033355 1 8
 5.080592  0.022972 1 9
 5.080592  0.027826 1 10
 5.080592  0.060124 1 11
 5.080592  0.067514 1 12
 5.080592  0.274169 1 13
 5.080592  0.282105 1 14
 5.080592  0.293687 1 15
 5.080592  0.301437 1 16
 5.080592  0.374838 1 17
 5.080592  0.391258 1 18
 5.080592  0.491969 1 19
 5.080592  0.501306 1 20
 5.080592  0.618225 1 21
 5.080592  0.621412 1 22
 5.152020 -0.206681 1 1
 5.152020 -0.203818 1 2
 5.152020 -0.159107 1 3
 5.152020 -0.150386 1 4
 5.152020 -0.079326 1 5
 5.152020 -0.076576 1 6
 5.152020 -0.043544 1 7
 5.152020 -0.035299 1 8
 5.152020  0.008971 1 9
 5.152020  0.012211 1 10
 5.152020  0.066857 1 11
 5.152020  0.072447 1 12
 5.152020  0.273991 1 13
 5.152020  0.295303 1 14
 5.152020  0.300812 1 15
 5.152020  0.310969 1 16
 5.152020  0.369597 1 17
 5.152020  0.390222 1 18
 5.152020  0.505786 1 19
 5.152020  0.514226 1 20
 5.152020  0.596305 1 21
 5.152020  0.598455 1 22
 5.223449 -0.207747 1 1
 5.223449 -0.204776 1 2
 5.223449 -0.140347 1 3
 5.223449 -0.132217 1 4
 5.223449 -0.094233 1 5
 5.223449 -0.091826 1 6
 5.223449 -0.043983 1 7
 5.223449 -0.034364 1 8
 5.223449 -0.000513 1 9
 5.223449  0.002157 1 10
 5.223449  0.072045 1 11
 5.223449  0.077391 1 12
 5.223449  0.273761 1 13
 5.223449  0.300364 1 14
 5.223449  0.305160 1 15
 5.223449  0.326790 1 16
 5.223449  0.362432 1 17
 5.223449  0.389199 1 18
 5.223449  0.522496 1 19
 5.223449  0.529898 1 20
 5.223449  0.573530 1 21
 5.223449  0.574058 1 22
 5.294877 -0.208224 1 1
 5.294877 -0.205263 1 2
 5.294877 -0.125131 1 3
 5.294877 -0.112619 1 4
 5.294877 -0.110512 1 5
 5.294877 -0.108113 1 6
 5.294877 -0.043715 1 7
 5.294877 -0.033694 1 8
 5.294877 -0.003690 1 9
 5.294877 -0.001218 1 10
 5.294877  0.073912 1 11
 5.294877  0.079289 1 12
 5.294877  0.273680 1 13
 5.294877  0.300196 1 14
 5.294877  0.308929 1 15
 5.294877  0.335293 1 16
 5.294877  0.357150 1 17
 5.294877  0.388711 1 18
 5.294877  0.535837 1 19
 5.294877  0.543873 1 20
 5.294877  0.556834 1 21
 5.294877  0.557694 1 22
 5.294877 -0.208224 1 1
 5.294877 -0.205263 1 2
 5.294877 -0.125131 1 3
 5.294877 -0.112619 1 4
 5.294877 -0.110512 1 5
 5.294877 -0.108113 1 6
 5.294877 -0.043715 1 7
 5.294877 -0.033694 1 8
 5.294877 -0.003690 1 9
 5.294877 -0.001218 1 10
 5.294877  0.073912 1 11
 5.294877  0.079289 1 12
 5.294877  0.273680 1 13
 5.294877  0.300196 1 14
 5.294877  0.308929 1 15
 5.294877  0.335293 1 16
 5.294877  0.357150 1 17
 5.294877  0.388711 1 18
 5.294877  0.535837 1 19
 5.294877  0.543873 1 20
 5.294877  0.556834 1 21
 5.294877  0.557694 1 22
 5.365588 -0.209080 1 1
 5.365588 -0.203582 1 2
 5.365588 -0.138359 1 3
 5.365588 -0.130102 1 4
 5.365588 -0.109187 1 5
 5.365588 -0.081486 1 6
 5.365588 -0.044261 1 7
 5.365588 -0.033469 1 8
 5.365588 -0.002937 1 9
 5.365588  0.004071 1 10
 5.365588  0.074156 1 11
 5.365588  0.075430 1 12
 5.365588  0.274035 1 13
 5.365588  0.300101 1 14
 5.365588  0.308581 1 15
 5.365588  0.321773 1 16
 5.365588  0.367344 1 17
 5.365588  0.386234 1 18
 5.365588  0.514471 1 19
 5.365588  0.546764 1 20
 5.365588  0.556850 1 21
 5.365588  0.581756 1 22
 5.436299 -0.211297 1 1
 5.436299 -0.198905 1 2
 5.436299 -0.159495 1 3
 5.436299 -0.142255 1 4
 5.436299 -0.113697 1 5
 5.436299 -0.051605 1 6
 5.436299 -0.044934 1 7
 5.436299 -0.033037 1 8
 5.436299 -0.000110 1 9
 5.436299  0.018386 1 10
 5.436299  0.065086 1 11
 5.436299  0.074805 1 12
 5.436299  0.274885 1 13
 5.436299  0.300013 1 14
 5.436299  0.301107 1 15
 5.436299  0.307513 1 16
 5.436299  0.379034 1 17
 5.436299  0.379953 1 18
 5.436299  0.490895 1 19
 5.436299  0.553465 1 20
 5.436299  0.556750 1 21
 5.436299  0.611474 1 22
 5.507009 -0.213704 1 1
 5.507009 -0.192018 1 2
 5.507009 -0.174543 1 3
 5.507009 -0.156519 1 4
 5.507009 -0.123039 1 5
 5.507009 -0.044580 1 6
 5.507009 -0.032797 1 7
 5.507009 -0.026154 1 8
 5.507009  0.005996 1 9
 5.507009  0.038484 1 10
 5.507009  0.052240 1 11
 5.507009  0.076249 1 12
 5.507009  0.275768 1 13
 5.507009  0.281992 1 14
 5.507009  0.300285 1 15
 5.507009  0.305533 1 16
 5.507009  0.372087 1 17
 5.507009  0.385854 1 18
 5.507009  0.473767 1 19
 5.507009  0.556317 1 20
 5.507009  0.560554 1 21
 5.507009  0.634656 1 22
 5.577720 -0.214916 1 1
 5.577720 -0.184357 1 2
 5.577720 -0.183608 1 3
 5.577720 -0.169259 1 4
 5.577720 -0.135553 1 5
 5.577720 -0.043847 1 6
 5.577720 -0.032786 1 7
 5.577720 -0.013692 1 8
 5.577720  0.015979 1 9
 5.577720  0.046709 1 10
 5.577720  0.057885 1 11
 5.577720  0.082094 1 12
 5.577720  0.266598 1 13
 5.577720  0.276319 1 14
 5.577720  0.301029 1 15
 5.577720  0.302339 1 16
 5.577720  0.364419 1 17
 5.577720  0.388062 1 18
 5.577720  0.463712 1 19
 5.577720  0.555626 1 20
 5.577720  0.566485 1 21
 5.577720  0.649381 1 22
 5.648431 -0.214658 1 1
 5.648431 -0.189703 1 2
 5.648431 -0.179118 1 3
 5.648431 -0.174487 1 4
 5.648431 -0.147700 1 5
 5.648431 -0.043731 1 6
 5.648431 -0.032652 1 7
 5.648431 -0.023386 1 8
 5.648431  0.028753 1 9
 5.648431  0.059209 1 10
 5.648431  0.066026 1 11
 5.648431  0.099170 1 12
 5.648431  0.256068 1 13
 5.648431  0.276480 1 14
 5.648431  0.297970 1 15
 5.648431  0.301994 1 16
 5.648431  0.358009 1 17
 5.648431  0.386298 1 18
 5.648431  0.461386 1 19
 5.648431  0.555036 1 20
 5.648431  0.571551 1 21
 5.648431  0.656230 1 22
 5.719141 -0.213434 1 1
 5.719141 -0.191399 1 2
 5.719141 -0.186488 1 3
 5.719141 -0.169229 1 4
 5.719141 -0.153600 1 5
 5.719141 -0.046012 1 6
 5.719141 -0.044023 1 7
 5.719141 -0.032158 1 8
 5.719141  0.041713 1 9
 5.719141  0.067833 1 10
 5.719141  0.080986 1 11
 5.719141  0.118187 1 12
 5.719141  0.251747 1 13
 5.719141  0.276447 1 14
 5.719141  0.293130 1 15
 5.719141  0.302810 1 16
 5.719141  0.353329 1 17
 5.719141  0.380507 1 18
 5.719141  0.467050 1 19
 5.719141  0.554793 1 20
 5.719141  0.575845 1 21
 5.719141  0.655530 1 22
 5.789852 -0.210824 1 1
 5.789852 -0.192404 1 2
 5.789852 -0.191374 1 3
 5.789852 -0.175077 1 4
 5.789852 -0.146994 1 5
 5.789852 -0.073593 1 6
 5.789852 -0.043850 1 7
 5.789852 -0.031541 1 8
 5.789852  0.052113 1 9
 5.789852  0.068351 1 10
 5.789852  0.103244 1 11
 5.789852  0.130514 1 12
 5.789852  0.255645 1 13
 5.789852  0.276417 1 14
 5.789852  0.288961 1 15
 5.789852  0.303282 1 16
 5.789852  0.350517 1 17
 5.789852  0.370072 1 18
 5.789852  0.479848 1 19
 5.789852  0.554777 1 20
 5.789852  0.578362 1 21
 5.789852  0.646272 1 22
 5.860563 -0.205677 1 1
 5.860563 -0.197418 1 2
 5.860563 -0.191473 1 3
 5.860563 -0.183305 1 4
 5.860563 -0.138219 1 5
 5.860563 -0.102257 1 6
 5.860563 -0.042951 1 7
 5.860563 -0.031225 1 8
 5.860563  0.058563 1 9
 5.860563  0.068719 1 10
 5.860563  0.121532 1 11
 5.860563  0.134696 1 12
 5.860563  0.268574 1 13
 5.860563  0.276434 1 14
 5.860563  0.286321 1 15
 5.860563  0.303460 1 16
 5.860563  0.349496 1 17
 5.860563  0.354602 1 18
 5.860563  0.498317 1 19
 5.860563  0.554709 1 20
 5.860563  0.578278 1 21
 5.860563  0.627883 1 22
 5.931274 -0.201092 1 1
 5.931274 -0.198046 1 2
 5.931274 -0.192002 1 3
 5.931274 -0.189775 1 4
 5.931274 -0.131854 1 5
 5.931274 -0.127035 1 6
 5.931274 -0.041968 1 7
 5.931274 -0.031274 1 8
 5.931274  0.061501 1 9
 5.931274  0.069163 1 10
 5.931274  0.133185 1 11
 5.931274  0.134222 1 12
 5.931274  0.276456 1 13
 5.931274  0.285191 1 14
 5.931274  0.288141 1 15
 5.931274  0.303498 1 16
 5.931274  0.334752 1 17
 5.931274  0.349673 1 18
 5.931274  0.520026 1 19
 5.931274  0.554523 1 20
 5.931274  0.576575 1 21
 5.931274  0.603785 1 22
 6.001984 -0.202476 1 1
 6.001984 -0.193257 1 2
 6.001984 -0.192256 1 3
 6.001984 -0.192201 1 4
 6.001984 -0.138271 1 5
 6.001984 -0.129538 1 6
 6.001984 -0.041574 1 7
 6.001984 -0.031362 1 8
 6.001984  0.062254 1 9
 6.001984  0.069391 1 10
 6.001984  0.133468 1 11
 6.001984  0.137126 1 12
 6.001984  0.276464 1 13
 6.001984  0.284938 1 14
 6.001984  0.303500 1 15
 6.001984  0.307052 1 16
 6.001984  0.315952 1 17
 6.001984  0.349940 1 18
 6.001984  0.533562 1 19
 6.001984  0.554416 1 20
 6.001984  0.575586 1 21
 6.001984  0.588816 1 22
