 0.000000 -0.276737 2 1
 0.000000 -0.273442 2 2
 0.000000 -0.169858 2 3
 0.000000 -0.164525 2 4
 0.000000 -0.163865 2 5
 0.000000 -0.006565 2 6
 0.000000  0.002952 2 7
 0.000000  0.005407 2 8
 0.000000  0.099608 2 9
 0.000000  0.155322 2 10
 0.000000  0.158266 2 11
 0.000000  0.198304 2 12
 0.000000  0.225199 2 13
 0.000000  0.237220 2 14
 0.000000  0.247272 2 15
 0.000000  0.265540 2 16
 0.000000  0.272565 2 17
 0.000000  0.418504 2 18
 0.000000  0.434854 2 19
 0.000000  0.636655 2 20
 0.000000  0.639527 2 21
 0.000000  0.719327 2 22
 0.070711 -0.274999 2 1
 0.070711 -0.270334 2 2
 0.070711 -0.168449 2 3
 0.070711 -0.163644 2 4
 0.070711 -0.163216 2 5
 0.070711 -0.007476 2 6
 0.070711 -0.004082 2 7
 0.070711  0.005548 2 8
 0.070711  0.094982 2 9
 0.070711  0.145135 2 10
 0.070711  0.152769 2 11
 0.070711  0.196705 2 12
 0.070711  0.227961 2 13
 0.070711  0.243075 2 14
 0.070711  0.252414 2 15
 0.070711  0.264958 2 16
 0.070711  0.277032 2 17
 0.070711  0.416635 2 18
 0.070711  0.439763 2 19
 0.070711  0.636342 2 20
 0.070711  0.636623 2 21
 0.070711  0.717847 2 22
 0.141421 -0.275016 2 1
 0.141421 -0.257043 2 2
 0.141421 -0.163423 2 3
 0.141421 -0.163275 2 4
 0.141421 -0.159960 2 5
 0.141421 -0.024612 2 6
 0.141421 -0.009919 2 7
 0.141421  0.006088 2 8
 0.141421  0.084654 2 9
 0.141421  0.123358 2 10
 0.141421  0.139416 2 11
 0.141421  0.192087 2 12
 0.141421  0.231741 2 13
 0.141421  0.256837 2 14
 0.141421  0.263963 2 15
 0.141421  0.264908 2 16
 0.141421  0.286561 2 17
 0.141421  0.411662 2 18
 0.141421  0.453436 2 19
 0.141421  0.629279 2 20
 0.141421  0.635780 2 21
 0.141421  0.712509 2 22
 0.212132 -0.275284 2 1
 0.212132 -0.238469 2 2
 0.212132 -0.163432 2 3
 0.212132 -0.156418 2 4
 0.212132 -0.153291 2 5
 0.212132 -0.054495 2 6
 0.212132 -0.012585 2 7
 0.212132  0.007293 2 8
 0.212132  0.074246 2 9
 0.212132  0.100983 2 10
 0.212132  0.122644 2 11
 0.212132  0.184772 2 12
 0.212132  0.233003 2 13
 0.212132  0.263869 2 14
 0.212132  0.271510 2 15
 0.212132  0.280736 2 16
 0.212132  0.294966 2 17
 0.212132  0.405049 2 18
 0.212132  0.472752 2 19
 0.212132  0.620714 2 20
 0.212132  0.635646 2 21
 0.212132  0.701530 2 22
 0.282843 -0.275171 2 1
 0.282843 -0.220946 2 2
 0.282843 -0.164663 2 3
 0.282843 -0.154242 2 4
 0.282843 -0.137542 2 5
 0.282843 -0.082527 2 6
 0.282843 -0.013086 2 7
 0.282843  0.009253 2 8
 0.282843  0.066370 2 9
 0.282843  0.082244 2 10
 0.282843  0.105054 2 11
 0.282843  0.174567 2 12
 0.282843  0.232402 2 13
 0.282843  0.264950 2 14
 0.282843  0.281731 2 15
 0.282843  0.297944 2 16
 0.282843  0.299418 2 17
 0.282843  0.398214 2 18
 0.282843  0.493445 2 19
 0.282843  0.614073 2 20
 0.282843  0.636122 2 21
 0.282843  0.684006 2 22
 0.353553 -0.274452 2 1
 0.353553 -0.214589 2 2
 0.353553 -0.166854 2 3
 0.353553 -0.154155 2 4
 0.353553 -0.117360 2 5
 0.353553 -0.091830 2 6
 0.353553 -0.009347 2 7
 0.353553  0.011668 2 8
 0.353553  0.061136 2 9
 0.353553  0.067723 2 10
 0.353553  0.088523 2 11
 0.353553  0.160825 2 12
 0.353553  0.232109 2 13
 0.353553  0.266195 2 14
 0.353553  0.284825 2 15
 0.353553  0.299330 2 16
 0.353553  0.315434 2 17
 0.353553  0.392008 2 18
 0.353553  0.512319 2 19
 0.353553  0.611155 2 20
 0.353553  0.636708 2 21
 0.353553  0.660847 2 22
 0.424264 -0.273401 2 1
 0.424264 -0.224350 2 2
 0.424264 -0.169126 2 3
 0.424264 -0.156136 2 4
 0.424264 -0.094930 2 5
 0.424264 -0.075083 2 6
 0.424264 -0.000433 2 7
 0.424264  0.014254 2 8
 0.424264  0.057907 2 9
 0.424264  0.057923 2 10
 0.424264  0.074195 2 11
 0.424264  0.143709 2 12
 0.424264  0.233189 2 13
 0.424264  0.266629 2 14
 0.424264  0.280388 2 15
 0.424264  0.293853 2 16
 0.424264  0.331997 2 17
 0.424264  0.386847 2 18
 0.424264  0.528559 2 19
 0.424264  0.612729 2 20
 0.424264  0.634476 2 21
 0.424264  0.636814 2 22
 0.494975 -0.272746 2 1
 0.494975 -0.241312 2 2
 0.494975 -0.170407 2 3
 0.494975 -0.159889 2 4
 0.494975 -0.072029 2 5
 0.494975 -0.046548 2 6
 0.494975  0.013457 2 7
 0.494975  0.017219 2 8
 0.494975  0.055625 2 9
 0.494975  0.056023 2 10
 0.494975  0.061254 2 11
 0.494975  0.125359 2 12
 0.494975  0.234494 2 13
 0.494975  0.266402 2 14
 0.494975  0.269744 2 15
 0.494975  0.281758 2 16
 0.494975  0.346121 2 17
 0.494975  0.383179 2 18
 0.494975  0.542625 2 19
 0.494975  0.608113 2 20
 0.494975  0.618841 2 21
 0.494975  0.636372 2 22
 0.565685 -0.272937 2 1
 0.565685 -0.257880 2 2
 0.565685 -0.170302 2 3
 0.565685 -0.164480 2 4
 0.565685 -0.049109 2 5
 0.565685 -0.024720 2 6
 0.565685  0.020739 2 7
 0.565685  0.030103 2 8
 0.565685  0.046647 2 9
 0.565685  0.054803 2 10
 0.565685  0.066124 2 11
 0.565685  0.109674 2 12
 0.565685  0.234288 2 13
 0.565685  0.256013 2 14
 0.565685  0.263827 2 15
 0.565685  0.266326 2 16
 0.565685  0.356031 2 17
 0.565685  0.381775 2 18
 0.565685  0.554339 2 19
 0.565685  0.585290 2 20
 0.565685  0.627835 2 21
 0.565685  0.635773 2 22
 0.636396 -0.273600 2 1
 0.636396 -0.269892 2 2
 0.636396 -0.169459 2 3
 0.636396 -0.168263 2 4
 0.636396 -0.026185 2 5
 0.636396 -0.016202 2 6
 0.636396  0.023630 2 7
 0.636396  0.028479 2 8
 0.636396  0.044490 2 9
 0.636396  0.053997 2 10
 0.636396  0.085283 2 11
 0.636396  0.100006 2 12
 0.636396  0.232229 2 13
 0.636396  0.244041 2 14
 0.636396  0.245843 2 15
 0.636396  0.266670 2 16
 0.636396  0.360774 2 17
 0.636396  0.382671 2 18
 0.636396  0.561996 2 19
 0.636396  0.569940 2 20
 0.636396  0.635378 2 21
 0.636396  0.635988 2 22
 0.707107 -0.274359 2 1
 0.707107 -0.273904 2 2
 0.707107 -0.169721 2 3
 0.707107 -0.168996 2 4
 0.707107 -0.014541 2 5
 0.707107 -0.010483 2 6
 0.707107  0.013344 2 7
 0.707107  0.025583 2 8
 0.707107  0.050295 2 9
 0.707107  0.053731 2 10
 0.707107  0.095217 2 11
 0.707107  0.096911 2 12
 0.707107  0.229885 2 13
 0.707107  0.238679 2 14
 0.707107  0.239180 2 15
 0.707107  0.266912 2 16
 0.707107  0.361913 2 17
 0.707107  0.383522 2 18
 0.707107  0.562072 2 19
 0.707107  0.567090 2 20
 0.707107  0.635258 2 21
 0.707107  0.639282 2 22
 0.707107 -0.274359 2 1
 0.707107 -0.273904 2 2
 0.707107 -0.169721 2 3
 0.707107 -0.168996 2 4
 0.707107 -0.014541 2 5
 0.707107 -0.010483 2 6
 0.707107  0.013344 2 7
 0.707107  0.025583 2 8
 0.707107  0.050295 2 9
 0.707107  0.053731 2 10
 0.707107  0.095217 2 11
 0.707107  0.096911 2 12
 0.707107  0.229885 2 13
 0.707107  0.238679 2 14
 0.707107  0.239180 2 15
 0.707107  0.266912 2 16
 0.707107  0.361913 2 17
 0.707107  0.383522 2 18
 0.707107  0.562072 2 19
 0.707107  0.567090 2 20
 0.707107  0.635258 2 21
 0.707107  0.639282 2 22
 0.707107 -0.274359 2 1
 0.707107 -0.273904 2 2
 0.707107 -0.169721 2 3
 0.707107 -0.168996 2 4
 0.707107 -0.014541 2 5
 0.707107 -0.010483 2 6
 0.707107  0.013344 2 7
 0.707107  0.025583 2 8
 0.707107  0.050295 2 9
 0.707107  0.053731 2 10
 0.707107  0.095217 2 11
 0.707107  0.096911 2 12
 0.707107  0.229885 2 13
 0.707107  0.238679 2 14
 0.707107  0.239180 2 15
 0.707107  0.266912 2 16
 0.707107  0.361913 2 17
 0.707107  0.383522 2 18
 0.707107  0.562072 2 19
 0.707107  0.567090 2 20
 0.707107  0.635258 2 21
 0.707107  0.639282 2 22
 0.707107 -0.274359 2 1
 0.707107 -0.273904 2 2
 0.707107 -0.169721 2 3
 0.707107 -0.168996 2 4
 0.707107 -0.014541 2 5
 0.707107 -0.010483 2 6
 0.707107  0.013344 2 7
 0.707107  0.025583 2 8
 0.707107  0.050295 2 9
 0.707107  0.053731 2 10
 0.707107  0.095217 2 11
 0.707107  0.096911 2 12
 0.707107  0.229885 2 13
 0.707107  0.238679 2 14
 0.707107  0.239180 2 15
 0.707107  0.266912 2 16
 0.707107  0.361913 2 17
 0.707107  0.383522 2 18
 0.707107  0.562072 2 19
 0.707107  0.567090 2 20
 0.707107  0.635258 2 21
 0.707107  0.639282 2 22
 0.707107 -0.274359 2 1
 0.707107 -0.273904 2 2
 0.707107 -0.169721 2 3
 0.707107 -0.168996 2 4
 0.707107 -0.014541 2 5
 0.707107 -0.010483 2 6
 0.707107  0.013344 2 7
 0.707107  0.025583 2 8
 0.707107  0.050295 2 9
 0.707107  0.053731 2 10
 0.707107  0.095217 2 11
 0.707107  0.096911 2 12
 0.707107  0.229885 2 13
 0.707107  0.238679 2 14
 0.707107  0.239180 2 15
 0.707107  0.266912 2 16
 0.707107  0.361913 2 17
 0.707107  0.383522 2 18
 0.707107  0.562072 2 19
 0.707107  0.567090 2 20
 0.707107  0.635258 2 21
 0.707107  0.639282 2 22
 0.777817 -0.273993 2 1
 0.777817 -0.269749 2 2
 0.777817 -0.170172 2 3
 0.777817 -0.167615 2 4
 0.777817 -0.026053 2 5
 0.777817 -0.012563 2 6
 0.777817  0.012723 2 7
 0.777817  0.035253 2 8
 0.777817  0.048220 2 9
 0.777817  0.050902 2 10
 0.777817  0.087761 2 11
 0.777817  0.098676 2 12
 0.777817  0.234357 2 13
 0.777817  0.239007 2 14
 0.777817  0.243753 2 15
 0.777817  0.271470 2 16
 0.777817  0.360648 2 17
 0.777817  0.382770 2 18
 0.777817  0.559991 2 19
 0.777817  0.571524 2 20
 0.777817  0.631656 2 21
 0.777817  0.639258 2 22
 0.848528 -0.273470 2 1
 0.848528 -0.258199 2 2
 0.848528 -0.170979 2 3
 0.848528 -0.164099 2 4
 0.848528 -0.047307 2 5
 0.848528 -0.021709 2 6
 0.848528  0.010907 2 7
 0.848528  0.035184 2 8
 0.848528  0.051167 2 9
 0.848528  0.051726 2 10
 0.848528  0.069936 2 11
 0.848528  0.108817 2 12
 0.848528  0.237999 2 13
 0.848528  0.238814 2 14
 0.848528  0.260220 2 15
 0.848528  0.283035 2 16
 0.848528  0.355762 2 17
 0.848528  0.381744 2 18
 0.848528  0.552180 2 19
 0.848528  0.586482 2 20
 0.848528  0.622771 2 21
 0.848528  0.639233 2 22
 0.919239 -0.273526 2 1
 0.919239 -0.241952 2 2
 0.919239 -0.171007 2 3
 0.919239 -0.159983 2 4
 0.919239 -0.070487 2 5
 0.919239 -0.042935 2 6
 0.919239  0.009306 2 7
 0.919239  0.019592 2 8
 0.919239  0.053253 2 9
 0.919239  0.059449 2 10
 0.919239  0.065043 2 11
 0.919239  0.124538 2 12
 0.919239  0.238997 2 13
 0.919239  0.239162 2 14
 0.919239  0.276944 2 15
 0.919239  0.296776 2 16
 0.919239  0.345726 2 17
 0.919239  0.382451 2 18
 0.919239  0.540786 2 19
 0.919239  0.609432 2 20
 0.919239  0.613010 2 21
 0.919239  0.639231 2 22
 0.989949 -0.274301 2 1
 0.989949 -0.225085 2 2
 0.989949 -0.169574 2 3
 0.989949 -0.156742 2 4
 0.989949 -0.094041 2 5
 0.989949 -0.070111 2 6
 0.989949  0.006141 2 7
 0.989949  0.008232 2 8
 0.989949  0.055745 2 9
 0.989949  0.060733 2 10
 0.989949  0.077355 2 11
 0.989949  0.142975 2 12
 0.989949  0.238427 2 13
 0.989949  0.239187 2 14
 0.989949  0.287822 2 15
 0.989949  0.307657 2 16
 0.989949  0.331209 2 17
 0.989949  0.385296 2 18
 0.989949  0.527294 2 19
 0.989949  0.606359 2 20
 0.989949  0.636591 2 21
 0.989949  0.639125 2 22
 1.060660 -0.275149 2 1
 1.060660 -0.215235 2 2
 1.060660 -0.167085 2 3
 1.060660 -0.154997 2 4
 1.060660 -0.116848 2 5
 1.060660 -0.086210 2 6
 1.060660 -0.003122 2 7
 1.060660  0.007162 2 8
 1.060660  0.059851 2 9
 1.060660  0.069743 2 10
 1.060660  0.090435 2 11
 1.060660  0.160539 2 12
 1.060660  0.237392 2 13
 1.060660  0.238564 2 14
 1.060660  0.292629 2 15
 1.060660  0.312139 2 16
 1.060660  0.314285 2 17
 1.060660  0.390018 2 18
 1.060660  0.511659 2 19
 1.060660  0.604497 2 20
 1.060660  0.638773 2 21
 1.060660  0.663523 2 22
 1.131371 -0.275488 2 1
 1.131371 -0.220958 2 2
 1.131371 -0.164708 2 3
 1.131371 -0.154873 2 4
 1.131371 -0.137121 2 5
 1.131371 -0.077854 2 6
 1.131371 -0.008011 2 7
 1.131371  0.005870 2 8
 1.131371  0.066164 2 9
 1.131371  0.084086 2 10
 1.131371  0.105225 2 11
 1.131371  0.174763 2 12
 1.131371  0.237058 2 13
 1.131371  0.237288 2 14
 1.131371  0.292881 2 15
 1.131371  0.296939 2 16
 1.131371  0.308749 2 17
 1.131371  0.396459 2 18
 1.131371  0.493236 2 19
 1.131371  0.607468 2 20
 1.131371  0.638315 2 21
 1.131371  0.686396 2 22
 1.202082 -0.275455 2 1
 1.202082 -0.237784 2 2
 1.202082 -0.163464 2 3
 1.202082 -0.156544 2 4
 1.202082 -0.152881 2 5
 1.202082 -0.051500 2 6
 1.202082 -0.009220 2 7
 1.202082  0.004620 2 8
 1.202082  0.074995 2 9
 1.202082  0.103349 2 10
 1.202082  0.121126 2 11
 1.202082  0.185100 2 12
 1.202082  0.235749 2 13
 1.202082  0.237082 2 14
 1.202082  0.280329 2 15
 1.202082  0.289456 2 16
 1.202082  0.298164 2 17
 1.202082  0.404011 2 18
 1.202082  0.472776 2 19
 1.202082  0.614770 2 20
 1.202082  0.638157 2 21
 1.202082  0.703017 2 22
 1.272792 -0.275542 2 1
 1.272792 -0.255909 2 2
 1.272792 -0.163514 2 3
 1.272792 -0.163114 2 4
 1.272792 -0.159618 2 5
 1.272792 -0.022663 2 6
 1.272792 -0.008294 2 7
 1.272792  0.003689 2 8
 1.272792  0.085720 2 9
 1.272792  0.126409 2 10
 1.272792  0.136812 2 11
 1.272792  0.192257 2 12
 1.272792  0.234451 2 13
 1.272792  0.235705 2 14
 1.272792  0.265003 2 15
 1.272792  0.282959 2 16
 1.272792  0.283641 2 17
 1.272792  0.411290 2 18
 1.272792  0.453502 2 19
 1.272792  0.624591 2 20
 1.272792  0.638546 2 21
 1.272792  0.713114 2 22
 1.343503 -0.276001 2 1
 1.343503 -0.269098 2 2
 1.343503 -0.168340 2 3
 1.343503 -0.164171 2 4
 1.343503 -0.162623 2 5
 1.343503 -0.007060 2 6
 1.343503 -0.001981 2 7
 1.343503  0.003137 2 8
 1.343503  0.095490 2 9
 1.343503  0.148256 2 10
 1.343503  0.149820 2 11
 1.343503  0.196733 2 12
 1.343503  0.228904 2 13
 1.343503  0.236648 2 14
 1.343503  0.252540 2 15
 1.343503  0.270767 2 16
 1.343503  0.275808 2 17
 1.343503  0.416573 2 18
 1.343503  0.439787 2 19
 1.343503  0.633211 2 20
 1.343503  0.639203 2 21
 1.343503  0.717972 2 22
 1.414214 -0.276737 2 1
 1.414214 -0.273442 2 2
 1.414214 -0.169858 2 3
 1.414214 -0.164525 2 4
 1.414214 -0.163865 2 5
 1.414214 -0.006565 2 6
 1.414214  0.002952 2 7
 1.414214  0.005407 2 8
 1.414214  0.099608 2 9
 1.414214  0.155322 2 10
 1.414214  0.158266 2 11
 1.414214  0.198304 2 12
 1.414214  0.225199 2 13
 1.414214  0.237220 2 14
 1.414214  0.247272 2 15
 1.414214  0.265540 2 16
 1.414214  0.272565 2 17
 1.414214  0.418504 2 18
 1.414214  0.434854 2 19
 1.414214  0.636655 2 20
 1.414214  0.639527 2 21
 1.414214  0.719327 2 22
 1.414214 -0.276737 2 1
 1.414214 -0.273442 2 2
 1.414214 -0.169858 2 3
 1.414214 -0.164525 2 4
 1.414214 -0.163865 2 5
 1.414214 -0.006565 2 6
 1.414214  0.002952 2 7
 1.414214  0.005407 2 8
 1.414214  0.099608 2 9
 1.414214  0.155322 2 10
 1.414214  0.158266 2 11
 1.414214  0.198304 2 12
 1.414214  0.225199 2 13
 1.414214  0.237220 2 14
 1.414214  0.247272 2 15
 1.414214  0.265540 2 16
 1.414214  0.272565 2 17
 1.414214  0.418504 2 18
 1.414214  0.434854 2 19
 1.414214  0.636655 2 20
 1.414214  0.639527 2 21
 1.414214  0.719327 2 22
 1.480079 -0.275122 2 1
 1.480079 -0.272084 2 2
 1.480079 -0.168021 2 3
 1.480079 -0.164592 2 4
 1.480079 -0.163860 2 5
 1.480079 -0.011364 2 6
 1.480079  0.004920 2 7
 1.480079  0.007389 2 8
 1.480079  0.092716 2 9
 1.480079  0.147850 2 10
 1.480079  0.152066 2 11
 1.480079  0.197266 2 12
 1.480079  0.230196 2 13
 1.480079  0.242996 2 14
 1.480079  0.246344 2 15
 1.480079  0.269855 2 16
 1.480079  0.273447 2 17
 1.480079  0.417575 2 18
 1.480079  0.438027 2 19
 1.480079  0.633985 2 20
 1.480079  0.636897 2 21
 1.480079  0.716637 2 22
 1.545944 -0.270372 2 1
 1.545944 -0.268054 2 2
 1.545944 -0.164652 2 3
 1.545944 -0.163708 2 4
 1.545944 -0.162581 2 5
 1.545944 -0.024579 2 6
 1.545944  0.010599 2 7
 1.545944  0.013110 2 8
 1.545944  0.074837 2 9
 1.545944  0.129585 2 10
 1.545944  0.135804 2 11
 1.545944  0.193163 2 12
 1.545944  0.242398 2 13
 1.545944  0.244688 2 14
 1.545944  0.256475 2 15
 1.545944  0.275499 2 16
 1.545944  0.280798 2 17
 1.545944  0.414788 2 18
 1.545944  0.446985 2 19
 1.545944  0.626264 2 20
 1.545944  0.629311 2 21
 1.545944  0.708699 2 22
 1.611810 -0.263001 2 1
 1.611810 -0.261286 2 2
 1.611810 -0.164319 2 3
 1.611810 -0.163016 2 4
 1.611810 -0.153741 2 5
 1.611810 -0.043403 2 6
 1.611810  0.019308 2 7
 1.611810  0.021894 2 8
 1.611810  0.050676 2 9
 1.611810  0.106147 2 10
 1.611810  0.113563 2 11
 1.611810  0.183892 2 12
 1.611810  0.244794 2 13
 1.611810  0.257080 2 14
 1.611810  0.272845 2 15
 1.611810  0.277654 2 16
 1.611810  0.295194 2 17
 1.611810  0.410142 2 18
 1.611810  0.460177 2 19
 1.611810  0.614358 2 20
 1.611810  0.617662 2 21
 1.611810  0.695902 2 22
 1.677675 -0.254348 2 1
 1.677675 -0.251311 2 2
 1.677675 -0.163054 2 3
 1.677675 -0.161236 2 4
 1.677675 -0.141812 2 5
 1.677675 -0.064664 2 6
 1.677675  0.023635 2 7
 1.677675  0.029891 2 8
 1.677675  0.032555 2 9
 1.677675  0.080860 2 10
 1.677675  0.088624 2 11
 1.677675  0.168588 2 12
 1.677675  0.248139 2 13
 1.677675  0.270142 2 14
 1.677675  0.280113 2 15
 1.677675  0.289909 2 16
 1.677675  0.311059 2 17
 1.677675  0.403667 2 18
 1.677675  0.475478 2 19
 1.677675  0.599695 2 20
 1.677675  0.603423 2 21
 1.677675  0.678943 2 22
 1.743540 -0.244898 2 1
 1.743540 -0.239066 2 2
 1.743540 -0.160307 2 3
 1.743540 -0.157795 2 4
 1.743540 -0.127168 2 5
 1.743540 -0.085569 2 6
 1.743540 -0.003967 2 7
 1.743540  0.040158 2 8
 1.743540  0.042706 2 9
 1.743540  0.056560 2 10
 1.743540  0.064241 2 11
 1.743540  0.148340 2 12
 1.743540  0.254385 2 13
 1.743540  0.275312 2 14
 1.743540  0.287272 2 15
 1.743540  0.306618 2 16
 1.743540  0.327247 2 17
 1.743540  0.395444 2 18
 1.743540  0.490836 2 19
 1.743540  0.584127 2 20
 1.743540  0.588481 2 21
 1.743540  0.658840 2 22
 1.809406 -0.235194 2 1
 1.809406 -0.226165 2 2
 1.809406 -0.155700 2 3
 1.809406 -0.152285 2 4
 1.809406 -0.110221 2 5
 1.809406 -0.103733 2 6
 1.809406 -0.030256 2 7
 1.809406  0.029938 2 8
 1.809406  0.034791 2 9
 1.809406  0.053428 2 10
 1.809406  0.058155 2 11
 1.809406  0.124838 2 12
 1.809406  0.262666 2 13
 1.809406  0.275382 2 14
 1.809406  0.295685 2 15
 1.809406  0.322161 2 16
 1.809406  0.342829 2 17
 1.809406  0.385644 2 18
 1.809406  0.504749 2 19
 1.809406  0.569644 2 20
 1.809406  0.574823 2 21
 1.809406  0.636955 2 22
 1.875271 -0.226155 2 1
 1.875271 -0.214646 2 2
 1.875271 -0.149206 2 3
 1.875271 -0.144631 2 4
 1.875271 -0.116971 2 5
 1.875271 -0.091358 2 6
 1.875271 -0.053674 2 7
 1.875271  0.009039 2 8
 1.875271  0.013135 2 9
 1.875271  0.061484 2 10
 1.875271  0.065954 2 11
 1.875271  0.099531 2 12
 1.875271  0.272307 2 13
 1.875271  0.274870 2 14
 1.875271  0.300939 2 15
 1.875271  0.335775 2 16
 1.875271  0.356892 2 17
 1.875271  0.374542 2 18
 1.875271  0.516477 2 19
 1.875271  0.557883 2 20
 1.875271  0.564022 2 21
 1.875271  0.614899 2 22
 1.941136 -0.218665 2 1
 1.941136 -0.206872 2 2
 1.941136 -0.141312 2 3
 1.941136 -0.135269 2 4
 1.941136 -0.123377 2 5
 1.941136 -0.073122 2 6
 1.941136 -0.070937 2 7
 1.941136 -0.009226 2 8
 1.941136 -0.006745 2 9
 1.941136  0.067505 2 10
 1.941136  0.072225 2 11
 1.941136  0.073526 2 12
 1.941136  0.275067 2 13
 1.941136  0.282842 2 14
 1.941136  0.302393 2 15
 1.941136  0.346800 2 16
 1.941136  0.362540 2 17
 1.941136  0.368571 2 18
 1.941136  0.526016 2 19
 1.941136  0.549679 2 20
 1.941136  0.556772 2 21
 1.941136  0.594350 2 22
 2.007002 -0.213200 2 1
 2.007002 -0.203928 2 2
 2.007002 -0.133150 2 3
 2.007002 -0.125320 2 4
 2.007002 -0.122679 2 5
 2.007002 -0.088319 2 6
 2.007002 -0.049230 2 7
 2.007002 -0.023887 2 8
 2.007002 -0.023391 2 9
 2.007002  0.047577 2 10
 2.007002  0.071226 2 11
 2.007002  0.076223 2 12
 2.007002  0.276648 2 13
 2.007002  0.293850 2 14
 2.007002  0.300471 2 15
 2.007002  0.350212 2 16
 2.007002  0.354818 2 17
 2.007002  0.377223 2 18
 2.007002  0.533975 2 19
 2.007002  0.544874 2 20
 2.007002  0.552750 2 21
 2.007002  0.576697 2 22
 2.072867 -0.209615 2 1
 2.072867 -0.204325 2 2
 2.072867 -0.126608 2 3
 2.072867 -0.117137 2 4
 2.072867 -0.116948 2 5
 2.072867 -0.099955 2 6
 2.072867 -0.035323 2 7
 2.072867 -0.033841 2 8
 2.072867 -0.026457 2 9
 2.072867  0.022174 2 10
 2.072867  0.073104 2 11
 2.072867  0.078300 2 12
 2.072867  0.279492 2 13
 2.072867  0.296633 2 14
 2.072867  0.304426 2 15
 2.072867  0.338705 2 16
 2.072867  0.359649 2 17
 2.072867  0.382493 2 18
 2.072867  0.541266 2 19
 2.072867  0.542616 2 20
 2.072867  0.550991 2 21
 2.072867  0.562813 2 22
 2.138733 -0.207908 2 1
 2.138733 -0.205353 2 2
 2.138733 -0.124019 2 3
 2.138733 -0.113467 2 4
 2.138733 -0.109412 2 5
 2.138733 -0.109185 2 6
 2.138733 -0.039901 2 7
 2.138733 -0.037474 2 8
 2.138733 -0.004552 2 9
 2.138733 -0.000620 2 10
 2.138733  0.073658 2 11
 2.138733  0.078926 2 12
 2.138733  0.281416 2 13
 2.138733  0.294222 2 14
 2.138733  0.310310 2 15
 2.138733  0.332485 2 16
 2.138733  0.361259 2 17
 2.138733  0.384258 2 18
 2.138733  0.541990 2 19
 2.138733  0.546616 2 20
 2.138733  0.550534 2 21
 2.138733  0.555134 2 22
 2.138733 -0.207908 2 1
 2.138733 -0.205353 2 2
 2.138733 -0.124019 2 3
 2.138733 -0.113467 2 4
 2.138733 -0.109412 2 5
 2.138733 -0.109185 2 6
 2.138733 -0.039901 2 7
 2.138733 -0.037474 2 8
 2.138733 -0.004552 2 9
 2.138733 -0.000620 2 10
 2.138733  0.073658 2 11
 2.138733  0.078926 2 12
 2.138733  0.281416 2 13
 2.138733  0.294222 2 14
 2.138733  0.310310 2 15
 2.138733  0.332485 2 16
 2.138733  0.361259 2 17
 2.138733  0.384258 2 18
 2.138733  0.541990 2 19
 2.138733  0.546616 2 20
 2.138733  0.550534 2 21
 2.138733  0.555134 2 22
 2.209443 -0.208676 2 1
 2.209443 -0.203658 2 2
 2.209443 -0.138787 2 3
 2.209443 -0.129007 2 4
 2.209443 -0.110185 2 5
 2.209443 -0.080824 2 6
 2.209443 -0.040562 2 7
 2.209443 -0.037247 2 8
 2.209443 -0.003783 2 9
 2.209443  0.004685 2 10
 2.209443  0.073924 2 11
 2.209443  0.075031 2 12
 2.209443  0.281812 2 13
 2.209443  0.294131 2 14
 2.209443  0.309895 2 15
 2.209443  0.320418 2 16
 2.209443  0.369977 2 17
 2.209443  0.381814 2 18
 2.209443  0.517658 2 19
 2.209443  0.549460 2 20
 2.209443  0.550549 2 21
 2.209443  0.582156 2 22
 2.280154 -0.210667 2 1
 2.280154 -0.198959 2 2
 2.280154 -0.160430 2 3
 2.280154 -0.141182 2 4
 2.280154 -0.114452 2 5
 2.280154 -0.050397 2 6
 2.280154 -0.041581 2 7
 2.280154 -0.036811 2 8
 2.280154 -0.000917 2 9
 2.280154  0.018938 2 10
 2.280154  0.064520 2 11
 2.280154  0.074732 2 12
 2.280154  0.282737 2 13
 2.280154  0.294049 2 14
 2.280154  0.300251 2 15
 2.280154  0.308683 2 16
 2.280154  0.375598 2 17
 2.280154  0.381085 2 18
 2.280154  0.493804 2 19
 2.280154  0.550450 2 20
 2.280154  0.556068 2 21
 2.280154  0.612134 2 22
 2.350865 -0.212825 2 1
 2.350865 -0.192069 2 2
 2.350865 -0.175949 2 3
 2.350865 -0.155447 2 4
 2.350865 -0.123469 2 5
 2.350865 -0.041663 2 6
 2.350865 -0.036570 2 7
 2.350865 -0.024101 2 8
 2.350865  0.005229 2 9
 2.350865  0.038542 2 10
 2.350865  0.051201 2 11
 2.350865  0.076835 2 12
 2.350865  0.281128 2 13
 2.350865  0.283639 2 14
 2.350865  0.294329 2 15
 2.350865  0.306598 2 16
 2.350865  0.367779 2 17
 2.350865  0.387745 2 18
 2.350865  0.476747 2 19
 2.350865  0.550020 2 20
 2.350865  0.563084 2 21
 2.350865  0.635225 2 22
 2.421575 -0.213874 2 1
 2.421575 -0.186108 2 2
 2.421575 -0.183647 2 3
 2.421575 -0.168182 2 4
 2.421575 -0.135820 2 5
 2.421575 -0.041211 2 6
 2.421575 -0.036567 2 7
 2.421575 -0.010718 2 8
 2.421575  0.015234 2 9
 2.421575  0.045114 2 10
 2.421575  0.056445 2 11
 2.421575  0.084414 2 12
 2.421575  0.265559 2 13
 2.421575  0.284121 2 14
 2.421575  0.295077 2 15
 2.421575  0.303399 2 16
 2.421575  0.360123 2 17
 2.421575  0.389888 2 18
 2.421575  0.466837 2 19
 2.421575  0.549336 2 20
 2.421575  0.568986 2 21
 2.421575  0.649782 2 22
 2.492286 -0.213601 2 1
 2.492286 -0.191638 2 2
 2.492286 -0.178052 2 3
 2.492286 -0.174241 2 4
 2.492286 -0.148286 2 5
 2.492286 -0.041131 2 6
 2.492286 -0.036450 2 7
 2.492286 -0.020698 2 8
 2.492286  0.028008 2 9
 2.492286  0.058269 2 10
 2.492286  0.064259 2 11
 2.492286  0.102024 2 12
 2.492286  0.254881 2 13
 2.492286  0.284185 2 14
 2.492286  0.296044 2 15
 2.492286  0.299079 2 16
 2.492286  0.353681 2 17
 2.492286  0.388074 2 18
 2.492286  0.464650 2 19
 2.492286  0.548753 2 20
 2.492286  0.574066 2 21
 2.492286  0.656463 2 22
 2.562997 -0.212566 2 1
 2.562997 -0.193343 2 2
 2.562997 -0.185445 2 3
 2.562997 -0.167263 2 4
 2.562997 -0.156099 2 5
 2.562997 -0.043643 2 6
 2.562997 -0.041249 2 7
 2.562997 -0.035978 2 8
 2.562997  0.040974 2 9
 2.562997  0.066705 2 10
 2.562997  0.080745 2 11
 2.562997  0.120361 2 12
 2.562997  0.250652 2 13
 2.562997  0.284107 2 14
 2.562997  0.294246 2 15
 2.562997  0.296856 2 16
 2.562997  0.348921 2 17
 2.562997  0.382244 2 18
 2.562997  0.470428 2 19
 2.562997  0.548520 2 20
 2.562997  0.578407 2 21
 2.562997  0.655616 2 22
 2.633707 -0.210279 2 1
 2.633707 -0.193258 2 2
 2.633707 -0.191381 2 3
 2.633707 -0.173037 2 4
 2.633707 -0.149862 2 5
 2.633707 -0.071227 2 6
 2.633707 -0.040761 2 7
 2.633707 -0.035380 2 8
 2.633707  0.051422 2 9
 2.633707  0.067827 2 10
 2.633707  0.103400 2 11
 2.633707  0.131661 2 12
 2.633707  0.254984 2 13
 2.633707  0.284104 2 14
 2.633707  0.289984 2 15
 2.633707  0.297321 2 16
 2.633707  0.346006 2 17
 2.633707  0.371796 2 18
 2.633707  0.483356 2 19
 2.633707  0.548515 2 20
 2.633707  0.580989 2 21
 2.633707  0.646204 2 22
 2.704418 -0.205558 2 1
 2.704418 -0.196398 2 2
 2.704418 -0.193315 2 3
 2.704418 -0.181410 2 4
 2.704418 -0.141276 2 5
 2.704418 -0.099639 2 6
 2.704418 -0.039498 2 7
 2.704418 -0.035070 2 8
 2.704418  0.057963 2 9
 2.704418  0.068669 2 10
 2.704418  0.121884 2 11
 2.704418  0.134798 2 12
 2.704418  0.268410 2 13
 2.704418  0.284169 2 14
 2.704418  0.287181 2 15
 2.704418  0.297492 2 16
 2.704418  0.344904 2 17
 2.704418  0.356376 2 18
 2.704418  0.502106 2 19
 2.704418  0.548457 2 20
 2.704418  0.580976 2 21
 2.704418  0.627527 2 22
 2.775129 -0.200060 2 1
 2.775129 -0.198634 2 2
 2.775129 -0.193745 2 3
 2.775129 -0.187897 2 4
 2.775129 -0.135173 2 5
 2.775129 -0.123866 2 6
 2.775129 -0.038215 2 7
 2.775129 -0.035115 2 8
 2.775129  0.060994 2 9
 2.775129  0.069427 2 10
 2.775129  0.133603 2 11
 2.775129  0.133618 2 12
 2.775129  0.284217 2 13
 2.775129  0.285903 2 14
 2.775129  0.288051 2 15
 2.775129  0.297525 2 16
 2.775129  0.336814 2 17
 2.775129  0.345047 2 18
 2.775129  0.524647 2 19
 2.775129  0.548280 2 20
 2.775129  0.579331 2 21
 2.775129  0.602603 2 22
 2.845839 -0.201438 2 1
 2.845839 -0.195089 2 2
 2.845839 -0.193221 2 3
 2.845839 -0.190378 2 4
 2.845839 -0.134598 2 5
 2.845839 -0.132970 2 6
 2.845839 -0.037701 2 7
 2.845839 -0.035200 2 8
 2.845839  0.061784 2 9
 2.845839  0.069770 2 10
 2.845839  0.132620 2 11
 2.845839  0.137555 2 12
 2.845839  0.284231 2 13
 2.845839  0.285591 2 14
 2.845839  0.297525 2 15
 2.845839  0.304735 2 16
 2.845839  0.320354 2 17
 2.845839  0.345308 2 18
 2.845839  0.539656 2 19
 2.845839  0.548177 2 20
 2.845839  0.578365 2 21
 2.845839  0.586167 2 22
 2.845839 -0.201438 2 1
 2.845839 -0.195089 2 2
 2.845839 -0.193221 2 3
 2.845839 -0.190378 2 4
 2.845839 -0.134598 2 5
 2.845839 -0.132970 2 6
 2.845839 -0.037701 2 7
 2.845839 -0.035200 2 8
 2.845839  0.061784 2 9
 2.845839  0.069770 2 10
 2.845839  0.132620 2 11
 2.845839  0.137555 2 12
 2.845839  0.284231 2 13
 2.845839  0.285591 2 14
 2.845839  0.297525 2 15
 2.845839  0.304735 2 16
 2.845839  0.320354 2 17
 2.845839  0.345308 2 18
 2.845839  0.539656 2 19
 2.845839  0.548177 2 20
 2.845839  0.578365 2 21
 2.845839  0.586167 2 22
 2.845839 -0.201438 2 1
 2.845839 -0.195089 2 2
 2.845839 -0.193221 2 3
 2.845839 -0.190378 2 4
 2.845839 -0.134598 2 5
 2.845839 -0.132970 2 6
 2.845839 -0.037701 2 7
 2.845839 -0.035200 2 8
 2.845839  0.061784 2 9
 2.845839  0.069770 2 10
 2.845839  0.132620 2 11
 2.845839  0.137555 2 12
 2.845839  0.284231 2 13
 2.845839  0.285591 2 14
 2.845839  0.297525 2 15
 2.845839  0.304735 2 16
 2.845839  0.320354 2 17
 2.845839  0.345308 2 18
 2.845839  0.539656 2 19
 2.845839  0.548177 2 20
 2.845839  0.578365 2 21
 2.845839  0.586167 2 22
 2.845839 -0.201438 2 1
 2.845839 -0.195089 2 2
 2.845839 -0.193221 2 3
 2.845839 -0.190378 2 4
 2.845839 -0.134598 2 5
 2.845839 -0.132970 2 6
 2.845839 -0.037701 2 7
 2.845839 -0.035200 2 8
 2.845839  0.061784 2 9
 2.845839  0.069770 2 10
 2.845839  0.132620 2 11
 2.845839  0.137555 2 12
 2.845839  0.284231 2 13
 2.845839  0.285591 2 14
 2.845839  0.297525 2 15
 2.845839  0.304735 2 16
 2.845839  0.320354 2 17
 2.845839  0.345308 2 18
 2.845839  0.539656 2 19
 2.845839  0.548177 2 20
 2.845839  0.578365 2 21
 2.845839  0.586167 2 22
 2.845839 -0.201438 2 1
 2.845839 -0.195089 2 2
 2.845839 -0.193221 2 3
 2.845839 -0.190378 2 4
 2.845839 -0.134598 2 5
 2.845839 -0.132970 2 6
 2.845839 -0.037701 2 7
 2.845839 -0.035200 2 8
 2.845839  0.061784 2 9
 2.845839  0.069770 2 10
 2.845839  0.132620 2 11
 2.845839  0.137555 2 12
 2.845839  0.284231 2 13
 2.845839  0.285591 2 14
 2.845839  0.297525 2 15
 2.845839  0.304735 2 16
 2.845839  0.320354 2 17
 2.845839  0.345308 2 18
 2.845839  0.539656 2 19
 2.845839  0.548177 2 20
 2.845839  0.578365 2 21
 2.845839  0.586167 2 22
 2.911705 -0.201365 2 1
 2.911705 -0.197158 2 2
 2.911705 -0.193380 2 3
 2.911705 -0.192497 2 4
 2.911705 -0.131111 2 5
 2.911705 -0.129635 2 6
 2.911705 -0.035321 2 7
 2.911705 -0.033099 2 8
 2.911705  0.060526 2 9
 2.911705  0.068790 2 10
 2.911705  0.130432 2 11
 2.911705  0.135247 2 12
 2.911705  0.284491 2 13
 2.911705  0.287548 2 14
 2.911705  0.297613 2 15
 2.911705  0.306775 2 16
 2.911705  0.319058 2 17
 2.911705  0.344007 2 18
 2.911705  0.540713 2 19
 2.911705  0.549073 2 20
 2.911705  0.578697 2 21
 2.911705  0.586386 2 22
 2.977570 -0.202851 2 1
 2.977570 -0.201092 2 2
 2.977570 -0.198401 2 3
 2.977570 -0.193741 2 4
 2.977570 -0.121171 2 5
 2.977570 -0.120036 2 6
 2.977570 -0.028332 2 7
 2.977570 -0.026876 2 8
 2.977570  0.056986 2 9
 2.977570  0.065947 2 10
 2.977570  0.123911 2 11
 2.977570  0.128401 2 12
 2.977570  0.285014 2 13
 2.977570  0.293130 2 14
 2.977570  0.297650 2 15
 2.977570  0.312587 2 16
 2.977570  0.315252 2 17
 2.977570  0.340186 2 18
 2.977570  0.544010 2 19
 2.977570  0.551918 2 20
 2.977570  0.579497 2 21
 2.977570  0.586873 2 22
 3.043435 -0.211172 2 1
 3.043435 -0.207156 2 2
 3.043435 -0.200447 2 3
 3.043435 -0.193986 2 4
 3.043435 -0.105822 2 5
 3.043435 -0.105031 2 6
 3.043435 -0.017172 2 7
 3.043435 -0.016791 2 8
 3.043435  0.051735 2 9
 3.043435  0.061539 2 10
 3.043435  0.113218 2 11
 3.043435  0.117257 2 12
 3.043435  0.285113 2 13
 3.043435  0.297022 2 14
 3.043435  0.301569 2 15
 3.043435  0.309166 2 16
 3.043435  0.321355 2 17
 3.043435  0.334074 2 18
 3.043435  0.549863 2 19
 3.043435  0.557117 2 20
 3.043435  0.580258 2 21
 3.043435  0.587182 2 22
 3.109301 -0.221177 2 1
 3.109301 -0.217775 2 2
 3.109301 -0.199146 2 3
 3.109301 -0.193669 2 4
 3.109301 -0.086194 2 5
 3.109301 -0.085569 2 6
 3.109301 -0.003369 2 7
 3.109301 -0.002585 2 8
 3.109301  0.045435 2 9
 3.109301  0.056024 2 10
 3.109301  0.098716 2 11
 3.109301  0.102292 2 12
 3.109301  0.283880 2 13
 3.109301  0.294920 2 14
 3.109301  0.301128 2 15
 3.109301  0.311822 2 16
 3.109301  0.326011 2 17
 3.109301  0.331980 2 18
 3.109301  0.558570 2 19
 3.109301  0.565083 2 20
 3.109301  0.580368 2 21
 3.109301  0.586784 2 22
 3.175166 -0.232024 2 1
 3.175166 -0.229313 2 2
 3.175166 -0.196846 2 3
 3.175166 -0.192331 2 4
 3.175166 -0.063483 2 5
 3.175166 -0.062698 2 6
 3.175166  0.012507 2 7
 3.175166  0.014352 2 8
 3.175166  0.038698 2 9
 3.175166  0.049913 2 10
 3.175166  0.081149 2 11
 3.175166  0.084352 2 12
 3.175166  0.280452 2 13
 3.175166  0.290587 2 14
 3.175166  0.291516 2 15
 3.175166  0.316412 2 16
 3.175166  0.322796 2 17
 3.175166  0.343324 2 18
 3.175166  0.570128 2 19
 3.175166  0.575923 2 20
 3.175166  0.579339 2 21
 3.175166  0.585275 2 22
 3.241032 -0.242912 2 1
 3.241032 -0.240869 2 2
 3.241032 -0.193262 2 3
 3.241032 -0.189635 2 4
 3.241032 -0.038907 2 5
 3.241032 -0.037758 2 6
 3.241032  0.029073 2 7
 3.241032  0.031752 2 8
 3.241032  0.032048 2 9
 3.241032  0.043710 2 10
 3.241032  0.062271 2 11
 3.241032  0.065227 2 12
 3.241032  0.274265 2 13
 3.241032  0.280768 2 14
 3.241032  0.283578 2 15
 3.241032  0.305783 2 16
 3.241032  0.333500 2 17
 3.241032  0.354361 2 18
 3.241032  0.576990 2 19
 3.241032  0.582540 2 20
 3.241032  0.583954 2 21
 3.241032  0.589137 2 22
 3.306897 -0.253092 2 1
 3.306897 -0.251626 2 2
 3.306897 -0.188332 2 3
 3.306897 -0.185514 2 4
 3.306897 -0.013831 2 5
 3.306897 -0.012233 2 6
 3.306897  0.025923 2 7
 3.306897  0.034158 2 8
 3.306897  0.037377 2 9
 3.306897  0.037872 2 10
 3.306897  0.054428 2 11
 3.306897  0.057244 2 12
 3.306897  0.265280 2 13
 3.306897  0.269440 2 14
 3.306897  0.273974 2 15
 3.306897  0.294771 2 16
 3.306897  0.343137 2 17
 3.306897  0.364275 2 18
 3.306897  0.573525 2 19
 3.306897  0.578807 2 20
 3.306897  0.598828 2 21
 3.306897  0.603540 2 22
 3.372762 -0.261867 2 1
 3.372762 -0.260852 2 2
 3.372762 -0.182390 2 3
 3.372762 -0.180314 2 4
 3.372762  0.010060 2 5
 3.372762  0.012171 2 6
 3.372762  0.017388 2 7
 3.372762  0.020703 2 8
 3.372762  0.020735 2 9
 3.372762  0.032817 2 10
 3.372762  0.068323 2 11
 3.372762  0.071161 2 12
 3.372762  0.254196 2 13
 3.372762  0.258333 2 14
 3.372762  0.262581 2 15
 3.372762  0.284233 2 16
 3.372762  0.351117 2 17
 3.372762  0.372466 2 18
 3.372762  0.569507 2 19
 3.372762  0.574635 2 20
 3.372762  0.613050 2 21
 3.372762  0.617432 2 22
 3.438628 -0.268632 2 1
 3.438628 -0.267932 2 2
 3.438628 -0.176314 2 3
 3.438628 -0.174900 2 4
 3.438628  0.000997 2 5
 3.438628  0.004632 2 6
 3.438628  0.016709 2 7
 3.438628  0.028905 2 8
 3.438628  0.030616 2 9
 3.438628  0.033296 2 10
 3.438628  0.082144 2 11
 3.438628  0.084597 2 12
 3.438628  0.242676 2 13
 3.438628  0.248589 2 14
 3.438628  0.251089 2 15
 3.438628  0.275263 2 16
 3.438628  0.357047 2 17
 3.438628  0.378543 2 18
 3.438628  0.565737 2 19
 3.438628  0.570790 2 20
 3.438628  0.624812 2 21
 3.438628  0.628986 2 22
 3.504493 -0.272900 2 1
 3.504493 -0.272384 2 2
 3.504493 -0.171558 2 3
 3.504493 -0.170640 2 4
 3.504493 -0.010420 2 5
 3.504493 -0.006490 2 6
 3.504493  0.014200 2 7
 3.504493  0.026430 2 8
 3.504493  0.045020 2 9
 3.504493  0.048225 2 10
 3.504493  0.091752 2 11
 3.504493  0.093691 2 12
 3.504493  0.233487 2 13
 3.504493  0.241704 2 14
 3.504493  0.242137 2 15
 3.504493  0.269117 2 16
 3.504493  0.360687 2 17
 3.504493  0.382268 2 18
 3.504493  0.563048 2 19
 3.504493  0.568072 2 20
 3.504493  0.632557 2 21
 3.504493  0.636617 2 22
 3.570358 -0.274359 2 1
 3.570358 -0.273904 2 2
 3.570358 -0.169721 2 3
 3.570358 -0.168996 2 4
 3.570358 -0.014541 2 5
 3.570358 -0.010483 2 6
 3.570358  0.013344 2 7
 3.570358  0.025583 2 8
 3.570358  0.050295 2 9
 3.570358  0.053731 2 10
 3.570358  0.095217 2 11
 3.570358  0.096911 2 12
 3.570358  0.229885 2 13
 3.570358  0.238679 2 14
 3.570358  0.239180 2 15
 3.570358  0.266912 2 16
 3.570358  0.361913 2 17
 3.570358  0.383522 2 18
 3.570358  0.562072 2 19
 3.570358  0.567090 2 20
 3.570358  0.635258 2 21
 3.570358  0.639282 2 22
 3.570358 -0.276737 2 1
 3.570358 -0.273442 2 2
 3.570358 -0.169858 2 3
 3.570358 -0.164525 2 4
 3.570358 -0.163865 2 5
 3.570358 -0.006565 2 6
 3.570358  0.002952 2 7
 3.570358  0.005407 2 8
 3.570358  0.099608 2 9
 3.570358  0.155322 2 10
 3.570358  0.158266 2 11
 3.570358  0.198304 2 12
 3.570358  0.225199 2 13
 3.570358  0.237220 2 14
 3.570358  0.247272 2 15
 3.570358  0.265540 2 16
 3.570358  0.272565 2 17
 3.570358  0.418504 2 18
 3.570358  0.434854 2 19
 3.570358  0.636655 2 20
 3.570358  0.639527 2 21
 3.570358  0.719327 2 22
 3.641787 -0.274072 2 1
 3.641787 -0.270982 2 2
 3.641787 -0.168366 2 3
 3.641787 -0.163666 2 4
 3.641787 -0.163090 2 5
 3.641787 -0.007267 2 6
 3.641787 -0.001004 2 7
 3.641787  0.002180 2 8
 3.641787  0.094947 2 9
 3.641787  0.145396 2 10
 3.641787  0.152036 2 11
 3.641787  0.196678 2 12
 3.641787  0.229050 2 13
 3.641787  0.239978 2 14
 3.641787  0.252386 2 15
 3.641787  0.267982 2 16
 3.641787  0.276438 2 17
 3.641787  0.416520 2 18
 3.641787  0.439955 2 19
 3.641787  0.634681 2 20
 3.641787  0.637849 2 21
 3.641787  0.717889 2 22
 3.713216 -0.266388 2 1
 3.713216 -0.264108 2 2
 3.713216 -0.163121 2 3
 3.713216 -0.161562 2 4
 3.713216 -0.160942 2 5
 3.713216 -0.013274 2 6
 3.713216 -0.009006 2 7
 3.713216 -0.006275 2 8
 3.713216  0.082439 2 9
 3.713216  0.119204 2 10
 3.713216  0.140633 2 11
 3.713216  0.191960 2 12
 3.713216  0.238541 2 13
 3.713216  0.247213 2 14
 3.713216  0.263519 2 15
 3.713216  0.274873 2 16
 3.713216  0.284583 2 17
 3.713216  0.410823 2 18
 3.713216  0.454837 2 19
 3.713216  0.629277 2 20
 3.713216  0.633332 2 21
 3.713216  0.712777 2 22
 3.784644 -0.254627 2 1
 3.784644 -0.254102 2 2
 3.784644 -0.159207 2 3
 3.784644 -0.158073 2 4
 3.784644 -0.152426 2 5
 3.784644 -0.030387 2 6
 3.784644 -0.021351 2 7
 3.784644 -0.010758 2 8
 3.784644  0.065436 2 9
 3.784644  0.086088 2 10
 3.784644  0.130693 2 11
 3.784644  0.184607 2 12
 3.784644  0.250499 2 13
 3.784644  0.256850 2 14
 3.784644  0.276515 2 15
 3.784644  0.284708 2 16
 3.784644  0.292001 2 17
 3.784644  0.402232 2 18
 3.784644  0.477620 2 19
 3.784644  0.621922 2 20
 3.784644  0.627211 2 21
 3.784644  0.702207 2 22
 3.856073 -0.242594 2 1
 3.856073 -0.240294 2 2
 3.856073 -0.157316 2 3
 3.856073 -0.155601 2 4
 3.856073 -0.135036 2 5
 3.856073 -0.049355 2 6
 3.856073 -0.042202 2 7
 3.856073 -0.011163 2 8
 3.856073  0.047403 2 9
 3.856073  0.051071 2 10
 3.856073  0.126348 2 11
 3.856073  0.175277 2 12
 3.856073  0.262525 2 13
 3.856073  0.266956 2 14
 3.856073  0.290961 2 15
 3.856073  0.295098 2 16
 3.856073  0.296718 2 17
 3.856073  0.391575 2 18
 3.856073  0.505360 2 19
 3.856073  0.614572 2 20
 3.856073  0.620928 2 21
 3.856073  0.684777 2 22
 3.927501 -0.230824 2 1
 3.927501 -0.226035 2 2
 3.927501 -0.156189 2 3
 3.927501 -0.154245 2 4
 3.927501 -0.111445 2 5
 3.927501 -0.068599 2 6
 3.927501 -0.063479 2 7
 3.927501 -0.009112 2 8
 3.927501  0.016570 2 9
 3.927501  0.030849 2 10
 3.927501  0.128024 2 11
 3.927501  0.164724 2 12
 3.927501  0.273288 2 13
 3.927501  0.275786 2 14
 3.927501  0.298527 2 15
 3.927501  0.303787 2 16
 3.927501  0.307023 2 17
 3.927501  0.379329 2 18
 3.927501  0.535599 2 19
 3.927501  0.608849 2 20
 3.927501  0.615699 2 21
 3.927501  0.660592 2 22
 3.998930 -0.220423 2 1
 3.998930 -0.215704 2 2
 3.998930 -0.155626 2 3
 3.998930 -0.153972 2 4
 3.998930 -0.089844 2 5
 3.998930 -0.081677 2 6
 3.998930 -0.075580 2 7
 3.998930 -0.016669 2 8
 3.998930 -0.004303 2 9
 3.998930  0.017182 2 10
 3.998930  0.134232 2 11
 3.998930  0.153764 2 12
 3.998930  0.281730 2 13
 3.998930  0.281786 2 14
 3.998930  0.298084 2 15
 3.998930  0.309381 2 16
 3.998930  0.323120 2 17
 3.998930  0.366247 2 18
 3.998930  0.567053 2 19
 3.998930  0.605487 2 20
 3.998930  0.612297 2 21
 3.998930  0.631444 2 22
 4.070358 -0.215106 2 1
 4.070358 -0.212793 2 2
 4.070358 -0.155408 2 3
 4.070358 -0.154076 2 4
 4.070358 -0.092472 2 5
 4.070358 -0.087032 2 6
 4.070358 -0.052243 2 7
 4.070358 -0.045707 2 8
 4.070358  0.000539 2 9
 4.070358  0.009414 2 10
 4.070358  0.143146 2 11
 4.070358  0.143377 2 12
 4.070358  0.283905 2 13
 4.070358  0.285478 2 14
 4.070358  0.297094 2 15
 4.070358  0.311293 2 16
 4.070358  0.332562 2 17
 4.070358  0.357991 2 18
 4.070358  0.595869 2 19
 4.070358  0.603071 2 20
 4.070358  0.604423 2 21
 4.070358  0.611118 2 22
 4.070358 -0.215106 2 1
 4.070358 -0.212793 2 2
 4.070358 -0.155408 2 3
 4.070358 -0.154076 2 4
 4.070358 -0.092472 2 5
 4.070358 -0.087032 2 6
 4.070358 -0.052243 2 7
 4.070358 -0.045707 2 8
 4.070358  0.000539 2 9
 4.070358  0.009414 2 10
 4.070358  0.143146 2 11
 4.070358  0.143377 2 12
 4.070358  0.283905 2 13
 4.070358  0.285478 2 14
 4.070358  0.297094 2 15
 4.070358  0.311293 2 16
 4.070358  0.332562 2 17
 4.070358  0.357991 2 18
 4.070358  0.595869 2 19
 4.070358  0.603071 2 20
 4.070358  0.604423 2 21
 4.070358  0.611118 2 22
 4.136224 -0.214011 2 1
 4.136224 -0.211899 2 2
 4.136224 -0.157406 2 3
 4.136224 -0.156619 2 4
 4.136224 -0.088927 2 5
 4.136224 -0.083795 2 6
 4.136224 -0.053458 2 7
 4.136224 -0.048133 2 8
 4.136224 -0.002417 2 9
 4.136224  0.004770 2 10
 4.136224  0.144096 2 11
 4.136224  0.144119 2 12
 4.136224  0.279018 2 13
 4.136224  0.284234 2 14
 4.136224  0.303054 2 15
 4.136224  0.312481 2 16
 4.136224  0.333311 2 17
 4.136224  0.357486 2 18
 4.136224  0.591604 2 19
 4.136224  0.593779 2 20
 4.136224  0.610368 2 21
 4.136224  0.612108 2 22
 4.202089 -0.210557 2 1
 4.202089 -0.208998 2 2
 4.202089 -0.162493 2 3
 4.202089 -0.162114 2 4
 4.202089 -0.080908 2 5
 4.202089 -0.076326 2 6
 4.202089 -0.058336 2 7
 4.202089 -0.056842 2 8
 4.202089 -0.006657 2 9
 4.202089 -0.004408 2 10
 4.202089  0.144006 2 11
 4.202089  0.144676 2 12
 4.202089  0.274003 2 13
 4.202089  0.282849 2 14
 4.202089  0.311458 2 15
 4.202089  0.313347 2 16
 4.202089  0.336175 2 17
 4.202089  0.356290 2 18
 4.202089  0.579844 2 19
 4.202089  0.580488 2 20
 4.202089  0.614018 2 21
 4.202089  0.614883 2 22
 4.267954 -0.204337 2 1
 4.267954 -0.203526 2 2
 4.267954 -0.168896 2 3
 4.267954 -0.167276 2 4
 4.267954 -0.080516 2 5
 4.267954 -0.080477 2 6
 4.267954 -0.061940 2 7
 4.267954 -0.060299 2 8
 4.267954 -0.008823 2 9
 4.267954 -0.005790 2 10
 4.267954  0.139962 2 11
 4.267954  0.141568 2 12
 4.267954  0.272967 2 13
 4.267954  0.282864 2 14
 4.267954  0.312162 2 15
 4.267954  0.317461 2 16
 4.267954  0.341127 2 17
 4.267954  0.355326 2 18
 4.267954  0.562184 2 19
 4.267954  0.564486 2 20
 4.267954  0.616611 2 21
 4.267954  0.618790 2 22
 4.333820 -0.195074 2 1
 4.333820 -0.194905 2 2
 4.333820 -0.174029 2 3
 4.333820 -0.171245 2 4
 4.333820 -0.102521 2 5
 4.333820 -0.099151 2 6
 4.333820 -0.053948 2 7
 4.333820 -0.050858 2 8
 4.333820 -0.005244 2 9
 4.333820  0.000447 2 10
 4.333820  0.132147 2 11
 4.333820  0.134753 2 12
 4.333820  0.273883 2 13
 4.333820  0.281592 2 14
 4.333820  0.310658 2 15
 4.333820  0.320183 2 16
 4.333820  0.347408 2 17
 4.333820  0.355822 2 18
 4.333820  0.542140 2 19
 4.333820  0.545468 2 20
 4.333820  0.620515 2 21
 4.333820  0.623282 2 22
 4.399685 -0.183933 2 1
 4.399685 -0.183571 2 2
 4.399685 -0.176682 2 3
 4.399685 -0.172556 2 4
 4.399685 -0.125416 2 5
 4.399685 -0.121465 2 6
 4.399685 -0.045479 2 7
 4.399685 -0.041842 2 8
 4.399685  0.003430 2 9
 4.399685  0.009732 2 10
 4.399685  0.123217 2 11
 4.399685  0.126451 2 12
 4.399685  0.273167 2 13
 4.399685  0.276380 2 14
 4.399685  0.309297 2 15
 4.399685  0.319978 2 16
 4.399685  0.355090 2 17
 4.399685  0.358635 2 18
 4.399685  0.521792 2 19
 4.399685  0.525757 2 20
 4.399685  0.626130 2 21
 4.399685  0.629032 2 22
 4.465551 -0.180021 2 1
 4.465551 -0.179390 2 2
 4.465551 -0.169684 2 3
 4.465551 -0.167509 2 4
 4.465551 -0.140815 2 5
 4.465551 -0.138454 2 6
 4.465551 -0.038418 2 7
 4.465551 -0.034546 2 8
 4.465551  0.013449 2 9
 4.465551  0.019210 2 10
 4.465551  0.115990 2 11
 4.465551  0.119077 2 12
 4.465551  0.267882 2 13
 4.465551  0.268981 2 14
 4.465551  0.306459 2 15
 4.465551  0.317393 2 16
 4.465551  0.363685 2 17
 4.465551  0.363947 2 18
 4.465551  0.503410 2 19
 4.465551  0.507778 2 20
 4.465551  0.633309 2 21
 4.465551  0.636081 2 22
 4.531416 -0.185334 2 1
 4.531416 -0.183725 2 2
 4.531416 -0.168185 2 3
 4.531416 -0.166918 2 4
 4.531416 -0.134685 2 5
 4.531416 -0.133793 2 6
 4.531416 -0.032369 2 7
 4.531416 -0.028607 2 8
 4.531416  0.021628 2 9
 4.531416  0.026035 2 10
 4.531416  0.112478 2 11
 4.531416  0.114408 2 12
 4.531416  0.257673 2 13
 4.531416  0.261784 2 14
 4.531416  0.301629 2 15
 4.531416  0.312944 2 16
 4.531416  0.369944 2 17
 4.531416  0.372891 2 18
 4.531416  0.488711 2 19
 4.531416  0.493366 2 20
 4.531416  0.641396 2 21
 4.531416  0.643902 2 22
 4.597281 -0.197210 2 1
 4.597281 -0.193743 2 2
 4.597281 -0.168337 2 3
 4.597281 -0.165904 2 4
 4.597281 -0.116825 2 5
 4.597281 -0.115745 2 6
 4.597281 -0.026566 2 7
 4.597281 -0.023180 2 8
 4.597281  0.025729 2 9
 4.597281  0.028317 2 10
 4.597281  0.113314 2 11
 4.597281  0.113327 2 12
 4.597281  0.247018 2 13
 4.597281  0.253031 2 14
 4.597281  0.295671 2 15
 4.597281  0.307508 2 16
 4.597281  0.376085 2 17
 4.597281  0.380755 2 18
 4.597281  0.478378 2 19
 4.597281  0.483273 2 20
 4.597281  0.649379 2 21
 4.597281  0.651578 2 22
 4.663147 -0.207701 2 1
 4.663147 -0.203831 2 2
 4.663147 -0.166051 2 3
 4.663147 -0.163511 2 4
 4.663147 -0.099015 2 5
 4.663147 -0.098463 2 6
 4.663147 -0.019975 2 7
 4.663147 -0.017179 2 8
 4.663147  0.024851 2 9
 4.663147  0.025903 2 10
 4.663147  0.115328 2 11
 4.663147  0.117194 2 12
 4.663147  0.237223 2 13
 4.663147  0.244427 2 14
 4.663147  0.289926 2 15
 4.663147  0.302281 2 16
 4.663147  0.381081 2 17
 4.663147  0.386767 2 18
 4.663147  0.472047 2 19
 4.663147  0.477155 2 20
 4.663147  0.656134 2 21
 4.663147  0.658057 2 22
 4.729012 -0.214383 2 1
 4.729012 -0.210431 2 2
 4.729012 -0.163907 2 3
 4.729012 -0.161512 2 4
 4.729012 -0.086666 2 5
 4.729012 -0.086544 2 6
 4.729012 -0.012317 2 7
 4.729012 -0.010309 2 8
 4.729012  0.020098 2 9
 4.729012  0.020466 2 10
 4.729012  0.118340 2 11
 4.729012  0.121394 2 12
 4.729012  0.230013 2 13
 4.729012  0.237921 2 14
 4.729012  0.285765 2 15
 4.729012  0.298503 2 16
 4.729012  0.384296 2 17
 4.729012  0.390505 2 18
 4.729012  0.468816 2 19
 4.729012  0.474079 2 20
 4.729012  0.660651 2 21
 4.729012  0.662384 2 22
 4.794877 -0.216654 2 1
 4.794877 -0.212690 2 2
 4.794877 -0.163072 2 3
 4.794877 -0.160757 2 4
 4.794877 -0.082374 2 5
 4.794877 -0.082364 2 6
 4.794877 -0.007748 2 7
 4.794877 -0.006242 2 8
 4.794877  0.016500 2 9
 4.794877  0.016832 2 10
 4.794877  0.119757 2 11
 4.794877  0.123190 2 12
 4.794877  0.227301 2 13
 4.794877  0.235453 2 14
 4.794877  0.284244 2 15
 4.794877  0.297124 2 16
 4.794877  0.385402 2 17
 4.794877  0.391770 2 18
 4.794877  0.467847 2 19
 4.794877  0.473169 2 20
 4.794877  0.662239 2 21
 4.794877  0.663904 2 22
 4.794877 -0.216654 2 1
 4.794877 -0.212690 2 2
 4.794877 -0.163072 2 3
 4.794877 -0.160757 2 4
 4.794877 -0.082374 2 5
 4.794877 -0.082364 2 6
 4.794877 -0.007748 2 7
 4.794877 -0.006242 2 8
 4.794877  0.016500 2 9
 4.794877  0.016832 2 10
 4.794877  0.119757 2 11
 4.794877  0.123190 2 12
 4.794877  0.227301 2 13
 4.794877  0.235453 2 14
 4.794877  0.284244 2 15
 4.794877  0.297124 2 16
 4.794877  0.385402 2 17
 4.794877  0.391770 2 18
 4.794877  0.467847 2 19
 4.794877  0.473169 2 20
 4.794877  0.662239 2 21
 4.794877  0.663904 2 22
 4.866306 -0.215931 2 1
 4.866306 -0.211909 2 2
 4.866306 -0.164576 2 3
 4.866306 -0.162631 2 4
 4.866306 -0.080858 2 5
 4.866306 -0.080629 2 6
 4.866306 -0.011909 2 7
 4.866306 -0.010544 2 8
 4.866306  0.020922 2 9
 4.866306  0.021416 2 10
 4.866306  0.109640 2 11
 4.866306  0.112927 2 12
 4.866306  0.234445 2 13
 4.866306  0.242533 2 14
 4.866306  0.284110 2 15
 4.866306  0.297011 2 16
 4.866306  0.384704 2 17
 4.866306  0.391342 2 18
 4.866306  0.469860 2 19
 4.866306  0.474938 2 20
 4.866306  0.659264 2 21
 4.866306  0.661387 2 22
 4.937735 -0.213503 2 1
 4.937735 -0.209655 2 2
 4.937735 -0.167767 2 3
 4.937735 -0.167071 2 4
 4.937735 -0.077129 2 5
 4.937735 -0.076249 2 6
 4.937735 -0.020240 2 7
 4.937735 -0.019018 2 8
 4.937735  0.029026 2 9
 4.937735  0.030385 2 10
 4.937735  0.086841 2 11
 4.937735  0.090318 2 12
 4.937735  0.249766 2 13
 4.937735  0.258144 2 14
 4.937735  0.283744 2 15
 4.937735  0.296680 2 16
 4.937735  0.382814 2 17
 4.937735  0.390276 2 18
 4.937735  0.475544 2 19
 4.937735  0.480061 2 20
 4.937735  0.650429 2 21
 4.937735  0.653668 2 22
 5.009163 -0.209279 2 1
 5.009163 -0.206754 2 2
 5.009163 -0.170935 2 3
 5.009163 -0.169155 2 4
 5.009163 -0.073222 2 5
 5.009163 -0.071357 2 6
 5.009163 -0.029285 2 7
 5.009163 -0.028106 2 8
 5.009163  0.033117 2 9
 5.009163  0.036933 2 10
 5.009163  0.064633 2 11
 5.009163  0.069806 2 12
 5.009163  0.266331 2 13
 5.009163  0.275695 2 14
 5.009163  0.283252 2 15
 5.009163  0.296164 2 16
 5.009163  0.380090 2 17
 5.009163  0.388999 2 18
 5.009163  0.484155 2 19
 5.009163  0.488125 2 20
 5.009163  0.636081 2 21
 5.009163  0.640440 2 22
 5.080592 -0.205327 2 1
 5.080592 -0.205228 2 2
 5.080592 -0.169242 2 3
 5.080592 -0.164226 2 4
 5.080592 -0.072624 2 5
 5.080592 -0.069537 2 6
 5.080592 -0.036871 2 7
 5.080592 -0.035665 2 8
 5.080592  0.023069 2 9
 5.080592  0.027827 2 10
 5.080592  0.060630 2 11
 5.080592  0.066145 2 12
 5.080592  0.280916 2 13
 5.080592  0.283693 2 14
 5.080592  0.293019 2 15
 5.080592  0.295647 2 16
 5.080592  0.376547 2 17
 5.080592  0.387725 2 18
 5.080592  0.495228 2 19
 5.080592  0.498810 2 20
 5.080592  0.617024 2 21
 5.080592  0.621799 2 22
 5.152020 -0.206092 2 1
 5.152020 -0.204212 2 2
 5.152020 -0.157913 2 3
 5.152020 -0.151238 2 4
 5.152020 -0.079857 2 5
 5.152020 -0.075996 2 6
 5.152020 -0.040229 2 7
 5.152020 -0.038679 2 8
 5.152020  0.008354 2 9
 5.152020  0.012732 2 10
 5.152020  0.066756 2 11
 5.152020  0.071806 2 12
 5.152020  0.281863 2 13
 5.152020  0.294855 2 14
 5.152020  0.296029 2 15
 5.152020  0.310128 2 16
 5.152020  0.371695 2 17
 5.152020  0.386353 2 18
 5.152020  0.509020 2 19
 5.152020  0.512184 2 20
 5.152020  0.594706 2 21
 5.152020  0.598850 2 22
 5.223449 -0.207371 2 1
 5.223449 -0.204928 2 2
 5.223449 -0.139540 2 3
 5.223449 -0.132589 2 4
 5.223449 -0.094915 2 5
 5.223449 -0.091273 2 6
 5.223449 -0.040242 2 7
 5.223449 -0.038087 2 8
 5.223449 -0.001339 2 9
 5.223449  0.002756 2 10
 5.223449  0.071812 2 11
 5.223449  0.076980 2 12
 5.223449  0.281542 2 13
 5.223449  0.294396 2 14
 5.223449  0.306319 2 15
 5.223449  0.325127 2 16
 5.223449  0.365386 2 17
 5.223449  0.384942 2 18
 5.223449  0.526119 2 19
 5.223449  0.528642 2 20
 5.223449  0.571203 2 21
 5.223449  0.574041 2 22
 5.294877 -0.207908 2 1
 5.294877 -0.205353 2 2
 5.294877 -0.124019 2 3
 5.294877 -0.113467 2 4
 5.294877 -0.109412 2 5
 5.294877 -0.109185 2 6
 5.294877 -0.039901 2 7
 5.294877 -0.037474 2 8
 5.294877 -0.004552 2 9
 5.294877 -0.000620 2 10
 5.294877  0.073658 2 11
 5.294877  0.078926 2 12
 5.294877  0.281416 2 13
 5.294877  0.294222 2 14
 5.294877  0.310310 2 15
 5.294877  0.332485 2 16
 5.294877  0.361259 2 17
 5.294877  0.384258 2 18
 5.294877  0.541990 2 19
 5.294877  0.546616 2 20
 5.294877  0.550534 2 21
 5.294877  0.555134 2 22
 5.294877 -0.207908 2 1
 5.294877 -0.205353 2 2
 5.294877 -0.124019 2 3
 5.294877 -0.113467 2 4
 5.294877 -0.109412 2 5
 5.294877 -0.109185 2 6
 5.294877 -0.039901 2 7
 5.294877 -0.037474 2 8
 5.294877 -0.004552 2 9
 5.294877 -0.000620 2 10
 5.294877  0.073658 2 11
 5.294877  0.078926 2 12
 5.294877  0.281416 2 13
 5.294877  0.294222 2 14
 5.294877  0.310310 2 15
 5.294877  0.332485 2 16
 5.294877  0.361259 2 17
 5.294877  0.384258 2 18
 5.294877  0.541990 2 19
 5.294877  0.546616 2 20
 5.294877  0.550534 2 21
 5.294877  0.555134 2 22
 5.365588 -0.206198 2 1
 5.365588 -0.206077 2 2
 5.365588 -0.144826 2 3
 5.365588 -0.118169 2 4
 5.365588 -0.109874 2 5
 5.365588 -0.084781 2 6
 5.365588 -0.039957 2 7
 5.365588 -0.038955 2 8
 5.365588  0.000549 2 9
 5.365588  0.000805 2 10
 5.365588  0.069783 2 11
 5.365588  0.079025 2 12
 5.365588  0.281273 2 13
 5.365588  0.294656 2 14
 5.365588  0.303239 2 15
 5.365588  0.331933 2 16
 5.365588  0.358868 2 17
 5.365588  0.387737 2 18
 5.365588  0.520184 2 19
 5.365588  0.542117 2 20
 5.365588  0.558057 2 21
 5.365588  0.579243 2 22
 5.436299 -0.208823 2 1
 5.436299 -0.201170 2 2
 5.436299 -0.164630 2 3
 5.436299 -0.130021 2 4
 5.436299 -0.113105 2 5
 5.436299 -0.054557 2 6
 5.436299 -0.041822 2 7
 5.436299 -0.040114 2 8
 5.436299  0.004357 2 9
 5.436299  0.015106 2 10
 5.436299  0.059200 2 11
 5.436299  0.079624 2 12
 5.436299  0.281086 2 13
 5.436299  0.287354 2 14
 5.436299  0.295671 2 15
 5.436299  0.330406 2 16
 5.436299  0.352883 2 17
 5.436299  0.394010 2 18
 5.436299  0.496899 2 19
 5.436299  0.542204 2 20
 5.436299  0.564557 2 21
 5.436299  0.608156 2 22
 5.507009 -0.212573 2 1
 5.507009 -0.194332 2 2
 5.507009 -0.176725 2 3
 5.507009 -0.144860 2 4
 5.507009 -0.121766 2 5
 5.507009 -0.043448 2 6
 5.507009 -0.040281 2 7
 5.507009 -0.027849 2 8
 5.507009  0.011440 2 9
 5.507009  0.034353 2 10
 5.507009  0.045266 2 11
 5.507009  0.082101 2 12
 5.507009  0.270159 2 13
 5.507009  0.281295 2 14
 5.507009  0.296654 2 15
 5.507009  0.328010 2 16
 5.507009  0.345528 2 17
 5.507009  0.398391 2 18
 5.507009  0.480047 2 19
 5.507009  0.541782 2 20
 5.507009  0.570797 2 21
 5.507009  0.631674 2 22
 5.577720 -0.215582 2 1
 5.577720 -0.186281 2 2
 5.577720 -0.183119 2 3
 5.577720 -0.159277 2 4
 5.577720 -0.134599 2 5
 5.577720 -0.043580 2 6
 5.577720 -0.040217 2 7
 5.577720 -0.013207 2 8
 5.577720  0.021942 2 9
 5.577720  0.037996 2 10
 5.577720  0.051975 2 11
 5.577720  0.089981 2 12
 5.577720  0.256038 2 13
 5.577720  0.282039 2 14
 5.577720  0.297150 2 15
 5.577720  0.324579 2 16
 5.577720  0.338369 2 17
 5.577720  0.399608 2 18
 5.577720  0.470414 2 19
 5.577720  0.540876 2 20
 5.577720  0.575473 2 21
 5.577720  0.647645 2 22
 5.648431 -0.216989 2 1
 5.648431 -0.186215 2 2
 5.648431 -0.177551 2 3
 5.648431 -0.171154 2 4
 5.648431 -0.147425 2 5
 5.648431 -0.043182 2 6
 5.648431 -0.039666 2 7
 5.648431 -0.023470 2 8
 5.648431  0.034722 2 9
 5.648431  0.052083 2 10
 5.648431  0.061207 2 11
 5.648431  0.105871 2 12
 5.648431  0.247234 2 13
 5.648431  0.283002 2 14
 5.648431  0.297158 2 15
 5.648431  0.320015 2 16
 5.648431  0.332065 2 17
 5.648431  0.397535 2 18
 5.648431  0.468411 2 19
 5.648431  0.540041 2 20
 5.648431  0.579683 2 21
 5.648431  0.655423 2 22
 5.719141 -0.217163 2 1
 5.719141 -0.187337 2 2
 5.719141 -0.179805 2 3
 5.719141 -0.171868 2 4
 5.719141 -0.154583 2 5
 5.719141 -0.046750 2 6
 5.719141 -0.042296 2 7
 5.719141 -0.038703 2 8
 5.719141  0.047528 2 9
 5.719141  0.063766 2 10
 5.719141  0.076046 2 11
 5.719141  0.123664 2 12
 5.719141  0.244683 2 13
 5.719141  0.283752 2 14
 5.719141  0.297029 2 15
 5.719141  0.314806 2 16
 5.719141  0.326837 2 17
 5.719141  0.391849 2 18
 5.719141  0.474006 2 19
 5.719141  0.539735 2 20
 5.719141  0.584068 2 21
 5.719141  0.654536 2 22
 5.789852 -0.215851 2 1
 5.789852 -0.187695 2 2
 5.789852 -0.185726 2 3
 5.789852 -0.176807 2 4
 5.789852 -0.149708 2 5
 5.789852 -0.073743 2 6
 5.789852 -0.040547 2 7
 5.789852 -0.037817 2 8
 5.789852  0.058072 2 9
 5.789852  0.063430 2 10
 5.789852  0.099406 2 11
 5.789852  0.136100 2 12
 5.789852  0.249317 2 13
 5.789852  0.284112 2 14
 5.789852  0.297076 2 15
 5.789852  0.310043 2 16
 5.789852  0.322977 2 17
 5.789852  0.382055 2 18
 5.789852  0.486737 2 19
 5.789852  0.539834 2 20
 5.789852  0.587401 2 21
 5.789852  0.644161 2 22
 5.860563 -0.211993 2 1
 5.860563 -0.189768 2 2
 5.860563 -0.188309 2 3
 5.860563 -0.185280 2 4
 5.860563 -0.141965 2 5
 5.860563 -0.100820 2 6
 5.860563 -0.038146 2 7
 5.860563 -0.037460 2 8
 5.860563  0.062436 2 9
 5.860563  0.065097 2 10
 5.860563  0.117730 2 11
 5.860563  0.140171 2 12
 5.860563  0.261483 2 13
 5.860563  0.284208 2 14
 5.860563  0.297284 2 15
 5.860563  0.306754 2 16
 5.860563  0.320871 2 17
 5.860563  0.368359 2 18
 5.860563  0.505849 2 19
 5.860563  0.539897 2 20
 5.860563  0.588202 2 21
 5.860563  0.624341 2 22
 5.931274 -0.205625 2 1
 5.931274 -0.192318 2 2
 5.931274 -0.192318 2 3
 5.931274 -0.189434 2 4
 5.931274 -0.136513 2 5
 5.931274 -0.123343 2 6
 5.931274 -0.037574 2 7
 5.931274 -0.036034 2 8
 5.931274  0.061887 2 9
 5.931274  0.068716 2 10
 5.931274  0.128929 2 11
 5.931274  0.138835 2 12
 5.931274  0.277130 2 13
 5.931274  0.284225 2 14
 5.931274  0.297464 2 15
 5.931274  0.305154 2 16
 5.931274  0.320327 2 17
 5.931274  0.353298 2 18
 5.931274  0.529815 2 19
 5.931274  0.539761 2 20
 5.931274  0.587013 2 21
 5.931274  0.597999 2 22
 6.001984 -0.201438 2 1
 6.001984 -0.195089 2 2
 6.001984 -0.193221 2 3
 6.001984 -0.190378 2 4
 6.001984 -0.134598 2 5
 6.001984 -0.132970 2 6
 6.001984 -0.037701 2 7
 6.001984 -0.035200 2 8
 6.001984  0.061784 2 9
 6.001984  0.069770 2 10
 6.001984  0.132620 2 11
 6.001984  0.137555 2 12
 6.001984  0.284231 2 13
 6.001984  0.285591 2 14
 6.001984  0.297525 2 15
 6.001984  0.304735 2 16
 6.001984  0.320354 2 17
 6.001984  0.345308 2 18
 6.001984  0.539656 2 19
 6.001984  0.548177 2 20
 6.001984  0.578365 2 21
 6.001984  0.586167 2 22
