 0.000000 -0.674303 1 1
 0.000000  0.246552 1 2
 0.000000  0.246552 1 3
 0.000000  0.246552 1 4
 0.000000  0.489431 1 5
 0.000000  0.489431 1 6
 0.000000  0.489431 1 7
 0.000000  0.529368 1 8
 0.000000  0.949059 1 9
 0.000000  0.949059 1 10
 0.000000  1.568268 1 11
 0.000000  1.568268 1 12
 0.000000  1.568268 1 13
 0.000000  2.239165 1 14
 0.000000  2.239165 1 15
 0.000000  2.406542 1 16
 0.000000  2.406542 1 17
 0.000000  2.406542 1 18
 0.047619 -0.673531 1 1
 0.047619  0.241393 1 2
 0.047619  0.243205 1 3
 0.047619  0.243205 1 4
 0.047619  0.487229 1 5
 0.047619  0.493724 1 6
 0.047619  0.493724 1 7
 0.047619  0.533312 1 8
 0.047619  0.941015 1 9
 0.047619  0.949545 1 10
 0.047619  1.564865 1 11
 0.047619  1.564865 1 12
 0.047619  1.571434 1 13
 0.047619  2.231525 1 14
 0.047619  2.235145 1 15
 0.047619  2.403975 1 16
 0.047619  2.403975 1 17
 0.047619  2.407361 1 18
 0.095238 -0.671235 1 1
 0.095238  0.226779 1 2
 0.095238  0.233830 1 3
 0.095238  0.233830 1 4
 0.095238  0.480858 1 5
 0.095238  0.505913 1 6
 0.095238  0.505913 1 7
 0.095238  0.544468 1 8
 0.095238  0.918393 1 9
 0.095238  0.951646 1 10
 0.095238  1.555967 1 11
 0.095238  1.555967 1 12
 0.095238  1.580795 1 13
 0.095238  2.211765 1 14
 0.095238  2.223808 1 15
 0.095238  2.396959 1 16
 0.095238  2.396959 1 17
 0.095238  2.408702 1 18
 0.142857 -0.667462 1 1
 0.142857  0.204732 1 2
 0.142857  0.219966 1 3
 0.142857  0.219966 1 4
 0.142857  0.470983 1 5
 0.142857  0.524398 1 6
 0.142857  0.524398 1 7
 0.142857  0.561190 1 8
 0.142857  0.885460 1 9
 0.142857  0.956923 1 10
 0.142857  1.544851 1 11
 0.142857  1.544851 1 12
 0.142857  1.595873 1 13
 0.142857  2.186175 1 14
 0.142857  2.206905 1 15
 0.142857  2.387361 1 16
 0.142857  2.387361 1 17
 0.142857  2.409227 1 18
 0.190476 -0.662263 1 1
 0.190476  0.177443 1 2
 0.190476  0.203249 1 3
 0.190476  0.203249 1 4
 0.190476  0.458562 1 5
 0.190476  0.547455 1 6
 0.190476  0.547455 1 7
 0.190476  0.581234 1 8
 0.190476  0.848694 1 9
 0.190476  0.966993 1 10
 0.190476  1.535193 1 11
 0.190476  1.535193 1 12
 0.190476  1.615700 1 13
 0.190476  2.159588 1 14
 0.190476  2.186284 1 15
 0.190476  2.377679 1 16
 0.190476  2.377679 1 17
 0.190476  2.409148 1 18
 0.238095 -0.655665 1 1
 0.238095  0.146727 1 2
 0.238095  0.185006 1 3
 0.238095  0.185006 1 4
 0.238095  0.444636 1 5
 0.238095  0.573677 1 6
 0.238095  0.573677 1 7
 0.238095  0.600977 1 8
 0.238095  0.816557 1 9
 0.238095  0.982680 1 10
 0.238095  1.529489 1 11
 0.238095  1.529489 1 12
 0.238095  1.638855 1 13
 0.238095  2.133606 1 14
 0.238095  2.163072 1 15
 0.238095  2.370265 1 16
 0.238095  2.370265 1 17
 0.238095  2.409222 1 18
 0.285714 -0.647664 1 1
 0.285714  0.113950 1 2
 0.285714  0.166219 1 3
 0.285714  0.166219 1 4
 0.285714  0.430102 1 5
 0.285714  0.602047 1 6
 0.285714  0.602047 1 7
 0.285714  0.613778 1 8
 0.285714  0.799673 1 9
 0.285714  1.003643 1 10
 0.285714  1.528185 1 11
 0.285714  1.528185 1 12
 0.285714  1.663886 1 13
 0.285714  2.106988 1 14
 0.285714  2.137507 1 15
 0.285714  2.366698 1 16
 0.285714  2.366698 1 17
 0.285714  2.409248 1 18
 0.333333 -0.638221 1 1
 0.333333  0.080085 1 2
 0.333333  0.147591 1 3
 0.333333  0.147591 1 4
 0.333333  0.415560 1 5
 0.333333  0.612510 1 6
 0.333333  0.631910 1 7
 0.333333  0.631910 1 8
 0.333333  0.807071 1 9
 0.333333  1.028694 1 10
 0.333333  1.529735 1 11
 0.333333  1.529735 1 12
 0.333333  1.690055 1 13
 0.333333  2.077150 1 14
 0.333333  2.109423 1 15
 0.333333  2.367579 1 16
 0.333333  2.367579 1 17
 0.333333  2.407668 1 18
 0.380952 -0.627296 1 1
 0.380952  0.045860 1 2
 0.380952  0.129630 1 3
 0.380952  0.129630 1 4
 0.380952  0.401343 1 5
 0.380952  0.598190 1 6
 0.380952  0.662863 1 7
 0.380952  0.662863 1 8
 0.380952  0.837099 1 9
 0.380952  1.056506 1 10
 0.380952  1.531461 1 11
 0.380952  1.531461 1 12
 0.380952  1.717902 1 13
 0.380952  2.042049 1 14
 0.380952  2.079031 1 15
 0.380952  2.372759 1 16
 0.380952  2.372759 1 17
 0.380952  2.402371 1 18
 0.428571 -0.614863 1 1
 0.428571  0.011782 1 2
 0.428571  0.112663 1 3
 0.428571  0.112663 1 4
 0.428571  0.387640 1 5
 0.428571  0.576820 1 6
 0.428571  0.694683 1 7
 0.428571  0.694683 1 8
 0.428571  0.881080 1 9
 0.428571  1.086343 1 10
 0.428571  1.530753 1 11
 0.428571  1.530753 1 12
 0.428571  1.749208 1 13
 0.428571  2.001450 1 14
 0.428571  2.047306 1 15
 0.428571  2.381660 1 16
 0.428571  2.381660 1 17
 0.428571  2.392074 1 18
 0.476190 -0.600918 1 1
 0.476190 -0.021829 1 2
 0.476190  0.096862 1 3
 0.476190  0.096862 1 4
 0.476190  0.374646 1 5
 0.476190  0.551783 1 6
 0.476190  0.727236 1 7
 0.476190  0.727236 1 8
 0.476190  0.932113 1 9
 0.476190  1.118329 1 10
 0.476190  1.526044 1 11
 0.476190  1.526044 1 12
 0.476190  1.786096 1 13
 0.476190  1.957097 1 14
 0.476190  2.015718 1 15
 0.476190  2.377359 1 16
 0.476190  2.393433 1 17
 0.476190  2.393433 1 18
 0.523810 -0.585481 1 1
 0.523810 -0.054842 1 2
 0.523810  0.082269 1 3
 0.523810  0.082269 1 4
 0.523810  0.362643 1 5
 0.523810  0.524225 1 6
 0.523810  0.760439 1 7
 0.523810  0.760439 1 8
 0.523810  0.985955 1 9
 0.523810  1.153158 1 10
 0.523810  1.517097 1 11
 0.523810  1.517097 1 12
 0.523810  1.829653 1 13
 0.523810  1.911831 1 14
 0.523810  1.985445 1 15
 0.523810  2.360715 1 16
 0.523810  2.406916 1 17
 0.523810  2.406916 1 18
 0.571429 -0.568581 1 1
 0.571429 -0.087295 1 2
 0.571429  0.068854 1 3
 0.571429  0.068854 1 4
 0.571429  0.351987 1 5
 0.571429  0.494952 1 6
 0.571429  0.794293 1 7
 0.571429  0.794293 1 8
 0.571429  1.039955 1 9
 0.571429  1.191471 1 10
 0.571429  1.504570 1 11
 0.571429  1.504570 1 12
 0.571429  1.868236 1 13
 0.571429  1.878793 1 14
 0.571429  1.956593 1 15
 0.571429  2.345504 1 16
 0.571429  2.420514 1 17
 0.571429  2.420514 1 18
 0.619048 -0.550255 1 1
 0.619048 -0.119331 1 2
 0.619048  0.056587 1 3
 0.619048  0.056587 1 4
 0.619048  0.343011 1 5
 0.619048  0.465199 1 6
 0.619048  0.828957 1 7
 0.619048  0.828957 1 8
 0.619048  1.092499 1 9
 0.619048  1.233300 1 10
 0.619048  1.489275 1 11
 0.619048  1.489275 1 12
 0.619048  1.827562 1 13
 0.619048  1.927971 1 14
 0.619048  1.930107 1 15
 0.619048  2.334399 1 16
 0.619048  2.432191 1 17
 0.619048  2.432191 1 18
 0.666667 -0.530544 1 1
 0.666667 -0.151106 1 2
 0.666667  0.045500 1 3
 0.666667  0.045500 1 4
 0.666667  0.335925 1 5
 0.666667  0.436582 1 6
 0.666667  0.864756 1 7
 0.666667  0.864756 1 8
 0.666667  1.142801 1 9
 0.666667  1.277879 1 10
 0.666667  1.471642 1 11
 0.666667  1.471642 1 12
 0.666667  1.789425 1 13
 0.666667  1.897579 1 14
 0.666667  1.978924 1 15
 0.666667  2.328021 1 16
 0.666667  2.439701 1 17
 0.666667  2.439701 1 18
 0.714286 -0.509509 1 1
 0.714286 -0.182700 1 2
 0.714286  0.035714 1 3
 0.714286  0.035714 1 4
 0.714286  0.330773 1 5
 0.714286  0.410720 1 6
 0.714286  0.902060 1 7
 0.714286  0.902060 1 8
 0.714286  1.190820 1 9
 0.714286  1.323893 1 10
 0.714286  1.451639 1 11
 0.714286  1.451639 1 12
 0.714286  1.752283 1 13
 0.714286  1.863508 1 14
 0.714286  2.021166 1 15
 0.714286  2.324419 1 16
 0.714286  2.441109 1 17
 0.714286  2.441109 1 18
 0.761905 -0.487249 1 1
 0.761905 -0.214061 1 2
 0.761905  0.027398 1 3
 0.761905  0.027398 1 4
 0.761905  0.327487 1 5
 0.761905  0.388816 1 6
 0.761905  0.941004 1 7
 0.761905  0.941004 1 8
 0.761905  1.237177 1 9
 0.761905  1.369980 1 10
 0.761905  1.429070 1 11
 0.761905  1.429070 1 12
 0.761905  1.714243 1 13
 0.761905  1.824766 1 14
 0.761905  2.055088 1 15
 0.761905  2.319686 1 16
 0.761905  2.435492 1 17
 0.761905  2.435492 1 18
 0.809524 -0.463877 1 1
 0.809524 -0.245042 1 2
 0.809524  0.020694 1 3
 0.809524  0.020694 1 4
 0.809524  0.325960 1 5
 0.809524  0.371348 1 6
 0.809524  0.981136 1 7
 0.809524  0.981136 1 8
 0.809524  1.283017 1 9
 0.809524  1.404009 1 10
 0.809524  1.404009 1 11
 0.809524  1.415276 1 12
 0.809524  1.673678 1 13
 0.809524  1.781575 1 14
 0.809524  2.082052 1 15
 0.809524  2.309500 1 16
 0.809524  2.423553 1 17
 0.809524  2.423553 1 18
 0.857143 -0.439528 1 1
 0.857143 -0.275419 1 2
 0.857143  0.015658 1 3
 0.857143  0.015658 1 4
 0.857143  0.326090 1 5
 0.857143  0.358066 1 6
 0.857143  1.020924 1 7
 0.857143  1.020924 1 8
 0.857143  1.329606 1 9
 0.857143  1.377328 1 10
 0.857143  1.377328 1 11
 0.857143  1.459609 1 12
 0.857143  1.629656 1 13
 0.857143  1.735199 1 14
 0.857143  2.105819 1 15
 0.857143  2.290910 1 16
 0.857143  2.407797 1 17
 0.857143  2.407797 1 18
 0.904762 -0.414309 1 1
 0.904762 -0.304998 1 2
 0.904762  0.012227 1 3
 0.904762  0.012227 1 4
 0.904762  0.327757 1 5
 0.904762  0.348192 1 6
 0.904762  1.057224 1 7
 0.904762  1.057224 1 8
 0.904762  1.351330 1 9
 0.904762  1.351330 1 10
 0.904762  1.377910 1 11
 0.904762  1.503464 1 12
 0.904762  1.582082 1 13
 0.904762  1.687348 1 14
 0.904762  2.130815 1 15
 0.904762  2.263562 1 16
 0.904762  2.392063 1 17
 0.904762  2.392063 1 18
 0.952381 -0.388273 1 1
 0.952381 -0.333667 1 2
 0.952381  0.010262 1 3
 0.952381  0.010262 1 4
 0.952381  0.330810 1 5
 0.952381  0.340796 1 6
 0.952381  1.084478 1 7
 0.952381  1.084478 1 8
 0.952381  1.330704 1 9
 0.952381  1.330704 1 10
 0.952381  1.428197 1 11
 0.952381  1.531702 1 12
 0.952381  1.547652 1 13
 0.952381  1.639583 1 14
 0.952381  2.160085 1 15
 0.952381  2.229847 1 16
 0.952381  2.380485 1 17
 0.952381  2.380485 1 18
 1.000000 -0.361410 1 1
 1.000000 -0.361410 1 2
 1.000000  0.009625 1 3
 1.000000  0.009625 1 4
 1.000000  0.335133 1 5
 1.000000  0.335133 1 6
 1.000000  1.095015 1 7
 1.000000  1.095015 1 8
 1.000000  1.322460 1 9
 1.000000  1.322460 1 10
 1.000000  1.479885 1 11
 1.000000  1.479885 1 12
 1.000000  1.592916 1 13
 1.000000  1.592916 1 14
 1.000000  2.193938 1 15
 1.000000  2.193938 1 16
 1.000000  2.376230 1 17
 1.000000  2.376230 1 18
 1.000000 -0.361410 1 1
 1.000000 -0.361410 1 2
 1.000000  0.009625 1 3
 1.000000  0.009625 1 4
 1.000000  0.335133 1 5
 1.000000  0.335133 1 6
 1.000000  1.095015 1 7
 1.000000  1.095015 1 8
 1.000000  1.322460 1 9
 1.000000  1.322460 1 10
 1.000000  1.479885 1 11
 1.000000  1.479885 1 12
 1.000000  1.592916 1 13
 1.000000  1.592916 1 14
 1.000000  2.193938 1 15
 1.000000  2.193938 1 16
 1.000000  2.376230 1 17
 1.000000  2.376230 1 18
 1.058926 -0.361741 1 1
 1.058926 -0.360264 1 2
 1.058926  0.001420 1 3
 1.058926  0.010764 1 4
 1.058926  0.336358 1 5
 1.058926  0.348618 1 6
 1.058926  1.084203 1 7
 1.058926  1.086966 1 8
 1.058926  1.296497 1 9
 1.058926  1.312403 1 10
 1.058926  1.483210 1 11
 1.058926  1.502222 1 12
 1.058926  1.595799 1 13
 1.058926  1.597724 1 14
 1.058926  2.187797 1 15
 1.058926  2.189489 1 16
 1.058926  2.375462 1 17
 1.058926  2.376928 1 18
 1.117851 -0.362996 1 1
 1.117851 -0.356783 1 2
 1.117851 -0.018758 1 3
 1.117851  0.014093 1 4
 1.117851  0.339930 1 5
 1.117851  0.383643 1 6
 1.117851  1.054600 1 7
 1.117851  1.064609 1 8
 1.117851  1.240362 1 9
 1.117851  1.284035 1 10
 1.117851  1.492573 1 11
 1.117851  1.548692 1 12
 1.117851  1.604374 1 13
 1.117851  1.611287 1 14
 1.117851  2.169126 1 15
 1.117851  2.177565 1 16
 1.117851  2.373558 1 17
 1.117851  2.379702 1 18
 1.176777 -0.365839 1 1
 1.176777 -0.350857 1 2
 1.176777 -0.043192 1 3
 1.176777  0.019401 1 4
 1.176777  0.345617 1 5
 1.176777  0.430313 1 6
 1.176777  1.012801 1 7
 1.176777  1.032265 1 8
 1.176777  1.173905 1 9
 1.176777  1.241695 1 10
 1.176777  1.506763 1 11
 1.176777  1.602547 1 12
 1.176777  1.618670 1 13
 1.176777  1.631996 1 14
 1.176777  2.137412 1 15
 1.176777  2.161594 1 16
 1.176777  2.371344 1 17
 1.176777  2.385982 1 18
 1.235702 -0.371086 1 1
 1.235702 -0.342380 1 2
 1.235702 -0.066743 1 3
 1.235702  0.026442 1 4
 1.235702  0.353204 1 5
 1.235702  0.481849 1 6
 1.235702  0.965780 1 7
 1.235702  0.994899 1 8
 1.235702  1.104045 1 9
 1.235702  1.190431 1 10
 1.235702  1.524629 1 11
 1.235702  1.638719 1 12
 1.235702  1.658649 1 13
 1.235702  1.660497 1 14
 1.235702  2.092866 1 15
 1.235702  2.145084 1 16
 1.235702  2.369048 1 17
 1.235702  2.396506 1 18
 1.294628 -0.379459 1 1
 1.294628 -0.331312 1 2
 1.294628 -0.086893 1 3
 1.294628  0.035040 1 4
 1.294628  0.362658 1 5
 1.294628  0.536286 1 6
 1.294628  0.918619 1 7
 1.294628  0.956666 1 8
 1.294628  1.034017 1 9
 1.294628  1.134708 1 10
 1.294628  1.544662 1 11
 1.294628  1.663730 1 12
 1.294628  1.690255 1 13
 1.294628  1.721908 1 14
 1.294628  2.037424 1 15
 1.294628  2.129845 1 16
 1.294628  2.365603 1 17
 1.294628  2.410108 1 18
 1.353553 -0.391488 1 1
 1.353553 -0.317706 1 2
 1.353553 -0.102163 1 3
 1.353553  0.045144 1 4
 1.353553  0.374159 1 5
 1.353553  0.595612 1 6
 1.353553  0.873853 1 7
 1.353553  0.920160 1 8
 1.353553  0.966117 1 9
 1.353553  1.077815 1 10
 1.353553  1.564321 1 11
 1.353553  1.691493 1 12
 1.353553  1.725265 1 13
 1.353553  1.785142 1 14
 1.353553  1.974551 1 15
 1.353553  2.115451 1 16
 1.353553  2.359298 1 17
 1.353553  2.423644 1 18
 1.353553 -0.391488 1 1
 1.353553 -0.317706 1 2
 1.353553 -0.102163 1 3
 1.353553  0.045144 1 4
 1.353553  0.374159 1 5
 1.353553  0.595612 1 6
 1.353553  0.873853 1 7
 1.353553  0.920160 1 8
 1.353553  0.966117 1 9
 1.353553  1.077815 1 10
 1.353553  1.564321 1 11
 1.353553  1.691493 1 12
 1.353553  1.725265 1 13
 1.353553  1.785142 1 14
 1.353553  1.974551 1 15
 1.353553  2.115451 1 16
 1.353553  2.359298 1 17
 1.353553  2.423644 1 18
 1.401765 -0.404231 1 1
 1.401765 -0.304782 1 2
 1.401765 -0.110048 1 3
 1.401765  0.054547 1 4
 1.401765  0.385227 1 5
 1.401765  0.650522 1 6
 1.401765  0.839442 1 7
 1.401765  0.892309 1 8
 1.401765  0.913715 1 9
 1.401765  1.032008 1 10
 1.401765  1.577693 1 11
 1.401765  1.713891 1 12
 1.401765  1.754830 1 13
 1.401765  1.835920 1 14
 1.401765  1.920403 1 15
 1.401765  2.103213 1 16
 1.401765  2.351307 1 17
 1.401765  2.431966 1 18
 1.449977 -0.419496 1 1
 1.449977 -0.290329 1 2
 1.449977 -0.113101 1 3
 1.449977  0.064996 1 4
 1.449977  0.397780 1 5
 1.449977  0.713162 1 6
 1.449977  0.806787 1 7
 1.449977  0.865432 1 8
 1.449977  0.866195 1 9
 1.449977  0.987869 1 10
 1.449977  1.586404 1 11
 1.449977  1.733877 1 12
 1.449977  1.783825 1 13
 1.449977  1.866084 1 14
 1.449977  1.883407 1 15
 1.449977  2.090093 1 16
 1.449977  2.341100 1 17
 1.449977  2.436168 1 18
 1.498189 -0.436891 1 1
 1.498189 -0.274401 1 2
 1.498189 -0.111187 1 3
 1.498189  0.076478 1 4
 1.498189  0.411621 1 5
 1.498189  0.775586 1 6
 1.498189  0.782798 1 7
 1.498189  0.823325 1 8
 1.498189  0.841467 1 9
 1.498189  0.946271 1 10
 1.498189  1.588301 1 11
 1.498189  1.749883 1 12
 1.498189  1.811386 1 13
 1.498189  1.813795 1 14
 1.498189  1.925363 1 15
 1.498189  2.077193 1 16
 1.498189  2.329904 1 17
 1.498189  2.436078 1 18
 1.546401 -0.455776 1 1
 1.546401 -0.256996 1 2
 1.546401 -0.104808 1 3
 1.546401  0.088926 1 4
 1.546401  0.426390 1 5
 1.546401  0.745722 1 6
 1.546401  0.781506 1 7
 1.546401  0.817835 1 8
 1.546401  0.864259 1 9
 1.546401  0.908148 1 10
 1.546401  1.580678 1 11
 1.546401  1.761104 1 12
 1.546401  1.766486 1 13
 1.546401  1.837413 1 14
 1.546401  1.959399 1 15
 1.546401  2.068181 1 16
 1.546401  2.319577 1 17
 1.546401  2.433078 1 18
 1.594613 -0.475441 1 1
 1.594613 -0.238066 1 2
 1.594613 -0.094809 1 3
 1.594613  0.102198 1 4
 1.594613  0.441648 1 5
 1.594613  0.717331 1 6
 1.594613  0.748377 1 7
 1.594613  0.795304 1 8
 1.594613  0.874471 1 9
 1.594613  0.946047 1 10
 1.594613  1.560023 1 11
 1.594613  1.728072 1 12
 1.594613  1.767598 1 13
 1.594613  1.862586 1 14
 1.594613  1.982308 1 15
 1.594613  2.069839 1 16
 1.594613  2.312146 1 17
 1.594613  2.429769 1 18
 1.642824 -0.495282 1 1
 1.642824 -0.217528 1 2
 1.642824 -0.081935 1 3
 1.642824  0.116077 1 4
 1.642824  0.456945 1 5
 1.642824  0.690702 1 6
 1.642824  0.719072 1 7
 1.642824  0.774260 1 8
 1.642824  0.846070 1 9
 1.642824  1.029006 1 10
 1.642824  1.524284 1 11
 1.642824  1.700919 1 12
 1.642824  1.770081 1 13
 1.642824  1.888059 1 14
 1.642824  1.994109 1 15
 1.642824  2.086842 1 16
 1.642824  2.309298 1 17
 1.642824  2.429109 1 18
 1.691036 -0.514833 1 1
 1.691036 -0.195331 1 2
 1.691036 -0.066618 1 3
 1.691036  0.130270 1 4
 1.691036  0.471817 1 5
 1.691036  0.666136 1 6
 1.691036  0.693121 1 7
 1.691036  0.755426 1 8
 1.691036  0.823452 1 9
 1.691036  1.109690 1 10
 1.691036  1.475754 1 11
 1.691036  1.682745 1 12
 1.691036  1.769508 1 13
 1.691036  1.914861 1 14
 1.691036  2.002923 1 15
 1.691036  2.115016 1 16
 1.691036  2.311917 1 17
 1.691036  2.433349 1 18
 1.739248 -0.533785 1 1
 1.739248 -0.171457 1 2
 1.739248 -0.048995 1 3
 1.739248  0.144465 1 4
 1.739248  0.485770 1 5
 1.739248  0.643746 1 6
 1.739248  0.669697 1 7
 1.739248  0.739644 1 8
 1.739248  0.806587 1 9
 1.739248  1.185777 1 10
 1.739248  1.418534 1 11
 1.739248  1.668952 1 12
 1.739248  1.766610 1 13
 1.739248  1.943381 1 14
 1.739248  2.015857 1 15
 1.739248  2.148781 1 16
 1.739248  2.319767 1 17
 1.739248  2.443132 1 18
 1.787460 -0.551926 1 1
 1.787460 -0.145959 1 2
 1.787460 -0.029109 1 3
 1.787460  0.158362 1 4
 1.787460  0.498230 1 5
 1.787460  0.623415 1 6
 1.787460  0.648078 1 7
 1.787460  0.727675 1 8
 1.787460  0.794924 1 9
 1.787460  1.255564 1 10
 1.787460  1.355515 1 11
 1.787460  1.655923 1 12
 1.787460  1.761582 1 13
 1.787460  1.973007 1 14
 1.787460  2.034799 1 15
 1.787460  2.184467 1 16
 1.787460  2.331411 1 17
 1.787460  2.457135 1 18
 1.835672 -0.569109 1 1
 1.835672 -0.118929 1 2
 1.835672 -0.007076 1 3
 1.835672  0.171706 1 4
 1.835672  0.508576 1 5
 1.835672  0.604830 1 6
 1.835672  0.627778 1 7
 1.835672  0.719974 1 8
 1.835672  0.787576 1 9
 1.835672  1.288419 1 10
 1.835672  1.317626 1 11
 1.835672  1.641476 1 12
 1.835672  1.754062 1 13
 1.835672  2.002233 1 14
 1.835672  2.058363 1 15
 1.835672  2.218804 1 16
 1.835672  2.344481 1 17
 1.835672  2.472396 1 18
 1.883883 -0.585226 1 1
 1.883883 -0.090455 1 2
 1.883883  0.016848 1 3
 1.883883  0.184307 1 4
 1.883883  0.516257 1 5
 1.883883  0.587599 1 6
 1.883883  0.608585 1 7
 1.883883  0.716445 1 8
 1.883883  0.783675 1 9
 1.883883  1.218731 1 10
 1.883883  1.370598 1 11
 1.883883  1.624602 1 12
 1.883883  1.743390 1 13
 1.883883  2.029178 1 14
 1.883883  2.083647 1 15
 1.883883  2.248758 1 16
 1.883883  2.356311 1 17
 1.883883  2.485225 1 18
 1.932095 -0.600188 1 1
 1.932095 -0.060566 1 2
 1.932095  0.042270 1 3
 1.932095  0.196014 1 4
 1.932095  0.520970 1 5
 1.932095  0.571398 1 6
 1.932095  0.590523 1 7
 1.932095  0.716129 1 8
 1.932095  0.782770 1 9
 1.932095  1.148464 1 10
 1.932095  1.413371 1 11
 1.932095  1.605422 1 12
 1.932095  1.729031 1 13
 1.932095  2.052362 1 14
 1.932095  2.107514 1 15
 1.932095  2.272351 1 16
 1.932095  2.364768 1 17
 1.932095  2.492397 1 18
 1.980307 -0.613914 1 1
 1.980307 -0.029205 1 2
 1.980307  0.068721 1 3
 1.980307  0.206684 1 4
 1.980307  0.522799 1 5
 1.980307  0.556094 1 6
 1.980307  0.573740 1 7
 1.980307  0.716809 1 8
 1.980307  0.785103 1 9
 1.980307  1.080738 1 10
 1.980307  1.445691 1 11
 1.980307  1.585188 1 12
 1.980307  1.710968 1 13
 1.980307  2.071399 1 14
 1.980307  2.127609 1 15
 1.980307  2.289404 1 16
 1.980307  2.368987 1 17
 1.980307  2.492164 1 18
 2.028519 -0.626326 1 1
 2.028519  0.003749 1 2
 2.028519  0.095704 1 3
 2.028519  0.216165 1 4
 2.028519  0.522208 1 5
 2.028519  0.541786 1 6
 2.028519  0.558382 1 7
 2.028519  0.714642 1 8
 2.028519  0.791586 1 9
 2.028519  1.020254 1 10
 2.028519  1.468772 1 11
 2.028519  1.566073 1 12
 2.028519  1.689889 1 13
 2.028519  2.087299 1 14
 2.028519  2.143030 1 15
 2.028519  2.301645 1 16
 2.028519  2.369672 1 17
 2.028519  2.484750 1 18
 2.076731 -0.637363 1 1
 2.076731  0.038390 1 2
 2.076731  0.122703 1 3
 2.076731  0.224309 1 4
 2.076731  0.519903 1 5
 2.076731  0.528764 1 6
 2.076731  0.544497 1 7
 2.076731  0.704400 1 8
 2.076731  0.803401 1 9
 2.076731  0.973110 1 10
 2.076731  1.485320 1 11
 2.076731  1.550621 1 12
 2.076731  1.667105 1 13
 2.076731  2.102218 1 14
 2.076731  2.154537 1 15
 2.076731  2.312100 1 16
 2.076731  2.368816 1 17
 2.076731  2.472128 1 18
 2.124943 -0.646986 1 1
 2.124943  0.074622 1 2
 2.124943  0.149150 1 3
 2.124943  0.231022 1 4
 2.124943  0.516645 1 5
 2.124943  0.517394 1 6
 2.124943  0.532017 1 7
 2.124943  0.682108 1 8
 2.124943  0.821331 1 9
 2.124943  0.944099 1 10
 2.124943  1.498740 1 11
 2.124943  1.540987 1 12
 2.124943  1.644239 1 13
 2.124943  2.118700 1 14
 2.124943  2.164231 1 15
 2.124943  2.323920 1 16
 2.124943  2.368899 1 17
 2.124943  2.457200 1 18
 2.173154 -0.655185 1 1
 2.173154  0.111982 1 2
 2.173154  0.174373 1 3
 2.173154  0.236316 1 4
 2.173154  0.507980 1 5
 2.173154  0.513070 1 6
 2.173154  0.520819 1 7
 2.173154  0.649317 1 8
 2.173154  0.845070 1 9
 2.173154  0.932261 1 10
 2.173154  1.511928 1 11
 2.173154  1.538201 1 12
 2.173154  1.622842 1 13
 2.173154  2.138686 1 14
 2.173154  2.174740 1 15
 2.173154  2.339030 1 16
 2.173154  2.371881 1 17
 2.173154  2.442723 1 18
 2.221366 -0.661954 1 1
 2.221366  0.149404 1 2
 2.221366  0.197497 1 3
 2.221366  0.240305 1 4
 2.221366  0.500668 1 5
 2.221366  0.509502 1 6
 2.221366  0.510861 1 7
 2.221366  0.612215 1 8
 2.221366  0.872772 1 9
 2.221366  0.931746 1 10
 2.221366  1.526268 1 11
 2.221366  1.541736 1 12
 2.221366  1.604130 1 13
 2.221366  2.162588 1 14
 2.221366  2.188036 1 15
 2.221366  2.357169 1 16
 2.221366  2.378392 1 17
 2.221366  2.430446 1 18
 2.269578 -0.667289 1 1
 2.269578  0.185082 1 2
 2.269578  0.217471 1 3
 2.269578  0.243171 1 4
 2.269578  0.495399 1 5
 2.269578  0.502279 1 6
 2.269578  0.505686 1 7
 2.269578  0.577092 1 8
 2.269578  0.901143 1 9
 2.269578  0.936600 1 10
 2.269578  1.541292 1 11
 2.269578  1.549544 1 12
 2.269578  1.588885 1 13
 2.269578  2.188813 1 14
 2.269578  2.204255 1 15
 2.269578  2.376000 1 16
 2.269578  2.387459 1 17
 2.269578  2.420813 1 18
 2.317790 -0.671158 1 1
 2.317790  0.216139 1 2
 2.317790  0.233078 1 3
 2.317790  0.245090 1 4
 2.317790  0.491950 1 5
 2.317790  0.495465 1 6
 2.317790  0.500486 1 7
 2.317790  0.549428 1 8
 2.317790  0.925961 1 9
 2.317790  0.942677 1 10
 2.317790  1.555002 1 11
 2.317790  1.558573 1 12
 2.317790  1.577597 1 13
 2.317790  2.213732 1 14
 2.317790  2.221062 1 15
 2.317790  2.392184 1 16
 2.317790  2.396855 1 17
 2.317790  2.413495 1 18
 2.366002 -0.673512 1 1
 2.366002  0.238308 1 2
 2.366002  0.243091 1 3
 2.366002  0.246193 1 4
 2.366002  0.490039 1 5
 2.366002  0.490998 1 6
 2.366002  0.493362 1 7
 2.366002  0.533777 1 8
 2.366002  0.942989 1 9
 2.366002  0.947337 1 10
 2.366002  1.564736 1 11
 2.366002  1.565620 1 12
 2.366002  1.570630 1 13
 2.366002  2.232226 1 14
 2.366002  2.234163 1 15
 2.366002  2.402862 1 16
 2.366002  2.403920 1 17
 2.366002  2.408450 1 18
 2.414214 -0.674303 1 1
 2.414214  0.246552 1 2
 2.414214  0.246552 1 3
 2.414214  0.246552 1 4
 2.414214  0.489431 1 5
 2.414214  0.489431 1 6
 2.414214  0.489431 1 7
 2.414214  0.529368 1 8
 2.414214  0.949059 1 9
 2.414214  0.949059 1 10
 2.414214  1.568268 1 11
 2.414214  1.568268 1 12
 2.414214  1.568268 1 13
 2.414214  2.239165 1 14
 2.414214  2.239165 1 15
 2.414214  2.406542 1 16
 2.414214  2.406542 1 17
 2.414214  2.406542 1 18
 2.414214 -0.674303 1 1
 2.414214  0.246552 1 2
 2.414214  0.246552 1 3
 2.414214  0.246552 1 4
 2.414214  0.489431 1 5
 2.414214  0.489431 1 6
 2.414214  0.489431 1 7
 2.414214  0.529368 1 8
 2.414214  0.949059 1 9
 2.414214  0.949059 1 10
 2.414214  1.568268 1 11
 2.414214  1.568268 1 12
 2.414214  1.568268 1 13
 2.414214  2.239165 1 14
 2.414214  2.239165 1 15
 2.414214  2.406542 1 16
 2.414214  2.406542 1 17
 2.414214  2.406542 1 18
 2.462326 -0.673515 1 1
 2.462326  0.237328 1 2
 2.462326  0.245169 1 3
 2.462326  0.245169 1 4
 2.462326  0.491301 1 5
 2.462326  0.491301 1 6
 2.462326  0.491649 1 7
 2.462326  0.533861 1 8
 2.462326  0.945169 1 9
 2.462326  0.945169 1 10
 2.462326  1.563617 1 11
 2.462326  1.568676 1 12
 2.462326  1.568676 1 13
 2.462326  2.233216 1 14
 2.462326  2.233216 1 15
 2.462326  2.401398 1 16
 2.462326  2.406931 1 17
 2.462326  2.406931 1 18
 2.510439 -0.671171 1 1
 2.510439  0.212476 1 2
 2.510439  0.241178 1 3
 2.510439  0.241178 1 4
 2.510439  0.493263 1 5
 2.510439  0.496779 1 6
 2.510439  0.496779 1 7
 2.510439  0.550061 1 8
 2.510439  0.934256 1 9
 2.510439  0.934256 1 10
 2.510439  1.550235 1 11
 2.510439  1.570229 1 12
 2.510439  1.570229 1 13
 2.510439  2.217463 1 14
 2.510439  2.217463 1 15
 2.510439  2.387062 1 16
 2.510439  2.407827 1 17
 2.510439  2.407827 1 18
 2.558551 -0.667325 1 1
 2.558551  0.177539 1 2
 2.558551  0.235007 1 3
 2.558551  0.235007 1 4
 2.558551  0.490019 1 5
 2.558551  0.505453 1 6
 2.558551  0.505453 1 7
 2.558551  0.578028 1 8
 2.558551  0.918491 1 9
 2.558551  0.918491 1 10
 2.558551  1.529666 1 11
 2.558551  1.573710 1 12
 2.558551  1.573710 1 13
 2.558551  2.196634 1 14
 2.558551  2.196634 1 15
 2.558551  2.366320 1 16
 2.558551  2.409214 1 17
 2.558551  2.409214 1 18
 2.606664 -0.662038 1 1
 2.606664  0.137179 1 2
 2.606664  0.227207 1 3
 2.606664  0.227207 1 4
 2.606664  0.483089 1 5
 2.606664  0.516593 1 6
 2.606664  0.516593 1 7
 2.606664  0.613669 1 8
 2.606664  0.901118 1 9
 2.606664  0.901118 1 10
 2.606664  1.503944 1 11
 2.606664  1.579854 1 12
 2.606664  1.579854 1 13
 2.606664  2.175421 1 14
 2.606664  2.175421 1 15
 2.606664  2.342330 1 16
 2.606664  2.412029 1 17
 2.606664  2.412029 1 18
 2.654776 -0.655363 1 1
 2.654776  0.094586 1 2
 2.654776  0.218356 1 3
 2.654776  0.218356 1 4
 2.654776  0.473976 1 5
 2.654776  0.529048 1 6
 2.654776  0.529048 1 7
 2.654776  0.653915 1 8
 2.654776  0.885927 1 9
 2.654776  0.885927 1 10
 2.654776  1.475152 1 11
 2.654776  1.588802 1 12
 2.654776  1.588802 1 13
 2.654776  2.156972 1 14
 2.654776  2.156972 1 15
 2.654776  2.317320 1 16
 2.654776  2.417507 1 17
 2.654776  2.417507 1 18
 2.702889 -0.647316 1 1
 2.702889  0.051751 1 2
 2.702889  0.208992 1 3
 2.702889  0.208992 1 4
 2.702889  0.463763 1 5
 2.702889  0.541302 1 6
 2.702889  0.541302 1 7
 2.702889  0.696721 1 8
 2.702889  0.876462 1 9
 2.702889  0.876462 1 10
 2.702889  1.445091 1 11
 2.702889  1.599776 1 12
 2.702889  1.599776 1 13
 2.702889  2.142463 1 14
 2.702889  2.142463 1 15
 2.702889  2.291811 1 16
 2.702889  2.426077 1 17
 2.702889  2.426077 1 18
 2.751001 -0.637889 1 1
 2.751001  0.009798 1 2
 2.751001  0.199595 1 3
 2.751001  0.199595 1 4
 2.751001  0.453380 1 5
 2.751001  0.551808 1 6
 2.751001  0.551808 1 7
 2.751001  0.740206 1 8
 2.751001  0.875189 1 9
 2.751001  0.875189 1 10
 2.751001  1.415280 1 11
 2.751001  1.611035 1 12
 2.751001  1.611035 1 13
 2.751001  2.131477 1 14
 2.751001  2.131477 1 15
 2.751001  2.264808 1 16
 2.751001  2.436817 1 17
 2.751001  2.436817 1 18
 2.799114 -0.627057 1 1
 2.799114 -0.030831 1 2
 2.799114  0.190548 1 3
 2.799114  0.190548 1 4
 2.799114  0.443609 1 5
 2.799114  0.559568 1 6
 2.799114  0.559568 1 7
 2.799114  0.782371 1 8
 2.799114  0.882906 1 9
 2.799114  0.882906 1 10
 2.799114  1.387209 1 11
 2.799114  1.620195 1 12
 2.799114  1.620195 1 13
 2.799114  2.122822 1 14
 2.799114  2.122822 1 15
 2.799114  2.234650 1 16
 2.799114  2.447761 1 17
 2.799114  2.447761 1 18
 2.847226 -0.614836 1 1
 2.847226 -0.070030 1 2
 2.847226  0.182142 1 3
 2.847226  0.182142 1 4
 2.847226  0.434994 1 5
 2.847226  0.564423 1 6
 2.847226  0.564423 1 7
 2.847226  0.820949 1 8
 2.847226  0.898877 1 9
 2.847226  0.898877 1 10
 2.847226  1.362851 1 11
 2.847226  1.624758 1 12
 2.847226  1.624758 1 13
 2.847226  2.115471 1 14
 2.847226  2.115471 1 15
 2.847226  2.200169 1 16
 2.847226  2.456742 1 17
 2.847226  2.456742 1 18
 2.895339 -0.601291 1 1
 2.895339 -0.107818 1 2
 2.895339  0.174551 1 3
 2.895339  0.174551 1 4
 2.895339  0.427733 1 5
 2.895339  0.566822 1 6
 2.895339  0.566822 1 7
 2.895339  0.853599 1 8
 2.895339  0.921759 1 9
 2.895339  0.921759 1 10
 2.895339  1.344899 1 11
 2.895339  1.622789 1 12
 2.895339  1.622789 1 13
 2.895339  2.109098 1 14
 2.895339  2.109098 1 15
 2.895339  2.161425 1 16
 2.895339  2.462375 1 17
 2.895339  2.462375 1 18
 2.943451 -0.586566 1 1
 2.943451 -0.144115 1 2
 2.943451  0.167841 1 3
 2.943451  0.167841 1 4
 2.943451  0.421692 1 5
 2.943451  0.567347 1 6
 2.943451  0.567347 1 7
 2.943451  0.878274 1 8
 2.943451  0.950659 1 9
 2.943451  0.950659 1 10
 2.943451  1.336440 1 11
 2.943451  1.613367 1 12
 2.943451  1.613367 1 13
 2.943451  2.104036 1 14
 2.943451  2.104036 1 15
 2.943451  2.119824 1 16
 2.943451  2.464667 1 17
 2.943451  2.464667 1 18
 2.991564 -0.570909 1 1
 2.991564 -0.178611 1 2
 2.991564  0.162003 1 3
 2.991564  0.162003 1 4
 2.991564  0.416549 1 5
 2.991564  0.566466 1 6
 2.991564  0.566466 1 7
 2.991564  0.893999 1 8
 2.991564  0.985578 1 9
 2.991564  0.985578 1 10
 2.991564  1.339799 1 11
 2.991564  1.596556 1 12
 2.991564  1.596556 1 13
 2.991564  2.077636 1 14
 2.991564  2.100796 1 15
 2.991564  2.100796 1 16
 2.991564  2.465010 1 17
 2.991564  2.465010 1 18
 3.039676 -0.554692 1 1
 3.039676 -0.210795 1 2
 3.039676  0.156988 1 3
 3.039676  0.156988 1 4
 3.039676  0.411980 1 5
 3.039676  0.564544 1 6
 3.039676  0.564544 1 7
 3.039676  0.901612 1 8
 3.039676  1.027175 1 9
 3.039676  1.027175 1 10
 3.039676  1.355147 1 11
 3.039676  1.572854 1 12
 3.039676  1.572854 1 13
 3.039676  2.037162 1 14
 3.039676  2.099573 1 15
 3.039676  2.099573 1 16
 3.039676  2.465523 1 17
 3.039676  2.465523 1 18
 3.087789 -0.538512 1 1
 3.087789 -0.239900 1 2
 3.087789  0.152765 1 3
 3.087789  0.152765 1 4
 3.087789  0.407825 1 5
 3.087789  0.561957 1 6
 3.087789  0.561957 1 7
 3.087789  0.903510 1 8
 3.087789  1.075904 1 9
 3.087789  1.075904 1 10
 3.087789  1.379986 1 11
 3.087789  1.542632 1 12
 3.087789  1.542632 1 13
 3.087789  2.000268 1 14
 3.087789  2.100058 1 15
 3.087789  2.100058 1 16
 3.087789  2.467994 1 17
 3.087789  2.467994 1 18
 3.135901 -0.523278 1 1
 3.135901 -0.264952 1 2
 3.135901  0.149351 1 3
 3.135901  0.149351 1 4
 3.135901  0.404140 1 5
 3.135901  0.559157 1 6
 3.135901  0.559157 1 7
 3.135901  0.902487 1 8
 3.135901  1.131127 1 9
 3.135901  1.131127 1 10
 3.135901  1.409728 1 11
 3.135901  1.505989 1 12
 3.135901  1.505989 1 13
 3.135901  1.968322 1 14
 3.135901  2.101570 1 15
 3.135901  2.101570 1 16
 3.135901  2.472911 1 17
 3.135901  2.472911 1 18
 3.184014 -0.510319 1 1
 3.184014 -0.284696 1 2
 3.184014  0.146814 1 3
 3.184014  0.146814 1 4
 3.184014  0.401164 1 5
 3.184014  0.556650 1 6
 3.184014  0.556650 1 7
 3.184014  0.900682 1 8
 3.184014  1.190105 1 9
 3.184014  1.190105 1 10
 3.184014  1.438444 1 11
 3.184014  1.463571 1 12
 3.184014  1.463571 1 13
 3.184014  1.942774 1 14
 3.184014  2.103323 1 15
 3.184014  2.103323 1 16
 3.184014  2.479100 1 17
 3.184014  2.479100 1 18
 3.232126 -0.501357 1 1
 3.232126 -0.297601 1 2
 3.232126  0.145241 1 3
 3.232126  0.145241 1 4
 3.232126  0.399205 1 5
 3.232126  0.554913 1 6
 3.232126  0.554913 1 7
 3.232126  0.899285 1 8
 3.232126  1.245823 1 9
 3.232126  1.245823 1 10
 3.232126  1.419497 1 11
 3.232126  1.419497 1 12
 3.232126  1.459599 1 13
 3.232126  1.925718 1 14
 3.232126  2.104660 1 15
 3.232126  2.104660 1 16
 3.232126  2.484292 1 17
 3.232126  2.484292 1 18
 3.280239 -0.498114 1 1
 3.280239 -0.302131 1 2
 3.280239  0.144707 1 3
 3.280239  0.144707 1 4
 3.280239  0.398520 1 5
 3.280239  0.554292 1 6
 3.280239  0.554292 1 7
 3.280239  0.898781 1 8
 3.280239  1.274950 1 9
 3.280239  1.274950 1 10
 3.280239  1.394580 1 11
 3.280239  1.394580 1 12
 3.280239  1.467449 1 13
 3.280239  1.919635 1 14
 3.280239  2.105154 1 15
 3.280239  2.105154 1 16
 3.280239  2.486317 1 17
 3.280239  2.486317 1 18
 3.280239 -0.498114 1 1
 3.280239 -0.302131 1 2
 3.280239  0.144707 1 3
 3.280239  0.144707 1 4
 3.280239  0.398520 1 5
 3.280239  0.554292 1 6
 3.280239  0.554292 1 7
 3.280239  0.898781 1 8
 3.280239  1.274950 1 9
 3.280239  1.274950 1 10
 3.280239  1.394580 1 11
 3.280239  1.394580 1 12
 3.280239  1.467449 1 13
 3.280239  1.919635 1 14
 3.280239  2.105154 1 15
 3.280239  2.105154 1 16
 3.280239  2.486317 1 17
 3.280239  2.486317 1 18
 3.330747 -0.497181 1 1
 3.330747 -0.301530 1 2
 3.330747  0.136561 1 3
 3.330747  0.142878 1 4
 3.330747  0.405873 1 5
 3.330747  0.550906 1 6
 3.330747  0.558238 1 7
 3.330747  0.908387 1 8
 3.330747  1.249353 1 9
 3.330747  1.266939 1 10
 3.330747  1.400147 1 11
 3.330747  1.405865 1 12
 3.330747  1.482029 1 13
 3.330747  1.924424 1 14
 3.330747  2.102631 1 15
 3.330747  2.103457 1 16
 3.330747  2.482570 1 17
 3.330747  2.486852 1 18
 3.381254 -0.494454 1 1
 3.381254 -0.299837 1 2
 3.381254  0.115200 1 3
 3.381254  0.137460 1 4
 3.381254  0.424248 1 5
 3.381254  0.543667 1 6
 3.381254  0.570391 1 7
 3.381254  0.928725 1 8
 3.381254  1.193469 1 9
 3.381254  1.250399 1 10
 3.381254  1.404905 1 11
 3.381254  1.433146 1 12
 3.381254  1.518107 1 13
 3.381254  1.938785 1 14
 3.381254  2.095577 1 15
 3.381254  2.097820 1 16
 3.381254  2.471931 1 17
 3.381254  2.487796 1 18
 3.431762 -0.490082 1 1
 3.431762 -0.297340 1 2
 3.431762  0.086379 1 3
 3.431762  0.128690 1 4
 3.431762  0.446713 1 5
 3.431762  0.537174 1 6
 3.431762  0.591220 1 7
 3.431762  0.943625 1 8
 3.431762  1.127462 1 9
 3.431762  1.235854 1 10
 3.431762  1.406235 1 11
 3.431762  1.467596 1 12
 3.431762  1.561757 1 13
 3.431762  1.961349 1 14
 3.431762  2.085345 1 15
 3.431762  2.087166 1 16
 3.431762  2.456151 1 17
 3.431762  2.487419 1 18
 3.482269 -0.484156 1 1
 3.482269 -0.294401 1 2
 3.482269  0.054496 1 3
 3.482269  0.116948 1 4
 3.482269  0.468595 1 5
 3.482269  0.533432 1 6
 3.482269  0.620388 1 7
 3.482269  0.943248 1 8
 3.482269  1.059444 1 9
 3.482269  1.228497 1 10
 3.482269  1.407408 1 11
 3.482269  1.504422 1 12
 3.482269  1.606592 1 13
 3.482269  1.985957 1 14
 3.482269  2.072333 1 15
 3.482269  2.073602 1 16
 3.482269  2.437792 1 17
 3.482269  2.483626 1 18
 3.532777 -0.476687 1 1
 3.532777 -0.291379 1 2
 3.532777  0.022278 1 3
 3.532777  0.102638 1 4
 3.532777  0.488538 1 5
 3.532777  0.532321 1 6
 3.532777  0.656552 1 7
 3.532777  0.927780 1 8
 3.532777  0.993843 1 9
 3.532777  1.228606 1 10
 3.532777  1.410418 1 11
 3.532777  1.541684 1 12
 3.532777  1.651287 1 13
 3.532777  1.994735 1 14
 3.532777  2.061705 1 15
 3.532777  2.064269 1 16
 3.532777  2.419577 1 17
 3.532777  2.474922 1 18
 3.583285 -0.467637 1 1
 3.583285 -0.288621 1 2
 3.583285 -0.008479 1 3
 3.583285  0.086053 1 4
 3.583285  0.506945 1 5
 3.583285  0.533098 1 6
 3.583285  0.698512 1 7
 3.583285  0.902259 1 8
 3.583285  0.933555 1 9
 3.583285  1.234059 1 10
 3.583285  1.416009 1 11
 3.583285  1.579215 1 12
 3.583285  1.696106 1 13
 3.583285  1.970850 1 14
 3.583285  2.050172 1 15
 3.583285  2.074713 1 16
 3.583285  2.403504 1 17
 3.583285  2.461217 1 18
 3.633792 -0.456996 1 1
 3.633792 -0.286594 1 2
 3.633792 -0.036211 1 3
 3.633792  0.067435 1 4
 3.633792  0.524425 1 5
 3.633792  0.535246 1 6
 3.633792  0.745276 1 7
 3.633792  0.871344 1 8
 3.633792  0.881169 1 9
 3.633792  1.242513 1 10
 3.633792  1.423840 1 11
 3.633792  1.617055 1 12
 3.633792  1.741374 1 13
 3.633792  1.929595 1 14
 3.633792  2.038569 1 15
 3.633792  2.087572 1 16
 3.633792  2.390439 1 17
 3.633792  2.444073 1 18
 3.684300 -0.444801 1 1
 3.684300 -0.286056 1 2
 3.684300 -0.059385 1 3
 3.684300  0.047100 1 4
 3.684300  0.538740 1 5
 3.684300  0.541333 1 6
 3.684300  0.787499 1 7
 3.684300  0.837846 1 8
 3.684300  0.847194 1 9
 3.684300  1.251756 1 10
 3.684300  1.432948 1 11
 3.684300  1.654373 1 12
 3.684300  1.786966 1 13
 3.684300  1.882871 1 14
 3.684300  2.025833 1 15
 3.684300  2.094153 1 16
 3.684300  2.380339 1 17
 3.684300  2.426099 1 18
 3.734808 -0.431155 1 1
 3.734808 -0.288083 1 2
 3.734808 -0.076551 1 3
 3.734808  0.025594 1 4
 3.734808  0.544010 1 5
 3.734808  0.557813 1 6
 3.734808  0.775265 1 7
 3.734808  0.803341 1 8
 3.734808  0.881442 1 9
 3.734808  1.259541 1 10
 3.734808  1.442543 1 11
 3.734808  1.688380 1 12
 3.734808  1.832034 1 13
 3.734808  1.836929 1 14
 3.734808  2.011008 1 15
 3.734808  2.094090 1 16
 3.734808  2.372880 1 17
 3.734808  2.409824 1 18
 3.785315 -0.416233 1 1
 3.785315 -0.293710 1 2
 3.785315 -0.086758 1 3
 3.785315  0.003763 1 4
 3.785315  0.551726 1 5
 3.785315  0.573928 1 6
 3.785315  0.741792 1 7
 3.785315  0.769018 1 8
 3.785315  0.948584 1 9
 3.785315  1.263685 1 10
 3.785315  1.452815 1 11
 3.785315  1.709238 1 12
 3.785315  1.802034 1 13
 3.785315  1.874738 1 14
 3.785315  1.994210 1 15
 3.785315  2.088960 1 16
 3.785315  2.367877 1 17
 3.785315  2.396709 1 18
 3.835823 -0.400239 1 1
 3.835823 -0.303319 1 2
 3.835823 -0.090041 1 3
 3.835823 -0.017413 1 4
 3.835823  0.562539 1 5
 3.835823  0.589790 1 6
 3.835823  0.709458 1 7
 3.835823  0.736055 1 8
 3.835823  1.021952 1 9
 3.835823  1.262255 1 10
 3.835823  1.465494 1 11
 3.835823  1.693124 1 12
 3.835823  1.801173 1 13
 3.835823  1.910489 1 14
 3.835823  1.978817 1 15
 3.835823  2.080033 1 16
 3.835823  2.365280 1 17
 3.835823  2.386872 1 18
 3.886330 -0.383433 1 1
 3.886330 -0.316388 1 2
 3.886330 -0.087345 1 3
 3.886330 -0.036981 1 4
 3.886330  0.576779 1 5
 3.886330  0.605264 1 6
 3.886330  0.680404 1 7
 3.886330  0.705729 1 8
 3.886330  1.093521 1 9
 3.886330  1.253412 1 10
 3.886330  1.483849 1 11
 3.886330  1.649315 1 12
 3.886330  1.824655 1 13
 3.886330  1.922498 1 14
 3.886330  1.980811 1 15
 3.886330  2.067579 1 16
 3.886330  2.364964 1 17
 3.886330  2.379607 1 18
 3.936838 -0.366122 1 1
 3.936838 -0.331884 1 2
 3.936838 -0.079901 1 3
 3.936838 -0.054232 1 4
 3.936838  0.594119 1 5
 3.936838  0.617405 1 6
 3.936838  0.658596 1 7
 3.936838  0.679329 1 8
 3.936838  1.155802 1 9
 3.936838  1.234803 1 10
 3.936838  1.511749 1 11
 3.936838  1.598949 1 12
 3.936838  1.852832 1 13
 3.936838  1.905879 1 14
 3.936838  2.004568 1 15
 3.936838  2.051048 1 16
 3.936838  2.366597 1 17
 3.936838  2.374063 1 18
 3.987346 -0.348740 1 1
 3.987346 -0.348740 1 2
 3.987346 -0.068671 1 3
 3.987346 -0.068671 1 4
 3.987346  0.612002 1 5
 3.987346  0.612002 1 6
 3.987346  0.659518 1 7
 3.987346  0.659518 1 8
 3.987346  1.203192 1 9
 3.987346  1.203192 1 10
 3.987346  1.551014 1 11
 3.987346  1.551014 1 12
 3.987346  1.880645 1 13
 3.987346  1.880645 1 14
 3.987346  2.029859 1 15
 3.987346  2.029859 1 16
 3.987346  2.369737 1 17
 3.987346  2.369737 1 18
 3.987346 -0.348740 1 1
 3.987346 -0.348740 1 2
 3.987346 -0.068671 1 3
 3.987346 -0.068671 1 4
 3.987346  0.612002 1 5
 3.987346  0.612002 1 6
 3.987346  0.659518 1 7
 3.987346  0.659518 1 8
 3.987346  1.203192 1 9
 3.987346  1.203192 1 10
 3.987346  1.551014 1 11
 3.987346  1.551014 1 12
 3.987346  1.880645 1 13
 3.987346  1.880645 1 14
 3.987346  2.029859 1 15
 3.987346  2.029859 1 16
 3.987346  2.369737 1 17
 3.987346  2.369737 1 18
 4.037346 -0.349043 1 1
 4.037346 -0.349043 1 2
 4.037346 -0.067135 1 3
 4.037346 -0.067135 1 4
 4.037346  0.585864 1 5
 4.037346  0.585864 1 6
 4.037346  0.689913 1 7
 4.037346  0.689913 1 8
 4.037346  1.203394 1 9
 4.037346  1.203394 1 10
 4.037346  1.550604 1 11
 4.037346  1.550604 1 12
 4.037346  1.867167 1 13
 4.037346  1.867167 1 14
 4.037346  2.038416 1 15
 4.037346  2.038416 1 16
 4.037346  2.370385 1 17
 4.037346  2.370385 1 18
 4.087346 -0.349930 1 1
 4.087346 -0.349930 1 2
 4.087346 -0.062624 1 3
 4.087346 -0.062624 1 4
 4.087346  0.547899 1 5
 4.087346  0.547899 1 6
 4.087346  0.740257 1 7
 4.087346  0.740257 1 8
 4.087346  1.204176 1 9
 4.087346  1.204176 1 10
 4.087346  1.549284 1 11
 4.087346  1.549284 1 12
 4.087346  1.833918 1 13
 4.087346  1.833918 1 14
 4.087346  2.057817 1 15
 4.087346  2.057817 1 16
 4.087346  2.371954 1 17
 4.087346  2.371954 1 18
 4.137346 -0.351330 1 1
 4.137346 -0.351330 1 2
 4.137346 -0.055410 1 3
 4.137346 -0.055410 1 4
 4.137346  0.510679 1 5
 4.137346  0.510679 1 6
 4.137346  0.796852 1 7
 4.137346  0.796852 1 8
 4.137346  1.206109 1 9
 4.137346  1.206109 1 10
 4.137346  1.546868 1 11
 4.137346  1.546868 1 12
 4.137346  1.791225 1 13
 4.137346  1.791225 1 14
 4.137346  2.080220 1 15
 4.137346  2.080220 1 16
 4.137346  2.373645 1 17
 4.137346  2.373645 1 18
 4.187346 -0.353114 1 1
 4.187346 -0.353114 1 2
 4.187346 -0.045931 1 3
 4.187346 -0.045931 1 4
 4.187346  0.474804 1 5
 4.187346  0.474804 1 6
 4.187346  0.857319 1 7
 4.187346  0.857319 1 8
 4.187346  1.210230 1 9
 4.187346  1.210230 1 10
 4.187346  1.543257 1 11
 4.187346  1.543257 1 12
 4.187346  1.745521 1 13
 4.187346  1.745521 1 14
 4.187346  2.102578 1 15
 4.187346  2.102578 1 16
 4.187346  2.374851 1 17
 4.187346  2.374851 1 18
 4.237346 -0.355104 1 1
 4.237346 -0.355104 1 2
 4.237346 -0.034777 1 3
 4.237346 -0.034777 1 4
 4.237346  0.440398 1 5
 4.237346  0.440398 1 6
 4.237346  0.919057 1 7
 4.237346  0.919057 1 8
 4.237346  1.218086 1 9
 4.237346  1.218086 1 10
 4.237346  1.538456 1 11
 4.237346  1.538456 1 12
 4.237346  1.700990 1 13
 4.237346  1.700990 1 14
 4.237346  2.124197 1 15
 4.237346  2.124197 1 16
 4.237346  2.375459 1 17
 4.237346  2.375459 1 18
 4.287346 -0.357087 1 1
 4.287346 -0.357087 1 2
 4.287346 -0.022723 1 3
 4.287346 -0.022723 1 4
 4.287346  0.408108 1 5
 4.287346  0.408108 1 6
 4.287346  0.978055 1 7
 4.287346  0.978055 1 8
 4.287346  1.231677 1 9
 4.287346  1.231677 1 10
 4.287346  1.532094 1 11
 4.287346  1.532094 1 12
 4.287346  1.660894 1 13
 4.287346  1.660894 1 14
 4.287346  2.144821 1 15
 4.287346  2.144821 1 16
 4.287346  2.375707 1 17
 4.287346  2.375707 1 18
 4.337346 -0.358856 1 1
 4.337346 -0.358856 1 2
 4.337346 -0.010790 1 3
 4.337346 -0.010790 1 4
 4.337346  0.379292 1 5
 4.337346  0.379292 1 6
 4.337346  1.028847 1 7
 4.337346  1.028847 1 8
 4.337346  1.252884 1 9
 4.337346  1.252884 1 10
 4.337346  1.522537 1 11
 4.337346  1.522537 1 12
 4.337346  1.628414 1 13
 4.337346  1.628414 1 14
 4.337346  2.163740 1 15
 4.337346  2.163740 1 16
 4.337346  2.375859 1 17
 4.337346  2.375859 1 18
 4.387346 -0.360238 1 1
 4.387346 -0.360238 1 2
 4.387346 -0.000341 1 3
 4.387346 -0.000341 1 4
 4.387346  0.355976 1 5
 4.387346  0.355976 1 6
 4.387346  1.066204 1 7
 4.387346  1.066204 1 8
 4.387346  1.281167 1 9
 4.387346  1.281167 1 10
 4.387346  1.507434 1 11
 4.387346  1.507434 1 12
 4.387346  1.606666 1 13
 4.387346  1.606666 1 14
 4.387346  2.179502 1 15
 4.387346  2.179502 1 16
 4.387346  2.376024 1 17
 4.387346  2.376024 1 18
 4.437346 -0.361112 1 1
 4.437346 -0.361112 1 2
 4.437346  0.006972 1 3
 4.437346  0.006972 1 4
 4.437346  0.340558 1 5
 4.437346  0.340558 1 6
 4.437346  1.087996 1 7
 4.437346  1.087996 1 8
 4.437346  1.309442 1 9
 4.437346  1.309442 1 10
 4.437346  1.489195 1 11
 4.437346  1.489195 1 12
 4.437346  1.595894 1 13
 4.437346  1.595894 1 14
 4.437346  2.190152 1 15
 4.437346  2.190152 1 16
 4.437346  2.376171 1 17
 4.437346  2.376171 1 18
 4.487346 -0.361410 1 1
 4.487346 -0.361410 1 2
 4.487346  0.009625 1 3
 4.487346  0.009625 1 4
 4.487346  0.335133 1 5
 4.487346  0.335133 1 6
 4.487346  1.095015 1 7
 4.487346  1.095015 1 8
 4.487346  1.322460 1 9
 4.487346  1.322460 1 10
 4.487346  1.479885 1 11
 4.487346  1.479885 1 12
 4.487346  1.592916 1 13
 4.487346  1.592916 1 14
 4.487346  2.193938 1 15
 4.487346  2.193938 1 16
 4.487346  2.376230 1 17
 4.487346  2.376230 1 18
