 0.000000 -0.674179 1 1
 0.000000  0.246941 1 2
 0.000000  0.246941 1 3
 0.000000  0.246941 1 4
 0.000000  0.490529 1 5
 0.000000  0.490529 1 6
 0.000000  0.490529 1 7
 0.000000  0.529778 1 8
 0.000000  1.056965 1 9
 0.000000  1.056965 1 10
 0.000000  1.647253 1 11
 0.000000  1.647253 1 12
 0.000000  1.647253 1 13
 0.000000  2.267243 1 14
 0.000000  2.267243 1 15
 0.000000  2.410498 1 16
 0.000000  2.410498 1 17
 0.000000  2.410498 1 18
 0.047619 -0.673412 1 1
 0.047619  0.241815 1 2
 0.047619  0.243675 1 3
 0.047619  0.243946 1 4
 0.047619  0.488404 1 5
 0.047619  0.494259 1 6
 0.047619  0.494576 1 7
 0.047619  0.533739 1 8
 0.047619  1.047089 1 9
 0.047619  1.058102 1 10
 0.047619  1.644471 1 11
 0.047619  1.644646 1 12
 0.047619  1.648628 1 13
 0.047619  2.260336 1 14
 0.047619  2.263290 1 15
 0.047619  2.407509 1 16
 0.047619  2.408750 1 17
 0.047619  2.411186 1 18
 0.095238 -0.671130 1 1
 0.095238  0.227278 1 2
 0.095238  0.234485 1 3
 0.095238  0.235329 1 4
 0.095238  0.482252 1 5
 0.095238  0.505140 1 6
 0.095238  0.506158 1 7
 0.095238  0.545003 1 8
 0.095238  1.019121 1 9
 0.095238  1.061845 1 10
 0.095238  1.636917 1 11
 0.095238  1.637506 1 12
 0.095238  1.653010 1 13
 0.095238  2.242146 1 14
 0.095238  2.251968 1 15
 0.095238  2.399361 1 16
 0.095238  2.403709 1 17
 0.095238  2.412395 1 18
 0.142857 -0.667378 1 1
 0.142857  0.205302 1 2
 0.142857  0.220805 1 3
 0.142857  0.222071 1 4
 0.142857  0.472686 1 5
 0.142857  0.522359 1 6
 0.142857  0.523962 1 7
 0.142857  0.562059 1 8
 0.142857  0.977696 1 9
 0.142857  1.068998 1 10
 0.142857  1.626554 1 11
 0.142857  1.627542 1 12
 0.142857  1.660976 1 13
 0.142857  2.217672 1 14
 0.142857  2.234549 1 15
 0.142857  2.388237 1 16
 0.142857  2.395999 1 17
 0.142857  2.413158 1 18
 0.190476 -0.662199 1 1
 0.190476  0.178034 1 2
 0.190476  0.204188 1 3
 0.190476  0.205470 1 4
 0.190476  0.460550 1 5
 0.190476  0.544841 1 6
 0.190476  0.546578 1 7
 0.190476  0.582782 1 8
 0.190476  0.929778 1 9
 0.190476  1.080351 1 10
 0.190476  1.615562 1 11
 0.190476  1.616693 1 12
 0.190476  1.672958 1 13
 0.190476  2.190650 1 14
 0.190476  2.212301 1 15
 0.190476  2.376942 1 16
 0.190476  2.386642 1 17
 0.190476  2.413782 1 18
 0.238095 -0.655607 1 1
 0.238095  0.147271 1 2
 0.238095  0.185922 1 3
 0.238095  0.186862 1 4
 0.238095  0.446717 1 5
 0.238095  0.571460 1 6
 0.238095  0.572851 1 7
 0.238095  0.603512 1 8
 0.238095  0.884595 1 9
 0.238095  1.096202 1 10
 0.238095  1.605448 1 11
 0.238095  1.606368 1 12
 0.238095  1.688843 1 13
 0.238095  2.162135 1 14
 0.238095  2.185925 1 15
 0.238095  2.368030 1 16
 0.238095  2.376970 1 17
 0.238095  2.414992 1 18
 0.285714 -0.647582 1 1
 0.285714  0.114382 1 2
 0.285714  0.166973 1 3
 0.285714  0.167425 1 4
 0.285714  0.431922 1 5
 0.285714  0.601208 1 6
 0.285714  0.601945 1 7
 0.285714  0.616923 1 8
 0.285714  0.854517 1 9
 0.285714  1.116135 1 10
 0.285714  1.596623 1 11
 0.285714  1.597081 1 12
 0.285714  1.708044 1 13
 0.285714  2.130961 1 14
 0.285714  2.155597 1 15
 0.285714  2.363160 1 16
 0.285714  2.368523 1 17
 0.285714  2.416648 1 18
 0.333333 -0.638080 1 1
 0.333333  0.080368 1 2
 0.333333  0.148055 1 3
 0.333333  0.148055 1 4
 0.333333  0.416709 1 5
 0.333333  0.613627 1 6
 0.333333  0.633340 1 7
 0.333333  0.633340 1 8
 0.333333  0.852322 1 9
 0.333333  1.139183 1 10
 0.333333  1.588547 1 11
 0.333333  1.588547 1 12
 0.333333  1.730098 1 13
 0.333333  2.095181 1 14
 0.333333  2.121560 1 15
 0.333333  2.362921 1 16
 0.333333  2.362922 1 17
 0.333333  2.417307 1 18
 0.380952 -0.627071 1 1
 0.380952  0.045994 1 2
 0.380952  0.129383 1 3
 0.380952  0.129734 1 4
 0.380952  0.401515 1 5
 0.380952  0.593493 1 6
 0.380952  0.666749 1 7
 0.380952  0.667400 1 8
 0.380952  0.879234 1 9
 0.380952  1.164239 1 10
 0.380952  1.580119 1 11
 0.380952  1.580306 1 12
 0.380952  1.755283 1 13
 0.380952  2.053813 1 14
 0.380952  2.084837 1 15
 0.380952  2.361616 1 16
 0.380952  2.367041 1 17
 0.380952  2.414779 1 18
 0.428571 -0.614548 1 1
 0.428571  0.011805 1 2
 0.428571  0.111817 1 3
 0.428571  0.112439 1 4
 0.428571  0.386787 1 5
 0.428571  0.565599 1 6
 0.428571  0.702087 1 7
 0.428571  0.703213 1 8
 0.428571  0.924887 1 9
 0.428571  1.190529 1 10
 0.428571  1.571251 1 11
 0.428571  1.571261 1 12
 0.428571  1.784761 1 13
 0.428571  2.007801 1 14
 0.428571  2.047387 1 15
 0.428571  2.365419 1 16
 0.428571  2.374703 1 17
 0.428571  2.407287 1 18
 0.476190 -0.600535 1 1
 0.476190 -0.021856 1 2
 0.476190  0.095613 1 3
 0.476190  0.096447 1 4
 0.476190  0.373057 1 5
 0.476190  0.536598 1 6
 0.476190  0.739362 1 7
 0.476190  0.740751 1 8
 0.476190  0.979567 1 9
 0.476190  1.217836 1 10
 0.476190  1.561369 1 11
 0.476190  1.561738 1 12
 0.476190  1.819907 1 13
 0.476190  1.959831 1 14
 0.476190  2.011494 1 15
 0.476190  2.374079 1 16
 0.476190  2.384715 1 17
 0.476190  2.394586 1 18
 0.523810 -0.585075 1 1
 0.523810 -0.054855 1 2
 0.523810  0.080922 1 3
 0.523810  0.081866 1 4
 0.523810  0.360909 1 5
 0.523810  0.508966 1 6
 0.523810  0.778552 1 7
 0.523810  0.779966 1 8
 0.523810  1.037037 1 9
 0.523810  1.246410 1 10
 0.523810  1.550946 1 11
 0.523810  1.551608 1 12
 0.523810  1.861132 1 13
 0.523810  1.913168 1 14
 0.523810  1.978675 1 15
 0.523810  2.377880 1 16
 0.523810  2.386179 1 17
 0.523810  2.396009 1 18
 0.571429 -0.568210 1 1
 0.571429 -0.087242 1 2
 0.571429  0.067793 1 3
 0.571429  0.068657 1 4
 0.571429  0.350823 1 5
 0.571429  0.483282 1 6
 0.571429  0.819493 1 7
 0.571429  0.820676 1 8
 0.571429  1.093321 1 9
 0.571429  1.276669 1 10
 0.571429  1.540122 1 11
 0.571429  1.540785 1 12
 0.571429  1.869919 1 13
 0.571429  1.907262 1 14
 0.571429  1.948802 1 15
 0.571429  2.360444 1 16
 0.571429  2.399401 1 17
 0.571429  2.406470 1 18
 0.619048 -0.549970 1 1
 0.619048 -0.119189 1 2
 0.619048  0.056184 1 3
 0.619048  0.056718 1 4
 0.619048  0.342972 1 5
 0.619048  0.459635 1 6
 0.619048  0.861857 1 7
 0.619048  0.862549 1 8
 0.619048  1.145991 1 9
 0.619048  1.308885 1 10
 0.619048  1.528447 1 11
 0.619048  1.528834 1 12
 0.619048  1.831048 1 13
 0.619048  1.920057 1 14
 0.619048  1.954608 1 15
 0.619048  2.344920 1 16
 0.619048  2.410963 1 17
 0.619048  2.414475 1 18
 0.666667 -0.530373 1 1
 0.666667 -0.150883 1 2
 0.666667  0.045981 1 3
 0.666667  0.045981 1 4
 0.666667  0.337110 1 5
 0.666667  0.438091 1 6
 0.666667  0.905204 1 7
 0.666667  0.905204 1 8
 0.666667  1.193945 1 9
 0.666667  1.342995 1 10
 0.666667  1.514966 1 11
 0.666667  1.514966 1 12
 0.666667  1.795003 1 13
 0.666667  1.889770 1 14
 0.666667  1.999377 1 15
 0.666667  2.332983 1 16
 0.666667  2.418122 1 17
 0.666667  2.418123 1 18
 0.714286 -0.509447 1 1
 0.714286 -0.182426 1 2
 0.714286  0.036470 1 3
 0.714286  0.037053 1 4
 0.714286  0.332704 1 5
 0.714286  0.418667 1 6
 0.714286  0.948290 1 7
 0.714286  0.949058 1 8
 0.714286  1.237327 1 9
 0.714286  1.378613 1 10
 0.714286  1.498319 1 11
 0.714286  1.498638 1 12
 0.714286  1.759568 1 13
 0.714286  1.855675 1 14
 0.714286  2.038225 1 15
 0.714286  2.324210 1 16
 0.714286  2.415944 1 17
 0.714286  2.418726 1 18
 0.761905 -0.487257 1 1
 0.761905 -0.213771 1 2
 0.761905  0.028297 1 3
 0.761905  0.029307 1 4
 0.761905  0.329278 1 5
 0.761905  0.401196 1 6
 0.761905  0.991455 1 7
 0.761905  0.992873 1 8
 0.761905  1.277383 1 9
 0.761905  1.415168 1 10
 0.761905  1.478350 1 11
 0.761905  1.478845 1 12
 0.761905  1.722511 1 13
 0.761905  1.816916 1 14
 0.761905  2.070012 1 15
 0.761905  2.316138 1 16
 0.761905  2.407432 1 17
 0.761905  2.411804 1 18
 0.809524 -0.463897 1 1
 0.809524 -0.244759 1 2
 0.809524  0.021595 1 3
 0.809524  0.022723 1 4
 0.809524  0.326759 1 5
 0.809524  0.385314 1 6
 0.809524  1.034144 1 7
 0.809524  1.035887 1 8
 0.809524  1.316132 1 9
 0.809524  1.452080 1 10
 0.809524  1.455174 1 11
 0.809524  1.455781 1 12
 0.809524  1.682279 1 13
 0.809524  1.774276 1 14
 0.809524  2.096226 1 15
 0.809524  2.305297 1 16
 0.809524  2.393494 1 17
 0.809524  2.398084 1 18
 0.857143 -0.439510 1 1
 0.857143 -0.275152 1 2
 0.857143  0.016455 1 3
 0.857143  0.017375 1 4
 0.857143  0.325567 1 5
 0.857143  0.370708 1 6
 0.857143  1.075079 1 7
 0.857143  1.076687 1 8
 0.857143  1.355725 1 9
 0.857143  1.429927 1 10
 0.857143  1.430422 1 11
 0.857143  1.489183 1 12
 0.857143  1.638289 1 13
 0.857143  1.729705 1 14
 0.857143  2.120141 1 15
 0.857143  2.288781 1 16
 0.857143  2.376582 1 17
 0.857143  2.380200 1 18
 0.904762 -0.414225 1 1
 0.904762 -0.304747 1 2
 0.904762  0.012876 1 3
 0.904762  0.013397 1 4
 0.904762  0.326406 1 5
 0.904762  0.357381 1 6
 0.904762  1.111567 1 7
 0.904762  1.112616 1 8
 0.904762  1.397704 1 9
 0.904762  1.405324 1 10
 0.904762  1.405521 1 11
 0.904762  1.526259 1 12
 0.904762  1.590917 1 13
 0.904762  1.685350 1 14
 0.904762  2.145235 1 15
 0.904762  2.265501 1 16
 0.904762  2.360296 1 17
 0.904762  2.362313 1 18
 0.952381 -0.388122 1 1
 0.952381 -0.333435 1 2
 0.952381  0.010787 1 3
 0.952381  0.010937 1 4
 0.952381  0.329921 1 5
 0.952381  0.345743 1 6
 0.952381  1.138556 1 7
 0.952381  1.138899 1 8
 0.952381  1.385591 1 9
 0.952381  1.385741 1 10
 0.952381  1.443297 1 11
 0.952381  1.541405 1 12
 0.952381  1.563737 1 13
 0.952381  1.642719 1 14
 0.952381  2.173553 1 15
 0.952381  2.236568 1 16
 0.952381  2.348508 1 17
 0.952381  2.349083 1 18
 1.000000 -0.361208 1 1
 1.000000 -0.361208 1 2
 1.000000  0.010103 1 3
 1.000000  0.010103 1 4
 1.000000  0.336417 1 5
 1.000000  0.336417 1 6
 1.000000  1.148906 1 7
 1.000000  1.148906 1 8
 1.000000  1.377851 1 9
 1.000000  1.377851 1 10
 1.000000  1.491573 1 11
 1.000000  1.491573 1 12
 1.000000  1.602304 1 13
 1.000000  1.602304 1 14
 1.000000  2.204801 1 15
 1.000000  2.204801 1 16
 1.000000  2.344204 1 17
 1.000000  2.344204 1 18
 1.000000 -0.361208 1 1
 1.000000 -0.361208 1 2
 1.000000  0.010103 1 3
 1.000000  0.010103 1 4
 1.000000  0.336417 1 5
 1.000000  0.336417 1 6
 1.000000  1.148906 1 7
 1.000000  1.148906 1 8
 1.000000  1.377851 1 9
 1.000000  1.377851 1 10
 1.000000  1.491573 1 11
 1.000000  1.491573 1 12
 1.000000  1.602304 1 13
 1.000000  1.602304 1 14
 1.000000  2.204801 1 15
 1.000000  2.204801 1 16
 1.000000  2.344204 1 17
 1.000000  2.344204 1 18
 1.058926 -0.361550 1 1
 1.058926 -0.360068 1 2
 1.058926  0.001723 1 3
 1.058926  0.011143 1 4
 1.058926  0.337605 1 5
 1.058926  0.350381 1 6
 1.058926  1.137880 1 7
 1.058926  1.139806 1 8
 1.058926  1.353061 1 9
 1.058926  1.369807 1 10
 1.058926  1.495646 1 11
 1.058926  1.511484 1 12
 1.058926  1.604733 1 13
 1.058926  1.605814 1 14
 1.058926  2.197778 1 15
 1.058926  2.199703 1 16
 1.058926  2.341846 1 17
 1.058926  2.344562 1 18
 1.117851 -0.362822 1 1
 1.117851 -0.356608 1 2
 1.117851 -0.018938 1 3
 1.117851  0.014226 1 4
 1.117851  0.341142 1 5
 1.117851  0.386479 1 6
 1.117851  1.107472 1 7
 1.117851  1.114796 1 8
 1.117851  1.300038 1 9
 1.117851  1.346901 1 10
 1.117851  1.506765 1 11
 1.117851  1.551514 1 12
 1.117851  1.612504 1 13
 1.117851  1.615985 1 14
 1.117851  2.176878 1 15
 1.117851  2.186087 1 16
 1.117851  2.335988 1 17
 1.117851  2.346397 1 18
 1.176777 -0.365669 1 1
 1.176777 -0.350720 1 2
 1.176777 -0.044108 1 3
 1.176777  0.019280 1 4
 1.176777  0.346947 1 5
 1.176777  0.433980 1 6
 1.176777  1.063432 1 7
 1.176777  1.079722 1 8
 1.176777  1.235666 1 9
 1.176777  1.312493 1 10
 1.176777  1.522811 1 11
 1.176777  1.598741 1 12
 1.176777  1.626583 1 13
 1.176777  1.632354 1 14
 1.176777  2.142458 1 15
 1.176777  2.168024 1 16
 1.176777  2.329186 1 17
 1.176777  2.351734 1 18
 1.235702 -0.370901 1 1
 1.235702 -0.342290 1 2
 1.235702 -0.068486 1 3
 1.235702  0.026202 1 4
 1.235702  0.354896 1 5
 1.235702  0.485414 1 6
 1.235702  1.012334 1 7
 1.235702  1.040599 1 8
 1.235702  1.165789 1 9
 1.235702  1.270892 1 10
 1.235702  1.542040 1 11
 1.235702  1.646314 1 12
 1.235702  1.652829 1 13
 1.235702  1.654926 1 14
 1.235702  2.095295 1 15
 1.235702  2.149753 1 16
 1.235702  2.323757 1 17
 1.235702  2.361962 1 18
 1.294628 -0.379271 1 1
 1.294628 -0.331258 1 2
 1.294628 -0.089189 1 3
 1.294628  0.034884 1 4
 1.294628  0.364853 1 5
 1.294628  0.539099 1 6
 1.294628  0.959594 1 7
 1.294628  1.001879 1 8
 1.294628  1.094143 1 9
 1.294628  1.225953 1 10
 1.294628  1.562897 1 11
 1.294628  1.672772 1 12
 1.294628  1.683655 1 13
 1.294628  1.711017 1 14
 1.294628  2.037164 1 15
 1.294628  2.133512 1 16
 1.294628  2.319958 1 17
 1.294628  2.376422 1 18
 1.353553 -0.391342 1 1
 1.353553 -0.317648 1 2
 1.353553 -0.104268 1 3
 1.353553  0.045228 1 4
 1.353553  0.376686 1 5
 1.353553  0.598767 1 6
 1.353553  0.908703 1 7
 1.353553  0.965853 1 8
 1.353553  1.023898 1 9
 1.353553  1.180169 1 10
 1.353553  1.583244 1 11
 1.353553  1.701249 1 12
 1.353553  1.717586 1 13
 1.353553  1.772986 1 14
 1.353553  1.970829 1 15
 1.353553  2.118795 1 16
 1.353553  2.316126 1 17
 1.353553  2.392137 1 18
 1.353553 -0.391342 1 1
 1.353553 -0.317648 1 2
 1.353553 -0.104268 1 3
 1.353553  0.045228 1 4
 1.353553  0.376686 1 5
 1.353553  0.598767 1 6
 1.353553  0.908703 1 7
 1.353553  0.965853 1 8
 1.353553  1.023898 1 9
 1.353553  1.180169 1 10
 1.353553  1.583244 1 11
 1.353553  1.701249 1 12
 1.353553  1.717586 1 13
 1.353553  1.772986 1 14
 1.353553  1.970829 1 15
 1.353553  2.118795 1 16
 1.353553  2.316126 1 17
 1.353553  2.392137 1 18
 1.401765 -0.404129 1 1
 1.401765 -0.304677 1 2
 1.401765 -0.111293 1 3
 1.401765  0.054852 1 4
 1.401765  0.387630 1 5
 1.401765  0.656701 1 6
 1.401765  0.869688 1 7
 1.401765  0.938675 1 8
 1.401765  0.969343 1 9
 1.401765  1.142897 1 10
 1.401765  1.597430 1 11
 1.401765  1.723769 1 12
 1.401765  1.747751 1 13
 1.401765  1.823509 1 14
 1.401765  1.912987 1 15
 1.401765  2.106428 1 16
 1.401765  2.311635 1 17
 1.401765  2.403042 1 18
 1.449977 -0.419371 1 1
 1.449977 -0.290141 1 2
 1.449977 -0.113100 1 3
 1.449977  0.065449 1 4
 1.449977  0.399539 1 5
 1.449977  0.726461 1 6
 1.449977  0.833315 1 7
 1.449977  0.913040 1 8
 1.449977  0.918484 1 9
 1.449977  1.105942 1 10
 1.449977  1.607204 1 11
 1.449977  1.743494 1 12
 1.449977  1.778560 1 13
 1.449977  1.854718 1 14
 1.449977  1.871534 1 15
 1.449977  2.092773 1 16
 1.449977  2.305559 1 17
 1.449977  2.410197 1 18
 1.498189 -0.436624 1 1
 1.498189 -0.274103 1 2
 1.498189 -0.110065 1 3
 1.498189  0.076939 1 4
 1.498189  0.412201 1 5
 1.498189  0.799447 1 6
 1.498189  0.809275 1 7
 1.498189  0.871809 1 8
 1.498189  0.888163 1 9
 1.498189  1.069267 1 10
 1.498189  1.609720 1 11
 1.498189  1.759120 1 12
 1.498189  1.799905 1 13
 1.498189  1.808827 1 14
 1.498189  1.915472 1 15
 1.498189  2.078086 1 16
 1.498189  2.298596 1 17
 1.498189  2.413022 1 18
 1.546401 -0.455290 1 1
 1.546401 -0.256585 1 2
 1.546401 -0.103149 1 3
 1.546401  0.089224 1 4
 1.546401  0.425406 1 5
 1.546401  0.767786 1 6
 1.546401  0.829277 1 7
 1.546401  0.863337 1 8
 1.546401  0.903399 1 9
 1.546401  1.032897 1 10
 1.546401  1.600469 1 11
 1.546401  1.754582 1 12
 1.546401  1.770257 1 13
 1.546401  1.837950 1 14
 1.546401  1.954530 1 15
 1.546401  2.064340 1 16
 1.546401  2.292282 1 17
 1.546401  2.412543 1 18
 1.594613 -0.474776 1 1
 1.594613 -0.237561 1 2
 1.594613 -0.093342 1 3
 1.594613  0.102191 1 4
 1.594613  0.439012 1 5
 1.594613  0.738025 1 6
 1.594613  0.790683 1 7
 1.594613  0.838231 1 8
 1.594613  0.996996 1 9
 1.594613  1.004147 1 10
 1.594613  1.575019 1 11
 1.594613  1.724775 1 12
 1.594613  1.777347 1 13
 1.594613  1.866080 1 14
 1.594613  1.987794 1 15
 1.594613  2.055900 1 16
 1.594613  2.288505 1 17
 1.594613  2.411161 1 18
 1.642824 -0.494576 1 1
 1.642824 -0.216964 1 2
 1.642824 -0.081208 1 3
 1.642824  0.115705 1 4
 1.642824  0.452950 1 5
 1.642824  0.709921 1 6
 1.642824  0.755466 1 7
 1.642824  0.813060 1 8
 1.642824  0.962193 1 9
 1.642824  1.105183 1 10
 1.642824  1.535754 1 11
 1.642824  1.709158 1 12
 1.642824  1.781283 1 13
 1.642824  1.893902 1 14
 1.642824  2.011183 1 15
 1.642824  2.061375 1 16
 1.642824  2.288862 1 17
 1.642824  2.411881 1 18
 1.691036 -0.514250 1 1
 1.691036 -0.194749 1 2
 1.691036 -0.066822 1 3
 1.691036  0.129592 1 4
 1.691036  0.467125 1 5
 1.691036  0.683343 1 6
 1.691036  0.723109 1 7
 1.691036  0.788654 1 8
 1.691036  0.929050 1 9
 1.691036  1.200289 1 10
 1.691036  1.489739 1 11
 1.691036  1.700707 1 12
 1.691036  1.782882 1 13
 1.691036  1.922205 1 14
 1.691036  2.023651 1 15
 1.691036  2.085657 1 16
 1.691036  2.294109 1 17
 1.691036  2.417236 1 18
 1.739248 -0.533436 1 1
 1.739248 -0.170888 1 2
 1.739248 -0.049963 1 3
 1.739248  0.143649 1 4
 1.739248  0.481275 1 5
 1.739248  0.658220 1 6
 1.739248  0.693113 1 7
 1.739248  0.766310 1 8
 1.739248  0.898497 1 9
 1.739248  1.284381 1 10
 1.739248  1.440953 1 11
 1.739248  1.694219 1 12
 1.739248  1.782466 1 13
 1.739248  1.951443 1 14
 1.739248  2.036225 1 15
 1.739248  2.119317 1 16
 1.739248  2.303875 1 17
 1.739248  2.428305 1 18
 1.787460 -0.551822 1 1
 1.787460 -0.145421 1 2
 1.787460 -0.030427 1 3
 1.787460  0.157637 1 4
 1.787460  0.494807 1 5
 1.787460  0.634555 1 6
 1.787460  0.665126 1 7
 1.787460  0.747598 1 8
 1.787460  0.871590 1 9
 1.787460  1.354484 1 10
 1.787460  1.389898 1 11
 1.787460  1.687195 1 12
 1.787460  1.779716 1 13
 1.787460  1.981365 1 14
 1.787460  2.053915 1 15
 1.787460  2.155792 1 16
 1.787460  2.316723 1 17
 1.787460  2.444189 1 18
 1.835672 -0.569163 1 1
 1.835672 -0.118435 1 2
 1.835672 -0.008236 1 3
 1.835672  0.171280 1 4
 1.835672  0.506763 1 5
 1.835672  0.612407 1 6
 1.835672  0.638984 1 7
 1.835672  0.734001 1 8
 1.835672  0.849533 1 9
 1.835672  1.335659 1 10
 1.835672  1.410023 1 11
 1.835672  1.678646 1 12
 1.835672  1.773881 1 13
 1.835672  2.011013 1 14
 1.835672  2.075803 1 15
 1.835672  2.191648 1 16
 1.835672  2.330543 1 17
 1.835672  2.462158 1 18
 1.883883 -0.585289 1 1
 1.883883 -0.090024 1 2
 1.883883  0.016289 1 3
 1.883883  0.184283 1 4
 1.883883  0.516017 1 5
 1.883883  0.591875 1 6
 1.883883  0.614717 1 7
 1.883883  0.726334 1 8
 1.883883  0.833668 1 9
 1.883883  1.277669 1 10
 1.883883  1.452563 1 11
 1.883883  1.668447 1 12
 1.883883  1.764239 1 13
 1.883883  2.039071 1 14
 1.883883  2.099116 1 15
 1.883883  2.224064 1 16
 1.883883  2.343157 1 17
 1.883883  2.478465 1 18
 1.932095 -0.600097 1 1
 1.932095 -0.060232 1 2
 1.932095  0.042582 1 3
 1.932095  0.196355 1 4
 1.932095  0.521776 1 5
 1.932095  0.573086 1 6
 1.932095  0.592498 1 7
 1.932095  0.723875 1 8
 1.932095  0.825393 1 9
 1.932095  1.216986 1 10
 1.932095  1.485058 1 11
 1.932095  1.657091 1 12
 1.932095  1.750611 1 13
 1.932095  2.064444 1 14
 1.932095  2.121067 1 15
 1.932095  2.251154 1 16
 1.932095  2.352961 1 17
 1.932095  2.489546 1 18
 1.980307 -0.613541 1 1
 1.980307 -0.029001 1 2
 1.980307  0.069950 1 3
 1.980307  0.207235 1 4
 1.980307  0.524044 1 5
 1.980307  0.556170 1 6
 1.980307  0.572541 1 7
 1.980307  0.723550 1 8
 1.980307  0.825974 1 9
 1.980307  1.157051 1 10
 1.980307  1.510903 1 11
 1.980307  1.645595 1 12
 1.980307  1.733683 1 13
 1.980307  2.086806 1 14
 1.980307  2.139849 1 15
 1.980307  2.272705 1 16
 1.980307  2.359397 1 17
 1.980307  2.493142 1 18
 2.028519 -0.625624 1 1
 2.028519  0.003821 1 2
 2.028519  0.097687 1 3
 2.028519  0.216733 1 4
 2.028519  0.523559 1 5
 2.028519  0.541240 1 6
 2.028519  0.555002 1 7
 2.028519  0.719948 1 8
 2.028519  0.836245 1 9
 2.028519  1.103725 1 10
 2.028519  1.533062 1 11
 2.028519  1.635347 1 12
 2.028519  1.714985 1 13
 2.028519  2.106867 1 14
 2.028519  2.155122 1 15
 2.028519  2.290283 1 16
 2.028519  2.363105 1 17
 2.028519  2.488934 1 18
 2.076731 -0.636376 1 1
 2.076731  0.038388 1 2
 2.076731  0.125145 1 3
 2.076731  0.224758 1 4
 2.076731  0.521299 1 5
 2.076731  0.528377 1 6
 2.076731  0.539897 1 7
 2.076731  0.707009 1 8
 2.076731  0.856269 1 9
 2.076731  1.063805 1 10
 2.076731  1.553492 1 11
 2.076731  1.627801 1 12
 2.076731  1.696524 1 13
 2.076731  2.126188 1 14
 2.076731  2.168060 1 15
 2.076731  2.306414 1 16
 2.076731  2.365649 1 17
 2.076731  2.478472 1 18
 2.124943 -0.645842 1 1
 2.124943  0.074670 1 2
 2.124943  0.151719 1 3
 2.124943  0.231325 1 4
 2.124943  0.517372 1 5
 2.124943  0.518323 1 6
 2.124943  0.527097 1 7
 2.124943  0.681825 1 8
 2.124943  0.885053 1 9
 2.124943  1.041195 1 10
 2.124943  1.573030 1 11
 2.124943  1.624044 1 12
 2.124943  1.680211 1 13
 2.124943  2.146586 1 14
 2.124943  2.180858 1 15
 2.124943  2.323320 1 16
 2.124943  2.368901 1 17
 2.124943  2.464480 1 18
 2.173154 -0.654053 1 1
 2.173154  0.112227 1 2
 2.173154  0.176771 1 3
 2.173154  0.236532 1 4
 2.173154  0.508754 1 5
 2.173154  0.514592 1 6
 2.173154  0.516376 1 7
 2.173154  0.647348 1 8
 2.173154  0.920423 1 9
 2.173154  1.033888 1 10
 2.173154  1.591687 1 11
 2.173154  1.624420 1 12
 2.173154  1.667323 1 13
 2.173154  2.169344 1 14
 2.173154  2.195631 1 15
 2.173154  2.341949 1 16
 2.173154  2.374298 1 17
 2.173154  2.449829 1 18
 2.221366 -0.660993 1 1
 2.221366  0.149931 1 2
 2.221366  0.199505 1 3
 2.221366  0.240518 1 4
 2.221366  0.501893 1 5
 2.221366  0.507517 1 6
 2.221366  0.510837 1 7
 2.221366  0.609915 1 8
 2.221366  0.959009 1 9
 2.221366  1.036237 1 10
 2.221366  1.609007 1 11
 2.221366  1.628349 1 12
 2.221366  1.658247 1 13
 2.221366  2.194477 1 14
 2.221366  2.213141 1 15
 2.221366  2.361678 1 16
 2.221366  2.382227 1 17
 2.221366  2.436661 1 18
 2.269578 -0.666596 1 1
 2.269578  0.185830 1 2
 2.269578  0.218962 1 3
 2.269578  0.243436 1 4
 2.269578  0.496780 1 5
 2.269578  0.500394 1 6
 2.269578  0.506651 1 7
 2.269578  0.575459 1 8
 2.269578  0.996530 1 9
 2.269578  1.042847 1 10
 2.269578  1.624269 1 11
 2.269578  1.634428 1 12
 2.269578  1.652535 1 13
 2.269578  2.220401 1 14
 2.269578  2.232199 1 15
 2.269578  2.380657 1 16
 2.269578  2.391811 1 17
 2.269578  2.425957 1 18
 2.317790 -0.670747 1 1
 2.317790  0.216889 1 2
 2.317790  0.234035 1 3
 2.317790  0.245418 1 4
 2.317790  0.493261 1 5
 2.317790  0.495052 1 6
 2.317790  0.501118 1 7
 2.317790  0.548946 1 8
 2.317790  1.028198 1 9
 2.317790  1.049935 1 10
 2.317790  1.636475 1 11
 2.317790  1.640773 1 12
 2.317790  1.649310 1 13
 2.317790  2.243968 1 14
 2.317790  2.249903 1 15
 2.317790  2.396456 1 16
 2.317790  2.401154 1 17
 2.317790  2.417851 1 18
 2.366002 -0.673311 1 1
 2.366002  0.238844 1 2
 2.366002  0.243636 1 3
 2.366002  0.246566 1 4
 2.366002  0.491204 1 5
 2.366002  0.491686 1 6
 2.366002  0.494168 1 7
 2.366002  0.534051 1 8
 2.366002  1.049461 1 9
 2.366002  1.055095 1 10
 2.366002  1.644462 1 11
 2.366002  1.645507 1 12
 2.366002  1.647726 1 13
 2.366002  2.260960 1 14
 2.366002  2.262606 1 15
 2.366002  2.406872 1 16
 2.366002  2.407989 1 17
 2.366002  2.412468 1 18
 2.414214 -0.674179 1 1
 2.414214  0.246941 1 2
 2.414214  0.246941 1 3
 2.414214  0.246941 1 4
 2.414214  0.490529 1 5
 2.414214  0.490529 1 6
 2.414214  0.490529 1 7
 2.414214  0.529778 1 8
 2.414214  1.056965 1 9
 2.414214  1.056965 1 10
 2.414214  1.647253 1 11
 2.414214  1.647253 1 12
 2.414214  1.647253 1 13
 2.414214  2.267243 1 14
 2.414214  2.267243 1 15
 2.414214  2.410498 1 16
 2.414214  2.410498 1 17
 2.414214  2.410498 1 18
 2.414214 -0.674179 1 1
 2.414214  0.246941 1 2
 2.414214  0.246941 1 3
 2.414214  0.246941 1 4
 2.414214  0.490529 1 5
 2.414214  0.490529 1 6
 2.414214  0.490529 1 7
 2.414214  0.529778 1 8
 2.414214  1.056965 1 9
 2.414214  1.056965 1 10
 2.414214  1.647253 1 11
 2.414214  1.647253 1 12
 2.414214  1.647253 1 13
 2.414214  2.267243 1 14
 2.414214  2.267243 1 15
 2.414214  2.410498 1 16
 2.414214  2.410498 1 17
 2.414214  2.410498 1 18
 2.462326 -0.673343 1 1
 2.462326  0.238049 1 2
 2.462326  0.245531 1 3
 2.462326  0.245588 1 4
 2.462326  0.492183 1 5
 2.462326  0.492358 1 6
 2.462326  0.492386 1 7
 2.462326  0.534149 1 8
 2.462326  1.052353 1 9
 2.462326  1.052359 1 10
 2.462326  1.644422 1 11
 2.462326  1.646503 1 12
 2.462326  1.646726 1 13
 2.462326  2.261699 1 14
 2.462326  2.261832 1 15
 2.462326  2.405530 1 16
 2.462326  2.410588 1 17
 2.462326  2.411232 1 18
 2.510439 -0.670884 1 1
 2.510439  0.213808 1 2
 2.510439  0.241483 1 3
 2.510439  0.241659 1 4
 2.510439  0.493128 1 5
 2.510439  0.497727 1 6
 2.510439  0.497821 1 7
 2.510439  0.549555 1 8
 2.510439  1.039326 1 9
 2.510439  1.039350 1 10
 2.510439  1.636115 1 11
 2.510439  1.644627 1 12
 2.510439  1.645375 1 13
 2.510439  2.246589 1 14
 2.510439  2.247119 1 15
 2.510439  2.391416 1 16
 2.510439  2.410915 1 17
 2.510439  2.413002 1 18
 2.558551 -0.666929 1 1
 2.558551  0.179203 1 2
 2.558551  0.235264 1 3
 2.558551  0.235517 1 4
 2.558551  0.489790 1 5
 2.558551  0.506300 1 6
 2.558551  0.506427 1 7
 2.558551  0.576435 1 8
 2.558551  1.020246 1 9
 2.558551  1.020302 1 10
 2.558551  1.622900 1 11
 2.558551  1.642549 1 12
 2.558551  1.643774 1 13
 2.558551  2.225543 1 14
 2.558551  2.226565 1 15
 2.558551  2.370228 1 16
 2.558551  2.411943 1 17
 2.558551  2.415244 1 18
 2.606664 -0.661617 1 1
 2.606664  0.138718 1 2
 2.606664  0.227466 1 3
 2.606664  0.227688 1 4
 2.606664  0.483059 1 5
 2.606664  0.517408 1 6
 2.606664  0.517515 1 7
 2.606664  0.611863 1 8
 2.606664  0.998756 1 9
 2.606664  0.998841 1 10
 2.606664  1.605718 1 11
 2.606664  1.641243 1 12
 2.606664  1.642551 1 13
 2.606664  2.202524 1 14
 2.606664  2.203770 1 15
 2.606664  2.344500 1 16
 2.606664  2.414648 1 17
 2.606664  2.418075 1 18
 2.654776 -0.655039 1 1
 2.654776  0.095636 1 2
 2.654776  0.218679 1 3
 2.654776  0.218787 1 4
 2.654776  0.474315 1 5
 2.654776  0.529948 1 6
 2.654776  0.530005 1 7
 2.654776  0.653477 1 8
 2.654776  0.979368 1 9
 2.654776  0.979444 1 10
 2.654776  1.585909 1 11
 2.654776  1.641256 1 12
 2.654776  1.642108 1 13
 2.654776  2.180699 1 14
 2.654776  2.181603 1 15
 2.654776  2.316406 1 16
 2.654776  2.419872 1 17
 2.654776  2.422062 1 18
 2.702889 -0.647189 1 1
 2.702889  0.052141 1 2
 2.702889  0.209415 1 3
 2.702889  0.209415 1 4
 2.702889  0.464609 1 5
 2.702889  0.542398 1 6
 2.702889  0.542398 1 7
 2.702889  0.699502 1 8
 2.702889  0.966713 1 9
 2.702889  0.966713 1 10
 2.702889  1.565141 1 11
 2.702889  1.642451 1 12
 2.702889  1.642451 1 13
 2.702889  2.161947 1 14
 2.702889  2.161947 1 15
 2.702889  2.287171 1 16
 2.702889  2.427569 1 17
 2.702889  2.427569 1 18
 2.751001 -0.637986 1 1
 2.751001  0.009556 1 2
 2.751001  0.200089 1 3
 2.751001  0.200113 1 4
 2.751001  0.454779 1 5
 2.751001  0.553042 1 6
 2.751001  0.553115 1 7
 2.751001  0.747984 1 8
 2.751001  0.964385 1 9
 2.751001  0.964545 1 10
 2.751001  1.545246 1 11
 2.751001  1.643169 1 12
 2.751001  1.644079 1 13
 2.751001  2.145774 1 14
 2.751001  2.146937 1 15
 2.751001  2.257045 1 16
 2.751001  2.434312 1 17
 2.751001  2.436574 1 18
 2.799114 -0.627319 1 1
 2.799114 -0.031510 1 2
 2.799114  0.191119 1 3
 2.799114  0.191172 1 4
 2.799114  0.445447 1 5
 2.799114  0.560784 1 6
 2.799114  0.560951 1 7
 2.799114  0.796673 1 8
 2.799114  0.974230 1 9
 2.799114  0.974618 1 10
 2.799114  1.527904 1 11
 2.799114  1.643536 1 12
 2.799114  1.645075 1 13
 2.799114  2.133323 1 14
 2.799114  2.135474 1 15
 2.799114  2.225649 1 16
 2.799114  2.441372 1 17
 2.799114  2.445047 1 18
 2.847226 -0.615140 1 1
 2.847226 -0.070844 1 2
 2.847226  0.182714 1 3
 2.847226  0.182880 1 4
 2.847226  0.436996 1 5
 2.847226  0.565461 1 6
 2.847226  0.565704 1 7
 2.847226  0.843195 1 8
 2.847226  0.995481 1 9
 2.847226  0.996109 1 10
 2.847226  1.514321 1 11
 2.847226  1.642655 1 12
 2.847226  1.644361 1 13
 2.847226  2.124393 1 14
 2.847226  2.126983 1 15
 2.847226  2.192575 1 16
 2.847226  2.447532 1 17
 2.847226  2.451293 1 18
 2.895339 -0.601510 1 1
 2.895339 -0.108444 1 2
 2.895339  0.175082 1 3
 2.895339  0.175305 1 4
 2.895339  0.429551 1 5
 2.895339  0.567712 1 6
 2.895339  0.567958 1 7
 2.895339  0.885629 1 8
 2.895339  1.025438 1 9
 2.895339  1.026183 1 10
 2.895339  1.504912 1 11
 2.895339  1.639540 1 12
 2.895339  1.640961 1 13
 2.895339  2.118571 1 14
 2.895339  2.120865 1 15
 2.895339  2.157748 1 16
 2.895339  2.451836 1 17
 2.895339  2.454548 1 18
 2.943451 -0.586612 1 1
 2.943451 -0.144308 1 2
 2.943451  0.168317 1 3
 2.943451  0.168480 1 4
 2.943451  0.423053 1 5
 2.943451  0.568317 1 6
 2.943451  0.568469 1 7
 2.943451  0.922908 1 8
 2.943451  1.060891 1 9
 2.943451  1.061456 1 10
 2.943451  1.499246 1 11
 2.943451  1.633077 1 12
 2.943451  1.633881 1 13
 2.943451  2.115397 1 14
 2.943451  2.116715 1 15
 2.943451  2.121569 1 16
 2.943451  2.454058 1 17
 2.943451  2.455276 1 18
 2.991564 -0.570764 1 1
 2.991564 -0.178276 1 2
 2.991564  0.162435 1 3
 2.991564  0.162435 1 4
 2.991564  0.417362 1 5
 2.991564  0.567760 1 6
 2.991564  0.567760 1 7
 2.991564  0.954849 1 8
 2.991564  1.099367 1 9
 2.991564  1.099367 1 10
 2.991564  1.496316 1 11
 2.991564  1.621933 1 12
 2.991564  1.621933 1 13
 2.991564  2.084841 1 14
 2.991564  2.114372 1 15
 2.991564  2.114373 1 16
 2.991564  2.454863 1 17
 2.991564  2.454863 1 18
 3.039676 -0.554406 1 1
 3.039676 -0.210014 1 2
 3.039676  0.157214 1 3
 3.039676  0.157398 1 4
 3.039676  0.412357 1 5
 3.039676  0.566101 1 6
 3.039676  0.566246 1 7
 3.039676  0.981827 1 8
 3.039676  1.138916 1 9
 3.039676  1.139744 1 10
 3.039676  1.495051 1 11
 3.039676  1.603724 1 12
 3.039676  1.604564 1 13
 3.039676  2.048632 1 14
 3.039676  2.113725 1 15
 3.039676  2.114894 1 16
 3.039676  2.454917 1 17
 3.039676  2.455514 1 18
 3.087789 -0.538179 1 1
 3.087789 -0.238895 1 2
 3.087789  0.152882 1 3
 3.087789  0.153176 1 4
 3.087789  0.408009 1 5
 3.087789  0.563707 1 6
 3.087789  0.563931 1 7
 3.087789  1.004188 1 8
 3.087789  1.180405 1 9
 3.087789  1.182012 1 10
 3.087789  1.494769 1 11
 3.087789  1.578012 1 12
 3.087789  1.579549 1 13
 3.087789  2.014300 1 14
 3.087789  2.114534 1 15
 3.087789  2.116267 1 16
 3.087789  2.456545 1 17
 3.087789  2.457207 1 18
 3.135901 -0.522983 1 1
 3.135901 -0.263994 1 2
 3.135901  0.149492 1 3
 3.135901  0.149774 1 4
 3.135901  0.404386 1 5
 3.135901  0.560921 1 6
 3.135901  0.561134 1 7
 3.135901  1.021965 1 8
 3.135901  1.224647 1 9
 3.135901  1.226629 1 10
 3.135901  1.495235 1 11
 3.135901  1.544312 1 12
 3.135901  1.546195 1 13
 3.135901  1.983575 1 14
 3.135901  2.116288 1 15
 3.135901  2.117850 1 16
 3.135901  2.459883 1 17
 3.135901  2.460356 1 18
 3.184014 -0.510098 1 1
 3.184014 -0.283988 1 2
 3.184014  0.147073 1 3
 3.184014  0.147247 1 4
 3.184014  0.401629 1 5
 3.184014  0.558268 1 6
 3.184014  0.558401 1 7
 3.184014  1.034900 1 8
 3.184014  1.271621 1 9
 3.184014  1.273348 1 10
 3.184014  1.496184 1 11
 3.184014  1.503790 1 12
 3.184014  1.505613 1 13
 3.184014  1.958693 1 14
 3.184014  2.118279 1 15
 3.184014  2.119197 1 16
 3.184014  2.464040 1 17
 3.184014  2.464279 1 18
 3.232126 -0.501192 1 1
 3.232126 -0.297177 1 2
 3.232126  0.145627 1 3
 3.232126  0.145680 1 4
 3.232126  0.399893 1 5
 3.232126  0.556349 1 6
 3.232126  0.556389 1 7
 3.232126  1.042732 1 8
 3.232126  1.317932 1 9
 3.232126  1.318781 1 10
 3.232126  1.461237 1 11
 3.232126  1.462030 1 12
 3.232126  1.497630 1 13
 3.232126  1.942214 1 14
 3.232126  2.119808 1 15
 3.232126  2.120074 1 16
 3.232126  2.467498 1 17
 3.232126  2.467563 1 18
 3.280239 -0.497968 1 1
 3.280239 -0.301831 1 2
 3.280239  0.145147 1 3
 3.280239  0.145147 1 4
 3.280239  0.399299 1 5
 3.280239  0.555647 1 6
 3.280239  0.555647 1 7
 3.280239  1.045346 1 8
 3.280239  1.344162 1 9
 3.280239  1.344162 1 10
 3.280239  1.436651 1 11
 3.280239  1.436651 1 12
 3.280239  1.498153 1 13
 3.280239  1.936412 1 14
 3.280239  2.120377 1 15
 3.280239  2.120377 1 16
 3.280239  2.468842 1 17
 3.280239  2.468842 1 18
 3.280239 -0.497968 1 1
 3.280239 -0.301831 1 2
 3.280239  0.145147 1 3
 3.280239  0.145147 1 4
 3.280239  0.399299 1 5
 3.280239  0.555647 1 6
 3.280239  0.555647 1 7
 3.280239  1.045346 1 8
 3.280239  1.344162 1 9
 3.280239  1.344162 1 10
 3.280239  1.436651 1 11
 3.280239  1.436651 1 12
 3.280239  1.498153 1 13
 3.280239  1.936412 1 14
 3.280239  2.120377 1 15
 3.280239  2.120377 1 16
 3.280239  2.468842 1 17
 3.280239  2.468842 1 18
 3.330747 -0.497043 1 1
 3.330747 -0.301309 1 2
 3.330747  0.137585 1 3
 3.330747  0.143410 1 4
 3.330747  0.405753 1 5
 3.330747  0.553422 1 6
 3.330747  0.558401 1 7
 3.330747  1.045063 1 8
 3.330747  1.320627 1 9
 3.330747  1.336079 1 10
 3.330747  1.441987 1 11
 3.330747  1.446790 1 12
 3.330747  1.509617 1 13
 3.330747  1.940767 1 14
 3.330747  2.117698 1 15
 3.330747  2.117987 1 16
 3.330747  2.463469 1 17
 3.330747  2.468571 1 18
 3.381254 -0.494313 1 1
 3.381254 -0.299786 1 2
 3.381254  0.117145 1 3
 3.381254  0.138255 1 4
 3.381254  0.422605 1 5
 3.381254  0.547596 1 6
 3.381254  0.567659 1 7
 3.381254  1.041928 1 8
 3.381254  1.268882 1 9
 3.381254  1.320233 1 10
 3.381254  1.446676 1 11
 3.381254  1.469992 1 12
 3.381254  1.537810 1 13
 3.381254  1.953061 1 14
 3.381254  2.110201 1 15
 3.381254  2.110587 1 16
 3.381254  2.448486 1 17
 3.381254  2.467362 1 18
 3.431762 -0.489888 1 1
 3.431762 -0.297397 1 2
 3.431762  0.088495 1 3
 3.431762  0.129855 1 4
 3.431762  0.444375 1 5
 3.431762  0.540159 1 6
 3.431762  0.586162 1 7
 3.431762  1.031341 1 8
 3.431762  1.205908 1 9
 3.431762  1.306902 1 10
 3.431762  1.447981 1 11
 3.431762  1.498375 1 12
 3.431762  1.572218 1 13
 3.431762  1.970543 1 14
 3.431762  2.097829 1 15
 3.431762  2.099317 1 16
 3.431762  2.427147 1 17
 3.431762  2.464172 1 18
 3.482269 -0.483873 1 1
 3.482269 -0.294376 1 2
 3.482269  0.055950 1 3
 3.482269  0.118435 1 4
 3.482269  0.466077 1 5
 3.482269  0.533197 1 6
 3.482269  0.617006 1 7
 3.482269  1.010782 1 8
 3.482269  1.138426 1 9
 3.482269  1.299975 1 10
 3.482269  1.448433 1 11
 3.482269  1.529222 1 12
 3.482269  1.608754 1 13
 3.482269  1.987119 1 14
 3.482269  2.080895 1 15
 3.482269  2.086824 1 16
 3.482269  2.404059 1 17
 3.482269  2.457761 1 18
 3.532777 -0.476336 1 1
 3.532777 -0.291086 1 2
 3.532777  0.022824 1 3
 3.532777  0.104245 1 4
 3.532777  0.485613 1 5
 3.532777  0.528329 1 6
 3.532777  0.660860 1 7
 3.532777  0.981594 1 8
 3.532777  1.070588 1 9
 3.532777  1.298957 1 10
 3.532777  1.449627 1 11
 3.532777  1.561942 1 12
 3.532777  1.647111 1 13
 3.532777  1.990046 1 14
 3.532777  2.067374 1 15
 3.532777  2.074212 1 16
 3.532777  2.383696 1 17
 3.532777  2.447351 1 18
 3.583285 -0.467279 1 1
 3.583285 -0.288032 1 2
 3.583285 -0.008479 1 3
 3.583285  0.087534 1 4
 3.583285  0.503683 1 5
 3.583285  0.526606 1 6
 3.583285  0.714896 1 7
 3.583285  0.946917 1 8
 3.583285  1.005953 1 9
 3.583285  1.301692 1 10
 3.583285  1.452305 1 11
 3.583285  1.596572 1 12
 3.583285  1.687766 1 13
 3.583285  1.966940 1 14
 3.583285  2.062156 1 15
 3.583285  2.066797 1 16
 3.583285  2.368452 1 17
 3.583285  2.433180 1 18
 3.633792 -0.456693 1 1
 3.633792 -0.285887 1 2
 3.633792 -0.036182 1 3
 3.633792  0.068622 1 4
 3.633792  0.521536 1 5
 3.633792  0.528603 1 6
 3.633792  0.772594 1 7
 3.633792  0.909493 1 8
 3.633792  0.949874 1 9
 3.633792  1.306125 1 10
 3.633792  1.456429 1 11
 3.633792  1.632804 1 12
 3.633792  1.730741 1 13
 3.633792  1.926431 1 14
 3.633792  2.050398 1 15
 3.633792  2.071487 1 16
 3.633792  2.357903 1 17
 3.633792  2.416608 1 18
 3.684300 -0.444575 1 1
 3.684300 -0.285491 1 2
 3.684300 -0.059010 1 3
 3.684300  0.047964 1 4
 3.684300  0.534477 1 5
 3.684300  0.539760 1 6
 3.684300  0.812796 1 7
 3.684300  0.871015 1 8
 3.684300  0.921934 1 9
 3.684300  1.310691 1 10
 3.684300  1.461475 1 11
 3.684300  1.669292 1 12
 3.684300  1.775313 1 13
 3.684300  1.879654 1 14
 3.684300  2.038021 1 15
 3.684300  2.074327 1 16
 3.684300  2.349881 1 17
 3.684300  2.399553 1 18
 3.734808 -0.430979 1 1
 3.734808 -0.287776 1 2
 3.734808 -0.075993 1 3
 3.734808  0.026207 1 4
 3.734808  0.544042 1 5
 3.734808  0.558305 1 6
 3.734808  0.797782 1 7
 3.734808  0.832530 1 8
 3.734808  0.958297 1 9
 3.734808  1.314138 1 10
 3.734808  1.467003 1 11
 3.734808  1.702107 1 12
 3.734808  1.820059 1 13
 3.734808  1.833891 1 14
 3.734808  2.024012 1 15
 3.734808  2.074349 1 16
 3.734808  2.342416 1 17
 3.734808  2.383635 1 18
 3.785315 -0.416049 1 1
 3.785315 -0.293526 1 2
 3.785315 -0.086481 1 3
 3.785315  0.004174 1 4
 3.785315  0.556844 1 5
 3.785315  0.576860 1 6
 3.785315  0.760672 1 7
 3.785315  0.794955 1 8
 3.785315  1.024091 1 9
 3.785315  1.315296 1 10
 3.785315  1.473256 1 11
 3.785315  1.716641 1 12
 3.785315  1.804186 1 13
 3.785315  1.863081 1 14
 3.785315  2.007844 1 15
 3.785315  2.071829 1 16
 3.785315  2.335034 1 17
 3.785315  2.369584 1 18
 3.835823 -0.399991 1 1
 3.835823 -0.303028 1 2
 3.835823 -0.090368 1 3
 3.835823 -0.017271 1 4
 3.835823  0.572321 1 5
 3.835823  0.595163 1 6
 3.835823  0.724435 1 7
 3.835823  0.759239 1 8
 3.835823  1.094025 1 9
 3.835823  1.312798 1 10
 3.835823  1.481622 1 11
 3.835823  1.690034 1 12
 3.835823  1.813120 1 13
 3.835823  1.901970 1 14
 3.835823  1.990146 1 15
 3.835823  2.066187 1 16
 3.835823  2.328889 1 17
 3.835823  2.357277 1 18
 3.886330 -0.383103 1 1
 3.886330 -0.315875 1 2
 3.886330 -0.088169 1 3
 3.886330 -0.037286 1 4
 3.886330  0.589863 1 5
 3.886330  0.612680 1 6
 3.886330  0.693687 1 7
 3.886330  0.726432 1 8
 3.886330  1.160380 1 9
 3.886330  1.304674 1 10
 3.886330  1.494833 1 11
 3.886330  1.643758 1 12
 3.886330  1.839869 1 13
 3.886330  1.929812 1 14
 3.886330  1.976753 1 15
 3.886330  2.055911 1 16
 3.886330  2.325880 1 17
 3.886330  2.346325 1 18
 3.936838 -0.365738 1 1
 3.936838 -0.331195 1 2
 3.936838 -0.080800 1 3
 3.936838 -0.055142 1 4
 3.936838  0.608696 1 5
 3.936838  0.625767 1 6
 3.936838  0.673129 1 7
 3.936838  0.697676 1 8
 3.936838  1.217431 1 9
 3.936838  1.287942 1 10
 3.936838  1.516681 1 11
 3.936838  1.595953 1 12
 3.936838  1.868806 1 13
 3.936838  1.925846 1 14
 3.936838  1.987916 1 15
 3.936838  2.039648 1 16
 3.936838  2.327207 1 17
 3.936838  2.336650 1 18
 3.987346 -0.348378 1 1
 3.987346 -0.347991 1 2
 3.987346 -0.070149 1 3
 3.987346 -0.069238 1 4
 3.987346  0.621537 1 5
 3.987346  0.626131 1 6
 3.987346  0.675890 1 7
 3.987346  0.676066 1 8
 3.987346  1.258957 1 9
 3.987346  1.260453 1 10
 3.987346  1.550143 1 11
 3.987346  1.553967 1 12
 3.987346  1.896544 1 13
 3.987346  1.902176 1 14
 3.987346  2.011324 1 15
 3.987346  2.017361 1 16
 3.987346  2.328820 1 17
 3.987346  2.332541 1 18
 3.987346 -0.348378 1 1
 3.987346 -0.347991 1 2
 3.987346 -0.070149 1 3
 3.987346 -0.069238 1 4
 3.987346  0.621537 1 5
 3.987346  0.626131 1 6
 3.987346  0.675890 1 7
 3.987346  0.676066 1 8
 3.987346  1.258957 1 9
 3.987346  1.260453 1 10
 3.987346  1.550143 1 11
 3.987346  1.553967 1 12
 3.987346  1.896544 1 13
 3.987346  1.902176 1 14
 3.987346  2.011324 1 15
 3.987346  2.017361 1 16
 3.987346  2.328820 1 17
 3.987346  2.332541 1 18
 4.037346 -0.348717 1 1
 4.037346 -0.348379 1 2
 4.037346 -0.068358 1 3
 4.037346 -0.067505 1 4
 4.037346  0.592477 1 5
 4.037346  0.595168 1 6
 4.037346  0.710889 1 7
 4.037346  0.712351 1 8
 4.037346  1.259642 1 9
 4.037346  1.260897 1 10
 4.037346  1.550404 1 11
 4.037346  1.553884 1 12
 4.037346  1.879980 1 13
 4.037346  1.884826 1 14
 4.037346  2.022640 1 15
 4.037346  2.028958 1 16
 4.037346  2.329776 1 17
 4.037346  2.333235 1 18
 4.087346 -0.349680 1 1
 4.087346 -0.349471 1 2
 4.087346 -0.063174 1 3
 4.087346 -0.062544 1 4
 4.087346  0.551396 1 5
 4.087346  0.552593 1 6
 4.087346  0.768860 1 7
 4.087346  0.770197 1 8
 4.087346  1.261692 1 9
 4.087346  1.262381 1 10
 4.087346  1.550981 1 11
 4.087346  1.553398 1 12
 4.087346  1.842171 1 13
 4.087346  1.845038 1 14
 4.087346  2.046838 1 15
 4.087346  2.051829 1 16
 4.087346  2.332421 1 17
 4.087346  2.334914 1 18
 4.137346 -0.351132 1 1
 4.137346 -0.351082 1 2
 4.137346 -0.055118 1 3
 4.137346 -0.054932 1 4
 4.137346  0.512491 1 5
 4.137346  0.512676 1 6
 4.137346  0.833064 1 7
 4.137346  0.833461 1 8
 4.137346  1.265235 1 9
 4.137346  1.265372 1 10
 4.137346  1.551329 1 11
 4.137346  1.552011 1 12
 4.137346  1.796075 1 13
 4.137346  1.796729 1 14
 4.137346  2.074090 1 15
 4.137346  2.075578 1 16
 4.137346  2.336100 1 17
 4.137346  2.336817 1 18
 4.187346 -0.352993 1 1
 4.187346 -0.352909 1 2
 4.187346 -0.045313 1 3
 4.187346 -0.044922 1 4
 4.187346  0.475839 1 5
 4.187346  0.475927 1 6
 4.187346  0.899055 1 7
 4.187346  0.899848 1 8
 4.187346  1.270615 1 9
 4.187346  1.270858 1 10
 4.187346  1.549369 1 11
 4.187346  1.550784 1 12
 4.187346  1.747100 1 13
 4.187346  1.748143 1 14
 4.187346  2.098331 1 15
 4.187346  2.101458 1 16
 4.187346  2.338474 1 17
 4.187346  2.339947 1 18
 4.237346 -0.355004 1 1
 4.237346 -0.354843 1 2
 4.237346 -0.034275 1 3
 4.237346 -0.033384 1 4
 4.237346  0.441234 1 5
 4.237346  0.441705 1 6
 4.237346  0.964240 1 7
 4.237346  0.965897 1 8
 4.237346  1.279079 1 9
 4.237346  1.279890 1 10
 4.237346  1.545367 1 11
 4.237346  1.548711 1 12
 4.237346  1.700901 1 13
 4.237346  1.702654 1 14
 4.237346  2.120689 1 15
 4.237346  2.127977 1 16
 4.237346  2.339840 1 17
 4.237346  2.343199 1 18
 4.287346 -0.356952 1 1
 4.287346 -0.356768 1 2
 4.287346 -0.022423 1 3
 4.287346 -0.021322 1 4
 4.287346  0.408680 1 5
 4.287346  0.410225 1 6
 4.287346  1.025531 1 7
 4.287346  1.027266 1 8
 4.287346  1.292277 1 9
 4.287346  1.293952 1 10
 4.287346  1.539636 1 11
 4.287346  1.544193 1 12
 4.287346  1.661597 1 13
 4.287346  1.663182 1 14
 4.287346  2.143159 1 15
 4.287346  2.152736 1 16
 4.287346  2.341050 1 17
 4.287346  2.345336 1 18
 4.337346 -0.358688 1 1
 4.337346 -0.358515 1 2
 4.337346 -0.010599 1 3
 4.337346 -0.009643 1 4
 4.337346  0.379570 1 5
 4.337346  0.382074 1 6
 4.337346  1.078317 1 7
 4.337346  1.079391 1 8
 4.337346  1.311925 1 9
 4.337346  1.314258 1 10
 4.337346  1.530758 1 11
 4.337346  1.535319 1 12
 4.337346  1.631619 1 13
 4.337346  1.633141 1 14
 4.337346  2.165120 1 15
 4.337346  2.174451 1 16
 4.337346  2.342181 1 17
 4.337346  2.346115 1 18
 4.387346 -0.360062 1 1
 4.387346 -0.359925 1 2
 4.387346 -0.000101 1 3
 4.387346  0.000486 1 4
 4.387346  0.356139 1 5
 4.387346  0.358822 1 6
 4.387346  1.117693 1 7
 4.387346  1.118183 1 8
 4.387346  1.337970 1 9
 4.387346  1.340093 1 10
 4.387346  1.516943 1 11
 4.387346  1.520078 1 12
 4.387346  1.612841 1 13
 4.387346  1.614347 1 14
 4.387346  2.184575 1 15
 4.387346  2.191506 1 16
 4.387346  2.343177 1 17
 4.387346  2.345688 1 18
 4.437346 -0.360934 1 1
 4.437346 -0.360857 1 2
 4.437346  0.007340 1 3
 4.437346  0.007571 1 4
 4.437346  0.341044 1 5
 4.437346  0.342797 1 6
 4.437346  1.141082 1 7
 4.437346  1.141457 1 8
 4.437346  1.364800 1 9
 4.437346  1.365787 1 10
 4.437346  1.500311 1 11
 4.437346  1.501427 1 12
 4.437346  1.604281 1 13
 4.437346  1.605155 1 14
 4.437346  2.198646 1 15
 4.437346  2.202152 1 16
 4.437346  2.343889 1 17
 4.437346  2.344740 1 18
 4.487346 -0.361208 1 1
 4.487346 -0.361208 1 2
 4.487346  0.010103 1 3
 4.487346  0.010103 1 4
 4.487346  0.336417 1 5
 4.487346  0.336417 1 6
 4.487346  1.148906 1 7
 4.487346  1.148906 1 8
 4.487346  1.377851 1 9
 4.487346  1.377851 1 10
 4.487346  1.491573 1 11
 4.487346  1.491573 1 12
 4.487346  1.602304 1 13
 4.487346  1.602304 1 14
 4.487346  2.204801 1 15
 4.487346  2.204801 1 16
 4.487346  2.344204 1 17
 4.487346  2.344204 1 18
