   44   0.02124     0
   42
   0.50000   0.50000   0.50000    32
 -3.9201 -3.9201 -3.9201 -0.2115 -0.2115 -0.2115 -0.0329 -0.0329  0.6431  0.6431
  0.6431  0.7668  2.9053  2.9053  2.9053  3.4093  3.4093  3.4093  4.1529  4.1529
  4.1529  4.1828  4.3602  4.3602  7.2719  7.2719  7.2719  8.1160  8.3091  8.3092
  8.3092 10.1677
   0.50000   0.50000   0.50000    32
 -3.7368 -3.7368 -3.7368 -0.1009 -0.1009 -0.1009  0.1514  0.1515  0.7278  0.7278
  0.7278  0.8218  2.9435  2.9435  2.9435  3.4455  3.4455  3.4455  4.2389  4.2389
  4.2390  4.2496  4.4490  4.4491  7.3229  7.3231  7.3234  8.1641  8.4095  8.4097
  8.4099 10.2220
   0.47500   0.47500   0.47500    32
 -3.9223 -3.9190 -3.9190 -0.2156 -0.2156 -0.2036 -0.0331 -0.0331  0.5618  0.6826
  0.6826  0.7791  2.8702  2.9033  2.9033  3.2739  3.4928  3.4928  4.0305  4.0305
  4.1722  4.3361  4.3921  4.3921  7.2208  7.2561  7.2562  8.0422  8.1487  8.1487
  8.6682 10.2340
   0.47500   0.47500   0.47500    32
 -3.7392 -3.7356 -3.7356 -0.1035 -0.1035 -0.0966  0.1511  0.1512  0.6503  0.7657
  0.7657  0.8341  2.9063  2.9427  2.9427  3.3082  3.5304  3.5304  4.1163  4.1163
  4.2411  4.4201  4.4798  4.4799  7.2722  7.3072  7.3075  8.0959  8.2471  8.2473
  8.7644 10.2895
   0.45000   0.45000   0.45000    32
 -3.9243 -3.9179 -3.9179 -0.2191 -0.2191 -0.1987 -0.0336 -0.0335  0.4788  0.7263
  0.7263  0.8051  2.8396  2.8753  2.8753  3.1420  3.5874  3.5874  3.8805  3.8805
  4.1748  4.4505  4.4505  4.5110  7.1147  7.1937  7.1937  7.9329  7.9855  7.9855
  8.9588 10.4384
   0.45000   0.45000   0.45000    32
 -3.7414 -3.7344 -3.7344 -0.1052 -0.1052 -0.0968  0.1502  0.1502  0.5733  0.8078
  0.8078  0.8593  2.8742  2.9159  2.9160  3.1745  3.6285  3.6286  3.9630  3.9630
  4.2441  4.5365  4.5366  4.5950  7.1654  7.2455  7.2457  7.9891  8.0807  8.0809
  9.0499 10.4973
   0.42500   0.42500   0.42500    32
 -3.9261 -3.9168 -3.9168 -0.2214 -0.2214 -0.1982 -0.0344 -0.0344  0.3999  0.7742
  0.7742  0.8401  2.8148  2.8376  2.8376  3.0144  3.6203  3.6203  3.7892  3.7892
  4.1865  4.5146  4.5146  4.6774  6.9696  7.0960  7.0960  7.8167  7.8211  7.8212
  9.1441 10.7289
   0.42500   0.42500   0.42500    32
 -3.7433 -3.7331 -3.7331 -0.1056 -0.1056 -0.1032  0.1487  0.1488  0.5022  0.8540
  0.8540  0.8935  2.8483  2.8799  2.8799  3.0453  3.6821  3.6821  3.8505  3.8506
  4.2563  4.5988  4.5989  4.7618  7.0193  7.1492  7.1495  7.8736  7.9123  7.9123
  9.2305 10.7903
   0.40000   0.40000   0.40000    32
 -3.9275 -3.9157 -3.9157 -0.2225 -0.2225 -0.2033 -0.0356 -0.0356  0.3267  0.8261
  0.8261  0.8837  2.7968  2.7992  2.7992  2.8922  3.4970  3.4970  3.8540  3.8540
  4.2064  4.5794  4.5794  4.8307  6.8060  6.9765  6.9766  7.6626  7.6626  7.7049
  9.2460 11.0091
   0.40000   0.40000   0.40000    32
 -3.7449 -3.7319 -3.7319 -0.1169 -0.1046 -0.1046  0.1468  0.1468  0.4378  0.9040
  0.9040  0.9367  2.8299  2.8434  2.8434  2.9215  3.5729  3.5729  3.9006  3.9006
  4.2770  4.6619  4.6620  4.9158  6.8548  7.0315  7.0317  7.7489  7.7489  7.7615
  9.3302 11.0695
   0.37500   0.37500   0.37500    32
 -3.9285 -3.9147 -3.9147 -0.2221 -0.2221 -0.2148 -0.0372 -0.0372  0.2599  0.8818
  0.8818  0.9358  2.7644  2.7644  2.7760  2.7864  3.3455  3.3455  3.9472  3.9472
  4.2335  4.6429  4.6429  4.9632  6.6467  6.8489  6.8489  7.5176  7.5176  7.6050
  9.2807 11.2108
   0.37500   0.37500   0.37500    32
 -3.7459 -3.7308 -3.7308 -0.1381 -0.1021 -0.1020  0.1444  0.1444  0.3804  0.9578
  0.9578  0.9891  2.8040  2.8112  2.8112  2.8195  3.4201  3.4201  3.9945  3.9945
  4.3048  4.7241  4.7242  5.0491  6.6954  6.9055  6.9057  7.5987  7.5988  7.6608
  9.3652 11.2677
   0.35000   0.35000   0.35000    32
 -3.9289 -3.9137 -3.9137 -0.2330 -0.2201 -0.2201 -0.0391 -0.0391  0.1999  0.9412
  0.9412  0.9967  2.6666  2.7355  2.7355  2.7842  3.1992  3.1992  4.0324  4.0324
  4.2659  4.7041  4.7041  5.0632  6.5146  6.7292  6.7292  7.3911  7.3911  7.5212
  9.2503 11.3179
   0.35000   0.35000   0.35000    32
 -3.7464 -3.7296 -3.7296 -0.1664 -0.0979 -0.0979  0.1416  0.1417  0.3294  1.0151
  1.0151  1.0508  2.6932  2.7852  2.7852  2.8179  3.2709  3.2709  4.0823  4.0823
  4.3380  4.7844  4.7845  5.1491  6.5648  6.7869  6.7872  7.4671  7.4672  7.5759
  9.3369 11.3706
   0.32500   0.32500   0.32500    32
 -3.9288 -3.9127 -3.9127 -0.2577 -0.2166 -0.2166 -0.0413 -0.0413  0.1467  1.0043
  1.0043  1.0661  2.5642  2.7128  2.7128  2.7904  3.0628  3.0628  4.0980  4.0980
  4.3007  4.7615  4.7615  5.1173  6.4292  6.6369  6.6369  7.2852  7.2852  7.4553
  9.1519 11.3448
   0.32500   0.32500   0.32500    32
 -3.7463 -3.7286 -3.7286 -0.2004 -0.0921 -0.0921  0.1386  0.1386  0.2839  1.0760
  1.0760  1.1217  2.5896  2.7660  2.7660  2.8254  3.1313  3.1313  4.1508  4.1508
  4.3737  4.8417  4.8418  5.2014  6.4836  6.6953  6.6955  7.3562  7.3564  7.5087
  9.2417 11.3934
   0.30000   0.30000   0.30000    32
 -3.9282 -3.9119 -3.9119 -0.2878 -0.2117 -0.2117 -0.0438 -0.0437  0.0999  1.0707
  1.0707  1.1439  2.4692  2.6956  2.6956  2.8049  2.9380  2.9380  4.1316  4.1316
  4.3343  4.8129  4.8129  5.1179  6.3992  6.5951  6.5952  7.2006  7.2006  7.4081
  8.9851 11.3176
   0.30000   0.30000   0.30000    32
 -3.7456 -3.7276 -3.7276 -0.2386 -0.0849 -0.0849  0.1354  0.1354  0.2431  1.1401
  1.1401  1.2014  2.4937  2.7527  2.7527  2.8416  3.0033  3.0034  4.1874  4.1874
  4.4079  4.8938  4.8938  5.1983  6.4607  6.6537  6.6540  7.2668  7.2670  7.4601
  9.0784 11.3629
   0.27500   0.27500   0.27500    38
 -3.9270 -3.9111 -3.9111 -0.3220 -0.2057 -0.2057 -0.0465 -0.0465  0.0588  1.1358
  1.1358  1.2298  2.0909  2.6628  2.6628  2.7247  2.7247  2.8069  4.0913  4.0913
  4.3309  4.3517  4.3517  5.0464  5.0716  5.0716  6.0625  6.3945  7.0565  7.0565
  7.3761  7.4945  7.4945  8.1233  9.1835 10.0274 10.0274 11.8313
   0.27500   0.27500   0.27500    38
 -3.7442 -3.7268 -3.7268 -0.2792 -0.0766 -0.0765  0.1318  0.1319  0.2061  1.2017
  1.2017  1.2894  2.1023  2.7174  2.7174  2.7780  2.7780  2.8437  4.1544  4.1545
  4.4043  4.4171  4.4172  5.1177  5.1337  5.1338  6.1056  6.4622  7.1157  7.1158
  7.4275  7.5266  7.5268  8.1749  9.2573 10.1041 10.1045 11.8823
   0.25000   0.25000   0.25000    38
 -3.9253 -3.9104 -3.9104 -0.3586 -0.1984 -0.1984 -0.0489 -0.0489  0.0227  1.2091
  1.2091  1.3233  2.0380  2.6097  2.6097  2.6622  2.6622  2.8378  3.9639  3.9639
  4.3354  4.4301  4.4301  4.9798  5.1523  5.1523  6.1906  6.4128  7.0473  7.0473
  7.3683  7.6088  7.6088  7.9565  9.1445 10.2612 10.2612 11.9248
   0.25000   0.25000   0.25000    38
 -3.7424 -3.7260 -3.7260 -0.3204 -0.0670 -0.0669  0.1288  0.1289  0.1723  1.2724
  1.2724  1.3854  2.0493  2.6547  2.6547  2.7262  2.7262  2.8775  4.0341  4.0341
  4.4090  4.4936  4.4937  5.0485  5.2114  5.2114  6.2341  6.4869  7.1030  7.1033
  7.4183  7.6399  7.6401  8.0189  9.2088 10.3364 10.3367 11.9770
   0.22500   0.22500   0.22500    38
 -3.9233 -3.9098 -3.9098 -0.3959 -0.1903 -0.1903 -0.0511 -0.0511 -0.0092  1.2855
  1.2855  1.4240  1.9901  2.5085  2.5085  2.6602  2.6602  2.8748  3.8084  3.8084
  4.3157  4.5150  4.5150  4.9103  5.2491  5.2491  6.3280  6.4343  7.0500  7.0500
  7.3794  7.6902  7.6902  7.7534  9.1563 10.4665 10.4665 11.9915
   0.22500   0.22500   0.22500    38
 -3.7402 -3.7253 -3.7253 -0.3610 -0.0567 -0.0567  0.1262  0.1262  0.1413  1.3459
  1.3459  1.4886  2.0013  2.5518  2.5518  2.7270  2.7270  2.9183  3.8814  3.8814
  4.3886  4.5807  4.5808  4.9780  5.3054  5.3054  6.3719  6.5134  7.1018  7.1020
  7.4289  7.7224  7.7226  7.8263  9.2105 10.5396 10.5399 12.0456
   0.20000   0.20000   0.20000    38
 -3.9210 -3.9092 -3.9092 -0.4325 -0.1819 -0.1819 -0.0528 -0.0528 -0.0373  1.3644
  1.3644  1.5315  1.9472  2.4179  2.4179  2.6607  2.6607  2.9161  3.6509  3.6509
  4.2625  4.5815  4.5815  4.8555  5.3625  5.3625  6.4484  6.4730  7.0661  7.0661
  7.4005  7.5251  7.7286  7.7287  9.2356 10.6318 10.6318 12.0249
   0.20000   0.20000   0.20000    38
 -3.7376 -3.7246 -3.7246 -0.3998 -0.0462 -0.0462  0.1130  0.1241  0.1242  1.4215
  1.4215  1.5986  1.9584  2.4590  2.4590  2.7306  2.7306  2.9643  3.7263  3.7263
  4.3335  4.6494  4.6495  4.9239  5.4164  5.4165  6.5174  6.5308  7.1145  7.1148
  7.4529  7.6029  7.7626  7.7629  9.2817 10.7021 10.7024 12.0811
   0.17500   0.17500   0.17500    38
 -3.9185 -3.9087 -3.9087 -0.4671 -0.1736 -0.1736 -0.0621 -0.0540 -0.0540  1.4448
  1.4448  1.6449  1.9093  2.3398  2.3398  2.6613  2.6613  2.9591  3.4981  3.4981
  4.1759  4.6266  4.6266  4.8214  5.4905  5.4905  6.4509  6.6231  7.0929  7.0929
  7.2541  7.4588  7.7258  7.7258  9.3859 10.7480 10.7480 12.0172
   0.17500   0.17500   0.17500    38
 -3.7349 -3.7241 -3.7241 -0.4359 -0.0360 -0.0360  0.0875  0.1229  0.1229  1.4979
  1.4979  1.7145  1.9205  2.3792  2.3792  2.7337  2.7337  3.0133  3.5767  3.5767
  4.2440  4.6957  4.6957  4.8914  5.5426  5.5426  6.5348  6.6680  7.1388  7.1391
  7.3401  7.5070  7.7620  7.7622  9.4269 10.8146 10.8149 12.0754
   0.15000   0.15000   0.15000    38
 -3.9160 -3.9083 -3.9083 -0.4988 -0.1659 -0.1659 -0.0837 -0.0545 -0.0545  1.5248
  1.5248  1.7635  1.8764  2.2760  2.2760  2.6598  2.6598  2.9997  3.3544  3.3544
  4.0674  4.6530  4.6530  4.8015  5.6278  5.6278  6.4415  6.7744  7.0091  7.1273
  7.1273  7.4969  7.6895  7.6896  9.6065 10.8153 10.8153 11.9625
   0.15000   0.15000   0.15000    38
 -3.7322 -3.7237 -3.7237 -0.4686 -0.0266 -0.0266  0.0649  0.1226  0.1226  1.5730
  1.5730  1.8354  1.8877  2.3148  2.3148  2.7331  2.7331  3.0617  3.4377  3.4377
  4.1317  4.7221  4.7221  4.8730  5.6785  5.6785  6.5255  6.8200  7.0966  7.1716
  7.1719  7.5446  7.7277  7.7279  9.6449 10.8777 10.8780 12.0221
   0.12500   0.12500   0.12500    38
 -3.9137 -3.9080 -3.9080 -0.5268 -0.1592 -0.1592 -0.1021 -0.0542 -0.0542  1.6015
  1.6015  1.8486  1.8860  2.2296  2.2296  2.6522  2.6522  3.0315  3.2246  3.2246
  3.9538  4.6649  4.6649  4.7856  5.7670  5.7670  6.4210  6.7836  6.9217  7.1664
  7.1664  7.5330  7.6302  7.6302  9.8913 10.8429 10.8429 11.8563
   0.12500   0.12500   0.12500    38
 -3.7296 -3.7233 -3.7233 -0.4972 -0.0184 -0.0183  0.0453  0.1232  0.1232  1.6434
  1.6434  1.8599  1.9597  2.2693  2.2693  2.7241  2.7241  3.1036  3.3146  3.3147
  4.0128  4.7332  4.7332  4.8577  5.8166  5.8166  6.5034  6.8707  6.9679  7.2099
  7.2102  7.5802  7.6700  7.6701  9.9291 10.9011 10.9014 11.9167
   0.10000   0.10000   0.10000    38
 -3.9115 -3.9077 -3.9077 -0.5505 -0.1537 -0.1537 -0.1173 -0.0533 -0.0533  1.6703
  1.6703  1.8259  2.0103  2.2046  2.2046  2.6322  2.6322  3.0455  3.1151  3.1151
  3.8521  4.6667  4.6668  4.7659  5.9001  5.9001  6.3861  6.5998  7.0582  7.2079
  7.2080  7.5575  7.5575  7.5596 10.2286 10.8431 10.8432 11.6990
   0.10000   0.10000   0.10000    38
 -3.7272 -3.7230 -3.7230 -0.5212 -0.0117 -0.0116  0.0290  0.1245  0.1246  1.7044
  1.7044  1.8371  2.0852  2.2472  2.2472  2.7000  2.7000  3.1304  3.2145  3.2146
  3.9042  4.7336  4.7336  4.8376  5.9486  5.9487  6.4644  6.6877  7.1051  7.2514
  7.2516  7.5982  7.5983  7.6058 10.2667 10.8976 10.8979 11.7596
   0.07500   0.07500   0.07500    38
 -3.9097 -3.9075 -3.9075 -0.5694 -0.1495 -0.1495 -0.1292 -0.0519 -0.0519  1.7253
  1.7253  1.8082  2.1324  2.2063  2.2063  2.5926  2.5926  3.0328  3.0337  3.0337
  3.7778  4.6623  4.6623  4.7392  6.0184  6.0184  6.3226  6.4838  7.1763  7.2501
  7.2501  7.4796  7.4796  7.5742 10.5961 10.8256 10.8256 11.5008
   0.07500   0.07500   0.07500    38
 -3.7252 -3.7228 -3.7228 -0.5403 -0.0066 -0.0066  0.0162  0.1263  0.1264  1.7506
  1.7506  1.8194  2.2076  2.2532  2.2532  2.6548  2.6548  3.1318  3.1436  3.1436
  3.8223  4.7276  4.7276  4.8093  6.0660  6.0662  6.3947  6.5743  7.2238  7.2939
  7.2941  7.5206  7.5207  7.6191 10.6349 10.8771 10.8775 11.5610
   0.05000   0.05000   0.05000    41
 -3.9084 -3.9074 -3.9074 -0.5831 -0.1469 -0.1469 -0.1379 -0.0506 -0.0506  1.7593
  1.7593  1.7955  2.2370  2.2370  2.2407  2.5236  2.5236  2.9569  2.9569  2.9847
  3.6977  4.6212  4.6212  4.6499  6.0576  6.1018  6.1018  6.4305  7.0910  7.0910
  7.0926  7.2680  7.2979  7.2979  9.6527  9.7877  9.7878 10.8066 10.8066 11.1085
 13.1882
   0.05000   0.05000   0.05000    41
 -3.7237 -3.7226 -3.7226 -0.5542 -0.0034 -0.0033  0.0068  0.1281  0.1281  1.7770
  1.7770  1.8068  2.2881  2.2881  2.3145  2.5813  2.5813  3.0743  3.0744  3.0959
  3.7360  4.6820  4.6820  4.7130  6.1259  6.1490  6.1492  6.5214  7.1270  7.1271
  7.1290  7.3160  7.3440  7.3442  9.6984  9.8356  9.8362 10.8574 10.8579 11.1617
 13.2287
   0.02500   0.02500   0.02500    41
 -3.9076 -3.9073 -3.9073 -0.5915 -0.1453 -0.1453 -0.1431 -0.0496 -0.0496  1.7794
  1.7794  1.7879  2.2939  2.2939  2.3268  2.4492  2.4492  2.9228  2.9228  2.9357
  3.6786  4.6192  4.6192  4.6270  6.0155  6.1564  6.1564  6.4117  7.0841  7.0842
  7.0842  7.3263  7.3334  7.3334  9.9274  9.9894  9.9895 10.7487 10.7487 10.8542
 13.1286
   0.02500   0.02500   0.02500    41
 -3.7228 -3.7225 -3.7225 -0.5626 -0.0014 -0.0013  0.0012  0.1294  0.1294  1.7922
  1.7922  1.7992  2.3475  2.3475  2.3980  2.5046  2.5046  3.0451  3.0451  3.0558
  3.7148  4.6792  4.6792  4.6877  6.0836  6.2032  6.2034  6.5017  7.1196  7.1197
  7.1198  7.3747  7.3812  7.3813  9.9760 10.0388 10.0395 10.7975 10.7980 10.9045
 13.1688
   0.00000   0.00000   0.00000    41
 -3.9073 -3.9073 -3.9073 -0.5943 -0.1448 -0.1448 -0.1448 -0.0492 -0.0492  1.7854
  1.7854  1.7854  2.3613  2.3613  2.3613  2.3758  2.3758  2.9123  2.9123  2.9123
  3.6739  4.6184  4.6184  4.6184  6.0015  6.1750  6.1750  6.4058  7.0813  7.0813
  7.0814  7.3464  7.3464  7.3464 10.0701 10.0701 10.0702 10.7177 10.7178 10.7178
 13.1086
   0.00000   0.00000   0.00000    41
 -3.7225 -3.7225 -3.7225 -0.5654 -0.0007 -0.0007 -0.0007  0.1299  0.1299  1.7967
  1.7967  1.7967  2.4154  2.4154  2.4308  2.4308  2.4308  3.0359  3.0360  3.0361
  3.7097  4.6781  4.6781  4.6781  6.0696  6.2216  6.2219  6.4954  7.1165  7.1166
  7.1167  7.3947  7.3948  7.3949 10.1201 10.1207 10.1213 10.7655 10.7658 10.7664
 13.1487
   42
   0.00000   0.00000   0.00000    41
 -3.9073 -3.9073 -3.9073 -0.5943 -0.1448 -0.1448 -0.1448 -0.0492 -0.0492  1.7854
  1.7854  1.7854  2.3613  2.3613  2.3613  2.3758  2.3758  2.9123  2.9123  2.9123
  3.6739  4.6184  4.6184  4.6184  6.0015  6.1750  6.1750  6.4058  7.0813  7.0813
  7.0814  7.3464  7.3464  7.3464 10.0701 10.0701 10.0702 10.7177 10.7178 10.7178
 13.1086
   0.00000   0.00000   0.00000    41
 -3.7225 -3.7225 -3.7225 -0.5654 -0.0007 -0.0007 -0.0007  0.1299  0.1299  1.7967
  1.7967  1.7967  2.4154  2.4154  2.4308  2.4308  2.4308  3.0359  3.0360  3.0361
  3.7097  4.6781  4.6781  4.6781  6.0696  6.2216  6.2219  6.4954  7.1165  7.1166
  7.1167  7.3947  7.3948  7.3949 10.1201 10.1207 10.1213 10.7655 10.7658 10.7664
 13.1487
   0.05000   0.00000   0.00000    41
 -3.9075 -3.9074 -3.9074 -0.5905 -0.1448 -0.1448 -0.1438 -0.0509 -0.0485  1.7703
  1.7871  1.7871  2.2402  2.3352  2.3352  2.3993  2.4962  2.9101  2.9426  2.9426
  3.6792  4.6016  4.6343  4.6343  6.0176  6.1455  6.1599  6.4134  7.0533  7.0533
  7.1456  7.3034  7.3034  7.3724  9.8821  9.8822 10.0806 10.6673 10.8567 10.8567
 13.1346
   0.05000   0.00000   0.00000    41
 -3.7227 -3.7226 -3.7226 -0.5616 -0.0009 -0.0008  0.0004  0.1278  0.1307  1.7838
  1.7993  1.7993  2.2919  2.4065  2.4065  2.4371  2.5532  3.0332  3.0625  3.0625
  3.7154  4.6612  4.6951  4.6951  6.0853  6.1929  6.2070  6.5035  7.0889  7.0890
  7.1812  7.3511  7.3512  7.4203  9.9300  9.9305 10.1319 10.7164 10.9065 10.9068
 13.1749
   0.10000   0.00000   0.00000    41
 -3.9082 -3.9077 -3.9077 -0.5794 -0.1449 -0.1449 -0.1408 -0.0558 -0.0466  1.7309
  1.7903  1.7903  2.1153  2.2730  2.2730  2.4634  2.6182  2.9039  3.0180  3.0180
  3.6908  4.5606  4.6825  4.6825  6.0111  6.1186  6.1326  6.4343  6.9662  6.9662
  7.1904  7.1904  7.3134  7.4466  9.5350  9.5351 10.1123 10.5250 11.0744 11.0744
 13.2042
   0.10000   0.00000   0.00000    41
 -3.7235 -3.7230 -3.7230 -0.5505 -0.0013 -0.0012  0.0037  0.1216  0.1330  1.7499
  1.8057  1.8057  2.1638  2.3465  2.3465  2.4973  2.6770  3.0250  3.1297  3.1298
  3.7283  4.6197  4.7464  4.7464  6.0678  6.1667  6.1916  6.5255  7.0029  7.0030
  7.2358  7.2358  7.3497  7.4934  9.5805  9.5809 10.1642 10.5757 11.1265 11.1268
 13.2449
   0.15000   0.00000   0.00000    37
 -3.9092 -3.9083 -3.9083 -0.5612 -0.1446 -0.1446 -0.1359 -0.0633 -0.0434  1.6884
  1.7925  1.7925  1.9966  2.2086  2.2086  2.6777  2.7303  2.8942  3.1233  3.1233
  3.7442  4.5638  4.8429  4.8429  5.9530  6.4338  6.4613  6.8811  6.8811  7.2601
  7.2601  7.5565  8.6021 10.1655 10.5925 11.1241 11.1242
   0.15000   0.00000   0.00000    37
 -3.7247 -3.7236 -3.7236 -0.5321 -0.0015 -0.0014  0.0091  0.1121  0.1369  1.7159
  1.8146  1.8146  2.0423  2.2806  2.2807  2.7122  2.7899  3.0122  3.2250  3.2250
  3.7856  4.6255  4.9168  4.9168  6.0031  6.5019  6.5540  6.9208  6.9210  7.3074
  7.3074  7.6021  8.6556 10.2184 10.6399 11.1725 11.1729
   0.20000   0.00000   0.00000    37
 -3.9106 -3.9090 -3.9090 -0.5363 -0.1441 -0.1441 -0.1292 -0.0745 -0.0392  1.6304
  1.7745  1.7745  1.8852  2.1561  2.1561  2.8294  2.8408  2.8819  3.2177  3.2177
  3.7025  4.5644  4.9717  4.9718  5.8663  6.4824  6.5469  6.6435  6.6436  7.1920
  7.1920  7.6671  8.8516 10.2378 10.4193 11.2671 11.2671
   0.20000   0.00000   0.00000    37
 -3.7263 -3.7244 -3.7244 -0.5068 -0.0017 -0.0016  0.0166  0.0980  0.1418  1.6650
  1.8093  1.8093  1.9281  2.2190  2.2190  2.8734  2.8889  2.9959  3.3103  3.3103
  3.7470  4.6248  5.0513  5.0513  5.9185  6.5763  6.6160  6.6836  6.6837  7.2409
  7.2409  7.7120  8.9055 10.2916 10.4694 11.3165 11.3170
   0.25000   0.00000   0.00000    37
 -3.9123 -3.9099 -3.9099 -0.5053 -0.1429 -0.1429 -0.1207 -0.0885 -0.0339  1.5736
  1.7256  1.7256  1.7832  2.1422  2.1422  2.8683  2.9142  3.0303  3.3167  3.3167
  3.6135  4.6223  5.1215  5.1215  5.8024  6.4131  6.4131  6.4792  6.6728  7.1032
  7.1032  7.7758  9.0260 10.3198 10.3399 11.4047 11.4047
   0.25000   0.00000   0.00000    37
 -3.7281 -3.7254 -3.7254 -0.4752 -0.0012 -0.0011  0.0259  0.0806  0.1476  1.6153
  1.7766  1.7766  1.8236  2.1914  2.1914  2.9731  2.9775  3.0622  3.4013  3.4013
  3.6612  4.6814  5.2052  5.2052  5.8575  6.4550  6.4551  6.5732  6.7428  7.1537
  7.1537  7.8201  9.0803 10.3736 10.3932 11.4557 11.4563
   0.30000   0.00000   0.00000    37
 -3.9142 -3.9110 -3.9110 -0.4692 -0.1406 -0.1406 -0.1108 -0.1049 -0.0273  1.5204
  1.6488  1.6488  1.6915  2.1677  2.1677  2.8544  2.9851  3.2437  3.4181  3.4181
  3.4831  4.7286  5.2797  5.2797  5.7693  6.2150  6.2150  6.4287  6.8043  7.0011
  7.0011  7.8891  9.0541 10.3949 10.4354 11.5316 11.5317
   0.30000   0.00000   0.00000    37
 -3.7302 -3.7266 -3.7266 -0.4381  0.0005  0.0005  0.0369  0.0602  0.1540  1.5693
  1.7120  1.7120  1.7302  2.2063  2.2063  2.9583  3.0432  3.2761  3.4960  3.4960
  3.5334  4.7860  5.3634  5.3634  5.8285  6.2624  6.2626  6.5208  6.8747  7.0529
  7.0529  7.9326  9.1093 10.4469 10.4917 11.5846 11.5852
   0.35000   0.00000   0.00000    37
 -3.9161 -3.9123 -3.9123 -0.4296 -0.1367 -0.1367 -0.1233 -0.0996 -0.0188  1.4720
  1.5574  1.5574  1.6111  2.2210  2.2210  2.8410  3.0427  3.3269  3.4781  3.5211
  3.5211  4.8587  5.4193  5.4193  5.7719  6.0775  6.0775  6.3078  6.8948  6.8948
  6.9340  8.0164  8.9681 10.4483 10.6899 11.6420 11.6421
   0.35000   0.00000   0.00000    37
 -3.7323 -3.7280 -3.7280 -0.3965  0.0038  0.0038  0.0375  0.0493  0.1611  1.5279
  1.6267  1.6267  1.6487  2.2546  2.2546  2.9391  3.0997  3.3795  3.5122  3.5934
  3.5934  4.9134  5.4932  5.4932  5.8368  6.1396  6.1397  6.3951  6.9479  6.9480
  7.0040  8.0586  9.0251 10.4965 10.7486 11.6968 11.6975
   0.40000   0.00000   0.00000    37
 -3.9180 -3.9137 -3.9137 -0.3887 -0.1432 -0.1311 -0.1311 -0.0873 -0.0071  1.4287
  1.4609  1.4609  1.5422  2.2932  2.2932  2.8285  3.0723  3.1740  3.6251  3.6251
  3.7283  4.9865  5.4875  5.4875  5.8076  6.0428  6.0429  6.1045  6.7989  6.7989
  7.0573  8.1696  8.8658 10.4842 11.0347 11.7325 11.7326
   0.40000   0.00000   0.00000    37
 -3.7344 -3.7295 -3.7295 -0.3520  0.0090  0.0091  0.0131  0.0630  0.1694  1.4916
  1.5324  1.5324  1.5798  2.3253  2.3253  2.9206  3.1284  3.2288  3.6929  3.6929
  3.7654  5.0373  5.5392  5.5392  5.8793  6.1299  6.1301  6.1841  6.8543  6.8544
  7.1257  8.2102  8.9260 10.5280 11.0953 11.7890 11.7897
   0.45000   0.00000   0.00000    37
 -3.9198 -3.9151 -3.9151 -0.3496 -0.1641 -0.1235 -0.1235 -0.0743  0.0105  1.3646
  1.3646  1.3907  1.4850  2.3793  2.3793  2.8168  2.9490  3.1598  3.7291  3.7291
  3.9858  5.0952  5.4633  5.4633  5.8310  5.8557  6.0997  6.0997  6.7457  6.7457
  7.1807  8.3632  8.8216 10.5336 11.4228 11.8030 11.8031
   0.45000   0.00000   0.00000    37
 -3.7364 -3.7311 -3.7311 -0.3067 -0.0123  0.0166  0.0167  0.0775  0.1801  1.4360
  1.4360  1.4603  1.5238  2.4118  2.4118  2.9028  3.0057  3.2149  3.7933  3.7933
  4.0269  5.1418  5.4991  5.4991  5.9009  5.9329  6.1994  6.1995  6.8085  6.8086
  7.2463  8.4016  8.8867 10.5745 11.4854 11.8609 11.8617
   0.50000   0.00000   0.00000    33
 -3.9214 -3.9166 -3.9166 -0.3162 -0.1854 -0.1135 -0.1135 -0.0607  0.0375  1.2714
  1.2714  1.3577  1.4398  2.5016  2.5016  2.7687  2.8097  3.2068  3.8438  3.8438
  4.2385  5.2395  5.4538  5.4538  5.6562  6.0368  6.1664  6.1664  7.3822  7.3822
  7.4384  8.6113  9.2215
   0.50000   0.00000   0.00000    33
 -3.7382 -3.7328 -3.7328 -0.2635 -0.0380  0.0269  0.0269  0.0928  0.1958  1.3417
  1.3417  1.4337  1.4810  2.5369  2.5369  2.8273  2.8893  3.2622  3.9054  3.9054
  4.2846  5.2812  5.4884  5.4884  5.7183  6.1208  6.2647  6.2648  7.4634  7.4635
  7.4970  8.6473  9.3037
   0.55000   0.00000   0.00000    34
 -3.9229 -3.9182 -3.9182 -0.2925 -0.2065 -0.1013 -0.1013 -0.0472  0.0766  1.1820
  1.1820  1.3294  1.4040  2.5750  2.6077  2.6077  2.7967  3.2402  3.9522  3.9522
  4.4723  5.2686  5.3565  5.3668  5.3668  5.7920  6.1218  6.1218  6.9894  7.4922
  7.4922  8.9238  9.4484 13.1133
   0.55000   0.00000   0.00000    34
 -3.7398 -3.7345 -3.7345 -0.2261 -0.0633  0.0398  0.0399  0.1079  0.2189  1.2503
  1.2503  1.4114  1.4489  2.6345  2.6446  2.6446  2.8700  3.2947  4.0119  4.0119
  4.5236  5.3030  5.3972  5.3972  5.4115  5.8686  6.2089  6.2090  7.0605  7.5901
  7.5902  8.9579  9.5344 13.1973
   0.60000   0.00000   0.00000    34
 -3.9241 -3.9198 -3.9198 -0.2794 -0.2270 -0.0869 -0.0869 -0.0339  0.1301  1.0976
  1.0976  1.3055  1.3788  2.3940  2.7196  2.7196  2.7861  3.2743  4.0484  4.0484
  4.6747  5.0721  5.2823  5.3112  5.3112  5.6294  6.0067  6.0067  7.2725  7.7240
  7.7240  9.3009  9.7196 13.3147
   0.60000   0.00000   0.00000    34
 -3.7411 -3.7362 -3.7362 -0.1978 -0.0877  0.0555  0.0555  0.1229  0.2538  1.1632
  1.1632  1.3929  1.4284  2.4555  2.7584  2.7584  2.8532  3.3277  4.1065  4.1066
  4.7311  5.1219  5.3127  5.3394  5.3394  5.7020  6.0854  6.0854  7.3487  7.8334
  7.8335  9.3342  9.8080 13.3936
   0.65000   0.00000   0.00000    34
 -3.9251 -3.9213 -3.9213 -0.2759 -0.2463 -0.0705 -0.0705 -0.0211  0.1966  1.0189
  1.0189  1.2854  1.3617  2.2180  2.7776  2.8362  2.8362  3.3081  4.1230  4.1230
  4.8220  4.8387  5.2244  5.2943  5.2943  5.5182  5.8652  5.8652  7.5937  8.0088
  8.0088  9.7278 10.0221 13.4380
   0.65000   0.00000   0.00000    34
 -3.7422 -3.7379 -3.7379 -0.1803 -0.1106  0.0737  0.0738  0.1372  0.3023  1.0813
  1.0813  1.3778  1.4169  2.2816  2.8385  2.8768  2.8768  3.3603  4.1794  4.1794
  4.8686  4.8992  5.2566  5.3220  5.3220  5.5818  5.9391  5.9392  7.6739  8.1240
  8.1241  9.7622 10.1119 13.5113
   0.70000   0.00000   0.00000    34
 -3.9258 -3.9227 -3.9227 -0.2792 -0.2640 -0.0526 -0.0526 -0.0093  0.2736  0.9467
  0.9467  1.2689  1.3505  2.0495  2.7709  2.9562  2.9562  3.3419  4.1706  4.1706
  4.6143  4.9635  5.0790  5.3141  5.3141  5.4960  5.7207  5.7207  7.9289  8.3005
  8.3005 10.1759 10.3458 13.4983
   0.70000   0.00000   0.00000    34
 -3.7430 -3.7394 -3.7394 -0.1728 -0.1314  0.0940  0.0941  0.1506  0.3638  1.0053
  1.0053  1.3655  1.4121  2.1150  2.8259  2.9984  2.9984  3.3928  4.2247  4.2248
  4.6591  5.0270  5.1166  5.3427  5.3427  5.5478  5.7921  5.7921  8.0128  8.4178
  8.4179 10.2132 10.4357 13.5658
   0.75000   0.00000   0.00000    34
 -3.9264 -3.9240 -3.9240 -0.2865 -0.2796 -0.0339 -0.0339  0.0013  0.3584  0.8819
  0.8819  1.2555  1.3425  1.8913  2.7660  3.0776  3.0776  3.3760  4.1916  4.1916
  4.4487  4.9095  5.0537  5.3612  5.3612  5.5109  5.5835  5.5835  8.2600  8.5720
  8.5720 10.6086 10.6783 13.5146
   0.75000   0.00000   0.00000    34
 -3.7435 -3.7408 -3.7408 -0.1727 -0.1497  0.1158  0.1158  0.1626  0.4360  0.9363
  0.9363  1.3557  1.4110  1.9586  2.8155  3.1212  3.1212  3.4257  4.2434  4.2434
  4.4930  4.9477  5.1192  5.3916  5.3916  5.5562  5.6535  5.6536  8.3479  8.6891
  8.6891 10.6504 10.7666 13.5766
   0.80000   0.00000   0.00000    34
 -3.9268 -3.9251 -3.9251 -0.2954 -0.2929 -0.0155 -0.0155  0.0104  0.4479  0.8256
  0.8256  1.2449  1.3337  1.7478  2.7626  3.1970  3.1970  3.4100  4.1908  4.1908
  4.3215  4.7505  5.1158  5.4185  5.4185  5.4634  5.4635  5.5340  8.5700  8.8072
  8.8072 10.9908 11.0014 13.5009
   0.80000   0.00000   0.00000    34
 -3.7439 -3.7420 -3.7420 -0.1770 -0.1652  0.1379  0.1379  0.1729  0.5150  0.8754
  0.8754  1.3481  1.4098  1.8165  2.8072  3.2417  3.2417  3.4585  4.2404  4.2404
  4.3661  4.7870  5.1824  5.4528  5.4528  5.5309  5.5309  5.5759  8.6627  8.9228
  8.9229 11.0377 11.0859 13.5577
   0.85000   0.00000   0.00000    34
 -3.9270 -3.9260 -3.9260 -0.3041 -0.3035  0.0015  0.0015  0.0178  0.5383  0.7792
  0.7792  1.2369  1.3177  1.6270  2.7605  3.3090  3.3090  3.4426  4.1742  4.1742
  4.2281  4.6149  5.1567  5.3500  5.3500  5.4890  5.4890  5.5564  8.8420  8.9969
  8.9969 11.2876 11.2965 13.4734
   0.85000   0.00000   0.00000    34
 -3.7441 -3.7430 -3.7430 -0.1829 -0.1775  0.1587  0.1588  0.1813  0.5960  0.8243
  0.8243  1.3425  1.4027  1.6961  2.8009  3.3546  3.3546  3.4902  4.2222  4.2222
  4.2733  4.6491  5.2239  5.4174  5.4174  5.5247  5.5247  5.5962  8.9403  9.1106
  9.1106 11.3484 11.3661 13.5256
   0.90000   0.00000   0.00000    34
 -3.9271 -3.9267 -3.9267 -0.3112 -0.3112  0.0153  0.0153  0.0232  0.6228  0.7444
  0.7444  1.2314  1.2870  1.5412  2.7592  3.4054  3.4054  3.4712  4.1490  4.1490
  4.1643  4.5103  5.1819  5.2690  5.2690  5.5417  5.5417  5.5742  9.0580  9.1356
  9.1356 11.5073 11.5139 13.4428
   0.90000   0.00000   0.00000    34
 -3.7443 -3.7437 -3.7437 -0.1885 -0.1864  0.1763  0.1763  0.1874  0.6715  0.7851
  0.7851  1.3386  1.3824  1.6094  2.7965  3.4516  3.4516  3.5181  4.1960  4.1960
  4.2101  4.5425  5.2493  5.3367  5.3368  5.5781  5.5781  5.6127  9.1619  9.2475
  9.2476 11.5697 11.5782 13.4915
   0.95000   0.00000   0.00000    34
 -3.9272 -3.9271 -3.9271 -0.3159 -0.3159  0.0244  0.0244  0.0265  0.6888  0.7226
  0.7226  1.2281  1.2470  1.4966  2.7587  3.4736  3.4736  3.4914  4.1251  4.1251
  4.1271  4.4437  5.1954  5.2173  5.2173  5.5770  5.5770  5.5855  9.1989  9.2200
  9.2200 11.6399 11.6416 13.4213
   0.95000   0.00000   0.00000    34
 -3.7443 -3.7442 -3.7442 -0.1923 -0.1919  0.1882  0.1883  0.1912  0.7291  0.7602
  0.7602  1.3363  1.3516  1.5645  2.7940  3.5201  3.5201  3.5381  4.1717  4.1717
  4.1735  4.4745  5.2628  5.2849  5.2849  5.6142  5.6142  5.6233  9.3076  9.3308
  9.3308 11.7000 11.7043 13.4678
   1.00000   0.00000   0.00000    34
 -3.9272 -3.9272 -3.9272 -0.3175 -0.3175  0.0276  0.0276  0.0277  0.7152  0.7152
  0.7152  1.2270  1.2270  1.4840  2.7585  3.4988  3.4988  3.4988  4.1149  4.1149
  4.1149  4.4207  5.1996  5.1996  5.1996  5.5894  5.5894  5.5894  9.2483  9.2483
  9.2483 11.6835 11.6838 13.4128
   1.00000   0.00000   0.00000    34
 -3.7443 -3.7443 -3.7443 -0.1937 -0.1937  0.1925  0.1925  0.1925  0.7516  0.7516
  0.7516  1.3355  1.3355  1.5521  2.7931  3.5454  3.5454  3.5454  4.1614  4.1614
  4.1614  4.4509  5.2671  5.2671  5.2671  5.6268  5.6269  5.6269  9.3587  9.3587
  9.3588 11.7428 11.7455 13.4585
    0
