 0.000000 -0.673955 1 1
 0.000000  0.246817 1 2
 0.000000  0.246849 1 3
 0.000000  0.246866 1 4
 0.000000  0.490230 1 5
 0.000000  0.490249 1 6
 0.000000  0.490263 1 7
 0.000000  0.529288 1 8
 0.000000  1.062799 1 9
 0.000000  1.062873 1 10
 0.000000  1.626713 1 11
 0.000000  1.634212 1 12
 0.000000  1.733879 1 13
 0.000000  2.240917 1 14
 0.000000  2.242176 1 15
 0.000000  2.429646 1 16
 0.000000  2.460076 1 17
 0.000000  2.506106 1 18
 0.050000 -0.672870 1 1
 0.050000  0.240889 1 2
 0.050000  0.243014 1 3
 0.050000  0.243497 1 4
 0.050000  0.487972 1 5
 0.050000  0.493893 1 6
 0.050000  0.494345 1 7
 0.050000  0.533828 1 8
 0.050000  1.053941 1 9
 0.050000  1.065092 1 10
 0.050000  1.616332 1 11
 0.050000  1.632152 1 12
 0.050000  1.713026 1 13
 0.050000  2.230013 1 14
 0.050000  2.251234 1 15
 0.050000  2.424636 1 16
 0.050000  2.450391 1 17
 0.050000  2.510146 1 18
 0.100000 -0.669959 1 1
 0.100000  0.224341 1 2
 0.100000  0.232953 1 3
 0.100000  0.233991 1 4
 0.100000  0.481416 1 5
 0.100000  0.505370 1 6
 0.100000  0.506145 1 7
 0.100000  0.545874 1 8
 0.100000  1.027243 1 9
 0.100000  1.068039 1 10
 0.100000  1.590473 1 11
 0.100000  1.619943 1 12
 0.100000  1.669195 1 13
 0.100000  2.202212 1 14
 0.100000  2.250606 1 15
 0.100000  2.409817 1 16
 0.100000  2.435170 1 17
 0.100000  2.511310 1 18
 0.150000 -0.665471 1 1
 0.150000  0.199964 1 2
 0.150000  0.218160 1 3
 0.150000  0.219643 1 4
 0.150000  0.471105 1 5
 0.150000  0.523635 1 6
 0.150000  0.524512 1 7
 0.150000  0.563604 1 8
 0.150000  0.986424 1 9
 0.150000  1.073164 1 10
 0.150000  1.551876 1 11
 0.150000  1.602313 1 12
 0.150000  1.618194 1 13
 0.150000  2.166776 1 14
 0.150000  2.242214 1 15
 0.150000  2.383257 1 16
 0.150000  2.412567 1 17
 0.150000  2.505722 1 18
 0.200000 -0.659641 1 1
 0.200000  0.170527 1 2
 0.200000  0.200271 1 3
 0.200000  0.202006 1 4
 0.200000  0.457926 1 5
 0.200000  0.547675 1 6
 0.200000  0.548316 1 7
 0.200000  0.584849 1 8
 0.200000  0.939222 1 9
 0.200000  1.082257 1 10
 0.200000  1.505288 1 11
 0.200000  1.565292 1 12
 0.200000  1.595635 1 13
 0.200000  2.132918 1 14
 0.200000  2.228212 1 15
 0.200000  2.348151 1 16
 0.200000  2.383147 1 17
 0.200000  2.492348 1 18
 0.250000 -0.652580 1 1
 0.250000  0.138056 1 2
 0.250000  0.180787 1 3
 0.250000  0.182416 1 4
 0.250000  0.442887 1 5
 0.250000  0.576548 1 6
 0.250000  0.576870 1 7
 0.250000  0.605563 1 8
 0.250000  0.898369 1 9
 0.250000  1.096266 1 10
 0.250000  1.461498 1 11
 0.250000  1.530625 1 12
 0.250000  1.591164 1 13
 0.250000  2.106283 1 14
 0.250000  2.209172 1 15
 0.250000  2.310150 1 16
 0.250000  2.353611 1 17
 0.250000  2.474502 1 18
 0.300000 -0.644228 1 1
 0.300000  0.103868 1 2
 0.300000  0.160984 1 3
 0.300000  0.161879 1 4
 0.300000  0.426932 1 5
 0.300000  0.609454 1 6
 0.300000  0.609652 1 7
 0.300000  0.616504 1 8
 0.300000  0.882110 1 9
 0.300000  1.114580 1 10
 0.300000  1.432466 1 11
 0.300000  1.509943 1 12
 0.300000  1.595598 1 13
 0.300000  2.086133 1 14
 0.300000  2.183728 1 15
 0.300000  2.278990 1 16
 0.300000  2.330647 1 17
 0.300000  2.457926 1 18
 0.350000 -0.634388 1 1
 0.350000  0.068828 1 2
 0.350000  0.141264 1 3
 0.350000  0.141801 1 4
 0.350000  0.410878 1 5
 0.350000  0.608298 1 6
 0.350000  0.645661 1 7
 0.350000  0.645913 1 8
 0.350000  0.905509 1 9
 0.350000  1.135502 1 10
 0.350000  1.424667 1 11
 0.350000  1.502921 1 12
 0.350000  1.607052 1 13
 0.350000  2.066346 1 14
 0.350000  2.150091 1 15
 0.350000  2.263015 1 16
 0.350000  2.318921 1 17
 0.350000  2.446046 1 18
 0.400000 -0.622824 1 1
 0.400000  0.033532 1 2
 0.400000  0.121452 1 3
 0.400000  0.123747 1 4
 0.400000  0.395395 1 5
 0.400000  0.584986 1 6
 0.400000  0.683739 1 7
 0.400000  0.684946 1 8
 0.400000  0.964700 1 9
 0.400000  1.157631 1 10
 0.400000  1.436568 1 11
 0.400000  1.504845 1 12
 0.400000  1.623939 1 13
 0.400000  2.041188 1 14
 0.400000  2.108521 1 15
 0.400000  2.262189 1 16
 0.400000  2.319690 1 17
 0.400000  2.436904 1 18
 0.450000 -0.609369 1 1
 0.450000 -0.001634 1 2
 0.450000  0.103241 1 3
 0.450000  0.106947 1 4
 0.450000  0.380979 1 5
 0.450000  0.556061 1 6
 0.450000  0.722451 1 7
 0.450000  0.725056 1 8
 0.450000  1.045010 1 9
 0.450000  1.180755 1 10
 0.450000  1.458301 1 11
 0.450000  1.508635 1 12
 0.450000  1.645803 1 13
 0.450000  2.009098 1 14
 0.450000  2.060939 1 15
 0.450000  2.267029 1 16
 0.450000  2.330263 1 17
 0.450000  2.425490 1 18
 0.500000 -0.593982 1 1
 0.500000 -0.036486 1 2
 0.500000  0.087101 1 3
 0.500000  0.091273 1 4
 0.500000  0.367957 1 5
 0.500000  0.526343 1 6
 0.500000  0.760356 1 7
 0.500000  0.764376 1 8
 0.500000  1.133133 1 9
 0.500000  1.205328 1 10
 0.500000  1.476664 1 11
 0.500000  1.508468 1 12
 0.500000  1.672924 1 13
 0.500000  1.970789 1 14
 0.500000  2.009860 1 15
 0.500000  2.265079 1 16
 0.500000  2.344637 1 17
 0.500000  2.408581 1 18
 0.550000 -0.576740 1 1
 0.550000 -0.071016 1 2
 0.550000  0.073044 1 3
 0.550000  0.076546 1 4
 0.550000  0.356556 1 5
 0.550000  0.497411 1 6
 0.550000  0.796463 1 7
 0.550000  0.801214 1 8
 0.550000  1.218640 1 9
 0.550000  1.231778 1 10
 0.550000  1.482235 1 11
 0.550000  1.501372 1 12
 0.550000  1.705021 1 13
 0.550000  1.927014 1 14
 0.550000  1.959653 1 15
 0.550000  2.250059 1 16
 0.550000  2.353440 1 17
 0.550000  2.387521 1 18
 0.600000 -0.557782 1 1
 0.600000 -0.105295 1 2
 0.600000  0.060708 1 3
 0.600000  0.062732 1 4
 0.600000  0.346938 1 5
 0.600000  0.470019 1 6
 0.600000  0.830720 1 7
 0.600000  0.834776 1 8
 0.600000  1.259702 1 9
 0.600000  1.295489 1 10
 0.600000  1.472873 1 11
 0.600000  1.486265 1 12
 0.600000  1.740200 1 13
 0.600000  1.876925 1 14
 0.600000  1.918262 1 15
 0.600000  2.225011 1 16
 0.600000  2.349395 1 17
 0.600000  2.366678 1 18
 0.650000 -0.537259 1 1
 0.650000 -0.139371 1 2
 0.650000  0.049617 1 3
 0.650000  0.050034 1 4
 0.650000  0.339136 1 5
 0.650000  0.444905 1 6
 0.650000  0.864043 1 7
 0.650000  0.865819 1 8
 0.650000  1.289898 1 9
 0.650000  1.361432 1 10
 0.650000  1.452085 1 11
 0.650000  1.463614 1 12
 0.650000  1.775308 1 13
 0.650000  1.822178 1 14
 0.650000  1.891016 1 15
 0.650000  2.200114 1 16
 0.650000  2.332039 1 17
 0.650000  2.349687 1 18
 0.700000 -0.515301 1 1
 0.700000 -0.173169 1 2
 0.700000  0.038822 1 3
 0.700000  0.039497 1 4
 0.700000  0.332993 1 5
 0.700000  0.422652 1 6
 0.700000  0.895958 1 7
 0.700000  0.898538 1 8
 0.700000  1.322433 1 9
 0.700000  1.418695 1 10
 0.700000  1.425261 1 11
 0.700000  1.436508 1 12
 0.700000  1.768314 1 13
 0.700000  1.808349 1 14
 0.700000  1.876229 1 15
 0.700000  2.186479 1 16
 0.700000  2.306041 1 17
 0.700000  2.337262 1 18
 0.750000 -0.492027 1 1
 0.750000 -0.206494 1 2
 0.750000  0.029446 1 3
 0.750000  0.030485 1 4
 0.750000  0.328302 1 5
 0.750000  0.403320 1 6
 0.750000  0.928684 1 7
 0.750000  0.934863 1 8
 0.750000  1.357667 1 9
 0.750000  1.397180 1 10
 0.750000  1.407807 1 11
 0.750000  1.471461 1 12
 0.750000  1.719573 1 13
 0.750000  1.839134 1 14
 0.750000  1.870432 1 15
 0.750000  2.189332 1 16
 0.750000  2.279952 1 17
 0.750000  2.324274 1 18
 0.800000 -0.467571 1 1
 0.800000 -0.239114 1 2
 0.800000  0.022038 1 3
 0.800000  0.023039 1 4
 0.800000  0.325094 1 5
 0.800000  0.386403 1 6
 0.800000  0.965514 1 7
 0.800000  0.973847 1 8
 0.800000  1.371245 1 9
 0.800000  1.381070 1 10
 0.800000  1.396738 1 11
 0.800000  1.518971 1 12
 0.800000  1.677219 1 13
 0.800000  1.847584 1 14
 0.800000  1.890849 1 15
 0.800000  2.205559 1 16
 0.800000  2.260242 1 17
 0.800000  2.305133 1 18
 0.850000 -0.442093 1 1
 0.850000 -0.270871 1 2
 0.850000  0.016515 1 3
 0.850000  0.017521 1 4
 0.850000  0.323780 1 5
 0.850000  0.371272 1 6
 0.850000  1.006168 1 7
 0.850000  1.014115 1 8
 0.850000  1.347001 1 9
 0.850000  1.360271 1 10
 0.850000  1.437136 1 11
 0.850000  1.560902 1 12
 0.850000  1.639926 1 13
 0.850000  1.831209 1 14
 0.850000  1.934924 1 15
 0.850000  2.223158 1 16
 0.850000  2.251933 1 17
 0.850000  2.279607 1 18
 0.900000 -0.415762 1 1
 0.900000 -0.301725 1 2
 0.900000  0.012814 1 3
 0.900000  0.013776 1 4
 0.900000  0.325001 1 5
 0.900000  0.357667 1 6
 0.900000  1.046865 1 7
 0.900000  1.052032 1 8
 0.900000  1.323662 1 9
 0.900000  1.344289 1 10
 0.900000  1.478896 1 11
 0.900000  1.594976 1 12
 0.900000  1.605700 1 13
 0.900000  1.804360 1 14
 0.900000  1.978709 1 15
 0.900000  2.226868 1 16
 0.900000  2.246046 1 17
 0.900000  2.269246 1 18
 0.950000 -0.388702 1 1
 0.950000 -0.331714 1 2
 0.950000  0.010794 1 3
 0.950000  0.011415 1 4
 0.950000  0.329311 1 5
 0.950000  0.345810 1 6
 0.950000  1.079336 1 7
 0.950000  1.081416 1 8
 0.950000  1.305041 1 9
 0.950000  1.331833 1 10
 0.950000  1.518999 1 11
 0.950000  1.571438 1 12
 0.950000  1.618842 1 13
 0.950000  1.773096 1 14
 0.950000  2.006027 1 15
 0.950000  2.225630 1 16
 0.950000  2.236639 1 17
 0.950000  2.277039 1 18
 1.000000 -0.360940 1 1
 1.000000 -0.360874 1 2
 1.000000  0.010199 1 3
 1.000000  0.010245 1 4
 1.000000  0.335831 1 5
 1.000000  0.337211 1 6
 1.000000  1.091055 1 7
 1.000000  1.094853 1 8
 1.000000  1.297620 1 9
 1.000000  1.325968 1 10
 1.000000  1.530759 1 11
 1.000000  1.562178 1 12
 1.000000  1.623839 1 13
 1.000000  1.749737 1 14
 1.000000  2.009546 1 15
 1.000000  2.225356 1 16
 1.000000  2.248288 1 17
 1.000000  2.274836 1 18
 1.000000 -0.360940 1 1
 1.000000 -0.360874 1 2
 1.000000  0.010199 1 3
 1.000000  0.010245 1 4
 1.000000  0.335831 1 5
 1.000000  0.337211 1 6
 1.000000  1.091055 1 7
 1.000000  1.094853 1 8
 1.000000  1.297620 1 9
 1.000000  1.325968 1 10
 1.000000  1.530759 1 11
 1.000000  1.562178 1 12
 1.000000  1.623839 1 13
 1.000000  1.749737 1 14
 1.000000  2.009546 1 15
 1.000000  2.225356 1 16
 1.000000  2.248288 1 17
 1.000000  2.274836 1 18
 1.058926 -0.361127 1 1
 1.058926 -0.359795 1 2
 1.058926  0.003086 1 3
 1.058926  0.011311 1 4
 1.058926  0.337954 1 5
 1.058926  0.348896 1 6
 1.058926  1.080151 1 7
 1.058926  1.087001 1 8
 1.058926  1.292064 1 9
 1.058926  1.320928 1 10
 1.058926  1.533206 1 11
 1.058926  1.561515 1 12
 1.058926  1.626852 1 13
 1.058926  1.743393 1 14
 1.058926  2.030101 1 15
 1.058926  2.220289 1 16
 1.058926  2.234450 1 17
 1.058926  2.284120 1 18
 1.117851 -0.362213 1 1
 1.117851 -0.356178 1 2
 1.117851 -0.015352 1 3
 1.117851  0.014457 1 4
 1.117851  0.341672 1 5
 1.117851  0.383342 1 6
 1.117851  1.051715 1 7
 1.117851  1.063451 1 8
 1.117851  1.277260 1 9
 1.117851  1.300062 1 10
 1.117851  1.544395 1 11
 1.117851  1.570488 1 12
 1.117851  1.642037 1 13
 1.117851  1.726874 1 14
 1.117851  2.059943 1 15
 1.117851  2.170724 1 16
 1.117851  2.256330 1 17
 1.117851  2.301800 1 18
 1.176777 -0.364861 1 1
 1.176777 -0.349980 1 2
 1.176777 -0.038885 1 3
 1.176777  0.019640 1 4
 1.176777  0.347902 1 5
 1.176777  0.429764 1 6
 1.176777  1.011198 1 7
 1.176777  1.029457 1 8
 1.176777  1.250185 1 9
 1.176777  1.267492 1 10
 1.176777  1.562227 1 11
 1.176777  1.590482 1 12
 1.176777  1.663047 1 13
 1.176777  1.710886 1 14
 1.176777  2.074947 1 15
 1.176777  2.119052 1 16
 1.176777  2.288421 1 17
 1.176777  2.321655 1 18
 1.235702 -0.369905 1 1
 1.235702 -0.341231 1 2
 1.235702 -0.062970 1 3
 1.235702  0.026704 1 4
 1.235702  0.356224 1 5
 1.235702  0.480782 1 6
 1.235702  0.965017 1 7
 1.235702  0.990947 1 8
 1.235702  1.202778 1 9
 1.235702  1.234979 1 10
 1.235702  1.584171 1 11
 1.235702  1.620485 1 12
 1.235702  1.675274 1 13
 1.235702  1.718642 1 14
 1.235702  2.029691 1 15
 1.235702  2.104820 1 16
 1.235702  2.320951 1 17
 1.235702  2.339185 1 18
 1.294628 -0.378176 1 1
 1.294628 -0.330037 1 2
 1.294628 -0.084735 1 3
 1.294628  0.035462 1 4
 1.294628  0.366153 1 5
 1.294628  0.534409 1 6
 1.294628  0.918603 1 7
 1.294628  0.952725 1 8
 1.294628  1.140702 1 9
 1.294628  1.202562 1 10
 1.294628  1.607986 1 11
 1.294628  1.657686 1 12
 1.294628  1.682454 1 13
 1.294628  1.749492 1 14
 1.294628  1.970515 1 15
 1.294628  2.082416 1 16
 1.294628  2.340170 1 17
 1.294628  2.353958 1 18
 1.353553 -0.390345 1 1
 1.353553 -0.316526 1 2
 1.353553 -0.101566 1 3
 1.353553  0.045754 1 4
 1.353553  0.377431 1 5
 1.353553  0.594060 1 6
 1.353553  0.875148 1 7
 1.353553  0.917888 1 8
 1.353553  1.071912 1 9
 1.353553  1.168292 1 10
 1.353553  1.632055 1 11
 1.353553  1.691617 1 12
 1.353553  1.700129 1 13
 1.353553  1.784974 1 14
 1.353553  1.914841 1 15
 1.353553  2.044670 1 16
 1.353553  2.347308 1 17
 1.353553  2.358656 1 18
 1.353553 -0.390472 1 1
 1.353553 -0.317199 1 2
 1.353553 -0.100735 1 3
 1.353553  0.046201 1 4
 1.353553  0.376503 1 5
 1.353553  0.597263 1 6
 1.353553  0.876873 1 7
 1.353553  0.921695 1 8
 1.353553  1.082084 1 9
 1.353553  1.151526 1 10
 1.353553  1.631224 1 11
 1.353553  1.689260 1 12
 1.353553  1.694132 1 13
 1.353553  1.808589 1 14
 1.353553  1.935847 1 15
 1.353553  2.065235 1 16
 1.353553  2.350428 1 17
 1.353553  2.376078 1 18
 1.401765 -0.403516 1 1
 1.401765 -0.304328 1 2
 1.401765 -0.109123 1 3
 1.401765  0.055527 1 4
 1.401765  0.387119 1 5
 1.401765  0.653823 1 6
 1.401765  0.843490 1 7
 1.401765  0.896631 1 8
 1.401765  1.027357 1 9
 1.401765  1.121911 1 10
 1.401765  1.650040 1 11
 1.401765  1.685852 1 12
 1.401765  1.729473 1 13
 1.401765  1.833986 1 14
 1.401765  1.875739 1 15
 1.401765  2.032842 1 16
 1.401765  2.343640 1 17
 1.401765  2.371815 1 18
 1.449977 -0.419044 1 1
 1.449977 -0.289883 1 2
 1.449977 -0.112185 1 3
 1.449977  0.065695 1 4
 1.449977  0.399041 1 5
 1.449977  0.719429 1 6
 1.449977  0.812915 1 7
 1.449977  0.873716 1 8
 1.449977  0.973197 1 9
 1.449977  1.092685 1 10
 1.449977  1.668295 1 11
 1.449977  1.673758 1 12
 1.449977  1.768589 1 13
 1.449977  1.810763 1 14
 1.449977  1.857629 1 15
 1.449977  1.998331 1 16
 1.449977  2.333901 1 17
 1.449977  2.365714 1 18
 1.498189 -0.436604 1 1
 1.498189 -0.273895 1 2
 1.498189 -0.109975 1 3
 1.498189  0.076711 1 4
 1.498189  0.412202 1 5
 1.498189  0.784375 1 6
 1.498189  0.788604 1 7
 1.498189  0.852163 1 8
 1.498189  0.927678 1 9
 1.498189  1.063505 1 10
 1.498189  1.654608 1 11
 1.498189  1.684200 1 12
 1.498189  1.751571 1 13
 1.498189  1.807852 1 14
 1.498189  1.866878 1 15
 1.498189  1.974881 1 16
 1.498189  2.325274 1 17
 1.498189  2.359991 1 18
 1.546401 -0.455591 1 1
 1.546401 -0.256363 1 2
 1.546401 -0.103438 1 3
 1.546401  0.088572 1 4
 1.546401  0.426289 1 5
 1.546401  0.757306 1 6
 1.546401  0.817649 1 7
 1.546401  0.831422 1 8
 1.546401  0.934039 1 9
 1.546401  1.034239 1 10
 1.546401  1.629514 1 11
 1.546401  1.694072 1 12
 1.546401  1.697489 1 13
 1.546401  1.844039 1 14
 1.546401  1.866143 1 15
 1.546401  1.972840 1 16
 1.546401  2.321350 1 17
 1.546401  2.357171 1 18
 1.594613 -0.475389 1 1
 1.594613 -0.237253 1 2
 1.594613 -0.093726 1 3
 1.594613  0.101248 1 4
 1.594613  0.440818 1 5
 1.594613  0.730865 1 6
 1.594613  0.785783 1 7
 1.594613  0.810666 1 8
 1.594613  1.004354 1 9
 1.594613  1.011952 1 10
 1.594613  1.597846 1 11
 1.594613  1.644891 1 12
 1.594613  1.705472 1 13
 1.594613  1.857739 1 14
 1.594613  1.881877 1 15
 1.594613  1.987987 1 16
 1.594613  2.324678 1 17
 1.594613  2.359656 1 18
 1.642824 -0.495430 1 1
 1.642824 -0.216517 1 2
 1.642824 -0.081522 1 3
 1.642824  0.114655 1 4
 1.642824  0.455326 1 5
 1.642824  0.704874 1 6
 1.642824  0.745692 1 7
 1.642824  0.790028 1 8
 1.642824  0.975981 1 9
 1.642824  1.102856 1 10
 1.642824  1.555911 1 11
 1.642824  1.608629 1 12
 1.642824  1.710785 1 13
 1.642824  1.860259 1 14
 1.642824  1.908945 1 15
 1.642824  2.013118 1 16
 1.642824  2.335949 1 17
 1.642824  2.368562 1 18
 1.691036 -0.515180 1 1
 1.691036 -0.194153 1 2
 1.691036 -0.066899 1 3
 1.691036  0.128624 1 4
 1.691036  0.469493 1 5
 1.691036  0.679477 1 6
 1.691036  0.709217 1 7
 1.691036  0.770139 1 8
 1.691036  0.947955 1 9
 1.691036  1.191948 1 10
 1.691036  1.507713 1 11
 1.691036  1.584317 1 12
 1.691036  1.712915 1 13
 1.691036  1.865851 1 14
 1.691036  1.932288 1 15
 1.691036  2.045363 1 16
 1.691036  2.352834 1 17
 1.691036  2.383586 1 18
 1.739248 -0.534223 1 1
 1.739248 -0.170187 1 2
 1.739248 -0.049618 1 3
 1.739248  0.142910 1 4
 1.739248  0.483104 1 5
 1.739248  0.655025 1 6
 1.739248  0.678001 1 7
 1.739248  0.751897 1 8
 1.739248  0.921415 1 9
 1.739248  1.272386 1 10
 1.739248  1.459398 1 11
 1.739248  1.565564 1 12
 1.739248  1.711685 1 13
 1.739248  1.871090 1 14
 1.739248  1.953496 1 15
 1.739248  2.082822 1 16
 1.739248  2.370523 1 17
 1.739248  2.403526 1 18
 1.787460 -0.552285 1 1
 1.787460 -0.144695 1 2
 1.787460 -0.029579 1 3
 1.787460  0.157191 1 4
 1.787460  0.495821 1 5
 1.787460  0.631907 1 6
 1.787460  0.651627 1 7
 1.787460  0.736525 1 8
 1.787460  0.897126 1 9
 1.787460  1.338253 1 10
 1.787460  1.413572 1 11
 1.787460  1.548790 1 12
 1.787460  1.706466 1 13
 1.787460  1.874278 1 14
 1.787460  1.974838 1 15
 1.787460  2.122573 1 16
 1.787460  2.385127 1 17
 1.787460  2.425487 1 18
 1.835672 -0.569253 1 1
 1.835672 -0.117782 1 2
 1.835672 -0.007067 1 3
 1.835672  0.171096 1 4
 1.835672  0.507019 1 5
 1.835672  0.610394 1 6
 1.835672  0.628997 1 7
 1.835672  0.725307 1 8
 1.835672  0.876075 1 9
 1.835672  1.348865 1 10
 1.835672  1.406456 1 11
 1.835672  1.532158 1 12
 1.835672  1.696460 1 13
 1.835672  1.877136 1 14
 1.835672  1.998065 1 15
 1.835672  2.161093 1 16
 1.835672  2.395156 1 17
 1.835672  2.445587 1 18
 1.883883 -0.585101 1 1
 1.883883 -0.089544 1 2
 1.883883  0.017313 1 3
 1.883883  0.184245 1 4
 1.883883  0.515837 1 5
 1.883883  0.590593 1 6
 1.883883  0.608935 1 7
 1.883883  0.719085 1 8
 1.883883  0.859587 1 9
 1.883883  1.298488 1 10
 1.883883  1.440805 1 11
 1.883883  1.515653 1 12
 1.883883  1.681138 1 13
 1.883883  1.883839 1 14
 1.883883  2.024463 1 15
 1.883883  2.195697 1 16
 1.883883  2.399777 1 17
 1.883883  2.461497 1 18
 1.932095 -0.599804 1 1
 1.932095 -0.060013 1 2
 1.932095  0.042903 1 3
 1.932095  0.196288 1 4
 1.932095  0.521522 1 5
 1.932095  0.572494 1 6
 1.932095  0.590539 1 7
 1.932095  0.717424 1 8
 1.932095  0.849336 1 9
 1.932095  1.239552 1 10
 1.932095  1.464776 1 11
 1.932095  1.501176 1 12
 1.932095  1.660860 1 13
 1.932095  1.899130 1 14
 1.932095  2.055129 1 15
 1.932095  2.225620 1 16
 1.932095  2.398368 1 17
 1.932095  2.472833 1 18
 1.980307 -0.613295 1 1
 1.980307 -0.029103 1 2
 1.980307  0.069202 1 3
 1.980307  0.206949 1 4
 1.980307  0.523873 1 5
 1.980307  0.556060 1 6
 1.980307  0.573305 1 7
 1.980307  0.717671 1 8
 1.980307  0.847145 1 9
 1.980307  1.177861 1 10
 1.980307  1.476381 1 11
 1.980307  1.493348 1 12
 1.980307  1.637778 1 13
 1.980307  1.926350 1 14
 1.980307  2.090568 1 15
 1.980307  2.252138 1 16
 1.980307  2.391729 1 17
 1.980307  2.479939 1 18
 2.028519 -0.625488 1 1
 2.028519  0.003395 1 2
 2.028519  0.095897 1 3
 2.028519  0.216070 1 4
 2.028519  0.523359 1 5
 2.028519  0.541304 1 6
 2.028519  0.557054 1 7
 2.028519  0.714593 1 8
 2.028519  0.854515 1 9
 2.028519  1.120091 1 10
 2.028519  1.475744 1 11
 2.028519  1.498743 1 12
 2.028519  1.616265 1 13
 2.028519  1.965735 1 14
 2.028519  2.129931 1 15
 2.028519  2.277610 1 16
 2.028519  2.383025 1 17
 2.028519  2.483052 1 18
 2.076731 -0.636321 1 1
 2.076731  0.037716 1 2
 2.076731  0.122723 1 3
 2.076731  0.223648 1 4
 2.076731  0.520831 1 5
 2.076731  0.528329 1 6
 2.076731  0.541842 1 7
 2.076731  0.701767 1 8
 2.076731  0.872029 1 9
 2.076731  1.075037 1 10
 2.076731  1.477091 1 11
 2.076731  1.510103 1 12
 2.076731  1.601714 1 13
 2.076731  2.013743 1 14
 2.076731  2.170662 1 15
 2.076731  2.304210 1 16
 2.076731  2.376857 1 17
 2.076731  2.482659 1 18
 2.124943 -0.645782 1 1
 2.124943  0.073894 1 2
 2.124943  0.149254 1 3
 2.124943  0.229833 1 4
 2.124943  0.516650 1 5
 2.124943  0.517801 1 6
 2.124943  0.527976 1 7
 2.124943  0.675860 1 8
 2.124943  0.898898 1 9
 2.124943  1.048732 1 10
 2.124943  1.489109 1 11
 2.124943  1.525284 1 12
 2.124943  1.597937 1 13
 2.124943  2.064305 1 14
 2.124943  2.208550 1 15
 2.124943  2.333306 1 16
 2.124943  2.376800 1 17
 2.124943  2.480116 1 18
 2.173154 -0.653917 1 1
 2.173154  0.111499 1 2
 2.173154  0.174763 1 3
 2.173154  0.234860 1 4
 2.173154  0.508049 1 5
 2.173154  0.513001 1 6
 2.173154  0.516265 1 7
 2.173154  0.640393 1 8
 2.173154  0.932778 1 9
 2.173154  1.039789 1 10
 2.173154  1.514217 1 11
 2.173154  1.546656 1 12
 2.173154  1.604846 1 13
 2.173154  2.111857 1 14
 2.173154  2.238383 1 15
 2.173154  2.364902 1 16
 2.173154  2.383299 1 17
 2.173154  2.477843 1 18
 2.221366 -0.660769 1 1
 2.221366  0.149337 1 2
 2.221366  0.198158 1 3
 2.221366  0.238945 1 4
 2.221366  0.501030 1 5
 2.221366  0.505465 1 6
 2.221366  0.510090 1 7
 2.221366  0.602881 1 8
 2.221366  0.969896 1 9
 2.221366  1.041872 1 10
 2.221366  1.547054 1 11
 2.221366  1.578870 1 12
 2.221366  1.619091 1 13
 2.221366  2.153630 1 14
 2.221366  2.256298 1 15
 2.221366  2.391139 1 16
 2.221366  2.398598 1 17
 2.221366  2.479007 1 18
 2.269578 -0.666333 1 1
 2.269578  0.185350 1 2
 2.269578  0.218171 1 3
 2.269578  0.242210 1 4
 2.269578  0.495889 1 5
 2.269578  0.498419 1 6
 2.269578  0.505837 1 7
 2.269578  0.569787 1 8
 2.269578  1.005711 1 9
 2.269578  1.048806 1 10
 2.269578  1.578225 1 11
 2.269578  1.617307 1 12
 2.269578  1.641348 1 13
 2.269578  2.188990 1 14
 2.269578  2.262046 1 15
 2.269578  2.403032 1 16
 2.269578  2.422972 1 17
 2.269578  2.486072 1 18
 2.317790 -0.670501 1 1
 2.317790  0.216438 1 2
 2.317790  0.233556 1 3
 2.317790  0.244662 1 4
 2.317790  0.492426 1 5
 2.317790  0.493779 1 6
 2.317790  0.500455 1 7
 2.317790  0.545640 1 8
 2.317790  1.035606 1 9
 2.317790  1.056277 1 10
 2.317790  1.604140 1 11
 2.317790  1.635341 1 12
 2.317790  1.682136 1 13
 2.317790  2.216972 1 14
 2.317790  2.258601 1 15
 2.317790  2.412918 1 16
 2.317790  2.440135 1 17
 2.317790  2.496899 1 18
 2.366002 -0.673097 1 1
 2.366002  0.238432 1 2
 2.366002  0.243320 1 3
 2.366002  0.246235 1 4
 2.366002  0.490533 1 5
 2.366002  0.491197 1 6
 2.366002  0.493806 1 7
 2.366002  0.532825 1 8
 2.366002  1.055550 1 9
 2.366002  1.061509 1 10
 2.366002  1.621452 1 11
 2.366002  1.639382 1 12
 2.366002  1.718225 1 13
 2.366002  2.235290 1 14
 2.366002  2.250394 1 15
 2.366002  2.421622 1 16
 2.366002  2.452013 1 17
 2.366002  2.504961 1 18
 2.414214 -0.673955 1 1
 2.414214  0.246817 1 2
 2.414214  0.246849 1 3
 2.414214  0.246866 1 4
 2.414214  0.490230 1 5
 2.414214  0.490249 1 6
 2.414214  0.490263 1 7
 2.414214  0.529288 1 8
 2.414214  1.062799 1 9
 2.414214  1.062873 1 10
 2.414214  1.626713 1 11
 2.414214  1.634212 1 12
 2.414214  1.733879 1 13
 2.414214  2.240917 1 14
 2.414214  2.242176 1 15
 2.414214  2.429646 1 16
 2.414214  2.460076 1 17
 2.414214  2.506106 1 18
 2.414214 -0.673955 1 1
 2.414214  0.246817 1 2
 2.414214  0.246849 1 3
 2.414214  0.246866 1 4
 2.414214  0.490230 1 5
 2.414214  0.490249 1 6
 2.414214  0.490263 1 7
 2.414214  0.529288 1 8
 2.414214  1.062799 1 9
 2.414214  1.062873 1 10
 2.414214  1.626713 1 11
 2.414214  1.634212 1 12
 2.414214  1.733879 1 13
 2.414214  2.240917 1 14
 2.414214  2.242176 1 15
 2.414214  2.429646 1 16
 2.414214  2.460076 1 17
 2.414214  2.506106 1 18
 2.462326 -0.673278 1 1
 2.462326  0.237728 1 2
 2.462326  0.245413 1 3
 2.462326  0.245726 1 4
 2.462326  0.491496 1 5
 2.462326  0.491729 1 6
 2.462326  0.492154 1 7
 2.462326  0.533557 1 8
 2.462326  1.057693 1 9
 2.462326  1.060457 1 10
 2.462326  1.620597 1 11
 2.462326  1.633899 1 12
 2.462326  1.718615 1 13
 2.462326  2.240032 1 14
 2.462326  2.245668 1 15
 2.462326  2.425258 1 16
 2.462326  2.453098 1 17
 2.462326  2.506026 1 18
 2.510439 -0.670945 1 1
 2.510439  0.213324 1 2
 2.510439  0.241530 1 3
 2.510439  0.242163 1 4
 2.510439  0.492542 1 5
 2.510439  0.496780 1 6
 2.510439  0.497301 1 7
 2.510439  0.548431 1 8
 2.510439  1.044618 1 9
 2.510439  1.050753 1 10
 2.510439  1.601770 1 11
 2.510439  1.625587 1 12
 2.510439  1.686328 1 13
 2.510439  2.228860 1 14
 2.510439  2.245181 1 15
 2.510439  2.421903 1 16
 2.510439  2.442030 1 17
 2.510439  2.497664 1 18
 2.558551 -0.667038 1 1
 2.558551  0.178764 1 2
 2.558551  0.235503 1 3
 2.558551  0.236357 1 4
 2.558551  0.489311 1 5
 2.558551  0.505208 1 6
 2.558551  0.505824 1 7
 2.558551  0.574626 1 8
 2.558551  1.026024 1 9
 2.558551  1.034628 1 10
 2.558551  1.572520 1 11
 2.558551  1.610558 1 12
 2.558551  1.644347 1 13
 2.558551  2.210094 1 14
 2.558551  2.239243 1 15
 2.558551  2.410434 1 16
 2.558551  2.435680 1 17
 2.558551  2.484554 1 18
 2.606664 -0.661681 1 1
 2.606664  0.138515 1 2
 2.606664  0.227777 1 3
 2.606664  0.228634 1 4
 2.606664  0.482712 1 5
 2.606664  0.516342 1 6
 2.606664  0.516950 1 7
 2.606664  0.609643 1 8
 2.606664  1.005316 1 9
 2.606664  1.014208 1 10
 2.606664  1.536206 1 11
 2.606664  1.587652 1 12
 2.606664  1.606489 1 13
 2.606664  2.186829 1 14
 2.606664  2.226552 1 15
 2.606664  2.385343 1 16
 2.606664  2.437565 1 17
 2.606664  2.473234 1 18
 2.654776 -0.654982 1 1
 2.654776  0.095699 1 2
 2.654776  0.218873 1 3
 2.654776  0.219452 1 4
 2.654776  0.474045 1 5
 2.654776  0.529093 1 6
 2.654776  0.529508 1 7
 2.654776  0.651222 1 8
 2.654776  0.986515 1 9
 2.654776  0.993044 1 10
 2.654776  1.497755 1 11
 2.654776  1.554364 1 12
 2.654776  1.587912 1 13
 2.654776  2.161967 1 14
 2.654776  2.206303 1 15
 2.654776  2.352488 1 16
 2.654776  2.440542 1 17
 2.654776  2.469504 1 18
 2.702889 -0.646968 1 1
 2.702889  0.052314 1 2
 2.702889  0.209334 1 3
 2.702889  0.209380 1 4
 2.702889  0.464301 1 5
 2.702889  0.541930 1 6
 2.702889  0.541944 1 7
 2.702889  0.697054 1 8
 2.702889  0.973559 1 9
 2.702889  0.975911 1 10
 2.702889  1.462743 1 11
 2.702889  1.529109 1 12
 2.702889  1.578924 1 13
 2.702889  2.137717 1 14
 2.702889  2.179174 1 15
 2.702889  2.317257 1 16
 2.702889  2.441127 1 17
 2.702889  2.474482 1 18
 2.751001 -0.637595 1 1
 2.751001  0.009603 1 2
 2.751001  0.199086 1 3
 2.751001  0.199696 1 4
 2.751001  0.454325 1 5
 2.751001  0.552623 1 6
 2.751001  0.553185 1 7
 2.751001  0.743928 1 8
 2.751001  0.966841 1 9
 2.751001  0.970466 1 10
 2.751001  1.434799 1 11
 2.751001  1.518646 1 12
 2.751001  1.576235 1 13
 2.751001  2.114903 1 14
 2.751001  2.147797 1 15
 2.751001  2.284220 1 16
 2.751001  2.439958 1 17
 2.751001  2.484655 1 18
 2.799114 -0.626790 1 1
 2.799114 -0.031749 1 2
 2.799114  0.189263 1 3
 2.799114  0.190428 1 4
 2.799114  0.444818 1 5
 2.799114  0.560446 1 6
 2.799114  0.561592 1 7
 2.799114  0.787994 1 8
 2.799114  0.970288 1 9
 2.799114  0.977855 1 10
 2.799114  1.414116 1 11
 2.799114  1.523100 1 12
 2.799114  1.578282 1 13
 2.799114  2.089033 1 14
 2.799114  2.119973 1 15
 2.799114  2.255794 1 16
 2.799114  2.438149 1 17
 2.799114  2.497121 1 18
 2.847226 -0.614547 1 1
 2.847226 -0.071340 1 2
 2.847226  0.180512 1 3
 2.847226  0.181914 1 4
 2.847226  0.436261 1 5
 2.847226  0.565225 1 6
 2.847226  0.566733 1 7
 2.847226  0.825696 1 8
 2.847226  0.986708 1 9
 2.847226  0.995956 1 10
 2.847226  1.399133 1 11
 2.847226  1.539133 1 12
 2.847226  1.582970 1 13
 2.847226  2.053785 1 14
 2.847226  2.105207 1 15
 2.847226  2.232103 1 16
 2.847226  2.435984 1 17
 2.847226  2.510318 1 18
 2.895339 -0.600948 1 1
 2.895339 -0.108978 1 2
 2.895339  0.173169 1 3
 2.895339  0.174382 1 4
 2.895339  0.428841 1 5
 2.895339  0.567531 1 6
 2.895339  0.568965 1 7
 2.895339  0.855049 1 8
 2.895339  1.014845 1 9
 2.895339  1.022819 1 10
 2.895339  1.389236 1 11
 2.895339  1.561108 1 12
 2.895339  1.588141 1 13
 2.895339  2.016945 1 14
 2.895339  2.098904 1 15
 2.895339  2.211664 1 16
 2.895339  2.433407 1 17
 2.895339  2.522211 1 18
 2.943451 -0.586173 1 1
 2.943451 -0.144574 1 2
 2.943451  0.167212 1 3
 2.943451  0.167886 1 4
 2.943451  0.422493 1 5
 2.943451  0.568092 1 6
 2.943451  0.568979 1 7
 2.943451  0.876217 1 8
 2.943451  1.051955 1 9
 2.943451  1.055968 1 10
 2.943451  1.385956 1 11
 2.943451  1.582537 1 12
 2.943451  1.592247 1 13
 2.943451  1.987398 1 14
 2.943451  2.095493 1 15
 2.943451  2.192609 1 16
 2.943451  2.430520 1 17
 2.943451  2.529831 1 18
 2.991564 -0.570505 1 1
 2.991564 -0.178047 1 2
 2.991564  0.162320 1 3
 2.991564  0.162339 1 4
 2.991564  0.417011 1 5
 2.991564  0.567398 1 6
 2.991564  0.567451 1 7
 2.991564  0.890928 1 8
 2.991564  1.092608 1 9
 2.991564  1.095277 1 10
 2.991564  1.392042 1 11
 2.991564  1.593174 1 12
 2.991564  1.598612 1 13
 2.991564  1.971703 1 14
 2.991564  2.091583 1 15
 2.991564  2.173963 1 16
 2.991564  2.428074 1 17
 2.991564  2.530344 1 18
 3.039676 -0.554334 1 1
 3.039676 -0.209246 1 2
 3.039676  0.157557 1 3
 3.039676  0.158101 1 4
 3.039676  0.412168 1 5
 3.039676  0.564934 1 6
 3.039676  0.565720 1 7
 3.039676  0.900962 1 8
 3.039676  1.132128 1 9
 3.039676  1.140624 1 10
 3.039676  1.409727 1 11
 3.039676  1.592005 1 12
 3.039676  1.602759 1 13
 3.039676  1.973833 1 14
 3.039676  2.085371 1 15
 3.039676  2.156435 1 16
 3.039676  2.427361 1 17
 3.039676  2.522590 1 18
 3.087789 -0.538252 1 1
 3.087789 -0.237736 1 2
 3.087789  0.153464 1 3
 3.087789  0.154243 1 4
 3.087789  0.407841 1 5
 3.087789  0.561962 1 6
 3.087789  0.563290 1 7
 3.087789  0.907049 1 8
 3.087789  1.172799 1 9
 3.087789  1.185813 1 10
 3.087789  1.438965 1 11
 3.087789  1.586069 1 12
 3.087789  1.594211 1 13
 3.087789  1.993685 1 14
 3.087789  2.076673 1 15
 3.087789  2.141925 1 16
 3.087789  2.429476 1 17
 3.087789  2.508056 1 18
 3.135901 -0.523130 1 1
 3.135901 -0.262705 1 2
 3.135901  0.150053 1 3
 3.135901  0.150743 1 4
 3.135901  0.404079 1 5
 3.135901  0.559065 1 6
 3.135901  0.560492 1 7
 3.135901  0.909371 1 8
 3.135901  1.213793 1 9
 3.135901  1.228255 1 10
 3.135901  1.476118 1 11
 3.135901  1.570038 1 12
 3.135901  1.578658 1 13
 3.135901  2.025865 1 14
 3.135901  2.066953 1 15
 3.135901  2.131613 1 16
 3.135901  2.434354 1 17
 3.135901  2.490977 1 18
 3.184014 -0.510232 1 1
 3.184014 -0.282838 1 2
 3.184014  0.147419 1 3
 3.184014  0.147849 1 4
 3.184014  0.401115 1 5
 3.184014  0.556773 1 6
 3.184014  0.557872 1 7
 3.184014  0.908714 1 8
 3.184014  1.253215 1 9
 3.184014  1.265195 1 10
 3.184014  1.513757 1 11
 3.184014  1.541626 1 12
 3.184014  1.564280 1 13
 3.184014  2.054727 1 14
 3.184014  2.065063 1 15
 3.184014  2.124460 1 16
 3.184014  2.439518 1 17
 3.184014  2.478234 1 18
 3.232126 -0.501213 1 1
 3.232126 -0.296354 1 2
 3.232126  0.145718 1 3
 3.232126  0.145906 1 4
 3.232126  0.399259 1 5
 3.232126  0.555511 1 6
 3.232126  0.556016 1 7
 3.232126  0.906755 1 8
 3.232126  1.286148 1 9
 3.232126  1.292574 1 10
 3.232126  1.511727 1 11
 3.232126  1.544354 1 12
 3.232126  1.550953 1 13
 3.232126  2.052332 1 14
 3.232126  2.091315 1 15
 3.232126  2.117937 1 16
 3.232126  2.440731 1 17
 3.232126  2.477495 1 18
 3.280239 -0.497793 1 1
 3.280239 -0.301386 1 2
 3.280239  0.145128 1 3
 3.280239  0.145175 1 4
 3.280239  0.398748 1 5
 3.280239  0.555340 1 6
 3.280239  0.555517 1 7
 3.280239  0.905266 1 8
 3.280239  1.301453 1 9
 3.280239  1.305093 1 10
 3.280239  1.496706 1 11
 3.280239  1.543245 1 12
 3.280239  1.558222 1 13
 3.280239  2.053466 1 14
 3.280239  2.104286 1 15
 3.280239  2.110716 1 16
 3.280239  2.441668 1 17
 3.280239  2.486581 1 18
 3.280239 -0.497793 1 1
 3.280239 -0.301386 1 2
 3.280239  0.145128 1 3
 3.280239  0.145175 1 4
 3.280239  0.398748 1 5
 3.280239  0.555340 1 6
 3.280239  0.555517 1 7
 3.280239  0.905266 1 8
 3.280239  1.301453 1 9
 3.280239  1.305093 1 10
 3.280239  1.496706 1 11
 3.280239  1.543245 1 12
 3.280239  1.558222 1 13
 3.280239  2.053466 1 14
 3.280239  2.104286 1 15
 3.280239  2.110716 1 16
 3.280239  2.441668 1 17
 3.280239  2.486581 1 18
 3.330747 -0.496743 1 1
 3.330747 -0.300999 1 2
 3.330747  0.137858 1 3
 3.330747  0.143372 1 4
 3.330747  0.405019 1 5
 3.330747  0.551583 1 6
 3.330747  0.558542 1 7
 3.330747  0.915095 1 8
 3.330747  1.291225 1 9
 3.330747  1.297715 1 10
 3.330747  1.496623 1 11
 3.330747  1.544383 1 12
 3.330747  1.553692 1 13
 3.330747  2.046519 1 14
 3.330747  2.097120 1 15
 3.330747  2.109771 1 16
 3.330747  2.452201 1 17
 3.330747  2.491438 1 18
 3.381254 -0.493819 1 1
 3.381254 -0.299512 1 2
 3.381254  0.117560 1 3
 3.381254  0.138206 1 4
 3.381254  0.421419 1 5
 3.381254  0.543720 1 6
 3.381254  0.568283 1 7
 3.381254  0.933942 1 8
 3.381254  1.256895 1 9
 3.381254  1.286952 1 10
 3.381254  1.499490 1 11
 3.381254  1.549365 1 12
 3.381254  1.556001 1 13
 3.381254  2.036646 1 14
 3.381254  2.083535 1 15
 3.381254  2.099332 1 16
 3.381254  2.463884 1 17
 3.381254  2.493689 1 18
 3.431762 -0.489264 1 1
 3.431762 -0.297048 1 2
 3.431762  0.089026 1 3
 3.431762  0.129721 1 4
 3.431762  0.442642 1 5
 3.431762  0.535985 1 6
 3.431762  0.587101 1 7
 3.431762  0.948312 1 8
 3.431762  1.207840 1 9
 3.431762  1.275694 1 10
 3.431762  1.498761 1 11
 3.431762  1.557395 1 12
 3.431762  1.567567 1 13
 3.431762  2.024222 1 14
 3.431762  2.062857 1 15
 3.431762  2.084684 1 16
 3.431762  2.460030 1 17
 3.431762  2.500640 1 18
 3.482269 -0.483256 1 1
 3.482269 -0.293852 1 2
 3.482269  0.056655 1 3
 3.482269  0.118151 1 4
 3.482269  0.463997 1 5
 3.482269  0.530842 1 6
 3.482269  0.617723 1 7
 3.482269  0.948658 1 8
 3.482269  1.149717 1 9
 3.482269  1.269681 1 10
 3.482269  1.493730 1 11
 3.482269  1.567528 1 12
 3.482269  1.586567 1 13
 3.482269  2.009143 1 14
 3.482269  2.036337 1 15
 3.482269  2.070289 1 16
 3.482269  2.440862 1 17
 3.482269  2.503157 1 18
 3.532777 -0.475841 1 1
 3.532777 -0.290341 1 2
 3.532777  0.023806 1 3
 3.532777  0.103860 1 4
 3.532777  0.483454 1 5
 3.532777  0.528794 1 6
 3.532777  0.660850 1 7
 3.532777  0.933989 1 8
 3.532777  1.087428 1 9
 3.532777  1.271122 1 10
 3.532777  1.486512 1 11
 3.532777  1.579903 1 12
 3.532777  1.610345 1 13
 3.532777  1.987089 1 14
 3.532777  2.012047 1 15
 3.532777  2.056481 1 16
 3.532777  2.412696 1 17
 3.532777  2.490779 1 18
 3.583285 -0.466947 1 1
 3.583285 -0.287124 1 2
 3.583285 -0.007146 1 3
 3.583285  0.087207 1 4
 3.583285  0.501571 1 5
 3.583285  0.529422 1 6
 3.583285  0.713737 1 7
 3.583285  0.908853 1 8
 3.583285  1.026146 1 9
 3.583285  1.278914 1 10
 3.583285  1.478636 1 11
 3.583285  1.594801 1 12
 3.583285  1.639531 1 13
 3.583285  1.952827 1 14
 3.583285  1.998626 1 15
 3.583285  2.042412 1 16
 3.583285  2.378859 1 17
 3.583285  2.463364 1 18
 3.633792 -0.456492 1 1
 3.633792 -0.284986 1 2
 3.633792 -0.034577 1 3
 3.633792  0.068517 1 4
 3.633792  0.519571 1 5
 3.633792  0.532253 1 6
 3.633792  0.768395 1 7
 3.633792  0.878061 1 8
 3.633792  0.974488 1 9
 3.633792  1.290996 1 10
 3.633792  1.471328 1 11
 3.633792  1.613393 1 12
 3.633792  1.675355 1 13
 3.633792  1.912847 1 14
 3.633792  1.991423 1 15
 3.633792  2.028316 1 16
 3.633792  2.342509 1 17
 3.633792  2.428179 1 18
 3.684300 -0.444440 1 1
 3.684300 -0.284795 1 2
 3.684300 -0.057478 1 3
 3.684300  0.048105 1 4
 3.684300  0.536906 1 5
 3.684300  0.538393 1 6
 3.684300  0.801076 1 7
 3.684300  0.844550 1 8
 3.684300  0.956039 1 9
 3.684300  1.305383 1 10
 3.684300  1.466238 1 11
 3.684300  1.637501 1 12
 3.684300  1.717360 1 13
 3.684300  1.870823 1 14
 3.684300  1.986278 1 15
 3.684300  2.015646 1 16
 3.684300  2.308130 1 17
 3.684300  2.395534 1 18
 3.734808 -0.430855 1 1
 3.734808 -0.287392 1 2
 3.734808 -0.075181 1 3
 3.734808  0.026411 1 4
 3.734808  0.544173 1 5
 3.734808  0.557456 1 6
 3.734808  0.785721 1 7
 3.734808  0.810018 1 8
 3.734808  0.995949 1 9
 3.734808  1.320123 1 10
 3.734808  1.465464 1 11
 3.734808  1.668274 1 12
 3.734808  1.762962 1 13
 3.734808  1.827990 1 14
 3.734808  1.979621 1 15
 3.734808  2.005690 1 16
 3.734808  2.282929 1 17
 3.734808  2.372902 1 18
 3.785315 -0.415905 1 1
 3.785315 -0.293406 1 2
 3.785315 -0.087182 1 3
 3.785315  0.004129 1 4
 3.785315  0.553787 1 5
 3.785315  0.576867 1 6
 3.785315  0.749618 1 7
 3.785315  0.775798 1 8
 3.785315  1.064989 1 9
 3.785315  1.332992 1 10
 3.785315  1.471011 1 11
 3.785315  1.702279 1 12
 3.785315  1.786519 1 13
 3.785315  1.809196 1 14
 3.785315  1.969112 1 15
 3.785315  1.997879 1 16
 3.785315  2.274468 1 17
 3.785315  2.362128 1 18
 3.835823 -0.399828 1 1
 3.835823 -0.303040 1 2
 3.835823 -0.093202 1 3
 3.835823 -0.017845 1 4
 3.835823  0.566047 1 5
 3.835823  0.595837 1 6
 3.835823  0.713596 1 7
 3.835823  0.743218 1 8
 3.835823  1.138889 1 9
 3.835823  1.341185 1 10
 3.835823  1.484251 1 11
 3.835823  1.707864 1 12
 3.835823  1.776493 1 13
 3.835823  1.850676 1 14
 3.835823  1.954989 1 15
 3.835823  1.989908 1 16
 3.835823  2.285858 1 17
 3.835823  2.360591 1 18
 3.886330 -0.382942 1 1
 3.886330 -0.315913 1 2
 3.886330 -0.093253 1 3
 3.886330 -0.038492 1 4
 3.886330  0.580808 1 5
 3.886330  0.613280 1 6
 3.886330  0.683415 1 7
 3.886330  0.713654 1 8
 3.886330  1.207189 1 9
 3.886330  1.341178 1 10
 3.886330  1.505661 1 11
 3.886330  1.665754 1 12
 3.886330  1.811664 1 13
 3.886330  1.883964 1 14
 3.886330  1.940147 1 15
 3.886330  1.979786 1 16
 3.886330  2.313703 1 17
 3.886330  2.363670 1 18
 3.936838 -0.365620 1 1
 3.936838 -0.331203 1 2
 3.936838 -0.087639 1 3
 3.936838 -0.056850 1 4
 3.936838  0.597487 1 5
 3.936838  0.624379 1 6
 3.936838  0.664632 1 7
 3.936838  0.688315 1 8
 3.936838  1.263189 1 9
 3.936838  1.329009 1 10
 3.936838  1.534317 1 11
 3.936838  1.615494 1 12
 3.936838  1.848739 1 13
 3.936838  1.895534 1 14
 3.936838  1.938878 1 15
 3.936838  1.965907 1 16
 3.936838  2.346506 1 17
 3.936838  2.369996 1 18
 3.987346 -0.348428 1 1
 3.987346 -0.347849 1 2
 3.987346 -0.076984 1 3
 3.987346 -0.071880 1 4
 3.987346  0.612437 1 5
 3.987346  0.617969 1 6
 3.987346  0.668241 1 7
 3.987346  0.671081 1 8
 3.987346  1.299296 1 9
 3.987346  1.304631 1 10
 3.987346  1.560668 1 11
 3.987346  1.574649 1 12
 3.987346  1.860907 1 13
 3.987346  1.897865 1 14
 3.987346  1.945058 1 15
 3.987346  1.957982 1 16
 3.987346  2.356348 1 17
 3.987346  2.394588 1 18
 3.987346 -0.348428 1 1
 3.987346 -0.347849 1 2
 3.987346 -0.076984 1 3
 3.987346 -0.071880 1 4
 3.987346  0.612437 1 5
 3.987346  0.617969 1 6
 3.987346  0.668241 1 7
 3.987346  0.671081 1 8
 3.987346  1.299296 1 9
 3.987346  1.304631 1 10
 3.987346  1.560668 1 11
 3.987346  1.574649 1 12
 3.987346  1.860907 1 13
 3.987346  1.897865 1 14
 3.987346  1.945058 1 15
 3.987346  1.957982 1 16
 3.987346  2.356348 1 17
 3.987346  2.394588 1 18
 4.037346 -0.348714 1 1
 4.037346 -0.348112 1 2
 4.037346 -0.074171 1 3
 4.037346 -0.069984 1 4
 4.037346  0.586226 1 5
 4.037346  0.590537 1 6
 4.037346  0.696740 1 7
 4.037346  0.704497 1 8
 4.037346  1.295441 1 9
 4.037346  1.301081 1 10
 4.037346  1.558838 1 11
 4.037346  1.576553 1 12
 4.037346  1.847338 1 13
 4.037346  1.886887 1 14
 4.037346  1.950172 1 15
 4.037346  1.964871 1 16
 4.037346  2.355502 1 17
 4.037346  2.401286 1 18
 4.087346 -0.349649 1 1
 4.087346 -0.349164 1 2
 4.087346 -0.066576 1 3
 4.087346 -0.064107 1 4
 4.087346  0.547879 1 5
 4.087346  0.550979 1 6
 4.087346  0.749577 1 7
 4.087346  0.755358 1 8
 4.087346  1.289792 1 9
 4.087346  1.296894 1 10
 4.087346  1.561408 1 11
 4.087346  1.580365 1 12
 4.087346  1.813143 1 13
 4.087346  1.855799 1 14
 4.087346  1.971264 1 15
 4.087346  1.994283 1 16
 4.087346  2.353576 1 17
 4.087346  2.405681 1 18
 4.137346 -0.351018 1 1
 4.137346 -0.350851 1 2
 4.137346 -0.055732 1 3
 4.137346 -0.055120 1 4
 4.137346  0.511259 1 5
 4.137346  0.512191 1 6
 4.137346  0.809074 1 7
 4.137346  0.811333 1 8
 4.137346  1.283659 1 9
 4.137346  1.293798 1 10
 4.137346  1.566353 1 11
 4.137346  1.583316 1 12
 4.137346  1.776260 1 13
 4.137346  1.821174 1 14
 4.137346  1.996508 1 15
 4.137346  2.028745 1 16
 4.137346  2.348431 1 17
 4.137346  2.408221 1 18
 4.187346 -0.352899 1 1
 4.187346 -0.352580 1 2
 4.187346 -0.044151 1 3
 4.187346 -0.043257 1 4
 4.187346  0.474776 1 5
 4.187346  0.476882 1 6
 4.187346  0.868466 1 7
 4.187346  0.872502 1 8
 4.187346  1.278788 1 9
 4.187346  1.292404 1 10
 4.187346  1.570455 1 11
 4.187346  1.583352 1 12
 4.187346  1.744914 1 13
 4.187346  1.785689 1 14
 4.187346  2.027703 1 15
 4.187346  2.059251 1 16
 4.187346  2.338929 1 17
 4.187346  2.406281 1 18
 4.237346 -0.355011 1 1
 4.237346 -0.354202 1 2
 4.237346 -0.032216 1 3
 4.237346 -0.030367 1 4
 4.237346  0.438954 1 5
 4.237346  0.444123 1 6
 4.237346  0.926503 1 7
 4.237346  0.933671 1 8
 4.237346  1.276914 1 9
 4.237346  1.292780 1 10
 4.237346  1.568849 1 11
 4.237346  1.581679 1 12
 4.237346  1.722510 1 13
 4.237346  1.752174 1 14
 4.237346  2.061287 1 15
 4.237346  2.083763 1 16
 4.237346  2.324512 1 17
 4.237346  2.395563 1 18
 4.287346 -0.356975 1 1
 4.287346 -0.355828 1 2
 4.287346 -0.020139 1 3
 4.287346 -0.017885 1 4
 4.287346  0.405414 1 5
 4.287346  0.413046 1 6
 4.287346  0.981180 1 7
 4.287346  0.989157 1 8
 4.287346  1.279160 1 9
 4.287346  1.295434 1 10
 4.287346  1.559989 1 11
 4.287346  1.578796 1 12
 4.287346  1.702199 1 13
 4.287346  1.731567 1 14
 4.287346  2.073298 1 15
 4.287346  2.120036 1 16
 4.287346  2.304598 1 17
 4.287346  2.374042 1 18
 4.337346 -0.358645 1 1
 4.337346 -0.357428 1 2
 4.337346 -0.008730 1 3
 4.337346 -0.006558 1 4
 4.337346  0.375959 1 5
 4.337346  0.384520 1 6
 4.337346  1.028222 1 7
 4.337346  1.034943 1 8
 4.337346  1.285046 1 9
 4.337346  1.301706 1 10
 4.337346  1.548257 1 11
 4.337346  1.573072 1 12
 4.337346  1.674882 1 13
 4.337346  1.732673 1 14
 4.337346  2.063004 1 15
 4.337346  2.164738 1 16
 4.337346  2.279693 1 17
 4.337346  2.344485 1 18
 4.387346 -0.359920 1 1
 4.387346 -0.358918 1 2
 4.387346  0.000980 1 3
 4.387346  0.002653 1 4
 4.387346  0.353137 1 5
 4.387346  0.360464 1 6
 4.387346  1.063180 1 7
 4.387346  1.068528 1 8
 4.387346  1.291959 1 9
 4.387346  1.312203 1 10
 4.387346  1.537408 1 11
 4.387346  1.566311 1 12
 4.387346  1.650286 1 13
 4.387346  1.741079 1 14
 4.387346  2.042835 1 15
 4.387346  2.205801 1 16
 4.387346  2.253559 1 17
 4.387346  2.313366 1 18
 4.437346 -0.360713 1 1
 4.437346 -0.360137 1 2
 4.437346  0.007689 1 3
 4.437346  0.008580 1 4
 4.437346  0.339483 1 5
 4.437346  0.343583 1 6
 4.437346  1.084032 1 7
 4.437346  1.088582 1 8
 4.437346  1.297017 1 9
 4.437346  1.322728 1 10
 4.437346  1.530520 1 11
 4.437346  1.561745 1 12
 4.437346  1.632782 1 13
 4.437346  1.747630 1 14
 4.437346  2.022829 1 15
 4.437346  2.232880 1 16
 4.437346  2.236387 1 17
 4.437346  2.287879 1 18
 4.487346 -0.360940 1 1
 4.487346 -0.360874 1 2
 4.487346  0.010199 1 3
 4.487346  0.010245 1 4
 4.487346  0.335831 1 5
 4.487346  0.337211 1 6
 4.487346  1.091055 1 7
 4.487346  1.094853 1 8
 4.487346  1.297620 1 9
 4.487346  1.325968 1 10
 4.487346  1.530759 1 11
 4.487346  1.562178 1 12
 4.487346  1.623839 1 13
 4.487346  1.749737 1 14
 4.487346  2.009546 1 15
 4.487346  2.225356 1 16
 4.487346  2.248288 1 17
 4.487346  2.274836 1 18
