 0.000000 -0.251495 1 1
 0.000000 -0.251494 1 2
 0.000000 -0.250643 1 3
 0.000000 -0.129284 1 4
 0.000000 -0.128661 1 5
 0.000000 -0.128659 1 6
 0.000000 -0.068952 1 7
 0.000000 -0.068951 1 8
 0.000000 -0.068799 1 9
 0.000000  0.094085 1 10
 0.000000  0.094214 1 11
 0.000000  0.094241 1 12
 0.000000  0.279501 1 13
 0.000000  0.279506 1 14
 0.041667 -0.253099 1 1
 0.041667 -0.251670 1 2
 0.041667 -0.251022 1 3
 0.041667 -0.130976 1 4
 0.041667 -0.130476 1 5
 0.041667 -0.129519 1 6
 0.041667 -0.072930 1 7
 0.041667 -0.070001 1 8
 0.041667 -0.069891 1 9
 0.041667  0.094262 1 10
 0.041667  0.097304 1 11
 0.041667  0.097389 1 12
 0.041667  0.279543 1 13
 0.041667  0.284454 1 14
 0.083333 -0.258341 1 1
 0.083333 -0.252144 1 2
 0.083333 -0.251559 1 3
 0.083333 -0.136250 1 4
 0.083333 -0.135777 1 5
 0.083333 -0.131639 1 6
 0.083333 -0.084109 1 7
 0.083333 -0.072781 1 8
 0.083333 -0.072687 1 9
 0.083333  0.094507 1 10
 0.083333  0.106005 1 11
 0.083333  0.106065 1 12
 0.083333  0.279605 1 13
 0.083333  0.298015 1 14
 0.125000 -0.266812 1 1
 0.125000 -0.252772 1 2
 0.125000 -0.252211 1 3
 0.125000 -0.144524 1 4
 0.125000 -0.144046 1 5
 0.125000 -0.134898 1 6
 0.125000 -0.100404 1 7
 0.125000 -0.076385 1 8
 0.125000 -0.076306 1 9
 0.125000  0.094891 1 10
 0.125000  0.118908 1 11
 0.125000  0.118935 1 12
 0.125000  0.279682 1 13
 0.125000  0.317236 1 14
 0.166667 -0.278004 1 1
 0.166667 -0.253377 1 2
 0.166667 -0.252839 1 3
 0.166667 -0.154903 1 4
 0.166667 -0.154418 1 5
 0.166667 -0.139043 1 6
 0.166667 -0.119542 1 7
 0.166667 -0.080107 1 8
 0.166667 -0.080040 1 9
 0.166667  0.095386 1 10
 0.166667  0.134550 1 11
 0.166667  0.134566 1 12
 0.166667  0.279768 1 13
 0.166667  0.338894 1 14
 0.208333 -0.291308 1 1
 0.208333 -0.253815 1 2
 0.208333 -0.253310 1 3
 0.208333 -0.166383 1 4
 0.208333 -0.165893 1 5
 0.208333 -0.143736 1 6
 0.208333 -0.139538 1 7
 0.208333 -0.083623 1 8
 0.208333 -0.083565 1 9
 0.208333  0.095957 1 10
 0.208333  0.151685 1 11
 0.208333  0.151731 1 12
 0.208333  0.279855 1 13
 0.208333  0.360489 1 14
 0.250000 -0.305970 1 1
 0.250000 -0.254028 1 2
 0.250000 -0.253573 1 3
 0.250000 -0.178054 1 4
 0.250000 -0.177565 1 5
 0.250000 -0.158821 1 6
 0.250000 -0.148616 1 7
 0.250000 -0.086829 1 8
 0.250000 -0.086780 1 9
 0.250000  0.096564 1 10
 0.250000  0.169321 1 11
 0.250000  0.169391 1 12
 0.250000  0.279934 1 13
 0.250000  0.380543 1 14
 0.291667 -0.321038 1 1
 0.291667 -0.254051 1 2
 0.291667 -0.253664 1 3
 0.291667 -0.189168 1 4
 0.291667 -0.188688 1 5
 0.291667 -0.176200 1 6
 0.291667 -0.153330 1 7
 0.291667 -0.089686 1 8
 0.291667 -0.089648 1 9
 0.291667  0.097165 1 10
 0.291667  0.186524 1 11
 0.291667  0.186608 1 12
 0.291667  0.280002 1 13
 0.291667  0.398377 1 14
 0.333333 -0.335390 1 1
 0.333333 -0.253975 1 2
 0.333333 -0.253676 1 3
 0.333333 -0.199116 1 4
 0.333333 -0.198673 1 5
 0.333333 -0.190875 1 6
 0.333333 -0.157571 1 7
 0.333333 -0.092152 1 8
 0.333333 -0.092126 1 9
 0.333333  0.097718 1 10
 0.333333  0.202359 1 11
 0.333333  0.202447 1 12
 0.333333  0.280052 1 13
 0.333333  0.413745 1 14
 0.375000 -0.347887 1 1
 0.375000 -0.253896 1 2
 0.375000 -0.253699 1 3
 0.375000 -0.207400 1 4
 0.375000 -0.207082 1 5
 0.375000 -0.202366 1 6
 0.375000 -0.161093 1 7
 0.375000 -0.094174 1 8
 0.375000 -0.094159 1 9
 0.375000  0.098190 1 10
 0.375000  0.215898 1 11
 0.375000  0.215982 1 12
 0.375000  0.280084 1 13
 0.375000  0.426463 1 14
 0.416667 -0.357528 1 1
 0.416667 -0.253868 1 2
 0.416667 -0.253770 1 3
 0.416667 -0.213615 1 4
 0.416667 -0.213601 1 5
 0.416667 -0.210382 1 6
 0.416667 -0.163716 1 7
 0.416667 -0.095688 1 8
 0.416667 -0.095681 1 9
 0.416667  0.098548 1 10
 0.416667  0.226263 1 11
 0.416667  0.226339 1 12
 0.416667  0.280097 1 13
 0.416667  0.436161 1 14
 0.458333 -0.363589 1 1
 0.458333 -0.253882 1 2
 0.458333 -0.253858 1 3
 0.458333 -0.217881 1 4
 0.458333 -0.217443 1 5
 0.458333 -0.214945 1 6
 0.458333 -0.165325 1 7
 0.458333 -0.096637 1 8
 0.458333 -0.096635 1 9
 0.458333  0.098771 1 10
 0.458333  0.232739 1 11
 0.458333  0.232808 1 12
 0.458333  0.280093 1 13
 0.458333  0.442306 1 14
 0.500000 -0.365655 1 1
 0.500000 -0.253895 1 2
 0.500000 -0.253891 1 3
 0.500000 -0.219379 1 4
 0.500000 -0.218739 1 5
 0.500000 -0.216410 1 6
 0.500000 -0.165855 1 7
 0.500000 -0.096981 1 8
 0.500000 -0.096980 1 9
 0.500000  0.098844 1 10
 0.500000  0.234860 1 11
 0.500000  0.234926 1 12
 0.500000  0.280071 1 13
 0.500000  0.444406 1 14
 0.500000 -0.365655 1 1
 0.500000 -0.253895 1 2
 0.500000 -0.253891 1 3
 0.500000 -0.219379 1 4
 0.500000 -0.218739 1 5
 0.500000 -0.216410 1 6
 0.500000 -0.165855 1 7
 0.500000 -0.096981 1 8
 0.500000 -0.096980 1 9
 0.500000  0.098844 1 10
 0.500000  0.234860 1 11
 0.500000  0.234926 1 12
 0.500000  0.280071 1 13
 0.500000  0.444406 1 14
 0.541667 -0.365681 1 1
 0.541667 -0.254582 1 2
 0.541667 -0.253999 1 3
 0.541667 -0.237430 1 4
 0.541667 -0.219076 1 5
 0.541667 -0.202566 1 6
 0.541667 -0.161355 1 7
 0.541667 -0.100354 1 8
 0.541667 -0.099033 1 9
 0.541667  0.102094 1 10
 0.541667  0.234967 1 11
 0.541667  0.235391 1 12
 0.541667  0.283705 1 13
 0.541667  0.446434 1 14
 0.583333 -0.365754 1 1
 0.583333 -0.258071 1 2
 0.583333 -0.256841 1 3
 0.583333 -0.254303 1 4
 0.583333 -0.220965 1 5
 0.583333 -0.192772 1 6
 0.583333 -0.148932 1 7
 0.583333 -0.109325 1 8
 0.583333 -0.104752 1 9
 0.583333  0.110973 1 10
 0.583333  0.235105 1 11
 0.583333  0.236856 1 12
 0.583333  0.293233 1 13
 0.583333  0.452482 1 14
 0.625000 -0.365857 1 1
 0.625000 -0.278453 1 2
 0.625000 -0.261511 1 3
 0.625000 -0.254654 1 4
 0.625000 -0.223968 1 5
 0.625000 -0.186424 1 6
 0.625000 -0.132470 1 7
 0.625000 -0.121138 1 8
 0.625000 -0.112968 1 9
 0.625000  0.124066 1 10
 0.625000  0.235271 1 11
 0.625000  0.239327 1 12
 0.625000  0.305641 1 13
 0.625000  0.462459 1 14
 0.666667 -0.365980 1 1
 0.666667 -0.297851 1 2
 0.666667 -0.269317 1 3
 0.666667 -0.254893 1 4
 0.666667 -0.227877 1 5
 0.666667 -0.181232 1 6
 0.666667 -0.132854 1 7
 0.666667 -0.122464 1 8
 0.666667 -0.115431 1 9
 0.666667  0.139795 1 10
 0.666667  0.235451 1 11
 0.666667  0.242812 1 12
 0.666667  0.318019 1 13
 0.666667  0.475911 1 14
 0.708333 -0.366131 1 1
 0.708333 -0.315778 1 2
 0.708333 -0.280712 1 3
 0.708333 -0.254935 1 4
 0.708333 -0.232430 1 5
 0.708333 -0.176411 1 6
 0.708333 -0.142386 1 7
 0.708333 -0.132298 1 8
 0.708333 -0.099499 1 9
 0.708333  0.156807 1 10
 0.708333  0.235624 1 11
 0.708333  0.247278 1 12
 0.708333  0.328687 1 13
 0.708333  0.491942 1 14
 0.750000 -0.366356 1 1
 0.750000 -0.331992 1 2
 0.750000 -0.295203 1 3
 0.750000 -0.254822 1 4
 0.750000 -0.237326 1 5
 0.750000 -0.171877 1 6
 0.750000 -0.149032 1 7
 0.750000 -0.141811 1 8
 0.750000 -0.085380 1 9
 0.750000  0.174033 1 10
 0.750000  0.235774 1 11
 0.750000  0.252616 1 12
 0.750000  0.337197 1 13
 0.750000  0.509448 1 14
 0.791667 -0.366756 1 1
 0.791667 -0.346324 1 2
 0.791667 -0.311366 1 3
 0.791667 -0.254714 1 4
 0.791667 -0.242240 1 5
 0.791667 -0.167753 1 6
 0.791667 -0.153124 1 7
 0.791667 -0.150498 1 8
 0.791667 -0.073424 1 9
 0.791667  0.190569 1 10
 0.791667  0.235890 1 11
 0.791667  0.258578 1 12
 0.791667  0.343747 1 13
 0.791667  0.527355 1 14
 0.833333 -0.367536 1 1
 0.833333 -0.358596 1 2
 0.833333 -0.327258 1 3
 0.833333 -0.254799 1 4
 0.833333 -0.246841 1 5
 0.833333 -0.164191 1 6
 0.833333 -0.157962 1 7
 0.833333 -0.155400 1 8
 0.833333 -0.063775 1 9
 0.833333  0.205585 1 10
 0.833333  0.235969 1 11
 0.833333  0.264747 1 12
 0.833333  0.348693 1 13
 0.833333  0.544643 1 14
 0.875000 -0.369103 1 1
 0.875000 -0.368579 1 2
 0.875000 -0.340753 1 3
 0.875000 -0.255169 1 4
 0.875000 -0.250814 1 5
 0.875000 -0.163882 1 6
 0.875000 -0.161318 1 7
 0.875000 -0.156575 1 8
 0.875000 -0.056438 1 9
 0.875000  0.218286 1 10
 0.875000  0.236020 1 11
 0.875000  0.270558 1 12
 0.875000  0.352324 1 13
 0.875000  0.560196 1 14
 0.916667 -0.376022 1 1
 0.916667 -0.371854 1 2
 0.916667 -0.349910 1 3
 0.916667 -0.255738 1 4
 0.916667 -0.253876 1 5
 0.916667 -0.168102 1 6
 0.916667 -0.159232 1 7
 0.916667 -0.157123 1 8
 0.916667 -0.051340 1 9
 0.916667  0.227894 1 10
 0.916667  0.236088 1 11
 0.916667  0.275358 1 12
 0.916667  0.354820 1 13
 0.916667  0.572717 1 14
 0.958333 -0.380618 1 1
 0.958333 -0.375033 1 2
 0.958333 -0.354365 1 3
 0.958333 -0.256270 1 4
 0.958333 -0.255796 1 5
 0.958333 -0.170600 1 6
 0.958333 -0.158030 1 7
 0.958333 -0.157297 1 8
 0.958333 -0.048364 1 9
 0.958333  0.233569 1 10
 0.958333  0.236402 1 11
 0.958333  0.278532 1 12
 0.958333  0.356274 1 13
 0.958333  0.580894 1 14
 1.000000 -0.382176 1 1
 1.000000 -0.376451 1 2
 1.000000 -0.355576 1 3
 1.000000 -0.256535 1 4
 1.000000 -0.256403 1 5
 1.000000 -0.171434 1 6
 1.000000 -0.157730 1 7
 1.000000 -0.157257 1 8
 1.000000 -0.047410 1 9
 1.000000  0.234864 1 10
 1.000000  0.237010 1 11
 1.000000  0.279647 1 12
 1.000000  0.356734 1 13
 1.000000  0.583732 1 14
 1.000000 -0.382176 1 1
 1.000000 -0.376451 1 2
 1.000000 -0.355576 1 3
 1.000000 -0.256535 1 4
 1.000000 -0.256403 1 5
 1.000000 -0.171434 1 6
 1.000000 -0.157730 1 7
 1.000000 -0.157257 1 8
 1.000000 -0.047410 1 9
 1.000000  0.234864 1 10
 1.000000  0.237010 1 11
 1.000000  0.279647 1 12
 1.000000  0.356734 1 13
 1.000000  0.583732 1 14
 1.041595 -0.380676 1 1
 1.041595 -0.374952 1 2
 1.041595 -0.354419 1 3
 1.041595 -0.256384 1 4
 1.041595 -0.255668 1 5
 1.041595 -0.170602 1 6
 1.041595 -0.157997 1 7
 1.041595 -0.157327 1 8
 1.041595 -0.048317 1 9
 1.041595  0.234108 1 10
 1.041595  0.235959 1 11
 1.041595  0.278506 1 12
 1.041595  0.356286 1 13
 1.041595  0.580903 1 14
 1.083189 -0.376651 1 1
 1.083189 -0.370129 1 2
 1.083189 -0.351007 1 3
 1.083189 -0.256055 1 4
 1.083189 -0.253428 1 5
 1.083189 -0.168167 1 6
 1.083189 -0.160104 1 7
 1.083189 -0.156276 1 8
 1.083189 -0.051085 1 9
 1.083189  0.231435 1 10
 1.083189  0.232679 1 11
 1.083189  0.275116 1 12
 1.083189  0.354878 1 13
 1.083189  0.572602 1 14
 1.124784 -0.371091 1 1
 1.124784 -0.361404 1 2
 1.124784 -0.345496 1 3
 1.124784 -0.255671 1 4
 1.124784 -0.249726 1 5
 1.124784 -0.164181 1 6
 1.124784 -0.163285 1 7
 1.124784 -0.154706 1 8
 1.124784 -0.055544 1 9
 1.124784  0.226126 1 10
 1.124784  0.228050 1 11
 1.124784  0.269529 1 12
 1.124784  0.352576 1 13
 1.124784  0.559507 1 14
 1.166378 -0.364516 1 1
 1.166378 -0.348901 1 2
 1.166378 -0.338136 1 3
 1.166378 -0.255367 1 4
 1.166378 -0.244612 1 5
 1.166378 -0.167023 1 6
 1.166378 -0.158733 1 7
 1.166378 -0.152789 1 8
 1.166378 -0.061422 1 9
 1.166378  0.218263 1 10
 1.166378  0.222257 1 11
 1.166378  0.261847 1 12
 1.166378  0.349479 1 13
 1.166378  0.542587 1 14
 1.207973 -0.357122 1 1
 1.207973 -0.333171 1 2
 1.207973 -0.329243 1 3
 1.207973 -0.255220 1 4
 1.207973 -0.238141 1 5
 1.207973 -0.170518 1 6
 1.207973 -0.152051 1 7
 1.207973 -0.150607 1 8
 1.207973 -0.068371 1 9
 1.207973  0.208492 1 10
 1.207973  0.215010 1 11
 1.207973  0.252208 1 12
 1.207973  0.345692 1 13
 1.207973  0.522857 1 14
 1.249567 -0.349075 1 1
 1.249567 -0.319203 1 2
 1.249567 -0.314823 1 3
 1.249567 -0.255223 1 4
 1.249567 -0.230381 1 5
 1.249567 -0.172826 1 6
 1.249567 -0.148108 1 7
 1.249567 -0.144389 1 8
 1.249567 -0.075977 1 9
 1.249567  0.197248 1 10
 1.249567  0.206318 1 11
 1.249567  0.240792 1 12
 1.249567  0.341304 1 13
 1.249567  0.501205 1 14
 1.291162 -0.340424 1 1
 1.291162 -0.308470 1 2
 1.291162 -0.294510 1 3
 1.291162 -0.255305 1 4
 1.291162 -0.221421 1 5
 1.291162 -0.172926 1 6
 1.291162 -0.145104 1 7
 1.291162 -0.136032 1 8
 1.291162 -0.083771 1 9
 1.291162  0.184971 1 10
 1.291162  0.196262 1 11
 1.291162  0.227806 1 12
 1.291162  0.336367 1 13
 1.291162  0.478269 1 14
 1.332756 -0.331062 1 1
 1.332756 -0.297576 1 2
 1.332756 -0.272942 1 3
 1.332756 -0.255367 1 4
 1.332756 -0.211389 1 5
 1.332756 -0.169926 1 6
 1.332756 -0.141347 1 7
 1.332756 -0.127248 1 8
 1.332756 -0.091230 1 9
 1.332756  0.172112 1 10
 1.332756  0.184981 1 11
 1.332756  0.213490 1 12
 1.332756  0.330894 1 13
 1.332756  0.454424 1 14
 1.374351 -0.320818 1 1
 1.374351 -0.287098 1 2
 1.374351 -0.255428 1 3
 1.374351 -0.250717 1 4
 1.374351 -0.200458 1 5
 1.374351 -0.163295 1 6
 1.374351 -0.136690 1 7
 1.374351 -0.118271 1 8
 1.374351 -0.097752 1 9
 1.374351  0.159110 1 10
 1.374351  0.172682 1 11
 1.374351  0.198102 1 12
 1.374351  0.324867 1 13
 1.374351  0.429871 1 14
 1.415945 -0.309656 1 1
 1.415945 -0.277610 1 2
 1.415945 -0.255161 1 3
 1.415945 -0.228760 1 4
 1.415945 -0.188878 1 5
 1.415945 -0.153038 1 6
 1.415945 -0.131433 1 7
 1.415945 -0.109315 1 8
 1.415945 -0.102479 1 9
 1.415945  0.146388 1 10
 1.415945  0.159678 1 11
 1.415945  0.181955 1 12
 1.415945  0.318289 1 13
 1.415945  0.404816 1 14
 1.457540 -0.297819 1 1
 1.457540 -0.269557 1 2
 1.457540 -0.254740 1 3
 1.457540 -0.207379 1 4
 1.457540 -0.176962 1 5
 1.457540 -0.139746 1 6
 1.457540 -0.126951 1 7
 1.457540 -0.103850 1 8
 1.457540 -0.100579 1 9
 1.457540  0.134325 1 10
 1.457540  0.146372 1 11
 1.457540  0.165395 1 12
 1.457540  0.311225 1 13
 1.457540  0.379582 1 14
 1.499134 -0.285876 1 1
 1.499134 -0.263168 1 2
 1.499134 -0.254121 1 3
 1.499134 -0.187073 1 4
 1.499134 -0.165119 1 5
 1.499134 -0.125271 1 6
 1.499134 -0.124507 1 7
 1.499134 -0.100117 1 8
 1.499134 -0.092290 1 9
 1.499134  0.123268 1 10
 1.499134  0.133274 1 11
 1.499134  0.148850 1 12
 1.499134  0.303866 1 13
 1.499134  0.354773 1 14
 1.540729 -0.274608 1 1
 1.540729 -0.258425 1 2
 1.540729 -0.253360 1 3
 1.540729 -0.168399 1 4
 1.540729 -0.153873 1 5
 1.540729 -0.125882 1 6
 1.540729 -0.108660 1 7
 1.540729 -0.092528 1 8
 1.540729 -0.084722 1 9
 1.540729  0.113542 1 10
 1.540729  0.120990 1 11
 1.540729  0.132863 1 12
 1.540729  0.296573 1 13
 1.540729  0.331340 1 14
 1.582323 -0.264845 1 1
 1.582323 -0.255132 1 2
 1.582323 -0.252558 1 3
 1.582323 -0.152195 1 4
 1.582323 -0.143877 1 5
 1.582323 -0.127093 1 6
 1.582323 -0.093608 1 7
 1.582323 -0.083864 1 8
 1.582323 -0.078217 1 9
 1.582323  0.105464 1 10
 1.582323  0.110215 1 11
 1.582323  0.118179 1 12
 1.582323  0.289874 1 13
 1.582323  0.310578 1 14
 1.623918 -0.257324 1 1
 1.623918 -0.253023 1 2
 1.623918 -0.251837 1 3
 1.623918 -0.139527 1 4
 1.623918 -0.135891 1 5
 1.623918 -0.128152 1 6
 1.623918 -0.080829 1 7
 1.623918 -0.076138 1 8
 1.623918 -0.073165 1 9
 1.623918  0.099349 1 10
 1.623918  0.101705 1 11
 1.623918  0.105857 1 12
 1.623918  0.284404 1 13
 1.623918  0.294029 1 14
 1.665512 -0.252675 1 1
 1.665512 -0.251863 1 2
 1.665512 -0.251256 1 3
 1.665512 -0.131445 1 4
 1.665512 -0.130724 1 5
 1.665512 -0.128800 1 6
 1.665512 -0.072028 1 7
 1.665512 -0.070828 1 8
 1.665512 -0.069958 1 9
 1.665512  0.095497 1 10
 1.665512  0.096196 1 11
 1.665512  0.097354 1 12
 1.665512  0.280793 1 13
 1.665512  0.283268 1 14
 1.707107 -0.251495 1 1
 1.707107 -0.251494 1 2
 1.707107 -0.250643 1 3
 1.707107 -0.129284 1 4
 1.707107 -0.128661 1 5
 1.707107 -0.128659 1 6
 1.707107 -0.068952 1 7
 1.707107 -0.068951 1 8
 1.707107 -0.068799 1 9
 1.707107  0.094085 1 10
 1.707107  0.094214 1 11
 1.707107  0.094241 1 12
 1.707107  0.279501 1 13
 1.707107  0.279506 1 14
 1.707107 -0.251495 1 1
 1.707107 -0.251494 1 2
 1.707107 -0.250643 1 3
 1.707107 -0.129284 1 4
 1.707107 -0.128661 1 5
 1.707107 -0.128659 1 6
 1.707107 -0.068952 1 7
 1.707107 -0.068951 1 8
 1.707107 -0.068799 1 9
 1.707107  0.094085 1 10
 1.707107  0.094214 1 11
 1.707107  0.094241 1 12
 1.707107  0.279501 1 13
 1.707107  0.279506 1 14
 1.748346 -0.252171 1 1
 1.748346 -0.251796 1 2
 1.748346 -0.251793 1 3
 1.748346 -0.131093 1 4
 1.748346 -0.131089 1 5
 1.748346 -0.128741 1 6
 1.748346 -0.071673 1 7
 1.748346 -0.070510 1 8
 1.748346 -0.070505 1 9
 1.748346  0.095866 1 10
 1.748346  0.096568 1 11
 1.748346  0.096592 1 12
 1.748346  0.282004 1 13
 1.748346  0.282007 1 14
 1.789585 -0.256674 1 1
 1.789585 -0.252713 1 2
 1.789585 -0.252708 1 3
 1.789585 -0.138120 1 4
 1.789585 -0.138111 1 5
 1.789585 -0.127124 1 6
 1.789585 -0.080047 1 7
 1.789585 -0.074925 1 8
 1.789585 -0.074911 1 9
 1.789585  0.100682 1 10
 1.789585  0.103008 1 11
 1.789585  0.103030 1 12
 1.789585  0.289213 1 13
 1.789585  0.289216 1 14
 1.830825 -0.263915 1 1
 1.830825 -0.254289 1 2
 1.830825 -0.254282 1 3
 1.830825 -0.149028 1 4
 1.830825 -0.149015 1 5
 1.830825 -0.124522 1 6
 1.830825 -0.093072 1 7
 1.830825 -0.081350 1 8
 1.830825 -0.081327 1 9
 1.830825  0.107988 1 10
 1.830825  0.112680 1 11
 1.830825  0.112706 1 12
 1.830825  0.300561 1 13
 1.830825  0.300566 1 14
 1.872064 -0.273492 1 1
 1.872064 -0.256577 1 2
 1.872064 -0.256570 1 3
 1.872064 -0.162823 1 4
 1.872064 -0.162810 1 5
 1.872064 -0.121075 1 6
 1.872064 -0.109721 1 7
 1.872064 -0.088817 1 8
 1.872064 -0.088786 1 9
 1.872064  0.117223 1 10
 1.872064  0.124612 1 11
 1.872064  0.124648 1 12
 1.872064  0.315251 1 13
 1.872064  0.315258 1 14
 1.913303 -0.284834 1 1
 1.913303 -0.259625 1 2
 1.913303 -0.259619 1 3
 1.913303 -0.178438 1 4
 1.913303 -0.178426 1 5
 1.913303 -0.129011 1 6
 1.913303 -0.116954 1 7
 1.913303 -0.096434 1 8
 1.913303 -0.096398 1 9
 1.913303  0.127971 1 10
 1.913303  0.137956 1 11
 1.913303  0.138004 1 12
 1.913303  0.332396 1 13
 1.913303  0.332406 1 14
 1.954543 -0.297213 1 1
 1.954543 -0.263472 1 2
 1.954543 -0.263467 1 3
 1.954543 -0.194894 1 4
 1.954543 -0.194882 1 5
 1.954543 -0.150075 1 6
 1.954543 -0.112325 1 7
 1.954543 -0.103404 1 8
 1.954543 -0.103366 1 9
 1.954543  0.139938 1 10
 1.954543  0.152045 1 11
 1.954543  0.152098 1 12
 1.954543  0.351153 1 13
 1.954543  0.351164 1 14
 1.995782 -0.309788 1 1
 1.995782 -0.268151 1 2
 1.995782 -0.268147 1 3
 1.995782 -0.211372 1 4
 1.995782 -0.211359 1 5
 1.995782 -0.172173 1 6
 1.995782 -0.108991 1 7
 1.995782 -0.108956 1 8
 1.995782 -0.107304 1 9
 1.995782  0.152884 1 10
 1.995782  0.166374 1 11
 1.995782  0.166421 1 12
 1.995782  0.370812 1 13
 1.995782  0.370823 1 14
 2.037021 -0.321686 1 1
 2.037021 -0.273684 1 2
 2.037021 -0.273681 1 3
 2.037021 -0.227237 1 4
 2.037021 -0.227225 1 5
 2.037021 -0.194675 1 6
 2.037021 -0.112532 1 7
 2.037021 -0.112506 1 8
 2.037021 -0.101947 1 9
 2.037021  0.166552 1 10
 2.037021  0.180562 1 11
 2.037021  0.180594 1 12
 2.037021  0.390844 1 13
 2.037021  0.390853 1 14
 2.078261 -0.332128 1 1
 2.078261 -0.280058 1 2
 2.078261 -0.280057 1 3
 2.078261 -0.242046 1 4
 2.078261 -0.242038 1 5
 2.078261 -0.217053 1 6
 2.078261 -0.113520 1 7
 2.078261 -0.113504 1 8
 2.078261 -0.096253 1 9
 2.078261  0.180629 1 10
 2.078261  0.194329 1 11
 2.078261  0.194346 1 12
 2.078261  0.410905 1 13
 2.078261  0.410911 1 14
 2.119500 -0.340552 1 1
 2.119500 -0.287199 1 2
 2.119500 -0.287198 1 3
 2.119500 -0.255538 1 4
 2.119500 -0.255535 1 5
 2.119500 -0.238860 1 6
 2.119500 -0.111707 1 7
 2.119500 -0.111702 1 8
 2.119500 -0.090216 1 9
 2.119500  0.194754 1 10
 2.119500  0.207469 1 11
 2.119500  0.207478 1 12
 2.119500  0.430806 1 13
 2.119500  0.430808 1 14
 2.160739 -0.346693 1 1
 2.160739 -0.294966 1 2
 2.160739 -0.294964 1 3
 2.160739 -0.267585 1 4
 2.160739 -0.267584 1 5
 2.160739 -0.259697 1 6
 2.160739 -0.107202 1 7
 2.160739 -0.107198 1 8
 2.160739 -0.083873 1 9
 2.160739  0.208549 1 10
 2.160739  0.219832 1 11
 2.160739  0.219841 1 12
 2.160739  0.450443 1 13
 2.160739  0.450447 1 14
 2.201978 -0.350636 1 1
 2.201978 -0.303194 1 2
 2.201978 -0.303191 1 3
 2.201978 -0.279190 1 4
 2.201978 -0.278154 1 5
 2.201978 -0.278149 1 6
 2.201978 -0.100431 1 7
 2.201978 -0.100422 1 8
 2.201978 -0.077330 1 9
 2.201978  0.221693 1 10
 2.201978  0.231325 1 11
 2.201978  0.231336 1 12
 2.201978  0.469772 1 13
 2.201978  0.469780 1 14
 2.243218 -0.352846 1 1
 2.243218 -0.311673 1 2
 2.243218 -0.311668 1 3
 2.243218 -0.296809 1 4
 2.243218 -0.287262 1 5
 2.243218 -0.287254 1 6
 2.243218 -0.092054 1 7
 2.243218 -0.092040 1 8
 2.243218 -0.070778 1 9
 2.243218  0.233935 1 10
 2.243218  0.241872 1 11
 2.243218  0.241889 1 12
 2.243218  0.488692 1 13
 2.243218  0.488704 1 14
 2.284457 -0.354362 1 1
 2.284457 -0.320123 1 2
 2.284457 -0.320117 1 3
 2.284457 -0.311645 1 4
 2.284457 -0.295014 1 5
 2.284457 -0.295004 1 6
 2.284457 -0.082811 1 7
 2.284457 -0.082793 1 8
 2.284457 -0.064449 1 9
 2.284457  0.245133 1 10
 2.284457  0.251430 1 11
 2.284457  0.251471 1 12
 2.284457  0.507034 1 13
 2.284457  0.507047 1 14
 2.325696 -0.357112 1 1
 2.325696 -0.328208 1 2
 2.325696 -0.328200 1 3
 2.325696 -0.322005 1 4
 2.325696 -0.301568 1 5
 2.325696 -0.301554 1 6
 2.325696 -0.073406 1 7
 2.325696 -0.073384 1 8
 2.325696 -0.058568 1 9
 2.325696  0.255222 1 10
 2.325696  0.259980 1 11
 2.325696  0.260071 1 12
 2.325696  0.524516 1 13
 2.325696  0.524526 1 14
 2.366936 -0.362907 1 1
 2.366936 -0.335595 1 2
 2.366936 -0.335585 1 3
 2.366936 -0.326383 1 4
 2.366936 -0.307057 1 5
 2.366936 -0.307042 1 6
 2.366936 -0.064451 1 7
 2.366936 -0.064424 1 8
 2.366936 -0.053329 1 9
 2.366936  0.264159 1 10
 2.366936  0.267496 1 11
 2.366936  0.267672 1 12
 2.366936  0.540729 1 13
 2.366936  0.540734 1 14
 2.408175 -0.370728 1 1
 2.408175 -0.342003 1 2
 2.408175 -0.341991 1 3
 2.408175 -0.326150 1 4
 2.408175 -0.311557 1 5
 2.408175 -0.311543 1 6
 2.408175 -0.056451 1 7
 2.408175 -0.056418 1 8
 2.408175 -0.048873 1 9
 2.408175  0.271855 1 10
 2.408175  0.273924 1 11
 2.408175  0.274224 1 12
 2.408175  0.555153 1 13
 2.408175  0.555154 1 14
 2.449414 -0.378299 1 1
 2.449414 -0.347211 1 2
 2.449414 -0.347198 1 3
 2.449414 -0.323963 1 4
 2.449414 -0.315088 1 5
 2.449414 -0.315078 1 6
 2.449414 -0.049813 1 7
 2.449414 -0.049773 1 8
 2.449414 -0.045305 1 9
 2.449414  0.278129 1 10
 2.449414  0.279186 1 11
 2.449414  0.279614 1 12
 2.449414  0.567201 1 13
 2.449414  0.567206 1 14
 2.490654 -0.384273 1 1
 2.490654 -0.351050 1 2
 2.490654 -0.351038 1 3
 2.490654 -0.321528 1 4
 2.490654 -0.317639 1 5
 2.490654 -0.317633 1 6
 2.490654 -0.044856 1 7
 2.490654 -0.044809 1 8
 2.490654 -0.042705 1 9
 2.490654  0.282629 1 10
 2.490654  0.283278 1 11
 2.490654  0.283666 1 12
 2.490654  0.576306 1 13
 2.490654  0.576313 1 14
 2.531893 -0.388034 1 1
 2.531893 -0.353400 1 2
 2.531893 -0.353392 1 3
 2.531893 -0.319762 1 4
 2.531893 -0.319186 1 5
 2.531893 -0.319184 1 6
 2.531893 -0.041811 1 7
 2.531893 -0.041777 1 8
 2.531893 -0.041118 1 9
 2.531893  0.285152 1 10
 2.531893  0.286039 1 11
 2.531893  0.286181 1 12
 2.531893  0.581988 1 13
 2.531893  0.581994 1 14
 2.573132 -0.389310 1 1
 2.573132 -0.354188 1 2
 2.573132 -0.354188 1 3
 2.573132 -0.319712 1 4
 2.573132 -0.319708 1 5
 2.573132 -0.319130 1 6
 2.573132 -0.040851 1 7
 2.573132 -0.040815 1 8
 2.573132 -0.040555 1 9
 2.573132  0.285923 1 10
 2.573132  0.286982 1 11
 2.573132  0.286995 1 12
 2.573132  0.583930 1 13
 2.573132  0.583932 1 14
 2.573132 -0.389310 1 1
 2.573132 -0.354188 1 2
 2.573132 -0.354188 1 3
 2.573132 -0.319712 1 4
 2.573132 -0.319708 1 5
 2.573132 -0.319130 1 6
 2.573132 -0.040851 1 7
 2.573132 -0.040815 1 8
 2.573132 -0.040555 1 9
 2.573132  0.285923 1 10
 2.573132  0.286982 1 11
 2.573132  0.286995 1 12
 2.573132  0.583930 1 13
 2.573132  0.583932 1 14
 2.614727 -0.388019 1 1
 2.614727 -0.353786 1 2
 2.614727 -0.352971 1 3
 2.614727 -0.320159 1 4
 2.614727 -0.319320 1 5
 2.614727 -0.318642 1 6
 2.614727 -0.041965 1 7
 2.614727 -0.041716 1 8
 2.614727 -0.041090 1 9
 2.614727  0.285074 1 10
 2.614727  0.285992 1 11
 2.614727  0.286236 1 12
 2.614727  0.580974 1 13
 2.614727  0.582956 1 14
 2.656321 -0.384426 1 1
 2.656321 -0.352399 1 2
 2.656321 -0.349356 1 3
 2.656321 -0.322375 1 4
 2.656321 -0.318167 1 5
 2.656321 -0.316229 1 6
 2.656321 -0.045686 1 7
 2.656321 -0.044537 1 8
 2.656321 -0.042378 1 9
 2.656321  0.281881 1 10
 2.656321  0.283556 1 11
 2.656321  0.283985 1 12
 2.656321  0.572410 1 13
 2.656321  0.580052 1 14
 2.697916 -0.379467 1 1
 2.697916 -0.349423 1 2
 2.697916 -0.343468 1 3
 2.697916 -0.325811 1 4
 2.697916 -0.316249 1 5
 2.697916 -0.312113 1 6
 2.697916 -0.051660 1 7
 2.697916 -0.049154 1 8
 2.697916 -0.044640 1 9
 2.697916  0.276200 1 10
 2.697916  0.279886 1 11
 2.697916  0.280790 1 12
 2.697916  0.558920 1 13
 2.697916  0.575342 1 14
 2.739510 -0.374656 1 1
 2.739510 -0.343941 1 2
 2.739510 -0.335519 1 3
 2.739510 -0.329943 1 4
 2.739510 -0.313555 1 5
 2.739510 -0.306183 1 6
 2.739510 -0.059526 1 7
 2.739510 -0.055385 1 8
 2.739510 -0.047962 1 9
 2.739510  0.268347 1 10
 2.739510  0.275244 1 11
 2.739510  0.276959 1 12
 2.739510  0.541496 1 13
 2.739510  0.569019 1 14
 2.781105 -0.371206 1 1
 2.781105 -0.335669 1 2
 2.781105 -0.334074 1 3
 2.781105 -0.325796 1 4
 2.781105 -0.310066 1 5
 2.781105 -0.298073 1 6
 2.781105 -0.068839 1 7
 2.781105 -0.062981 1 8
 2.781105 -0.052403 1 9
 2.781105  0.258536 1 10
 2.781105  0.270102 1 11
 2.781105  0.272737 1 12
 2.781105  0.521220 1 13
 2.781105  0.561302 1 14
 2.822699 -0.369175 1 1
 2.822699 -0.337442 1 2
 2.822699 -0.325710 1 3
 2.822699 -0.314674 1 4
 2.822699 -0.305757 1 5
 2.822699 -0.287154 1 6
 2.822699 -0.079074 1 7
 2.822699 -0.071657 1 8
 2.822699 -0.057976 1 9
 2.822699  0.246991 1 10
 2.822699  0.264836 1 11
 2.822699  0.268353 1 12
 2.822699  0.499074 1 13
 2.822699  0.552416 1 14
 2.864294 -0.368050 1 1
 2.864294 -0.339126 1 2
 2.864294 -0.315748 1 3
 2.864294 -0.302706 1 4
 2.864294 -0.300536 1 5
 2.864294 -0.272877 1 6
 2.864294 -0.089625 1 7
 2.864294 -0.081153 1 8
 2.864294 -0.064662 1 9
 2.864294  0.233948 1 10
 2.864294  0.259705 1 11
 2.864294  0.263947 1 12
 2.864294  0.475803 1 13
 2.864294  0.542550 1 14
 2.905888 -0.367410 1 1
 2.905888 -0.338363 1 2
 2.905888 -0.306586 1 3
 2.905888 -0.294771 1 4
 2.905888 -0.290129 1 5
 2.905888 -0.255359 1 6
 2.905888 -0.099771 1 7
 2.905888 -0.091298 1 8
 2.905888 -0.072434 1 9
 2.905888  0.219652 1 10
 2.905888  0.254870 1 11
 2.905888  0.259580 1 12
 2.905888  0.451862 1 13
 2.905888  0.531852 1 14
 2.947483 -0.367011 1 1
 2.947483 -0.334567 1 2
 2.947483 -0.298200 1 3
 2.947483 -0.287938 1 4
 2.947483 -0.278243 1 5
 2.947483 -0.235345 1 6
 2.947483 -0.108649 1 7
 2.947483 -0.102049 1 8
 2.947483 -0.081280 1 9
 2.947483  0.204334 1 10
 2.947483  0.250437 1 11
 2.947483  0.255287 1 12
 2.947483  0.427475 1 13
 2.947483  0.520435 1 14
 2.989077 -0.366724 1 1
 2.989077 -0.327474 1 2
 2.989077 -0.290324 1 3
 2.989077 -0.280270 1 4
 2.989077 -0.267768 1 5
 2.989077 -0.213739 1 6
 2.989077 -0.115253 1 7
 2.989077 -0.113458 1 8
 2.989077 -0.091189 1 9
 2.989077  0.188250 1 10
 2.989077  0.246494 1 11
 2.989077  0.251127 1 12
 2.989077  0.402811 1 13
 2.989077  0.508432 1 14
 3.030672 -0.366484 1 1
 3.030672 -0.317174 1 2
 3.030672 -0.282769 1 3
 3.030672 -0.271739 1 4
 3.030672 -0.259681 1 5
 3.030672 -0.191345 1 6
 3.030672 -0.125639 1 7
 3.030672 -0.118629 1 8
 3.030672 -0.102139 1 9
 3.030672  0.171670 1 10
 3.030672  0.243116 1 11
 3.030672  0.247199 1 12
 3.030672  0.378109 1 13
 3.030672  0.496032 1 14
 3.072266 -0.366265 1 1
 3.072266 -0.304064 1 2
 3.072266 -0.275522 1 3
 3.072266 -0.262367 1 4
 3.072266 -0.254578 1 5
 3.072266 -0.168942 1 6
 3.072266 -0.138696 1 7
 3.072266 -0.118285 1 8
 3.072266 -0.114026 1 9
 3.072266  0.154962 1 10
 3.072266  0.240359 1 11
 3.072266  0.243636 1 12
 3.072266  0.353874 1 13
 3.072266  0.483569 1 14
 3.113861 -0.366066 1 1
 3.113861 -0.288736 1 2
 3.113861 -0.268747 1 3
 3.113861 -0.252641 1 4
 3.113861 -0.251927 1 5
 3.113861 -0.152694 1 6
 3.113861 -0.147396 1 7
 3.113861 -0.126649 1 8
 3.113861 -0.114587 1 9
 3.113861  0.138663 1 10
 3.113861  0.238236 1 11
 3.113861  0.240572 1 12
 3.113861  0.330967 1 13
 3.113861  0.471573 1 14
 3.155455 -0.365894 1 1
 3.155455 -0.271858 1 2
 3.155455 -0.262762 1 3
 3.155455 -0.252110 1 4
 3.155455 -0.241602 1 5
 3.155455 -0.167650 1 6
 3.155455 -0.139518 1 7
 3.155455 -0.127825 1 8
 3.155455 -0.108895 1 9
 3.155455  0.123576 1 10
 3.155455  0.236710 1 11
 3.155455  0.238117 1 12
 3.155455  0.310628 1 13
 3.155455  0.460783 1 14
 3.197050 -0.365762 1 1
 3.197050 -0.258054 1 2
 3.197050 -0.254019 1 3
 3.197050 -0.252803 1 4
 3.197050 -0.231156 1 5
 3.197050 -0.183554 1 6
 3.197050 -0.151797 1 7
 3.197050 -0.111693 1 8
 3.197050 -0.102978 1 9
 3.197050  0.110876 1 10
 3.197050  0.235705 1 11
 3.197050  0.236334 1 12
 3.197050  0.294374 1 13
 3.197050  0.452093 1 14
 3.238644 -0.365681 1 1
 3.238644 -0.254957 1 2
 3.238644 -0.253571 1 3
 3.238644 -0.235940 1 4
 3.238644 -0.222453 1 5
 3.238644 -0.200310 1 6
 3.238644 -0.161701 1 7
 3.238644 -0.100835 1 8
 3.238644 -0.098584 1 9
 3.238644  0.102120 1 10
 3.238644  0.235133 1 11
 3.238644  0.235250 1 12
 3.238644  0.283783 1 13
 3.238644  0.446408 1 14
 3.280239 -0.365655 1 1
 3.280239 -0.253895 1 2
 3.280239 -0.253891 1 3
 3.280239 -0.219379 1 4
 3.280239 -0.218739 1 5
 3.280239 -0.216410 1 6
 3.280239 -0.165855 1 7
 3.280239 -0.096981 1 8
 3.280239 -0.096980 1 9
 3.280239  0.098844 1 10
 3.280239  0.234860 1 11
 3.280239  0.234926 1 12
 3.280239  0.280071 1 13
 3.280239  0.444406 1 14
 3.280239 -0.389310 1 1
 3.280239 -0.354188 1 2
 3.280239 -0.354188 1 3
 3.280239 -0.319712 1 4
 3.280239 -0.319708 1 5
 3.280239 -0.319130 1 6
 3.280239 -0.040851 1 7
 3.280239 -0.040815 1 8
 3.280239 -0.040555 1 9
 3.280239  0.285923 1 10
 3.280239  0.286982 1 11
 3.280239  0.286995 1 12
 3.280239  0.583930 1 13
 3.280239  0.583932 1 14
 3.321906 -0.388052 1 1
 3.321906 -0.354208 1 2
 3.321906 -0.352500 1 3
 3.321906 -0.320789 1 4
 3.321906 -0.318881 1 5
 3.321906 -0.318456 1 6
 3.321906 -0.042110 1 7
 3.321906 -0.041928 1 8
 3.321906 -0.040774 1 9
 3.321906  0.284956 1 10
 3.321906  0.285732 1 11
 3.321906  0.286575 1 12
 3.321906  0.579986 1 13
 3.321906  0.583954 1 14
 3.363572 -0.385049 1 1
 3.363572 -0.354274 1 2
 3.363572 -0.346870 1 3
 3.363572 -0.324377 1 4
 3.363572 -0.316470 1 5
 3.363572 -0.316079 1 6
 3.363572 -0.045912 1 7
 3.363572 -0.045790 1 8
 3.363572 -0.041046 1 9
 3.363572  0.281863 1 10
 3.363572  0.282267 1 11
 3.363572  0.285400 1 12
 3.363572  0.568693 1 13
 3.363572  0.583978 1 14
 3.405239 -0.381944 1 1
 3.405239 -0.354381 1 2
 3.405239 -0.336248 1 3
 3.405239 -0.330083 1 4
 3.405239 -0.312663 1 5
 3.405239 -0.312294 1 6
 3.405239 -0.052237 1 7
 3.405239 -0.052189 1 8
 3.405239 -0.041506 1 9
 3.405239  0.276937 1 10
 3.405239  0.277122 1 11
 3.405239  0.283721 1 12
 3.405239  0.551324 1 13
 3.405239  0.583998 1 14
 3.446906 -0.379744 1 1
 3.446906 -0.354521 1 2
 3.446906 -0.337412 1 3
 3.446906 -0.320515 1 4
 3.446906 -0.307711 1 5
 3.446906 -0.307363 1 6
 3.446906 -0.061045 1 7
 3.446906 -0.060970 1 8
 3.446906 -0.042135 1 9
 3.446906  0.270624 1 10
 3.446906  0.271060 1 11
 3.446906  0.281855 1 12
 3.446906  0.529545 1 13
 3.446906  0.584009 1 14
 3.488572 -0.378439 1 1
 3.488572 -0.354686 1 2
 3.488572 -0.345700 1 3
 3.488572 -0.301854 1 4
 3.488572 -0.301714 1 5
 3.488572 -0.300543 1 6
 3.488572 -0.072128 1 7
 3.488572 -0.071988 1 8
 3.488572 -0.042898 1 9
 3.488572  0.263838 1 10
 3.488572  0.264444 1 11
 3.488572  0.280157 1 12
 3.488572  0.504945 1 13
 3.488572  0.584007 1 14
 3.530239 -0.377701 1 1
 3.530239 -0.354865 1 2
 3.530239 -0.354212 1 3
 3.530239 -0.295264 1 4
 3.530239 -0.295013 1 5
 3.530239 -0.278217 1 6
 3.530239 -0.085171 1 7
 3.530239 -0.084987 1 8
 3.530239 -0.043749 1 9
 3.530239  0.257221 1 10
 3.530239  0.257769 1 11
 3.530239  0.278919 1 12
 3.530239  0.478701 1 13
 3.530239  0.583989 1 14
 3.571906 -0.377266 1 1
 3.571906 -0.362242 1 2
 3.571906 -0.355045 1 3
 3.571906 -0.288053 1 4
 3.571906 -0.287843 1 5
 3.571906 -0.254368 1 6
 3.571906 -0.099728 1 7
 3.571906 -0.099517 1 8
 3.571906 -0.044630 1 9
 3.571906  0.251228 1 10
 3.571906  0.251470 1 11
 3.571906  0.278290 1 12
 3.571906  0.451641 1 13
 3.571906  0.583955 1 14
 3.613572 -0.376979 1 1
 3.613572 -0.369237 1 2
 3.613572 -0.355215 1 3
 3.613572 -0.280323 1 4
 3.613572 -0.280162 1 5
 3.613572 -0.230437 1 6
 3.613572 -0.115130 1 7
 3.613572 -0.114896 1 8
 3.613572 -0.045480 1 9
 3.613572  0.245865 1 10
 3.613572  0.246169 1 11
 3.613572  0.278248 1 12
 3.613572  0.424612 1 13
 3.613572  0.583910 1 14
 3.655239 -0.376763 1 1
 3.655239 -0.374853 1 2
 3.655239 -0.355362 1 3
 3.655239 -0.272318 1 4
 3.655239 -0.272207 1 5
 3.655239 -0.207959 1 6
 3.655239 -0.130404 1 7
 3.655239 -0.130123 1 8
 3.655239 -0.046236 1 9
 3.655239  0.241242 1 10
 3.655239  0.242160 1 11
 3.655239  0.278618 1 12
 3.655239  0.399002 1 13
 3.655239  0.583858 1 14
 3.696906 -0.378913 1 1
 3.696906 -0.376598 1 2
 3.696906 -0.355476 1 3
 3.696906 -0.264698 1 4
 3.696906 -0.264614 1 5
 3.696906 -0.188999 1 6
 3.696906 -0.144069 1 7
 3.696906 -0.143711 1 8
 3.696906 -0.046839 1 9
 3.696906  0.237779 1 10
 3.696906  0.239287 1 11
 3.696906  0.279139 1 12
 3.696906  0.377147 1 13
 3.696906  0.583806 1 14
 3.738572 -0.381357 1 1
 3.738572 -0.376489 1 2
 3.738572 -0.355549 1 3
 3.738572 -0.258821 1 4
 3.738572 -0.258712 1 5
 3.738572 -0.176066 1 6
 3.738572 -0.153995 1 7
 3.738572 -0.153557 1 8
 3.738572 -0.047241 1 9
 3.738572  0.235623 1 10
 3.738572  0.237569 1 11
 3.738572  0.279545 1 12
 3.738572  0.362119 1 13
 3.738572  0.583762 1 14
 3.780239 -0.382176 1 1
 3.780239 -0.376451 1 2
 3.780239 -0.355576 1 3
 3.780239 -0.256535 1 4
 3.780239 -0.256403 1 5
 3.780239 -0.171434 1 6
 3.780239 -0.157730 1 7
 3.780239 -0.157257 1 8
 3.780239 -0.047410 1 9
 3.780239  0.234864 1 10
 3.780239  0.237010 1 11
 3.780239  0.279647 1 12
 3.780239  0.356734 1 13
 3.780239  0.583732 1 14
