    1      0.000000000000000      0.000000000000000      0.000000000000000     0.000000  <-- isyml= 001
    2      0.025000000000000      0.000000000000000      0.000000000000000     0.025000 
    3      0.050000000000000      0.000000000000000      0.000000000000000     0.050000 
    4      0.075000000000000      0.000000000000000      0.000000000000000     0.075000 
    5      0.100000000000000      0.000000000000000      0.000000000000000     0.100000 
    6      0.125000000000000      0.000000000000000      0.000000000000000     0.125000 
    7      0.150000000000000      0.000000000000000      0.000000000000000     0.150000 
    8      0.175000000000000      0.000000000000000      0.000000000000000     0.175000 
    9      0.200000000000000      0.000000000000000      0.000000000000000     0.200000 
   10      0.225000000000000      0.000000000000000      0.000000000000000     0.225000 
   11      0.250000000000000      0.000000000000000      0.000000000000000     0.250000 
   12      0.275000000000000      0.000000000000000      0.000000000000000     0.275000 
   13      0.300000000000000      0.000000000000000      0.000000000000000     0.300000 
   14      0.325000000000000      0.000000000000000      0.000000000000000     0.325000 
   15      0.350000000000000      0.000000000000000      0.000000000000000     0.350000 
   16      0.375000000000000      0.000000000000000      0.000000000000000     0.375000 
   17      0.400000000000000      0.000000000000000      0.000000000000000     0.400000 
   18      0.425000000000000      0.000000000000000      0.000000000000000     0.425000 
   19      0.450000000000000      0.000000000000000      0.000000000000000     0.450000 
   20      0.475000000000000      0.000000000000000      0.000000000000000     0.475000 
   21      0.500000000000000      0.000000000000000      0.000000000000000     0.500000 
   22      0.525000000000000      0.000000000000000      0.000000000000000     0.525000 
   23      0.550000000000000      0.000000000000000      0.000000000000000     0.550000 
   24      0.575000000000000      0.000000000000000      0.000000000000000     0.575000 
   25      0.600000000000000      0.000000000000000      0.000000000000000     0.600000 
   26      0.625000000000000      0.000000000000000      0.000000000000000     0.625000 
   27      0.650000000000000      0.000000000000000      0.000000000000000     0.650000 
   28      0.675000000000000      0.000000000000000      0.000000000000000     0.675000 
   29      0.700000000000000      0.000000000000000      0.000000000000000     0.700000 
   30      0.725000000000000      0.000000000000000      0.000000000000000     0.725000 
   31      0.750000000000000      0.000000000000000      0.000000000000000     0.750000 
   32      0.775000000000000      0.000000000000000      0.000000000000000     0.775000 
   33      0.800000000000000      0.000000000000000      0.000000000000000     0.800000 
   34      0.825000000000000      0.000000000000000      0.000000000000000     0.825000 
   35      0.850000000000000      0.000000000000000      0.000000000000000     0.850000 
   36      0.875000000000000      0.000000000000000      0.000000000000000     0.875000 
   37      0.900000000000000      0.000000000000000      0.000000000000000     0.900000 
   38      0.925000000000000      0.000000000000000      0.000000000000000     0.925000 
   39      0.950000000000000      0.000000000000000      0.000000000000000     0.950000 
   40      0.975000000000000      0.000000000000000      0.000000000000000     0.975000 
   41      1.000000000000000      0.000000000000000      0.000000000000000     1.000000 

   42      1.000000000000000      0.000000000000000      0.000000000000000     1.000000  <-- isyml= 002
   43      1.000000000000000      0.025000000000000      0.000000000000000     1.025000 
   44      1.000000000000000      0.050000000000000      0.000000000000000     1.050000 
   45      1.000000000000000      0.075000000000000      0.000000000000000     1.075000 
   46      1.000000000000000      0.100000000000000      0.000000000000000     1.100000 
   47      1.000000000000000      0.125000000000000      0.000000000000000     1.125000 
   48      1.000000000000000      0.150000000000000      0.000000000000000     1.150000 
   49      1.000000000000000      0.175000000000000      0.000000000000000     1.175000 
   50      1.000000000000000      0.200000000000000      0.000000000000000     1.200000 
   51      1.000000000000000      0.225000000000000      0.000000000000000     1.225000 
   52      1.000000000000000      0.250000000000000      0.000000000000000     1.250000 
   53      1.000000000000000      0.275000000000000      0.000000000000000     1.275000 
   54      1.000000000000000      0.300000000000000      0.000000000000000     1.300000 
   55      1.000000000000000      0.325000000000000      0.000000000000000     1.325000 
   56      1.000000000000000      0.350000000000000      0.000000000000000     1.350000 
   57      1.000000000000000      0.375000000000000      0.000000000000000     1.375000 
   58      1.000000000000000      0.400000000000000      0.000000000000000     1.400000 
   59      1.000000000000000      0.425000000000000      0.000000000000000     1.425000 
   60      1.000000000000000      0.450000000000000      0.000000000000000     1.450000 
   61      1.000000000000000      0.475000000000000      0.000000000000000     1.475000 
   62      1.000000000000000      0.500000000000000      0.000000000000000     1.500000 

   63      1.000000000000000      0.500000000000000      0.000000000000000     1.500000  <-- isyml= 003
   64      0.987500000000000      0.500000000000000      0.012500000000000     1.517678 
   65      0.975000000000000      0.500000000000000      0.025000000000000     1.535355 
   66      0.962500000000000      0.500000000000000      0.037500000000000     1.553033 
   67      0.950000000000000      0.500000000000000      0.050000000000000     1.570711 
   68      0.937500000000000      0.500000000000000      0.062500000000000     1.588388 
   69      0.925000000000000      0.500000000000000      0.075000000000000     1.606066 
   70      0.912500000000000      0.500000000000000      0.087500000000000     1.623744 
   71      0.900000000000000      0.500000000000000      0.100000000000000     1.641421 
   72      0.887500000000000      0.500000000000000      0.112500000000000     1.659099 
   73      0.875000000000000      0.500000000000000      0.125000000000000     1.676777 
   74      0.862500000000000      0.500000000000000      0.137500000000000     1.694454 
   75      0.850000000000000      0.500000000000000      0.150000000000000     1.712132 
   76      0.837500000000000      0.500000000000000      0.162500000000000     1.729810 
   77      0.825000000000000      0.500000000000000      0.175000000000000     1.747487 
   78      0.812500000000000      0.500000000000000      0.187500000000000     1.765165 
   79      0.800000000000000      0.500000000000000      0.200000000000000     1.782843 
   80      0.787500000000000      0.500000000000000      0.212500000000000     1.800520 
   81      0.775000000000000      0.500000000000000      0.225000000000000     1.818198 
   82      0.762500000000000      0.500000000000000      0.237500000000000     1.835876 
   83      0.750000000000000      0.500000000000000      0.250000000000000     1.853553 
   84      0.737500000000000      0.500000000000000      0.262500000000000     1.871231 
   85      0.725000000000000      0.500000000000000      0.275000000000000     1.888909 
   86      0.712500000000000      0.500000000000000      0.287500000000000     1.906586 
   87      0.700000000000000      0.500000000000000      0.300000000000000     1.924264 
   88      0.687500000000000      0.500000000000000      0.312500000000000     1.941942 
   89      0.675000000000000      0.500000000000000      0.325000000000000     1.959619 
   90      0.662500000000000      0.500000000000000      0.337500000000000     1.977297 
   91      0.650000000000000      0.500000000000000      0.350000000000000     1.994975 
   92      0.637500000000000      0.500000000000000      0.362500000000000     2.012652 
   93      0.625000000000000      0.500000000000000      0.375000000000000     2.030330 
   94      0.612500000000000      0.500000000000000      0.387500000000000     2.048008 
   95      0.600000000000000      0.500000000000000      0.400000000000000     2.065685 
   96      0.587500000000000      0.500000000000000      0.412500000000000     2.083363 
   97      0.575000000000000      0.500000000000000      0.425000000000000     2.101041 
   98      0.562500000000000      0.500000000000000      0.437500000000000     2.118718 
   99      0.550000000000000      0.500000000000000      0.450000000000000     2.136396 
  100      0.537500000000000      0.500000000000000      0.462500000000000     2.154074 
  101      0.525000000000000      0.500000000000000      0.475000000000000     2.171751 
  102      0.512500000000000      0.500000000000000      0.487500000000000     2.189429 
  103      0.500000000000000      0.500000000000000      0.500000000000000     2.207107 

  104      0.500000000000000      0.500000000000000      0.500000000000000     2.207107  <-- isyml= 004
  105      0.487500000000000      0.487500000000000      0.487500000000000     2.228757 
  106      0.475000000000000      0.475000000000000      0.475000000000000     2.250408 
  107      0.462500000000000      0.462500000000000      0.462500000000000     2.272059 
  108      0.450000000000000      0.450000000000000      0.450000000000000     2.293709 
  109      0.437500000000000      0.437500000000000      0.437500000000000     2.315360 
  110      0.425000000000000      0.425000000000000      0.425000000000000     2.337011 
  111      0.412500000000000      0.412500000000000      0.412500000000000     2.358661 
  112      0.400000000000000      0.400000000000000      0.400000000000000     2.380312 
  113      0.387500000000000      0.387500000000000      0.387500000000000     2.401962 
  114      0.375000000000000      0.375000000000000      0.375000000000000     2.423613 
  115      0.362500000000000      0.362500000000000      0.362500000000000     2.445264 
  116      0.350000000000000      0.350000000000000      0.350000000000000     2.466914 
  117      0.337500000000000      0.337500000000000      0.337500000000000     2.488565 
  118      0.325000000000000      0.325000000000000      0.325000000000000     2.510216 
  119      0.312500000000000      0.312500000000000      0.312500000000000     2.531866 
  120      0.300000000000000      0.300000000000000      0.300000000000000     2.553517 
  121      0.287500000000000      0.287500000000000      0.287500000000000     2.575168 
  122      0.275000000000000      0.275000000000000      0.275000000000000     2.596818 
  123      0.262500000000000      0.262500000000000      0.262500000000000     2.618469 
  124      0.250000000000000      0.250000000000000      0.250000000000000     2.640119 
  125      0.237500000000000      0.237500000000000      0.237500000000000     2.661770 
  126      0.225000000000000      0.225000000000000      0.225000000000000     2.683421 
  127      0.212500000000000      0.212500000000000      0.212500000000000     2.705071 
  128      0.200000000000000      0.200000000000000      0.200000000000000     2.726722 
  129      0.187500000000000      0.187500000000000      0.187500000000000     2.748373 
  130      0.175000000000000      0.175000000000000      0.175000000000000     2.770023 
  131      0.162500000000000      0.162500000000000      0.162500000000000     2.791674 
  132      0.150000000000000      0.150000000000000      0.150000000000000     2.813325 
  133      0.137500000000000      0.137500000000000      0.137500000000000     2.834975 
  134      0.125000000000000      0.125000000000000      0.125000000000000     2.856626 
  135      0.112500000000000      0.112500000000000      0.112500000000000     2.878276 
  136      0.100000000000000      0.100000000000000      0.100000000000000     2.899927 
  137      0.087500000000000      0.087500000000000      0.087500000000000     2.921578 
  138      0.075000000000000      0.075000000000000      0.075000000000000     2.943228 
  139      0.062500000000000      0.062500000000000      0.062500000000000     2.964879 
  140      0.050000000000000      0.050000000000000      0.050000000000000     2.986530 
  141      0.037500000000000      0.037500000000000      0.037500000000000     3.008180 
  142      0.025000000000000      0.025000000000000      0.025000000000000     3.029831 
  143      0.012500000000000      0.012500000000000      0.012500000000000     3.051482 
  144      0.000000000000000      0.000000000000000      0.000000000000000     3.073132 

  145      0.000000000000000      0.000000000000000      0.000000000000000     3.073132  <-- isyml= 005
  146      0.018750000000000      0.018750000000000      0.000000000000000     3.099649 
  147      0.037500000000000      0.037500000000000      0.000000000000000     3.126165 
  148      0.056250000000000      0.056250000000000      0.000000000000000     3.152682 
  149      0.075000000000000      0.075000000000000      0.000000000000000     3.179198 
  150      0.093750000000000      0.093750000000000      0.000000000000000     3.205715 
  151      0.112500000000000      0.112500000000000      0.000000000000000     3.232231 
  152      0.131250000000000      0.131250000000000      0.000000000000000     3.258748 
  153      0.150000000000000      0.150000000000000      0.000000000000000     3.285264 
  154      0.168750000000000      0.168750000000000      0.000000000000000     3.311781 
  155      0.187500000000000      0.187500000000000      0.000000000000000     3.338297 
  156      0.206250000000000      0.206250000000000      0.000000000000000     3.364814 
  157      0.225000000000000      0.225000000000000      0.000000000000000     3.391330 
  158      0.243750000000000      0.243750000000000      0.000000000000000     3.417847 
  159      0.262500000000000      0.262500000000000      0.000000000000000     3.444363 
  160      0.281250000000000      0.281250000000000      0.000000000000000     3.470880 
  161      0.300000000000000      0.300000000000000      0.000000000000000     3.497396 
  162      0.318750000000000      0.318750000000000      0.000000000000000     3.523913 
  163      0.337500000000000      0.337500000000000      0.000000000000000     3.550429 
  164      0.356250000000000      0.356250000000000      0.000000000000000     3.576946 
  165      0.375000000000000      0.375000000000000      0.000000000000000     3.603462 
  166      0.393750000000000      0.393750000000000      0.000000000000000     3.629979 
  167      0.412500000000000      0.412500000000000      0.000000000000000     3.656495 
  168      0.431250000000000      0.431250000000000      0.000000000000000     3.683012 
  169      0.450000000000000      0.450000000000000      0.000000000000000     3.709528 
  170      0.468750000000000      0.468750000000000      0.000000000000000     3.736045 
  171      0.487500000000000      0.487500000000000      0.000000000000000     3.762561 
  172      0.506250000000000      0.506250000000000      0.000000000000000     3.789078 
  173      0.525000000000000      0.525000000000000      0.000000000000000     3.815594 
  174      0.543750000000000      0.543750000000000      0.000000000000000     3.842111 
  175      0.562500000000000      0.562500000000000      0.000000000000000     3.868627 
  176      0.581250000000000      0.581250000000000      0.000000000000000     3.895144 
  177      0.600000000000000      0.600000000000000      0.000000000000000     3.921660 
  178      0.618750000000000      0.618750000000000      0.000000000000000     3.948177 
  179      0.637500000000000      0.637500000000000      0.000000000000000     3.974693 
  180      0.656250000000000      0.656250000000000      0.000000000000000     4.001210 
  181      0.675000000000000      0.675000000000000      0.000000000000000     4.027726 
  182      0.693750000000000      0.693750000000000      0.000000000000000     4.054243 
  183      0.712500000000000      0.712500000000000      0.000000000000000     4.080759 
  184      0.731250000000000      0.731250000000000      0.000000000000000     4.107276 
  185      0.750000000000000      0.750000000000000      0.000000000000000     4.133792 

  186      0.750000000000000      0.750000000000000      0.000000000000000     4.133792  <-- isyml= 006
  187      0.762500000000000      0.762500000000000      0.000000000000000     4.151470 
  188      0.775000000000000      0.775000000000000      0.000000000000000     4.169148 
  189      0.787500000000000      0.787500000000000      0.000000000000000     4.186825 
  190      0.800000000000000      0.800000000000000      0.000000000000000     4.204503 
  191      0.812500000000000      0.812500000000000      0.000000000000000     4.222181 
  192      0.825000000000000      0.825000000000000      0.000000000000000     4.239858 
  193      0.837500000000000      0.837500000000000      0.000000000000000     4.257536 
  194      0.850000000000000      0.850000000000000      0.000000000000000     4.275214 
  195      0.862500000000000      0.862500000000000      0.000000000000000     4.292891 
  196      0.875000000000000      0.875000000000000      0.000000000000000     4.310569 
  197      0.887500000000000      0.887500000000000      0.000000000000000     4.328247 
  198      0.900000000000000      0.900000000000000      0.000000000000000     4.345924 
  199      0.912500000000000      0.912500000000000      0.000000000000000     4.363602 
  200      0.925000000000000      0.925000000000000      0.000000000000000     4.381280 
  201      0.937500000000000      0.937500000000000      0.000000000000000     4.398957 
  202      0.950000000000000      0.950000000000000      0.000000000000000     4.416635 
  203      0.962500000000000      0.962500000000000      0.000000000000000     4.434313 
  204      0.975000000000000      0.975000000000000      0.000000000000000     4.451990 
  205      0.987500000000000      0.987500000000000      0.000000000000000     4.469668 
  206      1.000000000000000      1.000000000000000      0.000000000000000     4.487346 

