  0.00000  0.00000  0.00000  1    -25.695      1.4441610284
  0.00000  0.00000  0.00000  2     -2.862      0.0000000000
  0.00000  0.00000  0.00000  3     -2.862      0.0000000000
  0.00000  0.00000  0.00000  4     -2.862      0.0000000000
  0.00000  0.00000  0.00000  5      4.689     -0.0000000000
  0.00000  0.00000  0.00000  6      4.689     -0.0000000000
  0.00000  0.00000  0.00000  7      4.689     -0.0000000000
  0.00000  0.00000  0.00000  8     12.299     -0.0018736477
  0.00000  0.00000  0.00000  9     17.662     -0.1435347570
  0.00000  0.00000  0.00000 10     25.788     -0.8849945039
  0.00000  0.00000  0.00000 11     25.788     -0.8849946922
  0.00000  0.00000  0.00000 12     25.788     -0.8849947875
 -0.08333  0.08333  0.08333  1    -25.490      1.4014017969
 -0.08333  0.08333  0.08333  2     -4.168      0.0000000000
 -0.08333  0.08333  0.08333  3     -3.195      0.0000000000
 -0.08333  0.08333  0.08333  4     -3.195      0.0000000000
 -0.08333  0.08333  0.08333  5      5.129     -0.0000000000
 -0.08333  0.08333  0.08333  6      5.129     -0.0000000000
 -0.08333  0.08333  0.08333  7      5.384     -0.0000000000
 -0.08333  0.08333  0.08333  8     12.486     -0.0021712802
 -0.08333  0.08333  0.08333  9     18.011     -0.1598656948
 -0.08333  0.08333  0.08333 10     24.749     -0.7212679049
 -0.08333  0.08333  0.08333 11     24.749     -0.7212682130
 -0.08333  0.08333  0.08333 12     25.408     -0.8083682695
 -0.16667  0.16667  0.16667  1    -24.879      1.2750491148
 -0.16667  0.16667  0.16667  2     -6.946      0.0000000000
 -0.16667  0.16667  0.16667  3     -3.948      0.0000000000
 -0.16667  0.16667  0.16667  4     -3.948      0.0000000000
 -0.16667  0.16667  0.16667  5      6.111     -0.0000000000
 -0.16667  0.16667  0.16667  6      6.111     -0.0000000000
 -0.16667  0.16667  0.16667  7      6.435     -0.0000000000
 -0.16667  0.16667  0.16667  8     13.026     -0.0034424464
 -0.16667  0.16667  0.16667  9     18.780     -0.1968502216
 -0.16667  0.16667  0.16667 10     21.822     -0.3819124950
 -0.16667  0.16667  0.16667 11     21.822     -0.3819126858
 -0.16667  0.16667  0.16667 12     24.329     -0.6688232290
 -0.25000  0.25000  0.25000  1    -23.879      1.0762219278
 -0.25000  0.25000  0.25000  2    -10.058      0.0000077128
 -0.25000  0.25000  0.25000  3     -4.740      0.0000000000
 -0.25000  0.25000  0.25000  4     -4.740      0.0000000000
 -0.25000  0.25000  0.25000  5      7.066     -0.0000000000
 -0.25000  0.25000  0.25000  6      7.066     -0.0000000000
 -0.25000  0.25000  0.25000  7      7.120     -0.0000000000
 -0.25000  0.25000  0.25000  8     13.770     -0.0102070672
 -0.25000  0.25000  0.25000  9     19.369     -0.2219254363
 -0.25000  0.25000  0.25000 10     21.615     -0.3855607736
 -0.25000  0.25000  0.25000 11     21.615     -0.3855609557
 -0.25000  0.25000  0.25000 12     24.208     -0.6445456055
 -0.33333  0.33333  0.33333  1    -22.523      0.8331868987
 -0.33333  0.33333  0.33333  2    -13.063      0.0074766875
 -0.33333  0.33333  0.33333  3     -5.373      0.0000000000
 -0.33333  0.33333  0.33333  4     -5.373      0.0000000000
 -0.33333  0.33333  0.33333  5      7.479     -0.0000000000
 -0.33333  0.33333  0.33333  6      7.558     -0.0000000000
 -0.33333  0.33333  0.33333  7      7.558     -0.0000000000
 -0.33333  0.33333  0.33333  8     14.381     -0.0179834850
 -0.33333  0.33333  0.33333  9     19.686     -0.2258185790
 -0.33333  0.33333  0.33333 10     22.566     -0.4922938387
 -0.33333  0.33333  0.33333 11     22.566     -0.4922935207
 -0.33333  0.33333  0.33333 12     24.108     -0.6528357005
 -0.41667  0.41667  0.41667  1    -20.899      0.5680309528
 -0.41667  0.41667  0.41667  2    -15.706      0.0548246929
 -0.41667  0.41667  0.41667  3     -5.773      0.0000000000
 -0.41667  0.41667  0.41667  4     -5.773      0.0000000000
 -0.41667  0.41667  0.41667  5      7.654     -0.0000000000
 -0.41667  0.41667  0.41667  6      7.699     -0.0000000000
 -0.41667  0.41667  0.41667  7      7.699     -0.0000000000
 -0.41667  0.41667  0.41667  8     14.689     -0.0240065655
 -0.41667  0.41667  0.41667  9     20.286     -0.2411274358
 -0.41667  0.41667  0.41667 10     23.567     -0.6142904489
 -0.41667  0.41667  0.41667 11     24.256     -0.6711404172
 -0.41667  0.41667  0.41667 12     24.256     -0.6711411455
 -0.50000  0.50000  0.50000  1    -19.700      0.4081242713
 -0.50000  0.50000  0.50000  2    -17.245      0.1046059689
 -0.50000  0.50000  0.50000  3     -5.909      0.0000000000
 -0.50000  0.50000  0.50000  4     -5.909      0.0000000000
 -0.50000  0.50000  0.50000  5      7.707     -0.0000000000
 -0.50000  0.50000  0.50000  6      7.713     -0.0000000000
 -0.50000  0.50000  0.50000  7      7.713     -0.0000000000
 -0.50000  0.50000  0.50000  8     14.759     -0.0261985851
 -0.50000  0.50000  0.50000  9     20.777     -0.2500438754
 -0.50000  0.50000  0.50000 10     23.068     -0.5796011410
 -0.50000  0.50000  0.50000 11     25.199     -0.7712082902
 -0.50000  0.50000  0.50000 12     25.199     -0.7712090572
  0.00000  0.00000  0.16667  1    -25.422      1.3869046226
  0.00000  0.00000  0.16667  2     -3.809      0.0000000000
  0.00000  0.00000  0.16667  3     -3.809      0.0000000000
  0.00000  0.00000  0.16667  4     -3.548      0.0000000000
  0.00000  0.00000  0.16667  5      4.430     -0.0000000000
  0.00000  0.00000  0.16667  6      5.862     -0.0000000000
  0.00000  0.00000  0.16667  7      5.862     -0.0000000000
  0.00000  0.00000  0.16667  8     12.440     -0.0020975873
  0.00000  0.00000  0.16667  9     18.146     -0.1662415401
  0.00000  0.00000  0.16667 10     21.248     -0.3421660685
  0.00000  0.00000  0.16667 11     26.408     -0.9425778410
  0.00000  0.00000  0.16667 12     26.408     -0.9425778262
 -0.08333  0.08333  0.25000  1    -24.947      1.2906785697
 -0.08333  0.08333  0.25000  2     -5.998      0.0000000000
 -0.08333  0.08333  0.25000  3     -4.676      0.0000000000
 -0.08333  0.08333  0.25000  4     -3.886      0.0000000000
 -0.08333  0.08333  0.25000  5      4.723     -0.0000000000
 -0.08333  0.08333  0.25000  6      6.989     -0.0000000000
 -0.08333  0.08333  0.25000  7      7.046     -0.0000000000
 -0.08333  0.08333  0.25000  8     12.552     -0.0023026850
 -0.08333  0.08333  0.25000  9     18.846     -0.2026205345
 -0.08333  0.08333  0.25000 10     20.001     -0.2578888330
 -0.08333  0.08333  0.25000 11     26.396     -0.8483859355
 -0.08333  0.08333  0.25000 12     28.159     -1.0714849577
 -0.16667  0.16667  0.33333  1    -24.077      1.1176751186
 -0.16667  0.16667  0.33333  2     -8.961      0.0000000000
 -0.16667  0.16667  0.33333  3     -5.473      0.0000000000
 -0.16667  0.16667  0.33333  4     -4.608      0.0000000000
 -0.16667  0.16667  0.33333  5      5.628     -0.0000000000
 -0.16667  0.16667  0.33333  6      7.808     -0.0000000000
 -0.16667  0.16667  0.33333  7      8.075     -0.0000000000
 -0.16667  0.16667  0.33333  8     12.782     -0.0035493260
 -0.16667  0.16667  0.33333  9     19.504     -0.2360217196
 -0.16667  0.16667  0.33333 10     19.809     -0.2568991695
 -0.16667  0.16667  0.33333 11     25.482     -0.7259415358
 -0.16667  0.16667  0.33333 12     27.233     -0.9077916987
 -0.25000  0.25000  0.41667  1    -22.838      0.8875681774
 -0.25000  0.25000  0.41667  2    -11.977      0.0021830024
 -0.25000  0.25000  0.41667  3     -6.037      0.0000000000
 -0.25000  0.25000  0.41667  4     -5.427      0.0000000000
 -0.25000  0.25000  0.41667  5      6.451     -0.0000000000
 -0.25000  0.25000  0.41667  6      8.248     -0.0000000000
 -0.25000  0.25000  0.41667  7      8.576     -0.0000000000
 -0.25000  0.25000  0.41667  8     13.358     -0.0078343225
 -0.25000  0.25000  0.41667  9     19.791     -0.2384812360
 -0.25000  0.25000  0.41667 10     20.738     -0.3368833693
 -0.25000  0.25000  0.41667 11     24.152     -0.6296608781
 -0.25000  0.25000  0.41667 12     25.053     -0.6822994040
 -0.33333  0.33333  0.50000  1    -21.291      0.6279224905
 -0.33333  0.33333  0.50000  2    -14.742      0.0298206314
 -0.33333  0.33333  0.50000  3     -6.311      0.0000000000
 -0.33333  0.33333  0.50000  4     -6.131      0.0000000000
 -0.33333  0.33333  0.50000  5      6.897     -0.0000000000
 -0.33333  0.33333  0.50000  6      8.437     -0.0000000000
 -0.33333  0.33333  0.50000  7      8.606     -0.0000000000
 -0.33333  0.33333  0.50000  8     14.179     -0.0168399056
 -0.33333  0.33333  0.50000  9     19.904     -0.2249490325
 -0.33333  0.33333  0.50000 10     22.344     -0.4986495759
 -0.33333  0.33333  0.50000 11     24.677     -0.6597840133
 -0.33333  0.33333  0.50000 12     25.270     -0.7635182560
 -0.41667  0.41667  0.58333  1    -19.742      0.4102646159
 -0.41667  0.41667  0.58333  2    -16.851      0.0900437727
 -0.41667  0.41667  0.58333  3     -6.623      0.0000000000
 -0.41667  0.41667  0.58333  4     -6.284      0.0000000000
 -0.41667  0.41667  0.58333  5      7.191     -0.0000000000
 -0.41667  0.41667  0.58333  6      8.389     -0.0000000000
 -0.41667  0.41667  0.58333  7      8.478     -0.0000000000
 -0.41667  0.41667  0.58333  8     14.764     -0.0274328041
 -0.41667  0.41667  0.58333  9     20.135     -0.2178506088
 -0.41667  0.41667  0.58333 10     23.165     -0.5900082536
 -0.41667  0.41667  0.58333 11     25.225     -0.7376756816
 -0.41667  0.41667  0.58333 12     25.415     -0.7835282672
 -0.50000  0.50000  0.66667  1    -20.195      0.4675786029
 -0.50000  0.50000  0.66667  2    -16.284      0.0716021539
 -0.50000  0.50000  0.66667  3     -6.848      0.0000000000
 -0.50000  0.50000  0.66667  4     -5.967      0.0000000000
 -0.50000  0.50000  0.66667  5      7.497     -0.0000000000
 -0.50000  0.50000  0.66667  6      8.091     -0.0000000000
 -0.50000  0.50000  0.66667  7      8.428     -0.0000000000
 -0.50000  0.50000  0.66667  8     14.788     -0.0270174486
 -0.50000  0.50000  0.66667  9     20.061     -0.2192409338
 -0.50000  0.50000  0.66667 10     23.387     -0.6068685024
 -0.50000  0.50000  0.66667 11     23.732     -0.6101642964
 -0.50000  0.50000  0.66667 12     26.128     -0.8308788056
 -0.58333  0.58333  0.75000  1    -21.835      0.7167126987
 -0.58333  0.58333  0.75000  2    -13.858      0.0152167010
 -0.58333  0.58333  0.75000  3     -6.778      0.0000000000
 -0.58333  0.58333  0.75000  4     -5.395      0.0000000000
 -0.58333  0.58333  0.75000  5      7.702     -0.0000000000
 -0.58333  0.58333  0.75000  6      7.757     -0.0000000000
 -0.58333  0.58333  0.75000  7      8.287     -0.0000000000
 -0.58333  0.58333  0.75000  8     14.266     -0.0173318877
 -0.58333  0.58333  0.75000  9     19.804     -0.2263062228
 -0.58333  0.58333  0.75000 10     21.541     -0.3925093199
 -0.58333  0.58333  0.75000 11     23.485     -0.6286582406
 -0.58333  0.58333  0.75000 12     26.083     -0.7777106875
 -0.66667  0.66667  0.83333  1    -23.290      0.9684589812
 -0.66667  0.66667  0.83333  2    -10.979      0.0003821848
 -0.66667  0.66667  0.83333  3     -6.407      0.0000000000
 -0.66667  0.66667  0.83333  4     -4.635      0.0000000000
 -0.66667  0.66667  0.83333  5      7.058     -0.0000000000
 -0.66667  0.66667  0.83333  6      7.724     -0.0000000000
 -0.66667  0.66667  0.83333  7      7.983     -0.0000000000
 -0.66667  0.66667  0.83333  8     13.540     -0.0087913707
 -0.66667  0.66667  0.83333  9     19.676     -0.2372073467
 -0.66667  0.66667  0.83333 10     20.134     -0.2681103788
 -0.66667  0.66667  0.83333 11     22.846     -0.5612420698
 -0.66667  0.66667  0.83333 12     26.581     -0.7870511207
 -0.75000  0.75000  0.91667  1    -24.410      1.1826346635
 -0.75000  0.75000  0.91667  2     -7.946      0.0000000000
 -0.75000  0.75000  0.91667  3     -5.742      0.0000000000
 -0.75000  0.75000  0.91667  4     -3.816      0.0000000000
 -0.75000  0.75000  0.91667  5      6.080     -0.0000000000
 -0.75000  0.75000  0.91667  6      7.082     -0.0000000000
 -0.75000  0.75000  0.91667  7      7.362     -0.0000000000
 -0.75000  0.75000  0.91667  8     13.009     -0.0044536903
 -0.75000  0.75000  0.91667  9     19.275     -0.2237823917
 -0.75000  0.75000  0.91667 10     19.913     -0.2405747312
 -0.75000  0.75000  0.91667 11     22.398     -0.4877357107
 -0.75000  0.75000  0.91667 12     26.967     -0.8592004767
 -0.83333  0.83333  1.00000  1    -25.149      1.3307694477
 -0.83333  0.83333  1.00000  2     -5.298      0.0000000000
 -0.83333  0.83333  1.00000  3     -4.695      0.0000000000
 -0.83333  0.83333  1.00000  4     -3.210      0.0000000000
 -0.83333  0.83333  1.00000  5      5.247     -0.0000000000
 -0.83333  0.83333  1.00000  6      5.971     -0.0000000000
 -0.83333  0.83333  1.00000  7      6.447     -0.0000000000
 -0.83333  0.83333  1.00000  8     12.694     -0.0025743033
 -0.83333  0.83333  1.00000  9     18.535     -0.1857730886
 -0.83333  0.83333  1.00000 10     21.140     -0.3211125224
 -0.83333  0.83333  1.00000 11     23.042     -0.5092731324
 -0.83333  0.83333  1.00000 12     27.304     -1.0226976813
  0.00000  0.00000  0.33333  1    -24.611      1.2241967473
  0.00000  0.00000  0.33333  2     -5.610      0.0000000000
  0.00000  0.00000  0.33333  3     -5.610      0.0000000000
  0.00000  0.00000  0.33333  4     -5.366      0.0000000000
  0.00000  0.00000  0.33333  5      3.857     -0.0000000000
  0.00000  0.00000  0.33333  6      8.352     -0.0000000000
  0.00000  0.00000  0.33333  7      8.352     -0.0000000000
  0.00000  0.00000  0.33333  8     11.668     -0.0008085882
  0.00000  0.00000  0.33333  9     19.147     -0.2135067185
  0.00000  0.00000  0.33333 10     19.422     -0.2364291271
  0.00000  0.00000  0.33333 11     30.989     -1.4061215180
  0.00000  0.00000  0.33333 12     30.989     -1.4061235293
 -0.08333  0.08333  0.41667  1    -23.877      1.0804533870
 -0.08333  0.08333  0.41667  2     -7.962      0.0000000000
 -0.08333  0.08333  0.41667  3     -6.438      0.0000000000
 -0.08333  0.08333  0.41667  4     -5.785      0.0000000000
 -0.08333  0.08333  0.41667  5      4.102     -0.0000000000
 -0.08333  0.08333  0.41667  6      9.471     -0.0000010957
 -0.08333  0.08333  0.41667  7      9.573     -0.0000021439
 -0.08333  0.08333  0.41667  8     10.864     -0.0002728097
 -0.08333  0.08333  0.41667  9     19.270     -0.2334586520
 -0.08333  0.08333  0.41667 10     20.158     -0.2809616288
 -0.08333  0.08333  0.41667 11     30.538     -1.1960443154
 -0.08333  0.08333  0.41667 12     31.079     -1.3083453741
 -0.16667  0.16667  0.50000  1    -22.768      0.8709392552
 -0.16667  0.16667  0.50000  2    -10.759      0.0003170176
 -0.16667  0.16667  0.50000  3     -7.007      0.0000000000
 -0.16667  0.16667  0.50000  4     -6.613      0.0000000000
 -0.16667  0.16667  0.50000  5      4.969     -0.0000000000
 -0.16667  0.16667  0.50000  6     10.093     -0.0000035872
 -0.16667  0.16667  0.50000  7     10.326     -0.0000091926
 -0.16667  0.16667  0.50000  8     10.764     -0.0002566144
 -0.16667  0.16667  0.50000  9     20.249     -0.3149752341
 -0.16667  0.16667  0.50000 10     20.519     -0.2983587042
 -0.16667  0.16667  0.50000 11     29.688     -1.0510373265
 -0.16667  0.16667  0.50000 12     30.077     -1.1339882234
 -0.25000  0.25000  0.58333  1    -21.328      0.6264234810
 -0.25000  0.25000  0.58333  2    -13.500      0.0099332034
 -0.25000  0.25000  0.58333  3     -7.538      0.0000000000
 -0.25000  0.25000  0.58333  4     -7.256      0.0000000000
 -0.25000  0.25000  0.58333  5      5.650     -0.0000000000
 -0.25000  0.25000  0.58333  6     10.353     -0.0000059764
 -0.25000  0.25000  0.58333  7     10.494     -0.0000122580
 -0.25000  0.25000  0.58333  8     11.794     -0.0016615934
 -0.25000  0.25000  0.58333  9     20.179     -0.2607635093
 -0.25000  0.25000  0.58333 10     21.652     -0.4382730208
 -0.25000  0.25000  0.58333 11     28.847     -1.0299244600
 -0.25000  0.25000  0.58333 12     29.219     -1.0036971521
 -0.33333  0.33333  0.66667  1    -19.714      0.3982387233
 -0.33333  0.33333  0.66667  2    -15.851      0.0547361959
 -0.33333  0.33333  0.66667  3     -8.320      0.0000000000
 -0.33333  0.33333  0.66667  4     -7.170      0.0000000000
 -0.33333  0.33333  0.66667  5      6.061     -0.0000000000
 -0.33333  0.33333  0.66667  6     10.118     -0.0000056804
 -0.33333  0.33333  0.66667  7     10.399     -0.0000089563
 -0.33333  0.33333  0.66667  8     13.617     -0.0125578326
 -0.33333  0.33333  0.66667  9     19.241     -0.1830873279
 -0.33333  0.33333  0.66667 10     22.964     -0.5653781251
 -0.33333  0.33333  0.66667 11     26.054     -0.8187555416
 -0.33333  0.33333  0.66667 12     27.019     -0.8165542323
 -0.41667  0.41667  0.75000  1    -19.280      0.3490847971
 -0.41667  0.41667  0.75000  2    -16.381      0.0710612547
 -0.41667  0.41667  0.75000  3     -8.845      0.0000000000
 -0.41667  0.41667  0.75000  4     -6.763      0.0000000000
 -0.41667  0.41667  0.75000  5      6.526     -0.0000000000
 -0.41667  0.41667  0.75000  6      9.620     -0.0000012052
 -0.41667  0.41667  0.75000  7     10.332     -0.0000206632
 -0.41667  0.41667  0.75000  8     14.805     -0.0303853136
 -0.41667  0.41667  0.75000  9     18.586     -0.1423083186
 -0.41667  0.41667  0.75000 10     23.585     -0.6217502189
 -0.41667  0.41667  0.75000 11     23.782     -0.5972119048
 -0.41667  0.41667  0.75000 12     28.021     -0.9291951336
 -0.50000  0.50000  0.83333  1    -20.799      0.5538318790
 -0.50000  0.50000  0.83333  2    -14.309      0.0207408750
 -0.50000  0.50000  0.83333  3     -9.050      0.0000000000
 -0.50000  0.50000  0.83333  4     -6.081      0.0000000000
 -0.50000  0.50000  0.83333  5      7.111     -0.0000000000
 -0.50000  0.50000  0.83333  6      8.962     -0.0000000000
 -0.50000  0.50000  0.83333  7     10.154     -0.0000176977
 -0.50000  0.50000  0.83333  8     14.230     -0.0186796467
 -0.50000  0.50000  0.83333  9     19.088     -0.1807124286
 -0.50000  0.50000  0.83333 10     21.227     -0.3569181491
 -0.50000  0.50000  0.83333 11     23.727     -0.6449876836
 -0.50000  0.50000  0.83333 12     29.383     -1.0403430944
 -0.58333  0.58333  0.91667  1    -22.327      0.7973606467
 -0.58333  0.58333  0.91667  2    -11.640      0.0012441333
 -0.58333  0.58333  0.91667  3     -8.890      0.0000000000
 -0.58333  0.58333  0.91667  4     -5.218      0.0000000000
 -0.58333  0.58333  0.91667  5      7.656     -0.0000000000
 -0.58333  0.58333  0.91667  6      8.051     -0.0000000000
 -0.58333  0.58333  0.91667  7      9.635     -0.0000006713
 -0.58333  0.58333  0.91667  8     13.131     -0.0068077689
 -0.58333  0.58333  0.91667  9     19.517     -0.2225441969
 -0.58333  0.58333  0.91667 10     19.767     -0.2382089706
 -0.58333  0.58333  0.91667 11     23.295     -0.6208913043
 -0.58333  0.58333  0.91667 12     30.584     -1.1350323142
 -0.66667  0.66667  1.00000  1    -23.551      1.0183127257
 -0.66667  0.66667  1.00000  2     -9.116      0.0000000000
 -0.66667  0.66667  1.00000  3     -8.056      0.0000000000
 -0.66667  0.66667  1.00000  4     -4.355      0.0000000000
 -0.66667  0.66667  1.00000  5      6.900     -0.0000000000
 -0.66667  0.66667  1.00000  6      7.820     -0.0000000000
 -0.66667  0.66667  1.00000  7      8.465     -0.0000000000
 -0.66667  0.66667  1.00000  8     12.780     -0.0041597395
 -0.66667  0.66667  1.00000  9     18.985     -0.1827668312
 -0.66667  0.66667  1.00000 10     19.785     -0.2511122840
 -0.66667  0.66667  1.00000 11     22.571     -0.5433427351
 -0.66667  0.66667  1.00000 12     30.743     -1.2310136770
  0.00000  0.00000  0.50000  1    -23.283      0.9635643648
  0.00000  0.00000  0.50000  2     -7.891      0.0000000000
  0.00000  0.00000  0.50000  3     -7.315      0.0000000000
  0.00000  0.00000  0.50000  4     -7.315      0.0000000000
  0.00000  0.00000  0.50000  5      3.247     -0.0000000000
  0.00000  0.00000  0.50000  6      9.147     -0.0000015404
  0.00000  0.00000  0.50000  7     11.061     -0.0001507599
  0.00000  0.00000  0.50000  8     11.061     -0.0001507602
  0.00000  0.00000  0.50000  9     19.376     -0.2490468170
  0.00000  0.00000  0.50000 10     20.914     -0.3322005706
  0.00000  0.00000  0.50000 11     33.843     -1.5247754388
  0.00000  0.00000  0.50000 12     33.843     -1.5247776720
 -0.08333  0.08333  0.58333  1    -22.312      0.7796565449
 -0.08333  0.08333  0.58333  2     -9.941      0.0000837852
 -0.08333  0.08333  0.58333  3     -8.026      0.0000000000
 -0.08333  0.08333  0.58333  4     -7.934      0.0000000000
 -0.08333  0.08333  0.58333  5      3.570     -0.0000000000
 -0.08333  0.08333  0.58333  6      8.227     -0.0000000000
 -0.08333  0.08333  0.58333  7     12.083     -0.0012630723
 -0.08333  0.08333  0.58333  8     12.140     -0.0013889446
 -0.08333  0.08333  0.58333  9     20.116     -0.3117414951
 -0.08333  0.08333  0.58333 10     21.384     -0.3652751658
 -0.08333  0.08333  0.58333 11     33.174     -1.3783325569
 -0.08333  0.08333  0.58333 12     33.301     -1.3869608810
 -0.16667  0.16667  0.66667  1    -21.000      0.5663030668
 -0.16667  0.16667  0.66667  2    -12.305      0.0027724297
 -0.16667  0.16667  0.66667  3     -9.139      0.0000001708
 -0.16667  0.16667  0.66667  4     -8.223      0.0000000000
 -0.16667  0.16667  0.66667  5      4.389     -0.0000000000
 -0.16667  0.16667  0.66667  6      8.637     -0.0000000000
 -0.16667  0.16667  0.66667  7     12.544     -0.0025279553
 -0.16667  0.16667  0.66667  8     12.593     -0.0026937763
 -0.16667  0.16667  0.66667  9     20.764     -0.3411496634
 -0.16667  0.16667  0.66667 10     21.552     -0.4071434920
 -0.16667  0.16667  0.66667 11     30.950     -1.1430306686
 -0.16667  0.16667  0.66667 12     32.444     -1.2824228368
 -0.25000  0.25000  0.75000  1    -19.437      0.3575879302
 -0.25000  0.25000  0.75000  2    -14.584      0.0225645927
 -0.25000  0.25000  0.75000  3    -10.224      0.0000298127
 -0.25000  0.25000  0.75000  4     -8.160      0.0000000000
 -0.25000  0.25000  0.75000  5      4.915     -0.0000000000
 -0.25000  0.25000  0.75000  6     10.541     -0.0001596654
 -0.25000  0.25000  0.75000  7     12.451     -0.0021084707
 -0.25000  0.25000  0.75000  8     12.665     -0.0027637911
 -0.25000  0.25000  0.75000  9     19.476     -0.2195472013
 -0.25000  0.25000  0.75000 10     22.698     -0.5284661380
 -0.25000  0.25000  0.75000 11     28.043     -0.9216474439
 -0.25000  0.25000  0.75000 12     32.214     -1.2943601209
 -0.33333  0.33333  0.83333  1    -18.329      0.2460044043
 -0.33333  0.33333  0.83333  2    -15.910      0.0539971722
 -0.33333  0.33333  0.83333  3    -11.036      0.0001165881
 -0.33333  0.33333  0.83333  4     -7.753      0.0000000000
 -0.33333  0.33333  0.83333  5      5.418     -0.0000000000
 -0.33333  0.33333  0.83333  6     11.860     -0.0011962076
 -0.33333  0.33333  0.83333  7     12.625     -0.0032075376
 -0.33333  0.33333  0.83333  8     13.248     -0.0105641198
 -0.33333  0.33333  0.83333  9     17.586     -0.1065442152
 -0.33333  0.33333  0.83333 10     23.638     -0.6178899454
 -0.33333  0.33333  0.83333 11     24.823     -0.6572915802
 -0.33333  0.33333  0.83333 12     32.922     -1.4330149683
 -0.41667  0.41667  0.91667  1    -19.473      0.3617834915
 -0.41667  0.41667  0.91667  2    -14.440      0.0215070660
 -0.41667  0.41667  0.91667  3    -11.462      0.0002914327
 -0.41667  0.41667  0.91667  4     -7.046      0.0000000000
 -0.41667  0.41667  0.91667  5      6.122     -0.0000000000
 -0.41667  0.41667  0.91667  6     10.895     -0.0002710169
 -0.41667  0.41667  0.91667  7     12.490     -0.0026250767
 -0.41667  0.41667  0.91667  8     14.311     -0.0214093462
 -0.41667  0.41667  0.91667  9     17.026     -0.0841875515
 -0.41667  0.41667  0.91667 10     22.001     -0.4114997553
 -0.41667  0.41667  0.91667 11     24.059     -0.6662923421
 -0.41667  0.41667  0.91667 12     33.489     -1.4893235629
 -0.50000  0.50000  1.00000  1    -21.021      0.5877464974
 -0.50000  0.50000  1.00000  2    -12.387      0.0033060313
 -0.50000  0.50000  1.00000  3    -11.121      0.0001244656
 -0.50000  0.50000  1.00000  4     -6.136      0.0000000000
 -0.50000  0.50000  1.00000  5      6.967     -0.0000000000
 -0.50000  0.50000  1.00000  6      9.567     -0.0000054374
 -0.50000  0.50000  1.00000  7     11.616     -0.0007597000
 -0.50000  0.50000  1.00000  8     13.179     -0.0072819661
 -0.50000  0.50000  1.00000  9     18.854     -0.1755681679
 -0.50000  0.50000  1.00000 10     20.212     -0.2704358125
 -0.50000  0.50000  1.00000 11     23.894     -0.6659117931
 -0.50000  0.50000  1.00000 12     34.168     -1.5687874685
  0.00000  0.00000  0.66667  1    -21.483      0.6343967263
  0.00000  0.00000  0.66667  2    -10.789      0.0005145479
  0.00000  0.00000  0.66667  3     -8.624      0.0000000095
  0.00000  0.00000  0.66667  4     -8.624      0.0000000071
  0.00000  0.00000  0.66667  5      2.862     -0.0000000000
  0.00000  0.00000  0.66667  6      6.529     -0.0000000000
  0.00000  0.00000  0.66667  7     13.603     -0.0076482756
  0.00000  0.00000  0.66667  8     13.603     -0.0076482771
  0.00000  0.00000  0.66667  9     20.432     -0.3424623801
  0.00000  0.00000  0.66667 10     22.059     -0.4200075718
  0.00000  0.00000  0.66667 11     34.208     -1.4192011531
  0.00000  0.00000  0.66667 12     34.208     -1.4192020110
 -0.08333  0.08333  0.75000  1    -20.307      0.4610770680
 -0.08333  0.08333  0.75000  2    -12.405      0.0036449349
 -0.08333  0.08333  0.75000  3     -9.607      0.0000131120
 -0.08333  0.08333  0.75000  4     -8.986      0.0000005195
 -0.08333  0.08333  0.75000  5      3.322     -0.0000000000
 -0.08333  0.08333  0.75000  6      6.001     -0.0000000000
 -0.08333  0.08333  0.75000  7     14.426     -0.0146820149
 -0.08333  0.08333  0.75000  8     14.426     -0.0149753322
 -0.08333  0.08333  0.75000  9     21.091     -0.3979139299
 -0.08333  0.08333  0.75000 10     22.083     -0.4278191841
 -0.08333  0.08333  0.75000 11     32.601     -1.2439438541
 -0.08333  0.08333  0.75000 12     33.510     -1.3359042429
 -0.16667  0.16667  0.83333  1    -18.841      0.2885922426
 -0.16667  0.16667  0.83333  2    -14.031      0.0139730338
 -0.16667  0.16667  0.83333  3    -11.164      0.0003434554
 -0.16667  0.16667  0.83333  4     -8.988      0.0000000092
 -0.16667  0.16667  0.83333  5      4.003     -0.0000000000
 -0.16667  0.16667  0.83333  6      7.273     -0.0000000000
 -0.16667  0.16667  0.83333  7     14.512     -0.0157694736
 -0.16667  0.16667  0.83333  8     14.698     -0.0202498511
 -0.16667  0.16667  0.83333  9     20.341     -0.3008467069
 -0.16667  0.16667  0.83333 10     22.519     -0.5028539107
 -0.16667  0.16667  0.83333 11     29.728     -0.9844798869
 -0.16667  0.16667  0.83333 12     33.377     -1.3546267571
 -0.25000  0.25000  0.91667  1    -17.439      0.1636175891
 -0.25000  0.25000  0.91667  2    -15.353      0.0417723643
 -0.25000  0.25000  0.91667  3    -12.528      0.0017752472
 -0.25000  0.25000  0.91667  4     -8.634      0.0000000000
 -0.25000  0.25000  0.91667  5      4.486     -0.0000000000
 -0.25000  0.25000  0.91667  6      9.939     -0.0000127738
 -0.25000  0.25000  0.91667  7     13.900     -0.0097627444
 -0.25000  0.25000  0.91667  8     14.679     -0.0229953235
 -0.25000  0.25000  0.91667  9     18.155     -0.1428103729
 -0.25000  0.25000  0.91667 10     23.368     -0.5826612862
 -0.25000  0.25000  0.91667 11     26.503     -0.7441455102
 -0.25000  0.25000  0.91667 12     33.722     -1.4404296834
 -0.33333  0.33333  1.00000  1    -18.009      0.2064738970
 -0.33333  0.33333  1.00000  2    -14.771      0.0294590490
 -0.33333  0.33333  1.00000  3    -13.016      0.0033623978
 -0.33333  0.33333  1.00000  4     -7.958      0.0000000000
 -0.33333  0.33333  1.00000  5      5.178     -0.0000000000
 -0.33333  0.33333  1.00000  6     12.649     -0.0035921316
 -0.33333  0.33333  1.00000  7     13.065     -0.0104369443
 -0.33333  0.33333  1.00000  8     14.401     -0.0215026069
 -0.33333  0.33333  1.00000  9     15.995     -0.0469577922
 -0.33333  0.33333  1.00000 10     23.734     -0.5426458792
 -0.33333  0.33333  1.00000 11     23.925     -0.6406907952
 -0.33333  0.33333  1.00000 12     34.236     -1.5562526575
  0.00000  0.00000  0.83333  1    -19.265      0.3331183846
  0.00000  0.00000  0.83333  2    -13.799      0.0105490686
  0.00000  0.00000  0.83333  3     -9.434      0.0000087835
  0.00000  0.00000  0.83333  4     -9.434      0.0000087835
  0.00000  0.00000  0.83333  5      2.867     -0.0000000000
  0.00000  0.00000  0.83333  6      4.575     -0.0000000000
  0.00000  0.00000  0.83333  7     15.603     -0.0319998868
  0.00000  0.00000  0.83333  8     15.603     -0.0319999663
  0.00000  0.00000  0.83333  9     21.477     -0.4315702426
  0.00000  0.00000  0.83333 10     22.505     -0.4722453946
  0.00000  0.00000  0.83333 11     32.783     -1.2346898134
  0.00000  0.00000  0.83333 12     32.783     -1.2346899057
 -0.08333  0.08333  0.91667  1    -17.915      0.1985088176
 -0.08333  0.08333  0.91667  2    -15.216      0.0342364471
 -0.08333  0.08333  0.91667  3    -10.298      0.0001039634
 -0.08333  0.08333  0.91667  4     -9.523      0.0000104149
 -0.08333  0.08333  0.91667  5      3.451     -0.0000000000
 -0.08333  0.08333  0.91667  6      4.637     -0.0000000000
 -0.08333  0.08333  0.91667  7     15.929     -0.0414557284
 -0.08333  0.08333  0.91667  8     16.005     -0.0450550574
 -0.08333  0.08333  0.91667  9     21.518     -0.4138865980
 -0.08333  0.08333  0.91667 10     22.387     -0.4843384018
 -0.08333  0.08333  0.91667 11     31.333     -1.0770912530
 -0.08333  0.08333  0.91667 12     32.641     -1.2302150133
 -0.16667  0.16667  1.00000  1    -16.592      0.1011906867
 -0.16667  0.16667  1.00000  2    -16.200      0.0777892182
 -0.16667  0.16667  1.00000  3    -11.813      0.0008814626
 -0.16667  0.16667  1.00000  4     -9.248      0.0000008015
 -0.16667  0.16667  1.00000  5      3.881     -0.0000000000
 -0.16667  0.16667  1.00000  6      6.833     -0.0000000000
 -0.16667  0.16667  1.00000  7     15.343     -0.0294505703
 -0.16667  0.16667  1.00000  8     15.757     -0.0443717193
 -0.16667  0.16667  1.00000  9     19.834     -0.2621154919
 -0.16667  0.16667  1.00000 10     22.906     -0.5360669604
 -0.16667  0.16667  1.00000 11     28.916     -0.8830822001
 -0.16667  0.16667  1.00000 12     33.388     -1.3621351789
  0.00000  0.00000  1.00000  1    -16.677      0.1040513610
  0.00000  0.00000  1.00000  2    -16.677      0.1040513598
  0.00000  0.00000  1.00000  3     -9.707      0.0000244416
  0.00000  0.00000  1.00000  4     -9.707      0.0000244416
  0.00000  0.00000  1.00000  5      3.415     -0.0000000000
  0.00000  0.00000  1.00000  6      3.415     -0.0000000000
  0.00000  0.00000  1.00000  7     16.427     -0.0564864097
  0.00000  0.00000  1.00000  8     16.427     -0.0564862691
  0.00000  0.00000  1.00000  9     22.255     -0.4790009417
  0.00000  0.00000  1.00000 10     22.255     -0.4790009945
  0.00000  0.00000  1.00000 11     32.015     -1.1294702875
  0.00000  0.00000  1.00000 12     32.015     -1.1294702998
 -0.00000  0.16667  0.33333  1    -24.343      1.1711016822
 -0.00000  0.16667  0.33333  2     -7.250      0.0000000000
 -0.00000  0.16667  0.33333  3     -6.422      0.0000000000
 -0.00000  0.16667  0.33333  4     -4.318      0.0000000000
 -0.00000  0.16667  0.33333  5      4.956     -0.0000000000
 -0.00000  0.16667  0.33333  6      8.072     -0.0000000000
 -0.00000  0.16667  0.33333  7      8.246     -0.0000000000
 -0.00000  0.16667  0.33333  8     12.186     -0.0018114461
 -0.00000  0.16667  0.33333  9     19.544     -0.2393873996
 -0.00000  0.16667  0.33333 10     19.555     -0.2430551212
 -0.00000  0.16667  0.33333 11     26.451     -0.8348217028
 -0.00000  0.16667  0.33333 12     31.544     -1.4367372290
 -0.08333  0.25000  0.41667  1    -23.354      0.9809981546
 -0.08333  0.25000  0.41667  2     -9.844      0.0000175211
 -0.08333  0.25000  0.41667  3     -7.389      0.0000000000
 -0.08333  0.25000  0.41667  4     -5.040      0.0000000000
 -0.08333  0.25000  0.41667  5      5.869     -0.0000000000
 -0.08333  0.25000  0.41667  6      8.515     -0.0000000000
 -0.08333  0.25000  0.41667  7      9.376     -0.0000001313
 -0.08333  0.25000  0.41667  8     12.038     -0.0017159527
 -0.08333  0.25000  0.41667  9     19.506     -0.2360897490
 -0.08333  0.25000  0.41667 10     20.001     -0.2645536545
 -0.08333  0.25000  0.41667 11     23.731     -0.6096897023
 -0.08333  0.25000  0.41667 12     29.024     -0.9915532149
 -0.16667  0.33333  0.50000  1    -22.013      0.7429420634
 -0.16667  0.33333  0.50000  2    -12.695      0.0046204672
 -0.16667  0.33333  0.50000  3     -7.836      0.0000000000
 -0.16667  0.33333  0.50000  4     -5.883      0.0000000000
 -0.16667  0.33333  0.50000  5      6.718     -0.0000000000
 -0.16667  0.33333  0.50000  6      8.475     -0.0000000000
 -0.16667  0.33333  0.50000  7     10.027     -0.0000048959
 -0.16667  0.33333  0.50000  8     12.751     -0.0046062472
 -0.16667  0.33333  0.50000  9     19.792     -0.2357253283
 -0.16667  0.33333  0.50000 10     20.688     -0.3279313734
 -0.16667  0.33333  0.50000 11     24.203     -0.6638545059
 -0.16667  0.33333  0.50000 12     28.456     -0.9462919290
 -0.25000  0.41667  0.58333  1    -20.410      0.4939539198
 -0.25000  0.41667  0.58333  2    -15.267      0.0403517630
 -0.25000  0.41667  0.58333  3     -7.997      0.0000000000
 -0.25000  0.41667  0.58333  4     -6.567      0.0000000000
 -0.25000  0.41667  0.58333  5      7.171     -0.0000000000
 -0.25000  0.41667  0.58333  6      8.236     -0.0000000000
 -0.25000  0.41667  0.58333  7     10.308     -0.0000130327
 -0.25000  0.41667  0.58333  8     14.073     -0.0165360002
 -0.25000  0.41667  0.58333  9     19.368     -0.1903962593
 -0.25000  0.41667  0.58333 10     22.497     -0.5096976589
 -0.25000  0.41667  0.58333 11     24.543     -0.6700365224
 -0.25000  0.41667  0.58333 12     27.737     -0.9246179739
 -0.33333  0.50000  0.66667  1    -19.237      0.3497277639
 -0.33333  0.50000  0.66667  2    -16.769      0.0837352965
 -0.33333  0.50000  0.66667  3     -8.007      0.0000000000
 -0.33333  0.50000  0.66667  4     -6.851      0.0000000000
 -0.33333  0.50000  0.66667  5      7.342     -0.0000000000
 -0.33333  0.50000  0.66667  6      8.107     -0.0000000000
 -0.33333  0.50000  0.66667  7     10.389     -0.0000093759
 -0.33333  0.50000  0.66667  8     14.849     -0.0307749708
 -0.33333  0.50000  0.66667  9     19.007     -0.1597013657
 -0.33333  0.50000  0.66667 10     23.314     -0.6020382372
 -0.33333  0.50000  0.66667 11     25.192     -0.7403649464
 -0.33333  0.50000  0.66667 12     27.966     -0.9381243291
  0.00000  0.16667  0.50000  1    -23.024      0.9156150015
  0.00000  0.16667  0.50000  2     -9.187      0.0000008150
  0.00000  0.16667  0.50000  3     -8.073      0.0000000000
  0.00000  0.16667  0.50000  4     -6.384      0.0000000000
  0.00000  0.16667  0.50000  5      4.386     -0.0000000000
  0.00000  0.16667  0.50000  6      9.862     -0.0000361717
  0.00000  0.16667  0.50000  7     10.257     -0.0000161341
  0.00000  0.16667  0.50000  8     11.024     -0.0001283113
  0.00000  0.16667  0.50000  9     19.787     -0.2781749412
  0.00000  0.16667  0.50000 10     20.712     -0.3165715781
  0.00000  0.16667  0.50000 11     29.619     -1.0732037559
  0.00000  0.16667  0.50000 12     33.782     -1.4825728047
 -0.08333  0.25000  0.58333  1    -21.813      0.7022878749
 -0.08333  0.25000  0.58333  2    -11.494      0.0010471797
 -0.08333  0.25000  0.58333  3     -8.938      0.0000000000
 -0.08333  0.25000  0.58333  4     -7.175      0.0000000000
 -0.08333  0.25000  0.58333  5      5.353     -0.0000000000
 -0.08333  0.25000  0.58333  6      9.673     -0.0000068598
 -0.08333  0.25000  0.58333  7     10.515     -0.0000632937
 -0.08333  0.25000  0.58333  8     12.121     -0.0012628156
 -0.08333  0.25000  0.58333  9     20.469     -0.3163129000
 -0.08333  0.25000  0.58333 10     20.791     -0.3342214742
 -0.08333  0.25000  0.58333 11     26.206     -0.7903510784
 -0.08333  0.25000  0.58333 12     32.803     -1.3343496490
 -0.16667  0.33333  0.66667  1    -20.304      0.4703801997
 -0.16667  0.33333  0.66667  2    -13.993      0.0144905752
 -0.16667  0.33333  0.66667  3     -9.398      0.0000006002
 -0.16667  0.33333  0.66667  4     -7.833      0.0000000000
 -0.16667  0.33333  0.66667  5      6.064     -0.0000000000
 -0.16667  0.33333  0.66667  6      9.879     -0.0000021746
 -0.16667  0.33333  0.66667  7     11.338     -0.0007799205
 -0.16667  0.33333  0.66667  8     12.703     -0.0028904486
 -0.16667  0.33333  0.66667  9     19.530     -0.2178044824
 -0.16667  0.33333  0.66667 10     22.020     -0.4669370534
 -0.16667  0.33333  0.66667 11     26.375     -0.8141959578
 -0.16667  0.33333  0.66667 12     31.019     -1.1675199924
 -0.25000  0.41667  0.75000  1    -18.810      0.2951330609
 -0.25000  0.41667  0.75000  2    -15.966      0.0559203481
 -0.25000  0.41667  0.75000  3     -9.845      0.0000014942
 -0.25000  0.41667  0.75000  4     -7.937      0.0000000000
 -0.25000  0.41667  0.75000  5      6.508     -0.0000000000
 -0.25000  0.41667  0.75000  6      9.589     -0.0000013942
 -0.25000  0.41667  0.75000  7     12.507     -0.0025882922
 -0.25000  0.41667  0.75000  8     13.681     -0.0133051173
 -0.25000  0.41667  0.75000  9     17.975     -0.1200581967
 -0.25000  0.41667  0.75000 10     23.113     -0.5741869414
 -0.25000  0.41667  0.75000 11     25.897     -0.7851158998
 -0.25000  0.41667  0.75000 12     30.012     -1.0838307931
 -0.33333  0.50000  0.83333  1    -19.254      0.3389785994
 -0.33333  0.50000  0.83333  2    -15.401      0.0415086590
 -0.33333  0.50000  0.83333  3    -10.199      0.0000024936
 -0.33333  0.50000  0.83333  4     -7.499      0.0000000000
 -0.33333  0.50000  0.83333  5      7.035     -0.0000000000
 -0.33333  0.50000  0.83333  6      9.100     -0.0000000000
 -0.33333  0.50000  0.83333  7     12.351     -0.0020899881
 -0.33333  0.50000  0.83333  8     14.259     -0.0208239288
 -0.33333  0.50000  0.83333  9     17.616     -0.1036073812
 -0.33333  0.50000  0.83333 10     22.692     -0.5200095687
 -0.33333  0.50000  0.83333 11     24.830     -0.6974264209
 -0.33333  0.50000  0.83333 12     30.839     -1.1757623586
 -0.41667  0.58333  0.91667  1    -20.842      0.5562976690
 -0.41667  0.58333  0.91667  2    -13.120      0.0067634087
 -0.41667  0.58333  0.91667  3    -10.261      0.0000168184
 -0.41667  0.58333  0.91667  4     -6.717      0.0000000000
 -0.41667  0.58333  0.91667  5      7.687     -0.0000000000
 -0.41667  0.58333  0.91667  6      8.297     -0.0000000000
 -0.41667  0.58333  0.91667  7     11.843     -0.0010531761
 -0.41667  0.58333  0.91667  8     12.771     -0.0043302859
 -0.41667  0.58333  0.91667  9     19.076     -0.1882492264
 -0.41667  0.58333  0.91667 10     20.878     -0.3419593201
 -0.41667  0.58333  0.91667 11     24.491     -0.6931553167
 -0.41667  0.58333  0.91667 12     32.412     -1.3147610433
 -0.50000  0.66667  1.00000  1    -22.260      0.7845524981
 -0.50000  0.66667  1.00000  2    -10.844      0.0003610194
 -0.50000  0.66667  1.00000  3     -9.627      0.0000006849
 -0.50000  0.66667  1.00000  4     -5.795      0.0000000000
 -0.50000  0.66667  1.00000  5      6.994     -0.0000000000
 -0.50000  0.66667  1.00000  6      8.392     -0.0000000000
 -0.50000  0.66667  1.00000  7     10.988     -0.0001752053
 -0.50000  0.66667  1.00000  8     11.724     -0.0010740204
 -0.50000  0.66667  1.00000  9     19.802     -0.2566644645
 -0.50000  0.66667  1.00000 10     20.054     -0.2618187970
 -0.50000  0.66667  1.00000 11     24.006     -0.6601318374
 -0.50000  0.66667  1.00000 12     33.596     -1.4371942346
 -0.00000  0.16667  0.66667  1    -21.239      0.6008778541
 -0.00000  0.16667  0.66667  2    -11.262      0.0010126412
 -0.00000  0.16667  0.66667  3     -9.332      0.0000051569
 -0.00000  0.16667  0.66667  4     -8.479      0.0000000000
 -0.00000  0.16667  0.66667  5      4.015     -0.0000000000
 -0.00000  0.16667  0.66667  6      7.419     -0.0000000000
 -0.00000  0.16667  0.66667  7     12.549     -0.0026366151
 -0.00000  0.16667  0.66667  8     13.624     -0.0077546467
 -0.00000  0.16667  0.66667  9     20.809     -0.3752118073
 -0.00000  0.16667  0.66667 10     21.512     -0.3747679416
 -0.00000  0.16667  0.66667 11     31.995     -1.2279322324
 -0.00000  0.16667  0.66667 12     33.717     -1.3711846633
 -0.08333  0.25000  0.75000  1    -19.849      0.4044695718
 -0.08333  0.25000  0.75000  2    -13.055      0.0059334938
 -0.08333  0.25000  0.75000  3    -10.454      0.0000893283
 -0.08333  0.25000  0.75000  4     -9.045      0.0000000000
 -0.08333  0.25000  0.75000  5      4.990     -0.0000000000
 -0.08333  0.25000  0.75000  6      7.990     -0.0000000000
 -0.08333  0.25000  0.75000  7     12.506     -0.0025790746
 -0.08333  0.25000  0.75000  8     14.445     -0.0164770984
 -0.08333  0.25000  0.75000  9     20.490     -0.3030019536
 -0.08333  0.25000  0.75000 10     21.821     -0.4496770976
 -0.08333  0.25000  0.75000 11     30.391     -1.0848759822
 -0.08333  0.25000  0.75000 12     32.774     -1.2949801809
 -0.16667  0.33333  0.83333  1    -18.301      0.2371264514
 -0.16667  0.33333  0.83333  2    -14.898      0.0285680225
 -0.16667  0.33333  0.83333  3    -11.519      0.0005079880
 -0.16667  0.33333  0.83333  4     -9.019      0.0000000000
 -0.16667  0.33333  0.83333  5      5.541     -0.0000000000
 -0.16667  0.33333  0.83333  6     10.143     -0.0000454872
 -0.16667  0.33333  0.83333  7     12.195     -0.0022253796
 -0.16667  0.33333  0.83333  8     14.471     -0.0194328601
 -0.16667  0.33333  0.83333  9     18.651     -0.1680842499
 -0.16667  0.33333  0.83333 10     22.701     -0.5241172916
 -0.16667  0.33333  0.83333 11     27.881     -0.8993143342
 -0.16667  0.33333  0.83333 12     32.777     -1.3455672463
 -0.25000  0.41667  0.91667  1    -17.950      0.2045147007
 -0.25000  0.41667  0.91667  2    -15.223      0.0374261693
 -0.25000  0.41667  0.91667  3    -12.244      0.0014330138
 -0.25000  0.41667  0.91667  4     -8.524      0.0000000000
 -0.25000  0.41667  0.91667  5      6.102     -0.0000000000
 -0.25000  0.41667  0.91667  6     11.266     -0.0006040596
 -0.25000  0.41667  0.91667  7     13.160     -0.0105939656
 -0.25000  0.41667  0.91667  8     13.782     -0.0131088973
 -0.25000  0.41667  0.91667  9     16.862     -0.0735024277
 -0.25000  0.41667  0.91667 10     22.866     -0.5302834039
 -0.25000  0.41667  0.91667 11     25.428     -0.7282491506
 -0.25000  0.41667  0.91667 12     32.729     -1.3611494487
 -0.33333  0.50000  1.00000  1    -19.392      0.3506930877
 -0.33333  0.50000  1.00000  2    -13.672      0.0117293458
 -0.33333  0.50000  1.00000  3    -12.182      0.0011757304
 -0.33333  0.50000  1.00000  4     -7.700      0.0000000000
 -0.33333  0.50000  1.00000  5      6.875     -0.0000000000
 -0.33333  0.50000  1.00000  6     10.013     -0.0000489298
 -0.33333  0.50000  1.00000  7     12.752     -0.0048371552
 -0.33333  0.50000  1.00000  8     13.876     -0.0134915908
 -0.33333  0.50000  1.00000  9     17.228     -0.0921900407
 -0.33333  0.50000  1.00000 10     21.657     -0.4096813079
 -0.33333  0.50000  1.00000 11     24.787     -0.7035254461
 -0.33333  0.50000  1.00000 12     32.934     -1.3496242868
  0.00000  0.16667  0.83333  1    -19.046      0.3093480672
  0.00000  0.16667  0.83333  2    -13.801      0.0110593364
  0.00000  0.16667  0.83333  3    -10.083      0.0000541900
  0.00000  0.16667  0.83333  4     -9.787      0.0000202401
  0.00000  0.16667  0.83333  5      4.009     -0.0000000000
  0.00000  0.16667  0.83333  6      5.601     -0.0000000000
  0.00000  0.16667  0.83333  7     14.627     -0.0177073737
  0.00000  0.16667  0.83333  8     15.531     -0.0335268051
  0.00000  0.16667  0.83333  9     21.565     -0.4351502378
  0.00000  0.16667  0.83333 10     21.711     -0.4003523887
  0.00000  0.16667  0.83333 11     31.991     -1.1828487025
  0.00000  0.16667  0.83333 12     32.413     -1.2170543521
 -0.08333  0.25000  0.91667  1    -17.552      0.1687150082
 -0.08333  0.25000  0.91667  2    -15.098      0.0340489137
 -0.08333  0.25000  0.91667  3    -11.553      0.0006053024
 -0.08333  0.25000  0.91667  4     -9.825      0.0000171376
 -0.08333  0.25000  0.91667  5      4.843     -0.0000000000
 -0.08333  0.25000  0.91667  6      7.035     -0.0000000000
 -0.08333  0.25000  0.91667  7     14.415     -0.0163112910
 -0.08333  0.25000  0.91667  8     15.460     -0.0367739479
 -0.08333  0.25000  0.91667  9     20.188     -0.2869249985
 -0.08333  0.25000  0.91667 10     22.218     -0.4710429084
 -0.08333  0.25000  0.91667 11     29.801     -0.9946158372
 -0.08333  0.25000  0.91667 12     32.736     -1.2949372554
 -0.16667  0.33333  1.00000  1    -16.800      0.1177398209
 -0.16667  0.33333  1.00000  2    -15.568      0.0515232084
 -0.16667  0.33333  1.00000  3    -12.819      0.0025613405
 -0.16667  0.33333  1.00000  4     -9.345      0.0000000000
 -0.16667  0.33333  1.00000  5      5.351     -0.0000000000
 -0.16667  0.33333  1.00000  6      9.910     -0.0000236921
 -0.16667  0.33333  1.00000  7     13.566     -0.0087254334
 -0.16667  0.33333  1.00000  8     14.512     -0.0222988950
 -0.16667  0.33333  1.00000  9     18.365     -0.1529873796
 -0.16667  0.33333  1.00000 10     22.746     -0.5140471951
 -0.16667  0.33333  1.00000 11     27.320     -0.8361243415
 -0.16667  0.33333  1.00000 12     33.411     -1.4094112723
 -0.00000  0.16667  1.00000  1    -16.516      0.0950593406
 -0.00000  0.16667  1.00000  2    -16.516      0.0950593302
 -0.00000  0.16667  1.00000  3    -10.262      0.0000919763
 -0.00000  0.16667  1.00000  4    -10.262      0.0000919763
 -0.00000  0.16667  1.00000  5      4.515     -0.0000000000
 -0.00000  0.16667  1.00000  6      4.515     -0.0000000000
 -0.00000  0.16667  1.00000  7     15.912     -0.0445096563
 -0.00000  0.16667  1.00000  8     15.912     -0.0445095020
 -0.00000  0.16667  1.00000  9     21.746     -0.4277138428
 -0.00000  0.16667  1.00000 10     21.746     -0.4277139063
 -0.00000  0.16667  1.00000 11     31.673     -1.1338550081
 -0.00000  0.16667  1.00000 12     31.673     -1.1338552472
 -0.00000  0.33333  0.66667  1    -20.524      0.5008681127
 -0.00000  0.33333  0.66667  2    -12.394      0.0031537833
 -0.00000  0.33333  0.66667  3    -10.798      0.0001365154
 -0.00000  0.33333  0.66667  4     -8.082      0.0000000000
 -0.00000  0.33333  0.66667  5      6.756     -0.0000000000
 -0.00000  0.33333  0.66667  6      9.042     -0.0000000000
 -0.00000  0.33333  0.66667  7     10.648     -0.0001541393
 -0.00000  0.33333  0.66667  8     13.703     -0.0092162686
 -0.00000  0.33333  0.66667  9     19.826     -0.2424759127
 -0.00000  0.33333  0.66667 10     21.234     -0.4007836375
 -0.00000  0.33333  0.66667 11     26.291     -0.8069294278
 -0.00000  0.33333  0.66667 12     32.997     -1.3247828723
 -0.08333  0.41667  0.75000  1    -18.992      0.3046442926
 -0.08333  0.41667  0.75000  2    -14.230      0.0173583605
 -0.08333  0.41667  0.75000  3    -11.351      0.0003532186
 -0.08333  0.41667  0.75000  4     -8.935      0.0000000000
 -0.08333  0.41667  0.75000  5      7.736     -0.0000000000
 -0.08333  0.41667  0.75000  6      9.067     -0.0000000000
 -0.08333  0.41667  0.75000  7     11.431     -0.0009029120
 -0.08333  0.41667  0.75000  8     14.373     -0.0197943176
 -0.08333  0.41667  0.75000  9     18.211     -0.1372527730
 -0.08333  0.41667  0.75000 10     22.104     -0.4739438750
 -0.08333  0.41667  0.75000 11     26.500     -0.8283266241
 -0.08333  0.41667  0.75000 12     31.974     -1.2442393194
 -0.16667  0.50000  0.83333  1    -17.882      0.2032524851
 -0.16667  0.50000  0.83333  2    -15.550      0.0440298012
 -0.16667  0.50000  0.83333  3    -11.395      0.0003481011
 -0.16667  0.50000  0.83333  4     -9.290      0.0000000000
 -0.16667  0.50000  0.83333  5      7.832     -0.0000000000
 -0.16667  0.50000  0.83333  6      9.204     -0.0000000991
 -0.16667  0.50000  0.83333  7     13.277     -0.0094399994
 -0.16667  0.50000  0.83333  8     13.533     -0.0132102285
 -0.16667  0.50000  0.83333  9     17.319     -0.0878956611
 -0.16667  0.50000  0.83333 10     22.660     -0.5214007454
 -0.16667  0.50000  0.83333 11     26.747     -0.8590530834
 -0.16667  0.50000  0.83333 12     31.531     -1.2259307439
 -0.00000  0.33333  0.83333  1    -18.423      0.2458306685
 -0.00000  0.33333  0.83333  2    -14.025      0.0147006179
 -0.00000  0.33333  0.83333  3    -11.419      0.0004340916
 -0.00000  0.33333  0.83333  4    -10.222      0.0000312691
 -0.00000  0.33333  0.83333  5      6.760     -0.0000000000
 -0.00000  0.33333  0.83333  6      8.022     -0.0000000000
 -0.00000  0.33333  0.83333  7     12.185     -0.0021926503
 -0.00000  0.33333  0.83333  8     15.091     -0.0317220555
 -0.00000  0.33333  0.83333  9     19.742     -0.2399010059
 -0.00000  0.33333  0.83333 10     21.751     -0.4440882907
 -0.00000  0.33333  0.83333 11     30.217     -1.0954635565
 -0.00000  0.33333  0.83333 12     31.997     -1.2215294144
 -0.08333  0.41667  0.91667  1    -17.029      0.1331818521
 -0.08333  0.41667  0.91667  2    -15.169      0.0381182582
 -0.08333  0.41667  0.91667  3    -12.260      0.0014687649
 -0.08333  0.41667  0.91667  4    -10.542      0.0000522953
 -0.08333  0.41667  0.91667  5      7.595     -0.0000000000
 -0.08333  0.41667  0.91667  6      9.925     -0.0000286603
 -0.08333  0.41667  0.91667  7     11.751     -0.0017079628
 -0.08333  0.41667  0.91667  8     13.738     -0.0137881826
 -0.08333  0.41667  0.91667  9     19.090     -0.1956499336
 -0.08333  0.41667  0.91667 10     21.857     -0.4359589365
 -0.08333  0.41667  0.91667 11     28.248     -0.9721991719
 -0.08333  0.41667  0.91667 12     31.688     -1.2260514137
 -0.16667  0.50000  1.00000  1    -17.538      0.1689832141
 -0.16667  0.50000  1.00000  2    -14.726      0.0276129911
 -0.16667  0.50000  1.00000  3    -12.564      0.0020756937
 -0.16667  0.50000  1.00000  4     -9.968      0.0000002616
 -0.16667  0.50000  1.00000  5      8.093     -0.0000000000
 -0.16667  0.50000  1.00000  6     10.102     -0.0000870854
 -0.16667  0.50000  1.00000  7     11.892     -0.0017903799
 -0.16667  0.50000  1.00000  8     13.380     -0.0119572707
 -0.16667  0.50000  1.00000  9     18.277     -0.1405110998
 -0.16667  0.50000  1.00000 10     22.022     -0.4558653271
 -0.16667  0.50000  1.00000 11     27.131     -0.8865669123
 -0.16667  0.50000  1.00000 12     32.192     -1.2796554160
  0.00000  0.33333  1.00000  1    -16.125      0.0769806663
  0.00000  0.33333  1.00000  2    -16.125      0.0769806648
  0.00000  0.33333  1.00000  3    -11.328      0.0004254937
  0.00000  0.33333  1.00000  4    -11.328      0.0004254935
  0.00000  0.33333  1.00000  5      7.164     -0.0000000000
  0.00000  0.33333  1.00000  6      7.164     -0.0000000000
  0.00000  0.33333  1.00000  7     14.091     -0.0152652275
  0.00000  0.33333  1.00000  8     14.091     -0.0152652635
  0.00000  0.33333  1.00000  9     20.899     -0.3460498233
  0.00000  0.33333  1.00000 10     20.899     -0.3460498606
  0.00000  0.33333  1.00000 11     31.064     -1.1509227255
  0.00000  0.33333  1.00000 12     31.064     -1.1509228523
  0.00000  0.50000  1.00000  1    -15.875      0.0675523660
  0.00000  0.50000  1.00000  2    -15.875      0.0675523265
  0.00000  0.50000  1.00000  3    -11.875      0.0008711870
  0.00000  0.50000  1.00000  4    -11.875      0.0008711865
  0.00000  0.50000  1.00000  5      9.713     -0.0000162418
  0.00000  0.50000  1.00000  6      9.713     -0.0000162419
  0.00000  0.50000  1.00000  7     11.646     -0.0016945779
  0.00000  0.50000  1.00000  8     11.646     -0.0016945855
  0.00000  0.50000  1.00000  9     20.580     -0.3157050725
  0.00000  0.50000  1.00000 10     20.580     -0.3157052346
  0.00000  0.50000  1.00000 11     29.712     -1.0893558274
  0.00000  0.50000  1.00000 12     29.712     -1.0893558553
