  0.00000  0.00000  0.00000  1    -25.355      1.4927900042
  0.00000  0.00000  0.00000  2     -2.764      0.0000000000
  0.00000  0.00000  0.00000  3     -2.764      0.0000000000
  0.00000  0.00000  0.00000  4     -2.764      0.0000000000
  0.00000  0.00000  0.00000  5      4.533     -0.0000000000
  0.00000  0.00000  0.00000  6      4.533     -0.0000000000
  0.00000  0.00000  0.00000  7      4.533     -0.0000000000
  0.00000  0.00000  0.00000  8     12.342     -0.0024807977
  0.00000  0.00000  0.00000  9     17.677     -0.1685601317
  0.00000  0.00000  0.00000 10     25.824     -0.9861382707
  0.00000  0.00000  0.00000 11     25.824     -0.9861386251
  0.00000  0.00000  0.00000 12     25.824     -0.9861384965
 -0.08333  0.08333  0.08333  1    -25.150      1.4530800255
 -0.08333  0.08333  0.08333  2     -4.052      0.0000000000
 -0.08333  0.08333  0.08333  3     -3.094      0.0000000000
 -0.08333  0.08333  0.08333  4     -3.094      0.0000000000
 -0.08333  0.08333  0.08333  5      4.973     -0.0000000000
 -0.08333  0.08333  0.08333  6      4.973     -0.0000000000
 -0.08333  0.08333  0.08333  7      5.237     -0.0000000000
 -0.08333  0.08333  0.08333  8     12.521     -0.0029374457
 -0.08333  0.08333  0.08333  9     18.032     -0.1877622107
 -0.08333  0.08333  0.08333 10     24.733     -0.7923456907
 -0.08333  0.08333  0.08333 11     24.733     -0.7923464944
 -0.08333  0.08333  0.08333 12     25.428     -0.8940995466
 -0.16667  0.16667  0.16667  1    -24.544      1.3226466706
 -0.16667  0.16667  0.16667  2     -6.782      0.0000000000
 -0.16667  0.16667  0.16667  3     -3.835      0.0000000000
 -0.16667  0.16667  0.16667  4     -3.835      0.0000000000
 -0.16667  0.16667  0.16667  5      5.946     -0.0000000000
 -0.16667  0.16667  0.16667  6      5.946     -0.0000000000
 -0.16667  0.16667  0.16667  7      6.298     -0.0000000000
 -0.16667  0.16667  0.16667  8     13.033     -0.0050476635
 -0.16667  0.16667  0.16667  9     18.789     -0.2290873999
 -0.16667  0.16667  0.16667 10     21.553     -0.3994140436
 -0.16667  0.16667  0.16667 11     21.553     -0.3994143219
 -0.16667  0.16667  0.16667 12     24.348     -0.7388005982
 -0.25000  0.25000  0.25000  1    -23.555      1.1171967477
 -0.25000  0.25000  0.25000  2     -9.843      0.0000064923
 -0.25000  0.25000  0.25000  3     -4.610      0.0000000000
 -0.25000  0.25000  0.25000  4     -4.610      0.0000000000
 -0.25000  0.25000  0.25000  5      6.893     -0.0000000000
 -0.25000  0.25000  0.25000  6      6.893     -0.0000000000
 -0.25000  0.25000  0.25000  7      7.010     -0.0000000000
 -0.25000  0.25000  0.25000  8     13.731     -0.0139959923
 -0.25000  0.25000  0.25000  9     19.353     -0.2548015786
 -0.25000  0.25000  0.25000 10     21.395     -0.4116388550
 -0.25000  0.25000  0.25000 11     21.395     -0.4116390098
 -0.25000  0.25000  0.25000 12     24.267     -0.7072056062
 -0.33333  0.33333  0.33333  1    -22.210      0.8692692995
 -0.33333  0.33333  0.33333  2    -12.808      0.0085328688
 -0.33333  0.33333  0.33333  3     -5.232      0.0000000000
 -0.33333  0.33333  0.33333  4     -5.232      0.0000000000
 -0.33333  0.33333  0.33333  5      7.381     -0.0000000000
 -0.33333  0.33333  0.33333  6      7.381     -0.0000000000
 -0.33333  0.33333  0.33333  7      7.397     -0.0000000000
 -0.33333  0.33333  0.33333  8     14.309     -0.0233583147
 -0.33333  0.33333  0.33333  9     19.681     -0.2586017668
 -0.33333  0.33333  0.33333 10     22.391     -0.5322146316
 -0.33333  0.33333  0.33333 11     22.391     -0.5322151352
 -0.33333  0.33333  0.33333 12     24.135     -0.7092149749
 -0.41667  0.41667  0.41667  1    -20.591      0.5986808956
 -0.41667  0.41667  0.41667  2    -15.431      0.0597837536
 -0.41667  0.41667  0.41667  3     -5.625      0.0000000000
 -0.41667  0.41667  0.41667  4     -5.625      0.0000000000
 -0.41667  0.41667  0.41667  5      7.523     -0.0000000000
 -0.41667  0.41667  0.41667  6      7.523     -0.0000000000
 -0.41667  0.41667  0.41667  7      7.585     -0.0000000000
 -0.41667  0.41667  0.41667  8     14.608     -0.0310750261
 -0.41667  0.41667  0.41667  9     20.276     -0.2731452831
 -0.41667  0.41667  0.41667 10     23.596     -0.6755721117
 -0.41667  0.41667  0.41667 11     24.147     -0.7297211162
 -0.41667  0.41667  0.41667 12     24.147     -0.7297219972
 -0.50000  0.50000  0.50000  1    -19.388      0.4296943732
 -0.50000  0.50000  0.50000  2    -16.971      0.1132615923
 -0.50000  0.50000  0.50000  3     -5.758      0.0000000000
 -0.50000  0.50000  0.50000  4     -5.758      0.0000000000
 -0.50000  0.50000  0.50000  5      7.535     -0.0000000000
 -0.50000  0.50000  0.50000  6      7.535     -0.0000000000
 -0.50000  0.50000  0.50000  7      7.643     -0.0000000000
 -0.50000  0.50000  0.50000  8     14.672     -0.0336431698
 -0.50000  0.50000  0.50000  9     20.751     -0.2809394391
 -0.50000  0.50000  0.50000 10     23.109     -0.6403860460
 -0.50000  0.50000  0.50000 11     25.153     -0.8377301172
 -0.50000  0.50000  0.50000 12     25.153     -0.8377313181
  0.00000  0.00000  0.16667  1    -25.083      1.4360525907
  0.00000  0.00000  0.16667  2     -3.702      0.0000000000
  0.00000  0.00000  0.16667  3     -3.702      0.0000000000
  0.00000  0.00000  0.16667  4     -3.438      0.0000000000
  0.00000  0.00000  0.16667  5      4.290     -0.0000000000
  0.00000  0.00000  0.16667  6      5.701     -0.0000000000
  0.00000  0.00000  0.16667  7      5.701     -0.0000000000
  0.00000  0.00000  0.16667  8     12.468     -0.0027416434
  0.00000  0.00000  0.16667  9     18.165     -0.1942546906
  0.00000  0.00000  0.16667 10     21.114     -0.3695474194
  0.00000  0.00000  0.16667 11     26.426     -1.0431890931
  0.00000  0.00000  0.16667 12     26.426     -1.0431891547
 -0.08333  0.08333  0.25000  1    -24.612      1.3361470248
 -0.08333  0.08333  0.25000  2     -5.850      0.0000000000
 -0.08333  0.08333  0.25000  3     -4.554      0.0000000000
 -0.08333  0.08333  0.25000  4     -3.773      0.0000000000
 -0.08333  0.08333  0.25000  5      4.582     -0.0000000000
 -0.08333  0.08333  0.25000  6      6.833     -0.0000000000
 -0.08333  0.08333  0.25000  7      6.882     -0.0000000000
 -0.08333  0.08333  0.25000  8     12.552     -0.0033394731
 -0.08333  0.08333  0.25000  9     18.859     -0.2335303511
 -0.08333  0.08333  0.25000 10     19.863     -0.2820775679
 -0.08333  0.08333  0.25000 11     26.418     -0.9291419576
 -0.08333  0.08333  0.25000 12     28.035     -1.1497432001
 -0.16667  0.16667  0.33333  1    -23.752      1.1602882140
 -0.16667  0.16667  0.33333  2     -8.761      0.0000000000
 -0.16667  0.16667  0.33333  3     -5.334      0.0000000000
 -0.16667  0.16667  0.33333  4     -4.481      0.0000000000
 -0.16667  0.16667  0.33333  5      5.476     -0.0000000000
 -0.16667  0.16667  0.33333  6      7.672     -0.0000000000
 -0.16667  0.16667  0.33333  7      7.900     -0.0000000000
 -0.16667  0.16667  0.33333  8     12.737     -0.0049509627
 -0.16667  0.16667  0.33333  9     19.491     -0.2685847769
 -0.16667  0.16667  0.33333 10     19.682     -0.2828031897
 -0.16667  0.16667  0.33333 11     25.503     -0.7911412862
 -0.16667  0.16667  0.33333 12     27.054     -0.9598058712
 -0.25000  0.25000  0.41667  1    -22.522      0.9273296887
 -0.25000  0.25000  0.41667  2    -11.734      0.0025493435
 -0.25000  0.25000  0.41667  3     -5.887      0.0000000000
 -0.25000  0.25000  0.41667  4     -5.284      0.0000000000
 -0.25000  0.25000  0.41667  5      6.300     -0.0000000000
 -0.25000  0.25000  0.41667  6      8.132     -0.0000000000
 -0.25000  0.25000  0.41667  7      8.398     -0.0000000000
 -0.25000  0.25000  0.41667  8     13.275     -0.0105239735
 -0.25000  0.25000  0.41667  9     19.775     -0.2713239622
 -0.25000  0.25000  0.41667 10     20.597     -0.3673210907
 -0.25000  0.25000  0.41667 11     24.039     -0.6800515748
 -0.25000  0.25000  0.41667 12     25.079     -0.7395182789
 -0.33333  0.33333  0.50000  1    -20.981      0.6606970074
 -0.33333  0.33333  0.50000  2    -14.472      0.0329233109
 -0.33333  0.33333  0.50000  3     -6.156      0.0000000000
 -0.33333  0.33333  0.50000  4     -5.978      0.0000000000
 -0.33333  0.33333  0.50000  5      6.749     -0.0000000000
 -0.33333  0.33333  0.50000  6      8.335     -0.0000000000
 -0.33333  0.33333  0.50000  7      8.431     -0.0000000000
 -0.33333  0.33333  0.50000  8     14.086     -0.0216297054
 -0.33333  0.33333  0.50000  9     19.867     -0.2555395470
 -0.33333  0.33333  0.50000 10     22.262     -0.5462215369
 -0.33333  0.33333  0.50000 11     24.700     -0.7176493907
 -0.33333  0.33333  0.50000 12     25.202     -0.8262680608
 -0.41667  0.41667  0.58333  1    -19.433      0.4325272601
 -0.41667  0.41667  0.58333  2    -16.575      0.0975939064
 -0.41667  0.41667  0.58333  3     -6.460      0.0000000000
 -0.41667  0.41667  0.58333  4     -6.127      0.0000000000
 -0.41667  0.41667  0.58333  5      7.034     -0.0000000000
 -0.41667  0.41667  0.58333  6      8.209     -0.0000000000
 -0.41667  0.41667  0.58333  7      8.391     -0.0000000000
 -0.41667  0.41667  0.58333  8     14.679     -0.0345681655
 -0.41667  0.41667  0.58333  9     20.082     -0.2452839574
 -0.41667  0.41667  0.58333 10     23.200     -0.6521419911
 -0.41667  0.41667  0.58333 11     25.167     -0.7974468749
 -0.41667  0.41667  0.58333 12     25.362     -0.8484722042
 -0.50000  0.50000  0.66667  1    -19.887      0.4923833916
 -0.50000  0.50000  0.66667  2    -16.007      0.0776818145
 -0.50000  0.50000  0.66667  3     -6.682      0.0000000000
 -0.50000  0.50000  0.66667  4     -5.816      0.0000000000
 -0.50000  0.50000  0.66667  5      7.337     -0.0000000000
 -0.50000  0.50000  0.66667  6      7.914     -0.0000000000
 -0.50000  0.50000  0.66667  7      8.342     -0.0000000000
 -0.50000  0.50000  0.66667  8     14.707     -0.0343732449
 -0.50000  0.50000  0.66667  9     20.020     -0.2482702036
 -0.50000  0.50000  0.66667 10     23.424     -0.6679888191
 -0.50000  0.50000  0.66667 11     23.611     -0.6642845655
 -0.50000  0.50000  0.66667 12     26.090     -0.8968090087
 -0.58333  0.58333  0.75000  1    -21.523      0.7515501383
 -0.58333  0.58333  0.75000  2    -13.594      0.0169580184
 -0.58333  0.58333  0.75000  3     -6.616      0.0000000000
 -0.58333  0.58333  0.75000  4     -5.253      0.0000000000
 -0.58333  0.58333  0.75000  5      7.527     -0.0000000000
 -0.58333  0.58333  0.75000  6      7.609     -0.0000000000
 -0.58333  0.58333  0.75000  7      8.179     -0.0000000000
 -0.58333  0.58333  0.75000  8     14.190     -0.0225592180
 -0.58333  0.58333  0.75000  9     19.796     -0.2583621526
 -0.58333  0.58333  0.75000 10     21.358     -0.4257484438
 -0.58333  0.58333  0.75000 11     23.472     -0.6911242003
 -0.58333  0.58333  0.75000 12     26.020     -0.8327566251
 -0.66667  0.66667  0.83333  1    -22.971      1.0094322707
 -0.66667  0.66667  0.83333  2    -10.749      0.0005348049
 -0.66667  0.66667  0.83333  3     -6.251      0.0000000000
 -0.66667  0.66667  0.83333  4     -4.506      0.0000000000
 -0.66667  0.66667  0.83333  5      6.886     -0.0000000000
 -0.66667  0.66667  0.83333  6      7.607     -0.0000000000
 -0.66667  0.66667  0.83333  7      7.821     -0.0000000000
 -0.66667  0.66667  0.83333  8     13.484     -0.0119278224
 -0.66667  0.66667  0.83333  9     19.662     -0.2708442006
 -0.66667  0.66667  0.83333 10     19.951     -0.2920590361
 -0.66667  0.66667  0.83333 11     22.808     -0.6140367258
 -0.66667  0.66667  0.83333 12     26.527     -0.8437121114
 -0.75000  0.75000  0.91667  1    -24.080      1.2283391441
 -0.75000  0.75000  0.91667  2     -7.762      0.0000000000
 -0.75000  0.75000  0.91667  3     -5.601      0.0000000000
 -0.75000  0.75000  0.91667  4     -3.705      0.0000000000
 -0.75000  0.75000  0.91667  5      5.919     -0.0000000000
 -0.75000  0.75000  0.91667  6      6.933     -0.0000000000
 -0.75000  0.75000  0.91667  7      7.203     -0.0000000000
 -0.75000  0.75000  0.91667  8     12.991     -0.0064243829
 -0.75000  0.75000  0.91667  9     19.262     -0.2559147251
 -0.75000  0.75000  0.91667 10     19.751     -0.2633180030
 -0.75000  0.75000  0.91667 11     22.298     -0.5266262388
 -0.75000  0.75000  0.91667 12     26.920     -0.9259525874
 -0.83333  0.83333  1.00000  1    -24.812      1.3808528028
 -0.83333  0.83333  1.00000  2     -5.159      0.0000000000
 -0.83333  0.83333  1.00000  3     -4.577      0.0000000000
 -0.83333  0.83333  1.00000  4     -3.109      0.0000000000
 -0.83333  0.83333  1.00000  5      5.093     -0.0000000000
 -0.83333  0.83333  1.00000  6      5.825     -0.0000000000
 -0.83333  0.83333  1.00000  7      6.286     -0.0000000000
 -0.83333  0.83333  1.00000  8     12.713     -0.0034329601
 -0.83333  0.83333  1.00000  9     18.554     -0.2167319088
 -0.83333  0.83333  1.00000 10     20.942     -0.3427539741
 -0.83333  0.83333  1.00000 11     22.833     -0.5344385851
 -0.83333  0.83333  1.00000 12     27.328     -1.1295505358
  0.00000  0.00000  0.33333  1    -24.281      1.2698047568
  0.00000  0.00000  0.33333  2     -5.473      0.0000000000
  0.00000  0.00000  0.33333  3     -5.473      0.0000000000
  0.00000  0.00000  0.33333  4     -5.216      0.0000000000
  0.00000  0.00000  0.33333  5      3.726     -0.0000000000
  0.00000  0.00000  0.33333  6      8.182     -0.0000000000
  0.00000  0.00000  0.33333  7      8.182     -0.0000000000
  0.00000  0.00000  0.33333  8     11.627     -0.0011523824
  0.00000  0.00000  0.33333  9     19.089     -0.2408690465
  0.00000  0.00000  0.33333 10     19.424     -0.2667810741
  0.00000  0.00000  0.33333 11     31.032     -1.5342946726
  0.00000  0.00000  0.33333 12     31.032     -1.5342973867
 -0.08333  0.08333  0.41667  1    -23.555      1.1226861954
 -0.08333  0.08333  0.41667  2     -7.774      0.0000000000
 -0.08333  0.08333  0.41667  3     -6.286      0.0000000000
 -0.08333  0.08333  0.41667  4     -5.635      0.0000000000
 -0.08333  0.08333  0.41667  5      3.972     -0.0000000000
 -0.08333  0.08333  0.41667  6      9.308     -0.0000021558
 -0.08333  0.08333  0.41667  7      9.396     -0.0000036355
 -0.08333  0.08333  0.41667  8     10.781     -0.0004030454
 -0.08333  0.08333  0.41667  9     19.226     -0.2635116519
 -0.08333  0.08333  0.41667 10     20.155     -0.3147180788
 -0.08333  0.08333  0.41667 11     30.555     -1.2938573274
 -0.08333  0.08333  0.41667 12     31.011     -1.4056545134
 -0.16667  0.16667  0.50000  1    -22.454      0.9118226242
 -0.16667  0.16667  0.50000  2    -10.528      0.0003786364
 -0.16667  0.16667  0.50000  3     -6.844      0.0000000000
 -0.16667  0.16667  0.50000  4     -6.449      0.0000000000
 -0.16667  0.16667  0.50000  5      4.836     -0.0000000000
 -0.16667  0.16667  0.50000  6      9.954     -0.0000067467
 -0.16667  0.16667  0.50000  7     10.151     -0.0000156494
 -0.16667  0.16667  0.50000  8     10.655     -0.0003723369
 -0.16667  0.16667  0.50000  9     20.218     -0.3536524740
 -0.16667  0.16667  0.50000 10     20.509     -0.3345879702
 -0.16667  0.16667  0.50000 11     29.685     -1.1324140198
 -0.16667  0.16667  0.50000 12     30.008     -1.2092266650
 -0.25000  0.25000  0.58333  1    -21.019      0.6580425903
 -0.25000  0.25000  0.58333  2    -13.238      0.0111299535
 -0.25000  0.25000  0.58333  3     -7.359      0.0000000000
 -0.25000  0.25000  0.58333  4     -7.087      0.0000000000
 -0.25000  0.25000  0.58333  5      5.514     -0.0000000000
 -0.25000  0.25000  0.58333  6     10.227     -0.0000158144
 -0.25000  0.25000  0.58333  7     10.326     -0.0000217277
 -0.25000  0.25000  0.58333  8     11.668     -0.0023457142
 -0.25000  0.25000  0.58333  9     20.134     -0.2943244588
 -0.25000  0.25000  0.58333 10     21.644     -0.4868534611
 -0.25000  0.25000  0.58333 11     28.785     -1.0944633223
 -0.25000  0.25000  0.58333 12     29.185     -1.0744848311
 -0.33333  0.33333  0.66667  1    -19.406      0.4205522334
 -0.33333  0.33333  0.66667  2    -15.575      0.0595911652
 -0.33333  0.33333  0.66667  3     -8.128      0.0000000000
 -0.33333  0.33333  0.66667  4     -7.000      0.0000000000
 -0.33333  0.33333  0.66667  5      5.925     -0.0000000000
 -0.33333  0.33333  0.66667  6      9.937     -0.0000082879
 -0.33333  0.33333  0.66667  7     10.299     -0.0000228699
 -0.33333  0.33333  0.66667  8     13.504     -0.0160313438
 -0.33333  0.33333  0.66667  9     19.168     -0.2075430679
 -0.33333  0.33333  0.66667 10     22.988     -0.6242336862
 -0.33333  0.33333  0.66667 11     25.964     -0.8794050902
 -0.33333  0.33333  0.66667 12     26.950     -0.8721065801
 -0.41667  0.41667  0.75000  1    -18.971      0.3686922584
 -0.41667  0.41667  0.75000  2    -16.104      0.0771525853
 -0.41667  0.41667  0.75000  3     -8.645      0.0000000000
 -0.41667  0.41667  0.75000  4     -6.599      0.0000000000
 -0.41667  0.41667  0.75000  5      6.383     -0.0000000000
 -0.41667  0.41667  0.75000  6      9.438     -0.0000020720
 -0.41667  0.41667  0.75000  7     10.240     -0.0000347607
 -0.41667  0.41667  0.75000  8     14.716     -0.0376614011
 -0.41667  0.41667  0.75000  9     18.493     -0.1608700447
 -0.41667  0.41667  0.75000 10     23.624     -0.6447607766
 -0.41667  0.41667  0.75000 11     23.628     -0.6829817884
 -0.41667  0.41667  0.75000 12     27.952     -0.9924646957
 -0.50000  0.50000  0.83333  1    -20.491      0.5833417950
 -0.50000  0.50000  0.83333  2    -14.040      0.0227862257
 -0.50000  0.50000  0.83333  3     -8.851      0.0000000000
 -0.50000  0.50000  0.83333  4     -5.929      0.0000000000
 -0.50000  0.50000  0.83333  5      6.963     -0.0000000000
 -0.50000  0.50000  0.83333  6      8.784     -0.0000000000
 -0.50000  0.50000  0.83333  7     10.045     -0.0000312135
 -0.50000  0.50000  0.83333  8     14.141     -0.0236812149
 -0.50000  0.50000  0.83333  9     19.028     -0.2054622769
 -0.50000  0.50000  0.83333 10     21.051     -0.3871681727
 -0.50000  0.50000  0.83333 11     23.751     -0.7052624941
 -0.50000  0.50000  0.83333 12     29.311     -1.1127332534
 -0.58333  0.58333  0.91667  1    -22.012      0.8339395613
 -0.58333  0.58333  0.91667  2    -11.399      0.0014751449
 -0.58333  0.58333  0.91667  3     -8.696      0.0000000000
 -0.58333  0.58333  0.91667  4     -5.079      0.0000000000
 -0.58333  0.58333  0.91667  5      7.519     -0.0000000000
 -0.58333  0.58333  0.91667  6      7.874     -0.0000000000
 -0.58333  0.58333  0.91667  7      9.510     -0.0000032990
 -0.58333  0.58333  0.91667  8     13.059     -0.0091196947
 -0.58333  0.58333  0.91667  9     19.349     -0.2434818345
 -0.58333  0.58333  0.91667 10     19.756     -0.2720848881
 -0.58333  0.58333  0.91667 11     23.285     -0.6815190105
 -0.58333  0.58333  0.91667 12     30.486     -1.2061121160
 -0.66667  0.66667  1.00000  1    -23.229      1.0608368106
 -0.66667  0.66667  1.00000  2     -8.907      0.0000000000
 -0.66667  0.66667  1.00000  3     -7.882      0.0000000000
 -0.66667  0.66667  1.00000  4     -4.233      0.0000000000
 -0.66667  0.66667  1.00000  5      6.729     -0.0000000000
 -0.66667  0.66667  1.00000  6      7.674     -0.0000000000
 -0.66667  0.66667  1.00000  7      8.313     -0.0000000000
 -0.66667  0.66667  1.00000  8     12.739     -0.0059169020
 -0.66667  0.66667  1.00000  9     18.884     -0.2056012020
 -0.66667  0.66667  1.00000 10     19.760     -0.2844867137
 -0.66667  0.66667  1.00000 11     22.557     -0.5973900168
 -0.66667  0.66667  1.00000 12     30.767     -1.3362191904
  0.00000  0.00000  0.50000  1    -22.965      1.0052529439
  0.00000  0.00000  0.50000  2     -7.685      0.0000000000
  0.00000  0.00000  0.50000  3     -7.149      0.0000000000
  0.00000  0.00000  0.50000  4     -7.149      0.0000000000
  0.00000  0.00000  0.50000  5      3.132     -0.0000000000
  0.00000  0.00000  0.50000  6      9.033     -0.0000043342
  0.00000  0.00000  0.50000  7     10.886     -0.0002377488
  0.00000  0.00000  0.50000  8     10.886     -0.0002377515
  0.00000  0.00000  0.50000  9     19.356     -0.2818350835
  0.00000  0.00000  0.50000 10     20.909     -0.3682191164
  0.00000  0.00000  0.50000 11     33.933     -1.6487094645
  0.00000  0.00000  0.50000 12     33.933     -1.6487119768
 -0.08333  0.08333  0.58333  1    -22.002      0.8167697271
 -0.08333  0.08333  0.58333  2     -9.710      0.0001060046
 -0.08333  0.08333  0.58333  3     -7.842      0.0000000000
 -0.08333  0.08333  0.58333  4     -7.756      0.0000000000
 -0.08333  0.08333  0.58333  5      3.455     -0.0000000000
 -0.08333  0.08333  0.58333  6      8.101     -0.0000000000
 -0.08333  0.08333  0.58333  7     11.920     -0.0017290839
 -0.08333  0.08333  0.58333  8     11.972     -0.0018529225
 -0.08333  0.08333  0.58333  9     20.113     -0.3520282722
 -0.08333  0.08333  0.58333 10     21.377     -0.4040303161
 -0.08333  0.08333  0.58333 11     33.182     -1.4716698985
 -0.08333  0.08333  0.58333 12     33.376     -1.4968927936
 -0.16667  0.16667  0.66667  1    -20.694      0.5955687846
 -0.16667  0.16667  0.66667  2    -12.047      0.0030593505
 -0.16667  0.16667  0.66667  3     -8.936      0.0000006009
 -0.16667  0.16667  0.66667  4     -8.039      0.0000000000
 -0.16667  0.16667  0.66667  5      4.266     -0.0000000000
 -0.16667  0.16667  0.66667  6      8.514     -0.0000000000
 -0.16667  0.16667  0.66667  7     12.402     -0.0033418556
 -0.16667  0.16667  0.66667  8     12.431     -0.0034350257
 -0.16667  0.16667  0.66667  9     20.738     -0.3805672095
 -0.16667  0.16667  0.66667 10     21.550     -0.4526585736
 -0.16667  0.16667  0.66667 11     30.878     -1.2108586171
 -0.16667  0.16667  0.66667 12     32.405     -1.3667664529
 -0.25000  0.25000  0.75000  1    -19.131      0.3777258464
 -0.25000  0.25000  0.75000  2    -14.309      0.0247327235
 -0.25000  0.25000  0.75000  3    -10.004      0.0000397013
 -0.25000  0.25000  0.75000  4     -7.975      0.0000000000
 -0.25000  0.25000  0.75000  5      4.796     -0.0000000000
 -0.25000  0.25000  0.75000  6     10.403     -0.0002662731
 -0.25000  0.25000  0.75000  7     12.289     -0.0025781017
 -0.25000  0.25000  0.75000  8     12.551     -0.0037110525
 -0.25000  0.25000  0.75000  9     19.422     -0.2490229935
 -0.25000  0.25000  0.75000 10     22.719     -0.5835982202
 -0.25000  0.25000  0.75000 11     27.907     -0.9760164090
 -0.25000  0.25000  0.75000 12     32.091     -1.3644901949
 -0.33333  0.33333  0.83333  1    -18.019      0.2605814021
 -0.33333  0.33333  0.83333  2    -15.634      0.0588616708
 -0.33333  0.33333  0.83333  3    -10.805      0.0001491698
 -0.33333  0.33333  0.83333  4     -7.574      0.0000000000
 -0.33333  0.33333  0.83333  5      5.299     -0.0000000000
 -0.33333  0.33333  0.83333  6     11.696     -0.0014550791
 -0.33333  0.33333  0.83333  7     12.535     -0.0044357941
 -0.33333  0.33333  0.83333  8     13.129     -0.0132951864
 -0.33333  0.33333  0.83333  9     17.489     -0.1220597353
 -0.33333  0.33333  0.83333 10     23.687     -0.6785048492
 -0.33333  0.33333  0.83333 11     24.624     -0.6999895027
 -0.33333  0.33333  0.83333 12     32.830     -1.5127595370
 -0.41667  0.41667  0.91667  1    -19.168      0.3826244979
 -0.41667  0.41667  0.91667  2    -14.166      0.0236140339
 -0.41667  0.41667  0.91667  3    -11.229      0.0003847051
 -0.41667  0.41667  0.91667  4     -6.878      0.0000000000
 -0.41667  0.41667  0.91667  5      5.990     -0.0000000000
 -0.41667  0.41667  0.91667  6     10.727     -0.0003639672
 -0.41667  0.41667  0.91667  7     12.375     -0.0035568634
 -0.41667  0.41667  0.91667  8     14.220     -0.0269808332
 -0.41667  0.41667  0.91667  9     16.903     -0.0960296341
 -0.41667  0.41667  0.91667 10     21.802     -0.4416116755
 -0.41667  0.41667  0.91667 11     24.100     -0.7273464129
 -0.41667  0.41667  0.91667 12     33.395     -1.5669552919
 -0.50000  0.50000  1.00000  1    -20.713      0.6179984340
 -0.50000  0.50000  1.00000  2    -12.129      0.0037618641
 -0.50000  0.50000  1.00000  3    -10.898      0.0001571793
 -0.50000  0.50000  1.00000  4     -5.983      0.0000000000
 -0.50000  0.50000  1.00000  5      6.836     -0.0000000000
 -0.50000  0.50000  1.00000  6      9.394     -0.0000086243
 -0.50000  0.50000  1.00000  7     11.473     -0.0010318884
 -0.50000  0.50000  1.00000  8     13.101     -0.0098706355
 -0.50000  0.50000  1.00000  9     18.792     -0.2002583931
 -0.50000  0.50000  1.00000 10     20.021     -0.2923012371
 -0.50000  0.50000  1.00000 11     23.906     -0.7266830681
 -0.50000  0.50000  1.00000 12     33.965     -1.6190817702
  0.00000  0.00000  0.66667  1    -21.178      0.6669852013
  0.00000  0.00000  0.66667  2    -10.540      0.0005928995
  0.00000  0.00000  0.66667  3     -8.433      0.0000000778
  0.00000  0.00000  0.66667  4     -8.433      0.0000000778
  0.00000  0.00000  0.66667  5      2.764     -0.0000000000
  0.00000  0.00000  0.66667  6      6.413     -0.0000000000
  0.00000  0.00000  0.66667  7     13.452     -0.0092939968
  0.00000  0.00000  0.66667  8     13.452     -0.0092940340
  0.00000  0.00000  0.66667  9     20.451     -0.3867691173
  0.00000  0.00000  0.66667 10     22.070     -0.4616451501
  0.00000  0.00000  0.66667 11     34.236     -1.5089303254
  0.00000  0.00000  0.66667 12     34.236     -1.5089311544
 -0.08333  0.08333  0.75000  1    -20.004      0.4862420811
 -0.08333  0.08333  0.75000  2    -12.139      0.0040954297
 -0.08333  0.08333  0.75000  3     -9.403      0.0000180009
 -0.08333  0.08333  0.75000  4     -8.788      0.0000009896
 -0.08333  0.08333  0.75000  5      3.220     -0.0000000000
 -0.08333  0.08333  0.75000  6      5.902     -0.0000000000
 -0.08333  0.08333  0.75000  7     14.289     -0.0175503308
 -0.08333  0.08333  0.75000  8     14.297     -0.0180404994
 -0.08333  0.08333  0.75000  9     21.106     -0.4443166612
 -0.08333  0.08333  0.75000 10     22.092     -0.4720420113
 -0.08333  0.08333  0.75000 11     32.537     -1.3228537501
 -0.08333  0.08333  0.75000 12     33.500     -1.4224020363
 -0.16667  0.16667  0.83333  1    -18.538      0.3054162633
 -0.16667  0.16667  0.83333  2    -13.748      0.0153271887
 -0.16667  0.16667  0.83333  3    -10.944      0.0003905886
 -0.16667  0.16667  0.83333  4     -8.790      0.0000002137
 -0.16667  0.16667  0.83333  5      3.893     -0.0000000000
 -0.16667  0.16667  0.83333  6      7.140     -0.0000000000
 -0.16667  0.16667  0.83333  7     14.378     -0.0190888288
 -0.16667  0.16667  0.83333  8     14.593     -0.0250455009
 -0.16667  0.16667  0.83333  9     20.299     -0.3372224738
 -0.16667  0.16667  0.83333 10     22.538     -0.5547010301
 -0.16667  0.16667  0.83333 11     29.569     -1.0409586392
 -0.16667  0.16667  0.83333 12     33.346     -1.4345759437
 -0.25000  0.25000  0.91667  1    -17.132      0.1741764174
 -0.25000  0.25000  0.91667  2    -15.066      0.0455686311
 -0.25000  0.25000  0.91667  3    -12.293      0.0020841848
 -0.25000  0.25000  0.91667  4     -8.441      0.0000000000
 -0.25000  0.25000  0.91667  5      4.371     -0.0000000000
 -0.25000  0.25000  0.91667  6      9.785     -0.0000234849
 -0.25000  0.25000  0.91667  7     13.759     -0.0117841038
 -0.25000  0.25000  0.91667  8     14.598     -0.0294826151
 -0.25000  0.25000  0.91667  9     18.068     -0.1634236016
 -0.25000  0.25000  0.91667 10     23.407     -0.6394536882
 -0.25000  0.25000  0.91667 11     26.290     -0.7880462386
 -0.25000  0.25000  0.91667 12     33.744     -1.5271002891
 -0.33333  0.33333  1.00000  1    -17.702      0.2186467949
 -0.33333  0.33333  1.00000  2    -14.486      0.0322429116
 -0.33333  0.33333  1.00000  3    -12.777      0.0038849707
 -0.33333  0.33333  1.00000  4     -7.775      0.0000000000
 -0.33333  0.33333  1.00000  5      5.057     -0.0000000000
 -0.33333  0.33333  1.00000  6     12.494     -0.0043518398
 -0.33333  0.33333  1.00000  7     12.954     -0.0131510445
 -0.33333  0.33333  1.00000  8     14.333     -0.0276268223
 -0.33333  0.33333  1.00000  9     15.839     -0.0542229190
 -0.33333  0.33333  1.00000 10     23.523     -0.5799755674
 -0.33333  0.33333  1.00000 11     23.973     -0.7006657129
 -0.33333  0.33333  1.00000 12     34.242     -1.6449901138
  0.00000  0.00000  0.83333  1    -18.962      0.3526361983
  0.00000  0.00000  0.83333  2    -13.522      0.0115748369
  0.00000  0.00000  0.83333  3     -9.229      0.0000131770
  0.00000  0.00000  0.83333  4     -9.229      0.0000131770
  0.00000  0.00000  0.83333  5      2.766     -0.0000000000
  0.00000  0.00000  0.83333  6      4.498     -0.0000000000
  0.00000  0.00000  0.83333  7     15.497     -0.0388041576
  0.00000  0.00000  0.83333  8     15.497     -0.0388042192
  0.00000  0.00000  0.83333  9     21.509     -0.4817205338
  0.00000  0.00000  0.83333 10     22.530     -0.5199428636
  0.00000  0.00000  0.83333 11     32.714     -1.3187128181
  0.00000  0.00000  0.83333 12     32.714     -1.3187127222
 -0.08333  0.08333  0.91667  1    -17.613      0.2113936745
 -0.08333  0.08333  0.91667  2    -14.927      0.0377986240
 -0.08333  0.08333  0.91667  3    -10.084      0.0001328090
 -0.08333  0.08333  0.91667  4     -9.317      0.0000157062
 -0.08333  0.08333  0.91667  5      3.341     -0.0000000000
 -0.08333  0.08333  0.91667  6      4.525     -0.0000000000
 -0.08333  0.08333  0.91667  7     15.827     -0.0510862138
 -0.08333  0.08333  0.91667  8     15.914     -0.0554721716
 -0.08333  0.08333  0.91667  9     21.511     -0.4579532903
 -0.08333  0.08333  0.91667 10     22.404     -0.5347550596
 -0.08333  0.08333  0.91667 11     31.162     -1.1295457666
 -0.08333  0.08333  0.91667 12     32.566     -1.3100929829
 -0.16667  0.16667  1.00000  1    -16.289      0.1087516463
 -0.16667  0.16667  1.00000  2    -15.907      0.0843217291
 -0.16667  0.16667  1.00000  3    -11.587      0.0010356953
 -0.16667  0.16667  1.00000  4     -9.046      0.0000013779
 -0.16667  0.16667  1.00000  5      3.764     -0.0000000000
 -0.16667  0.16667  1.00000  6      6.680     -0.0000000000
 -0.16667  0.16667  1.00000  7     15.225     -0.0362925179
 -0.16667  0.16667  1.00000  8     15.677     -0.0547141146
 -0.16667  0.16667  1.00000  9     19.773     -0.2949815620
 -0.16667  0.16667  1.00000 10     22.931     -0.5886518328
 -0.16667  0.16667  1.00000 11     28.676     -0.9285372534
 -0.16667  0.16667  1.00000 12     33.386     -1.4495357470
  0.00000  0.00000  1.00000  1    -16.380      0.1127810555
  0.00000  0.00000  1.00000  2    -16.380      0.1127809938
  0.00000  0.00000  1.00000  3     -9.497      0.0000356480
  0.00000  0.00000  1.00000  4     -9.497      0.0000356480
  0.00000  0.00000  1.00000  5      3.312     -0.0000000000
  0.00000  0.00000  1.00000  6      3.312     -0.0000000000
  0.00000  0.00000  1.00000  7     16.338     -0.0695375798
  0.00000  0.00000  1.00000  8     16.338     -0.0695375795
  0.00000  0.00000  1.00000  9     22.275     -0.5282710836
  0.00000  0.00000  1.00000 10     22.275     -0.5282714535
  0.00000  0.00000  1.00000 11     31.845     -1.1870972407
  0.00000  0.00000  1.00000 12     31.845     -1.1870972322
 -0.00000  0.16667  0.33333  1    -24.015      1.2154387158
 -0.00000  0.16667  0.33333  2     -7.072      0.0000000000
 -0.00000  0.16667  0.33333  3     -6.275      0.0000000000
 -0.00000  0.16667  0.33333  4     -4.197      0.0000000000
 -0.00000  0.16667  0.33333  5      4.815     -0.0000000000
 -0.00000  0.16667  0.33333  6      7.909     -0.0000000000
 -0.00000  0.16667  0.33333  7      8.082     -0.0000000000
 -0.00000  0.16667  0.33333  8     12.150     -0.0026144086
 -0.00000  0.16667  0.33333  9     19.466     -0.2675049822
 -0.00000  0.16667  0.33333 10     19.548     -0.2751039464
 -0.00000  0.16667  0.33333 11     26.361     -0.8946409195
 -0.00000  0.16667  0.33333 12     31.600     -1.5701133213
 -0.08333  0.25000  0.41667  1    -23.034      1.0230024461
 -0.08333  0.25000  0.41667  2     -9.627      0.0000259553
 -0.08333  0.25000  0.41667  3     -7.220      0.0000000000
 -0.08333  0.25000  0.41667  4     -4.905      0.0000000000
 -0.08333  0.25000  0.41667  5      5.724     -0.0000000000
 -0.08333  0.25000  0.41667  6      8.365     -0.0000000000
 -0.08333  0.25000  0.41667  7      9.211     -0.0000003659
 -0.08333  0.25000  0.41667  8     11.972     -0.0024649331
 -0.08333  0.25000  0.41667  9     19.408     -0.2619631098
 -0.08333  0.25000  0.41667 10     19.990     -0.2993958719
 -0.08333  0.25000  0.41667 11     23.705     -0.6660915636
 -0.08333  0.25000  0.41667 12     28.992     -1.0633628262
 -0.16667  0.33333  0.50000  1    -21.700      0.7785995580
 -0.16667  0.33333  0.50000  2    -12.441      0.0052840514
 -0.16667  0.33333  0.50000  3     -7.657      0.0000000000
 -0.16667  0.33333  0.50000  4     -5.735      0.0000000000
 -0.16667  0.33333  0.50000  5      6.569     -0.0000000000
 -0.16667  0.33333  0.50000  6      8.333     -0.0000000000
 -0.16667  0.33333  0.50000  7      9.882     -0.0000108639
 -0.16667  0.33333  0.50000  8     12.649     -0.0062109269
 -0.16667  0.33333  0.50000  9     19.741     -0.2678323041
 -0.16667  0.33333  0.50000 10     20.618     -0.3616717265
 -0.16667  0.33333  0.50000 11     24.193     -0.7251536825
 -0.16667  0.33333  0.50000 12     28.406     -1.0113129389
 -0.25000  0.41667  0.58333  1    -20.102      0.5207016590
 -0.25000  0.41667  0.58333  2    -14.993      0.0441137364
 -0.25000  0.41667  0.58333  3     -7.811      0.0000000000
 -0.25000  0.41667  0.58333  4     -6.409      0.0000000000
 -0.25000  0.41667  0.58333  5      7.012     -0.0000000000
 -0.25000  0.41667  0.58333  6      8.099     -0.0000000000
 -0.25000  0.41667  0.58333  7     10.178     -0.0000233488
 -0.25000  0.41667  0.58333  8     13.969     -0.0210490982
 -0.25000  0.41667  0.58333  9     19.298     -0.2157826921
 -0.25000  0.41667  0.58333 10     22.448     -0.5578248048
 -0.25000  0.41667  0.58333 11     24.529     -0.7309835901
 -0.25000  0.41667  0.58333 12     27.685     -0.9890255201
 -0.33333  0.50000  0.66667  1    -18.927      0.3697980631
 -0.33333  0.50000  0.66667  2    -16.494      0.0907360716
 -0.33333  0.50000  0.66667  3     -7.819      0.0000000000
 -0.33333  0.50000  0.66667  4     -6.687      0.0000000000
 -0.33333  0.50000  0.66667  5      7.181     -0.0000000000
 -0.33333  0.50000  0.66667  6      7.977     -0.0000000000
 -0.33333  0.50000  0.66667  7     10.266     -0.0000210912
 -0.33333  0.50000  0.66667  8     14.765     -0.0386432525
 -0.33333  0.50000  0.66667  9     18.919     -0.1800474669
 -0.33333  0.50000  0.66667 10     23.350     -0.6631895608
 -0.33333  0.50000  0.66667 11     25.110     -0.7977905745
 -0.33333  0.50000  0.66667 12     27.825     -0.9927425267
  0.00000  0.16667  0.50000  1    -22.709      0.9563174631
  0.00000  0.16667  0.50000  2     -8.971      0.0000013624
  0.00000  0.16667  0.50000  3     -7.897      0.0000000000
  0.00000  0.16667  0.50000  4     -6.227      0.0000000000
  0.00000  0.16667  0.50000  5      4.262     -0.0000000000
  0.00000  0.16667  0.50000  6      9.741     -0.0000563403
  0.00000  0.16667  0.50000  7     10.109     -0.0000335445
  0.00000  0.16667  0.50000  8     10.855     -0.0002018343
  0.00000  0.16667  0.50000  9     19.761     -0.3141993067
  0.00000  0.16667  0.50000 10     20.708     -0.3536844607
  0.00000  0.16667  0.50000 11     29.594     -1.1521848487
  0.00000  0.16667  0.50000 12     33.882     -1.6012612517
 -0.08333  0.25000  0.58333  1    -21.503      0.7367338533
 -0.08333  0.25000  0.58333  2    -11.249      0.0011969430
 -0.08333  0.25000  0.58333  3     -8.742      0.0000000051
 -0.08333  0.25000  0.58333  4     -7.007      0.0000000000
 -0.08333  0.25000  0.58333  5      5.222     -0.0000000000
 -0.08333  0.25000  0.58333  6      9.527     -0.0000119244
 -0.08333  0.25000  0.58333  7     10.404     -0.0001173790
 -0.08333  0.25000  0.58333  8     11.957     -0.0016959441
 -0.08333  0.25000  0.58333  9     20.427     -0.3546391152
 -0.08333  0.25000  0.58333 10     20.773     -0.3728811397
 -0.08333  0.25000  0.58333 11     26.175     -0.8497075617
 -0.08333  0.25000  0.58333 12     32.826     -1.4292017407
 -0.16667  0.33333  0.66667  1    -19.996      0.4961301189
 -0.16667  0.33333  0.66667  2    -13.724      0.0159953473
 -0.16667  0.33333  0.66667  3     -9.189      0.0000010469
 -0.16667  0.33333  0.66667  4     -7.657      0.0000000000
 -0.16667  0.33333  0.66667  5      5.925     -0.0000000000
 -0.16667  0.33333  0.66667  6      9.718     -0.0000047713
 -0.16667  0.33333  0.66667  7     11.238     -0.0011897228
 -0.16667  0.33333  0.66667  8     12.549     -0.0036977508
 -0.16667  0.33333  0.66667  9     19.465     -0.2464904819
 -0.16667  0.33333  0.66667 10     22.004     -0.5154078865
 -0.16667  0.33333  0.66667 11     26.311     -0.8752023921
 -0.16667  0.33333  0.66667 12     30.918     -1.2430724374
 -0.25000  0.41667  0.75000  1    -18.502      0.3122798776
 -0.25000  0.41667  0.75000  2    -15.689      0.0608144502
 -0.25000  0.41667  0.75000  3     -9.628      0.0000020804
 -0.25000  0.41667  0.75000  4     -7.759      0.0000000000
 -0.25000  0.41667  0.75000  5      6.372     -0.0000000000
 -0.25000  0.41667  0.75000  6      9.445     -0.0000029951
 -0.25000  0.41667  0.75000  7     12.393     -0.0035288243
 -0.25000  0.41667  0.75000  8     13.566     -0.0167382708
 -0.25000  0.41667  0.75000  9     17.871     -0.1367162024
 -0.25000  0.41667  0.75000 10     23.136     -0.6330481835
 -0.25000  0.41667  0.75000 11     25.798     -0.8409030766
 -0.25000  0.41667  0.75000 12     29.852     -1.1505298680
 -0.33333  0.50000  0.83333  1    -18.948      0.3583187815
 -0.33333  0.50000  0.83333  2    -15.125      0.0453237338
 -0.33333  0.50000  0.83333  3     -9.980      0.0000041661
 -0.33333  0.50000  0.83333  4     -7.327      0.0000000000
 -0.33333  0.50000  0.83333  5      6.892     -0.0000000000
 -0.33333  0.50000  0.83333  6      8.951     -0.0000000280
 -0.33333  0.50000  0.83333  7     12.235     -0.0028945747
 -0.33333  0.50000  0.83333  8     14.155     -0.0259488735
 -0.33333  0.50000  0.83333  9     17.496     -0.1176277576
 -0.33333  0.50000  0.83333 10     22.617     -0.5648838557
 -0.33333  0.50000  0.83333 11     24.786     -0.7558698239
 -0.33333  0.50000  0.83333 12     30.737     -1.2533499391
 -0.41667  0.58333  0.91667  1    -20.533      0.5856765678
 -0.41667  0.58333  0.91667  2    -12.858      0.0075857292
 -0.41667  0.58333  0.91667  3    -10.045      0.0000226033
 -0.41667  0.58333  0.91667  4     -6.556      0.0000000000
 -0.41667  0.58333  0.91667  5      7.537     -0.0000000000
 -0.41667  0.58333  0.91667  6      8.147     -0.0000000000
 -0.41667  0.58333  0.91667  7     11.725     -0.0015138438
 -0.41667  0.58333  0.91667  8     12.646     -0.0057822994
 -0.41667  0.58333  0.91667  9     19.009     -0.2141383860
 -0.41667  0.58333  0.91667 10     20.756     -0.3734220436
 -0.41667  0.58333  0.91667 11     24.473     -0.7534724904
 -0.41667  0.58333  0.91667 12     32.333     -1.3983920467
 -0.50000  0.66667  1.00000  1    -21.946      0.8214902398
 -0.50000  0.66667  1.00000  2    -10.607      0.0004365994
 -0.50000  0.66667  1.00000  3     -9.426      0.0000014801
 -0.50000  0.66667  1.00000  4     -5.648      0.0000000000
 -0.50000  0.66667  1.00000  5      6.846     -0.0000000000
 -0.50000  0.66667  1.00000  6      8.251     -0.0000000000
 -0.50000  0.66667  1.00000  7     10.830     -0.0002562270
 -0.50000  0.66667  1.00000  8     11.650     -0.0016104495
 -0.50000  0.66667  1.00000  9     19.707     -0.2844141371
 -0.50000  0.66667  1.00000 10     20.041     -0.2969707817
 -0.50000  0.66667  1.00000 11     23.984     -0.7199247536
 -0.50000  0.66667  1.00000 12     33.552     -1.5185258346
  0.00000  0.16667  0.66667  1    -20.934      0.6319174906
  0.00000  0.16667  0.66667  2    -11.008      0.0011251430
  0.00000  0.16667  0.66667  3     -9.134      0.0000073858
  0.00000  0.16667  0.66667  4     -8.293      0.0000000000
  0.00000  0.16667  0.66667  5      3.901     -0.0000000000
  0.00000  0.16667  0.66667  6      7.301     -0.0000000000
  0.00000  0.16667  0.66667  7     12.393     -0.0033724871
  0.00000  0.16667  0.66667  8     13.477     -0.0094940628
  0.00000  0.16667  0.66667  9     20.814     -0.4206738954
  0.00000  0.16667  0.66667 10     21.499     -0.4136724967
  0.00000  0.16667  0.66667 11     31.931     -1.3006247447
  0.00000  0.16667  0.66667 12     33.784     -1.4674404718
 -0.08333  0.25000  0.75000  1    -19.545      0.4269098478
 -0.08333  0.25000  0.75000  2    -12.782      0.0064723446
 -0.08333  0.25000  0.75000  3    -10.237      0.0001107238
 -0.08333  0.25000  0.75000  4     -8.851      0.0000000754
 -0.08333  0.25000  0.75000  5      4.867     -0.0000000000
 -0.08333  0.25000  0.75000  6      7.867     -0.0000000000
 -0.08333  0.25000  0.75000  7     12.360     -0.0032784014
 -0.08333  0.25000  0.75000  8     14.319     -0.0201672700
 -0.08333  0.25000  0.75000  9     20.448     -0.3387314482
 -0.08333  0.25000  0.75000 10     21.823     -0.4982574703
 -0.08333  0.25000  0.75000 11     30.275     -1.1441535692
 -0.08333  0.25000  0.75000 12     32.747     -1.3786996045
 -0.16667  0.33333  0.83333  1    -17.996      0.2514358372
 -0.16667  0.33333  0.83333  2    -14.617      0.0313177504
 -0.16667  0.33333  0.83333  3    -11.287      0.0005877091
 -0.16667  0.33333  0.83333  4     -8.825      0.0000000000
 -0.16667  0.33333  0.83333  5      5.417     -0.0000000000
 -0.16667  0.33333  0.83333  6      9.995     -0.0000779643
 -0.16667  0.33333  0.83333  7     12.070     -0.0028957178
 -0.16667  0.33333  0.83333  8     14.363     -0.0241780185
 -0.16667  0.33333  0.83333  9     18.562     -0.1910092438
 -0.16667  0.33333  0.83333 10     22.710     -0.5774667430
 -0.16667  0.33333  0.83333 11     27.745     -0.9533962115
 -0.16667  0.33333  0.83333 12     32.739     -1.4270424729
 -0.25000  0.41667  0.91667  1    -17.643      0.2167380713
 -0.25000  0.41667  0.91667  2    -14.944      0.0409323672
 -0.25000  0.41667  0.91667  3    -12.005      0.0016735018
 -0.25000  0.41667  0.91667  4     -8.337      0.0000000000
 -0.25000  0.41667  0.91667  5      5.971     -0.0000000000
 -0.25000  0.41667  0.91667  6     11.109     -0.0007490748
 -0.25000  0.41667  0.91667  7     13.053     -0.0135338900
 -0.25000  0.41667  0.91667  8     13.690     -0.0168232757
 -0.25000  0.41667  0.91667  9     16.714     -0.0839877000
 -0.25000  0.41667  0.91667 10     22.818     -0.5778134479
 -0.25000  0.41667  0.91667 11     25.343     -0.7818526573
 -0.25000  0.41667  0.91667 12     32.714     -1.4527153463
 -0.33333  0.50000  1.00000  1    -19.088      0.3707691738
 -0.33333  0.50000  1.00000  2    -13.397      0.0130604727
 -0.33333  0.50000  1.00000  3    -11.948      0.0013877652
 -0.33333  0.50000  1.00000  4     -7.525      0.0000000000
 -0.33333  0.50000  1.00000  5      6.735     -0.0000000000
 -0.33333  0.50000  1.00000  6      9.840     -0.0000737645
 -0.33333  0.50000  1.00000  7     12.665     -0.0067613152
 -0.33333  0.50000  1.00000  8     13.749     -0.0167313281
 -0.33333  0.50000  1.00000  9     17.095     -0.1050304177
 -0.33333  0.50000  1.00000 10     21.518     -0.4428906618
 -0.33333  0.50000  1.00000 11     24.782     -0.7634048333
 -0.33333  0.50000  1.00000 12     32.893     -1.4348845012
 -0.00000  0.16667  0.83333  1    -18.743      0.3272330877
 -0.00000  0.16667  0.83333  2    -13.520      0.0121113822
 -0.00000  0.16667  0.83333  3     -9.872      0.0000693820
 -0.00000  0.16667  0.83333  4     -9.581      0.0000277110
 -0.00000  0.16667  0.83333  5      3.895     -0.0000000000
 -0.00000  0.16667  0.83333  6      5.495     -0.0000000000
 -0.00000  0.16667  0.83333  7     14.502     -0.0214915424
 -0.00000  0.16667  0.83333  8     15.427     -0.0408163960
 -0.00000  0.16667  0.83333  9     21.574     -0.4832295878
 -0.00000  0.16667  0.83333 10     21.698     -0.4420862470
 -0.00000  0.16667  0.83333 11     31.840     -1.2420861861
 -0.00000  0.16667  0.83333 12     32.398     -1.3039015319
 -0.08333  0.25000  0.91667  1    -17.250      0.1799362447
 -0.08333  0.25000  0.91667  2    -14.806      0.0371843201
 -0.08333  0.25000  0.91667  3    -11.329      0.0006869537
 -0.08333  0.25000  0.91667  4     -9.618      0.0000238232
 -0.08333  0.25000  0.91667  5      4.722     -0.0000000000
 -0.08333  0.25000  0.91667  6      6.895     -0.0000000000
 -0.08333  0.25000  0.91667  7     14.296     -0.0201621177
 -0.08333  0.25000  0.91667  8     15.365     -0.0449954370
 -0.08333  0.25000  0.91667  9     20.129     -0.3214634250
 -0.08333  0.25000  0.91667 10     22.215     -0.5188827517
 -0.08333  0.25000  0.91667 11     29.632     -1.0483432288
 -0.08333  0.25000  0.91667 12     32.703     -1.3738403958
 -0.16667  0.33333  1.00000  1    -16.493      0.1258156498
 -0.16667  0.33333  1.00000  2    -15.278      0.0561853074
 -0.16667  0.33333  1.00000  3    -12.585      0.0029387964
 -0.16667  0.33333  1.00000  4     -9.145      0.0000001005
 -0.16667  0.33333  1.00000  5      5.228     -0.0000000000
 -0.16667  0.33333  1.00000  6      9.755     -0.0000411848
 -0.16667  0.33333  1.00000  7     13.434     -0.0107691303
 -0.16667  0.33333  1.00000  8     14.427     -0.0281708780
 -0.16667  0.33333  1.00000  9     18.264     -0.1748491808
 -0.16667  0.33333  1.00000 10     22.736     -0.5634640123
 -0.16667  0.33333  1.00000 11     27.163     -0.8884811755
 -0.16667  0.33333  1.00000 12     33.465     -1.5019346873
  0.00000  0.16667  1.00000  1    -16.218      0.1027260615
  0.00000  0.16667  1.00000  2    -16.218      0.1027260016
  0.00000  0.16667  1.00000  3    -10.049      0.0001202784
  0.00000  0.16667  1.00000  4    -10.049      0.0001202783
  0.00000  0.16667  1.00000  5      4.391     -0.0000000000
  0.00000  0.16667  1.00000  6      4.391     -0.0000000000
  0.00000  0.16667  1.00000  7     15.816     -0.0546214900
  0.00000  0.16667  1.00000  8     15.816     -0.0546215204
  0.00000  0.16667  1.00000  9     21.731     -0.4725755707
  0.00000  0.16667  1.00000 10     21.731     -0.4725757717
  0.00000  0.16667  1.00000 11     31.533     -1.1918888940
  0.00000  0.16667  1.00000 12     31.533     -1.1918889793
 -0.00000  0.33333  0.66667  1    -20.217      0.5280326996
 -0.00000  0.33333  0.66667  2    -12.130      0.0034923803
 -0.00000  0.33333  0.66667  3    -10.581      0.0001619458
 -0.00000  0.33333  0.66667  4     -7.903      0.0000000000
 -0.00000  0.33333  0.66667  5      6.610     -0.0000000000
 -0.00000  0.33333  0.66667  6      8.884     -0.0000000000
 -0.00000  0.33333  0.66667  7     10.549     -0.0002609435
 -0.00000  0.33333  0.66667  8     13.561     -0.0114114711
 -0.00000  0.33333  0.66667  9     19.765     -0.2729023088
 -0.00000  0.33333  0.66667 10     21.180     -0.4419067439
 -0.00000  0.33333  0.66667 11     26.224     -0.8664984420
 -0.00000  0.33333  0.66667 12     32.998     -1.4132101275
 -0.08333  0.41667  0.75000  1    -18.686      0.3223647575
 -0.08333  0.41667  0.75000  2    -13.954      0.0191460234
 -0.08333  0.41667  0.75000  3    -11.120      0.0004161914
 -0.08333  0.41667  0.75000  4     -8.744      0.0000000000
 -0.08333  0.41667  0.75000  5      7.580     -0.0000000000
 -0.08333  0.41667  0.75000  6      8.911     -0.0000001669
 -0.08333  0.41667  0.75000  7     11.331     -0.0013396809
 -0.08333  0.41667  0.75000  8     14.260     -0.0243259886
 -0.08333  0.41667  0.75000  9     18.091     -0.1553946953
 -0.08333  0.41667  0.75000 10     22.066     -0.5206301239
 -0.08333  0.41667  0.75000 11     26.436     -0.8880460041
 -0.08333  0.41667  0.75000 12     31.916     -1.3229032378
 -0.16667  0.50000  0.83333  1    -17.576      0.2156530347
 -0.16667  0.50000  0.83333  2    -15.273      0.0479878099
 -0.16667  0.50000  0.83333  3    -11.160      0.0004226076
 -0.16667  0.50000  0.83333  4     -9.095      0.0000000000
 -0.16667  0.50000  0.83333  5      7.677     -0.0000000000
 -0.16667  0.50000  0.83333  6      9.070     -0.0000012960
 -0.16667  0.50000  0.83333  7     13.177     -0.0122394371
 -0.16667  0.50000  0.83333  8     13.427     -0.0167508736
 -0.16667  0.50000  0.83333  9     17.164     -0.0995642386
 -0.16667  0.50000  0.83333 10     22.655     -0.5744183789
 -0.16667  0.50000  0.83333 11     26.670     -0.9175624129
 -0.16667  0.50000  0.83333 12     31.466     -1.3061658032
  0.00000  0.33333  0.83333  1    -18.119      0.2608551282
  0.00000  0.33333  0.83333  2    -13.738      0.0160032494
  0.00000  0.33333  0.83333  3    -11.195      0.0005023259
  0.00000  0.33333  0.83333  4    -10.016      0.0000398752
  0.00000  0.33333  0.83333  5      6.620     -0.0000000000
  0.00000  0.33333  0.83333  6      7.890     -0.0000000000
  0.00000  0.33333  0.83333  7     12.055     -0.0027980855
  0.00000  0.33333  0.83333  8     14.992     -0.0386440234
  0.00000  0.33333  0.83333  9     19.662     -0.2690153109
  0.00000  0.33333  0.83333 10     21.737     -0.4920180379
  0.00000  0.33333  0.83333 11     30.111     -1.1515412768
  0.00000  0.33333  0.83333 12     31.955     -1.2957250045
 -0.08333  0.41667  0.91667  1    -16.726      0.1419928633
 -0.08333  0.41667  0.91667  2    -14.878      0.0415192145
 -0.08333  0.41667  0.91667  3    -12.028      0.0016747261
 -0.08333  0.41667  0.91667  4    -10.332      0.0000656961
 -0.08333  0.41667  0.91667  5      7.452     -0.0000000000
 -0.08333  0.41667  0.91667  6      9.764     -0.0000482320
 -0.08333  0.41667  0.91667  7     11.638     -0.0022807772
 -0.08333  0.41667  0.91667  8     13.632     -0.0175694160
 -0.08333  0.41667  0.91667  9     18.988     -0.2212653336
 -0.08333  0.41667  0.91667 10     21.832     -0.4817676604
 -0.08333  0.41667  0.91667 11     28.190     -1.0353401613
 -0.08333  0.41667  0.91667 12     31.682     -1.2980974444
 -0.16667  0.50000  1.00000  1    -17.234      0.1792121134
 -0.16667  0.50000  1.00000  2    -14.439      0.0303133650
 -0.16667  0.50000  1.00000  3    -12.329      0.0023748920
 -0.16667  0.50000  1.00000  4     -9.763      0.0000002547
 -0.16667  0.50000  1.00000  5      7.939     -0.0000000000
 -0.16667  0.50000  1.00000  6      9.936     -0.0001229038
 -0.16667  0.50000  1.00000  7     11.794     -0.0025096016
 -0.16667  0.50000  1.00000  8     13.271     -0.0151513481
 -0.16667  0.50000  1.00000  9     18.149     -0.1595210661
 -0.16667  0.50000  1.00000 10     21.985     -0.5023761483
 -0.16667  0.50000  1.00000 11     27.076     -0.9471089642
 -0.16667  0.50000  1.00000 12     32.198     -1.3582642656
  0.00000  0.33333  1.00000  1    -15.826      0.0829533551
  0.00000  0.33333  1.00000  2    -15.826      0.0829533016
  0.00000  0.33333  1.00000  3    -11.107      0.0004864909
  0.00000  0.33333  1.00000  4    -11.107      0.0004864907
  0.00000  0.33333  1.00000  5      7.028     -0.0000000000
  0.00000  0.33333  1.00000  6      7.028     -0.0000000000
  0.00000  0.33333  1.00000  7     13.980     -0.0191004577
  0.00000  0.33333  1.00000  8     13.980     -0.0191004948
  0.00000  0.33333  1.00000  9     20.849     -0.3853012888
  0.00000  0.33333  1.00000 10     20.849     -0.3853013466
  0.00000  0.33333  1.00000 11     30.985     -1.2107815542
  0.00000  0.33333  1.00000 12     30.985     -1.2107817617
  0.00000  0.50000  1.00000  1    -15.576      0.0729094158
  0.00000  0.50000  1.00000  2    -15.576      0.0729093669
  0.00000  0.50000  1.00000  3    -11.651      0.0010037932
  0.00000  0.50000  1.00000  4    -11.651      0.0010037916
  0.00000  0.50000  1.00000  5      9.542     -0.0000263573
  0.00000  0.50000  1.00000  6      9.542     -0.0000263574
  0.00000  0.50000  1.00000  7     11.543     -0.0022288242
  0.00000  0.50000  1.00000  8     11.543     -0.0022288366
  0.00000  0.50000  1.00000  9     20.520     -0.3538928661
  0.00000  0.50000  1.00000 10     20.520     -0.3538930024
  0.00000  0.50000  1.00000 11     29.703     -1.1563988261
  0.00000  0.50000  1.00000 12     29.703     -1.1563988162
