 q(1:3)   w(Ry)   eps    epsi  --- NO LFC
  0.00000000  0.00000000  0.01000000    0.0000D+00  0.147195207580662E+02 -0.000000000000000E+00    0.679369944467797E-01  0.000000000000000E+00
  0.00000000  0.00000000  0.01000000    0.2010D-03  0.147195365471777E+02 -0.000000000000000E+00    0.679369215732367E-01  0.000000000000000E+00
  0.00000000  0.00000000  0.01000000    0.6050D-03  0.147196638180340E+02 -0.000000000000000E+00    0.679363341691835E-01  0.000000000000000E+00
  0.00000000  0.00000000  0.01000000    0.1013D-02  0.147199219110399E+02 -0.000000000000000E+00    0.679351430016758E-01  0.000000000000000E+00
  0.00000000  0.00000000  0.01000000    0.1425D-02  0.147203148060800E+02 -0.000000000000000E+00    0.679333297673066E-01  0.000000000000000E+00
  0.00000000  0.00000000  0.01000000    0.1842D-02  0.147208466034933E+02 -0.000000000000000E+00    0.679308756442513E-01  0.000000000000000E+00
  0.00000000  0.00000000  0.01000000    0.2262D-02  0.147215215288187E+02 -0.000000000000000E+00    0.679277612740241E-01  0.000000000000000E+00
  0.00000000  0.00000000  0.01000000    0.2687D-02  0.147223439377959E+02 -0.000000000000000E+00    0.679239667423303E-01  0.000000000000000E+00
  0.00000000  0.00000000  0.01000000    0.3116D-02  0.147233183216301E+02 -0.000000000000000E+00    0.679194715589961E-01  0.000000000000000E+00
  0.00000000  0.00000000  0.01000000    0.3549D-02  0.147244493125495E+02 -0.000000000000000E+00    0.679142546368585E-01  0.000000000000000E+00
  0.00000000  0.00000000  0.01000000    0.3987D-02  0.147257416896702E+02 -0.000000000000000E+00    0.679082942695834E-01  0.000000000000000E+00
  0.00000000  0.00000000  0.01000000    0.4429D-02  0.147272003851896E+02 -0.000000000000000E+00    0.679015681083316E-01  0.000000000000000E+00
  0.00000000  0.00000000  0.01000000    0.4875D-02  0.147288304909366E+02 -0.000000000000000E+00    0.678940531371686E-01  0.000000000000000E+00
  0.00000000  0.00000000  0.01000000    0.5327D-02  0.147306372652985E+02 -0.000000000000000E+00    0.678857256471677E-01  0.000000000000000E+00
  0.00000000  0.00000000  0.01000000    0.5782D-02  0.147326261405616E+02 -0.000000000000000E+00    0.678765612090581E-01  0.000000000000000E+00
  0.00000000  0.00000000  0.01000000    0.6242D-02  0.147348027306856E+02 -0.000000000000000E+00    0.678665346443680E-01  0.000000000000000E+00
  0.00000000  0.00000000  0.01000000    0.6707D-02  0.147371728395564E+02 -0.000000000000000E+00    0.678556199948930E-01  0.000000000000000E+00
  0.00000000  0.00000000  0.01000000    0.7176D-02  0.147397424697466E+02 -0.000000000000000E+00    0.678437904904039E-01  0.000000000000000E+00
  0.00000000  0.00000000  0.01000000    0.7650D-02  0.147425178318270E+02 -0.000000000000000E+00    0.678310185144318E-01  0.000000000000000E+00
  0.00000000  0.00000000  0.01000000    0.8129D-02  0.147455053542753E+02 -0.000000000000000E+00    0.678172755679792E-01  0.000000000000000E+00
  0.00000000  0.00000000  0.01000000    0.8613D-02  0.147487116940286E+02 -0.000000000000000E+00    0.678025322309933E-01  0.000000000000000E+00
  0.00000000  0.00000000  0.01000000    0.9102D-02  0.147521437477342E+02 -0.000000000000000E+00    0.677867581214150E-01  0.000000000000000E+00
  0.00000000  0.00000000  0.01000000    0.9595D-02  0.147558086637593E+02 -0.000000000000000E+00    0.677699218515912E-01  0.000000000000000E+00
  0.00000000  0.00000000  0.01000000    0.1009D-01  0.147597138550242E+02 -0.000000000000000E+00    0.677519909818306E-01  0.000000000000000E+00
  0.00000000  0.00000000  0.01000000    0.1060D-01  0.147638670127320E+02 -0.000000000000000E+00    0.677329319708462E-01  0.000000000000000E+00
  0.00000000  0.00000000  0.01000000    0.1111D-01  0.147682761210762E+02 -0.000000000000000E+00    0.677127101228065E-01  0.000000000000000E+00
  0.00000000  0.00000000  0.01000000    0.1162D-01  0.147729494730146E+02 -0.000000000000000E+00    0.676912895306843E-01  0.000000000000000E+00
  0.00000000  0.00000000  0.01000000    0.1214D-01  0.147778956872099E+02 -0.000000000000000E+00    0.676686330155579E-01  0.000000000000000E+00
  0.00000000  0.00000000  0.01000000    0.1266D-01  0.147831237262498E+02 -0.000000000000000E+00    0.676447020614688E-01  0.000000000000000E+00
  0.00000000  0.00000000  0.01000000    0.1319D-01  0.147886429162656E+02 -0.000000000000000E+00    0.676194567454278E-01  0.000000000000000E+00
  0.00000000  0.00000000  0.01000000    0.1373D-01  0.147944629680954E+02 -0.000000000000000E+00    0.675928556620489E-01  0.000000000000000E+00
  0.00000000  0.00000000  0.01000000    0.1427D-01  0.148005940001428E+02 -0.000000000000000E+00    0.675648558422960E-01  0.000000000000000E+00
  0.00000000  0.00000000  0.01000000    0.1481D-01  0.148070465631075E+02 -0.000000000000000E+00    0.675354126657202E-01  0.000000000000000E+00
  0.00000000  0.00000000  0.01000000    0.1536D-01  0.148138316667885E+02 -0.000000000000000E+00    0.675044797654832E-01  0.000000000000000E+00
  0.00000000  0.00000000  0.01000000    0.1592D-01  0.148209608091808E+02 -0.000000000000000E+00    0.674720089253968E-01  0.000000000000000E+00
  0.00000000  0.00000000  0.01000000    0.1648D-01  0.148284460081168E+02 -0.000000000000000E+00    0.674379499680964E-01  0.000000000000000E+00
  0.00000000  0.00000000  0.01000000    0.1705D-01  0.148362998357494E+02 -0.000000000000000E+00    0.674022506333021E-01  0.000000000000000E+00
  0.00000000  0.00000000  0.01000000    0.1762D-01  0.148445354561924E+02 -0.000000000000000E+00    0.673648564450595E-01  0.000000000000000E+00
  0.00000000  0.00000000  0.01000000    0.1820D-01  0.148531666667045E+02 -0.000000000000000E+00    0.673257105665986E-01  0.000000000000000E+00
  0.00000000  0.00000000  0.01000000    0.1879D-01  0.148622079428392E+02 -0.000000000000000E+00    0.672847536413196E-01  0.000000000000000E+00
  0.00000000  0.00000000  0.01000000    0.1938D-01  0.148716744880590E+02 -0.000000000000000E+00    0.672419236181463E-01  0.000000000000000E+00
  0.00000000  0.00000000  0.01000000    0.1997D-01  0.148815822883813E+02 -0.000000000000000E+00    0.671971555592405E-01  0.000000000000000E+00
  0.00000000  0.00000000  0.01000000    0.2058D-01  0.148919481727224E+02 -0.000000000000000E+00    0.671503814277103E-01  0.000000000000000E+00
  0.00000000  0.00000000  0.01000000    0.2118D-01  0.149027898796981E+02 -0.000000000000000E+00    0.671015298526276E-01  0.000000000000000E+00
  0.00000000  0.00000000  0.01000000    0.2180D-01  0.149141261317879E+02 -0.000000000000000E+00    0.670505258681300E-01  0.000000000000000E+00
  0.00000000  0.00000000  0.01000000    0.2242D-01  0.149259767179040E+02 -0.000000000000000E+00    0.669972906228966E-01  0.000000000000000E+00
  0.00000000  0.00000000  0.01000000    0.2305D-01  0.149383625856057E+02 -0.000000000000000E+00    0.669417410555812E-01  0.000000000000000E+00
  0.00000000  0.00000000  0.01000000    0.2368D-01  0.149513059444211E+02 -0.000000000000000E+00    0.668837895309832E-01  0.000000000000000E+00
  0.00000000  0.00000000  0.01000000    0.2432D-01  0.149648303820086E+02 -0.000000000000000E+00    0.668233434307580E-01  0.000000000000000E+00
  0.00000000  0.00000000  0.01000000    0.2497D-01  0.149789609952364E+02 -0.000000000000000E+00    0.667603046912277E-01  0.000000000000000E+00
  0.00000000  0.00000000  0.01000000    0.2562D-01  0.149937245386705E+02 -0.000000000000000E+00    0.666945692793601E-01  0.000000000000000E+00
  0.00000000  0.00000000  0.01000000    0.2628D-01  0.150091495934755E+02 -0.000000000000000E+00    0.666260265961170E-01  0.000000000000000E+00
  0.00000000  0.00000000  0.01000000    0.2695D-01  0.150252667603971E+02 -0.000000000000000E+00    0.665545587939745E-01  0.000000000000000E+00
  0.00000000  0.00000000  0.01000000    0.2762D-01  0.150421088812946E+02 -0.000000000000000E+00    0.664800399924999E-01  0.000000000000000E+00
  0.00000000  0.00000000  0.01000000    0.2830D-01  0.150597112947518E+02 -0.000000000000000E+00    0.664023353720264E-01  0.000000000000000E+00
  0.00000000  0.00000000  0.01000000    0.2899D-01  0.150781121326253E+02 -0.000000000000000E+00    0.663213001206066E-01  0.000000000000000E+00
  0.00000000  0.00000000  0.01000000    0.2968D-01  0.150973526661272E+02 -0.000000000000000E+00    0.662367782030836E-01  0.000000000000000E+00
  0.00000000  0.00000000  0.01000000    0.3038D-01  0.151174777123190E+02 -0.000000000000000E+00    0.661486009127775E-01  0.000000000000000E+00
  0.00000000  0.00000000  0.01000000    0.3109D-01  0.151385361149003E+02 -0.000000000000000E+00    0.660565851552671E-01  0.000000000000000E+00
  0.00000000  0.00000000  0.01000000    0.3180D-01  0.151605813172324E+02 -0.000000000000000E+00    0.659605313988415E-01  0.000000000000000E+00
  0.00000000  0.00000000  0.01000000    0.3252D-01  0.151836720510314E+02 -0.000000000000000E+00    0.658602212059811E-01  0.000000000000000E+00
  0.00000000  0.00000000  0.01000000    0.3325D-01  0.152078731717723E+02 -0.000000000000000E+00    0.657554142321575E-01  0.000000000000000E+00
  0.00000000  0.00000000  0.01000000    0.3399D-01  0.152332566825171E+02 -0.000000000000000E+00    0.656458445387898E-01  0.000000000000000E+00
  0.00000000  0.00000000  0.01000000    0.3473D-01  0.152599030031530E+02 -0.000000000000000E+00    0.655312160105721E-01  0.000000000000000E+00
  0.00000000  0.00000000  0.01000000    0.3548D-01  0.152879025643483E+02 -0.000000000000000E+00    0.654111965844169E-01  0.000000000000000E+00
  0.00000000  0.00000000  0.01000000    0.3624D-01  0.153173578389472E+02 -0.000000000000000E+00    0.652854108727104E-01  0.000000000000000E+00
  0.00000000  0.00000000  0.01000000    0.3701D-01  0.153483859749303E+02 -0.000000000000000E+00    0.651534305713565E-01  0.000000000000000E+00
  0.00000000  0.00000000  0.01000000    0.3778D-01  0.153811222757205E+02 -0.000000000000000E+00    0.650147617367638E-01  0.000000000000000E+00
  0.00000000  0.00000000  0.01000000    0.3856D-01  0.154157249082893E+02 -0.000000000000000E+00    0.648688275088694E-01  0.000000000000000E+00
  0.00000000  0.00000000  0.01000000    0.3935D-01  0.154523814517701E+02 -0.000000000000000E+00    0.647149439794246E-01  0.000000000000000E+00
  0.00000000  0.00000000  0.01000000    0.4015D-01  0.154913183225216E+02 -0.000000000000000E+00    0.645522852981584E-01  0.000000000000000E+00
  0.00000000  0.00000000  0.01000000    0.4095D-01  0.155328149376069E+02 -0.000000000000000E+00    0.643798309589637E-01  0.000000000000000E+00
  0.00000000  0.00000000  0.01000000    0.4177D-01  0.155772262422082E+02 -0.000000000000000E+00    0.641962814464611E-01  0.000000000000000E+00
  0.00000000  0.00000000  0.01000000    0.4259D-01  0.156250214845988E+02 -0.000000000000000E+00    0.639999119992045E-01  0.000000000000000E+00
  0.00000000  0.00000000  0.01000000    0.4342D-01  0.156768594880547E+02 -0.000000000000000E+00    0.637882862165072E-01  0.000000000000000E+00
  0.00000000  0.00000000  0.01000000    0.4426D-01  0.157337720442739E+02 -0.000000000000000E+00    0.635575497843786E-01  0.000000000000000E+00
  0.00000000  0.00000000  0.01000000    0.4511D-01  0.157980633218854E+02  0.224216382442552E-04    0.632988980752257E-01 -0.898379101909632E-07
  0.00000000  0.00000000  0.01000000    0.4596D-01  0.158724780648035E+02  0.331390416289584E-02    0.630021318868350E-01 -0.131537763844236E-04
  0.00000000  0.00000000  0.01000000    0.4682D-01  0.159556390190270E+02  0.166112484055568E-01    0.626736989312252E-01 -0.652489305003813E-04
  0.00000000  0.00000000  0.01000000    0.4770D-01  0.160436152968650E+02  0.410270918756735E-01    0.623296833134571E-01 -0.159390860262183E-03
  0.00000000  0.00000000  0.01000000    0.4858D-01  0.161338638053979E+02  0.768950862138715E-01    0.619800251927658E-01 -0.295400992485204E-03
  0.00000000  0.00000000  0.01000000    0.4947D-01  0.162242339077978E+02  0.124556719171963E+00    0.616325596467293E-01 -0.473165603220085E-03
  0.00000000  0.00000000  0.01000000    0.5037D-01  0.163123813296207E+02  0.184361483926881E+00    0.612952984828158E-01 -0.692755518503796E-03
  0.00000000  0.00000000  0.01000000    0.5128D-01  0.163948671947792E+02  0.256667051925673E+00    0.609797541405683E-01 -0.954658158340930E-03
  0.00000000  0.00000000  0.01000000    0.5219D-01  0.164666573270057E+02  0.339623358912401E+00    0.607029571351614E-01 -0.125199315129659E-02
  0.00000000  0.00000000  0.01000000    0.5312D-01  0.165269267420188E+02  0.424624432434052E+00    0.604674012732865E-01 -0.155358200270542E-02
  0.00000000  0.00000000  0.01000000    0.5406D-01  0.165792130431632E+02  0.509474618827717E+00    0.602595896702129E-01 -0.185176047849910E-02
  0.00000000  0.00000000  0.01000000    0.5500D-01  0.166256193933223E+02  0.594152096030769E+00    0.600714152162576E-01 -0.214678060515506E-02
  0.00000000  0.00000000  0.01000000    0.5596D-01  0.166671513704117E+02  0.678634412464466E+00    0.598989507811638E-01 -0.243889842764469E-02
  0.00000000  0.00000000  0.01000000    0.5692D-01  0.167044612215509E+02  0.762898472420568E+00    0.597396436775375E-01 -0.272833001316704E-02
  0.00000000  0.00000000  0.01000000    0.5789D-01  0.167380145389369E+02  0.846920521133735E+00    0.595916746767365E-01 -0.301525680092158E-02
  0.00000000  0.00000000  0.01000000    0.5888D-01  0.167681623222236E+02  0.930676129533090E+00    0.594536781041276E-01 -0.329983202459351E-02
  0.00000000  0.00000000  0.01000000    0.5987D-01  0.167951786750621E+02  0.101414017866633E+01    0.593245943065771E-01 -0.358218604477913E-02
  0.00000000  0.00000000  0.01000000    0.6088D-01  0.168192827390847E+02  0.109728684378951E+01    0.592035832395956E-01 -0.386243063998463E-02
  0.00000000  0.00000000  0.01000000    0.6189D-01  0.168406523267893E+02  0.118008957811564E+01    0.590899703871938E-01 -0.414066253919176E-02
  0.00000000  0.00000000  0.01000000    0.6291D-01  0.168594327262438E+02  0.126252109621486E+01    0.589832115238470E-01 -0.441696645910528E-02
  0.00000000  0.00000000  0.01000000    0.6395D-01  0.168757424527588E+02  0.134455335705916E+01    0.588828693693036E-01 -0.469141786830425E-02
  0.00000000  0.00000000  0.01000000    0.6499D-01  0.168896769029678E+02  0.142615754670398E+01    0.587885983523479E-01 -0.496408567683243E-02
  0.00000000  0.00000000  0.01000000    0.6605D-01  0.169013104241296E+02  0.150730406059948E+01    0.587001354046526E-01 -0.523503504952212E-02
  0.00000000  0.00000000  0.01000000    0.6711D-01  0.169106970400234E+02  0.158796248552351E+01    0.586172957391812E-01 -0.550433056759016E-02
  0.00000000  0.00000000  0.01000000    0.6819D-01  0.169178698781793E+02  0.166810158112858E+01    0.585399732971758E-01 -0.577204002155102E-02
  0.00000000  0.00000000  0.01000000    0.6928D-01  0.169228391737148E+02  0.174768926109476E+01    0.584681461549588E-01 -0.603823921637551E-02
  0.00000000  0.00000000  0.01000000    0.7038D-01  0.169255885947544E+02  0.182669257388038E+01    0.584018876369665E-01 -0.630301828794930E-02
  0.00000000  0.00000000  0.01000000    0.7149D-01  0.169260701799380E+02  0.190507768306215E+01    0.583413820561918E-01 -0.656648966787283E-02
  0.00000000  0.00000000  0.01000000    0.7261D-01  0.169242017876923E+02  0.198281274746673E+01    0.582869296614028E-01 -0.682880460733890E-02
  0.00000000  0.00000000  0.01000000    0.7374D-01  0.169198177417968E+02  0.205991363288517E+01    0.582390722442087E-01 -0.709035172323845E-02
  0.00000000  0.00000000  0.01000000    0.7488D-01  0.169125962549560E+02  0.213638962616523E+01    0.581988713794016E-01 -0.735164862893499E-02
  0.00000000  0.00000000  0.01000000    0.7604D-01  0.169019967864681E+02  0.221220760532246E+01    0.581681446891954E-01 -0.761330236271008E-02
  0.00000000  0.00000000  0.01000000    0.7720D-01  0.168868646378659E+02  0.228732839181343E+01    0.581507470998677E-01 -0.787652756737553E-02
  0.00000000  0.00000000  0.01000000    0.7838D-01  0.168655446598279E+02  0.236042047676766E+01    0.581534046334950E-01 -0.813887068928241E-02
  0.00000000  0.00000000  0.01000000    0.7957D-01  0.168377538144408E+02  0.242817605574841E+01    0.581803910504268E-01 -0.839020655721691E-02
  0.00000000  0.00000000  0.01000000    0.8077D-01  0.168041946017260E+02  0.248898208452482E+01    0.582314374680159E-01 -0.862504916475631E-02
  0.00000000  0.00000000  0.01000000    0.8198D-01  0.167642424416801E+02  0.254102272070191E+01    0.583110938031987E-01 -0.883844377330890E-02
  0.00000000  0.00000000  0.01000000    0.8321D-01  0.167182280230542E+02  0.257781030829524E+01    0.584258735819714E-01 -0.900877886000060E-02
  0.00000000  0.00000000  0.01000000    0.8445D-01  0.166782136647056E+02  0.258770282997388E+01    0.585490108103885E-01 -0.908415277631521E-02
  0.00000000  0.00000000  0.01000000    0.8570D-01  0.166565451038016E+02  0.258420810473505E+01    0.586253190061290E-01 -0.909552512686071E-02
  0.00000000  0.00000000  0.01000000    0.8696D-01  0.166522988074710E+02  0.257742997366787E+01    0.586467906428255E-01 -0.907730505018479E-02
  0.00000000  0.00000000  0.01000000    0.8824D-01  0.166633134019873E+02  0.256923684505419E+01    0.586185308189596E-01 -0.903811178184132E-02
  0.00000000  0.00000000  0.01000000    0.8953D-01  0.166899848108310E+02  0.256304867408345E+01    0.585357153715438E-01 -0.898921654932839E-02
  0.00000000  0.00000000  0.01000000    0.9083D-01  0.167290934281008E+02  0.256574656940333E+01    0.584023358040479E-01 -0.895718547920077E-02
  0.00000000  0.00000000  0.01000000    0.9214D-01  0.167763552606769E+02  0.257650090697833E+01    0.582341570333895E-01 -0.894356110622761E-02
  0.00000000  0.00000000  0.01000000    0.9347D-01  0.168282508313551E+02  0.259733073743531E+01    0.580412296192756E-01 -0.895828516222240E-02
  0.00000000  0.00000000  0.01000000    0.9481D-01  0.168814350739003E+02  0.262516615455189E+01    0.578380224876971E-01 -0.899416539033810E-02
  0.00000000  0.00000000  0.01000000    0.9617D-01  0.169353260146748E+02  0.265793890280247E+01    0.576286501062947E-01 -0.904461070904596E-02
  0.00000000  0.00000000  0.01000000    0.9754D-01  0.169897569733030E+02  0.269476311354100E+01    0.574145883565178E-01 -0.910658787676617E-02
  0.00000000  0.00000000  0.01000000    0.9892D-01  0.170447170757562E+02  0.273461869748744E+01    0.571969374344673E-01 -0.917655680948723E-02
  0.00000000  0.00000000  0.01000000    0.1003D+00  0.171000515820139E+02  0.277752618874691E+01    0.569761629756624E-01 -0.925452090247883E-02
  0.00000000  0.00000000  0.01000000    0.1017D+00  0.171540641424366E+02  0.282355938586039E+01    0.567574832765017E-01 -0.934228316348228E-02
  0.00000000  0.00000000  0.01000000    0.1031D+00  0.172045915776613E+02  0.286951365482451E+01    0.565508791163446E-01 -0.943198907594989E-02
  0.00000000  0.00000000  0.01000000    0.1046D+00  0.172549892311774E+02  0.290795089641635E+01    0.563537096478083E-01 -0.949718474414537E-02
  0.00000000  0.00000000  0.01000000    0.1060D+00  0.173111034941714E+02  0.294098591140411E+01    0.561458731978175E-01 -0.953863063171333E-02
  0.00000000  0.00000000  0.01000000    0.1075D+00  0.173734540028941E+02  0.297222062933682E+01    0.559223552667766E-01 -0.956710035536559E-02
  0.00000000  0.00000000  0.01000000    0.1090D+00  0.174443086208891E+02  0.299793506141340E+01    0.556807561793979E-01 -0.956915489309426E-02
  0.00000000  0.00000000  0.01000000    0.1105D+00  0.175276220229613E+02  0.302300800218061E+01    0.554047208338536E-01 -0.955571236188860E-02
  0.00000000  0.00000000  0.01000000    0.1120D+00  0.176223746506584E+02  0.305202307999207E+01    0.550935191954404E-01 -0.954165913934802E-02
  0.00000000  0.00000000  0.01000000    0.1135D+00  0.177267427888798E+02  0.308510535705028E+01    0.547535240719717E-01 -0.952912740053896E-02
  0.00000000  0.00000000  0.01000000    0.1151D+00  0.178404014115610E+02  0.312237198142256E+01    0.543866377012355E-01 -0.951858143797558E-02
  0.00000000  0.00000000  0.01000000    0.1166D+00  0.179634986945903E+02  0.316394281933116E+01    0.539934368094198E-01 -0.950995959020059E-02
  0.00000000  0.00000000  0.01000000    0.1182D+00  0.180965806566960E+02  0.320994051359742E+01    0.535734727453942E-01 -0.950277093125419E-02
  0.00000000  0.00000000  0.01000000    0.1198D+00  0.182409336618314E+02  0.326049054330193E+01    0.531244262744146E-01 -0.949576884041357E-02
  0.00000000  0.00000000  0.01000000    0.1214D+00  0.183994343913434E+02  0.331672153244092E+01    0.526390211819428E-01 -0.948882293267150E-02
  0.00000000  0.00000000  0.01000000    0.1230D+00  0.185709018771241E+02  0.338674153091643E+01    0.521144506601807E-01 -0.950401739126857E-02
  0.00000000  0.00000000  0.01000000    0.1247D+00  0.187384770412620E+02  0.347520704919664E+01    0.515916455788159E-01 -0.956810150581377E-02
  0.00000000  0.00000000  0.01000000    0.1263D+00  0.189192884046444E+02  0.353322078249046E+01    0.510748040235707E-01 -0.953833755150155E-02
  0.00000000  0.00000000  0.01000000    0.1280D+00  0.191508778909407E+02  0.359809013093449E+01    0.504365499716633E-01 -0.947608009015989E-02
  0.00000000  0.00000000  0.01000000    0.1297D+00  0.193961320768391E+02  0.373110220745296E+01    0.497169641312830E-01 -0.956371475937686E-02
  0.00000000  0.00000000  0.01000000    0.1314D+00  0.196329326582338E+02  0.386167534295573E+01    0.490376361429084E-01 -0.964539703091612E-02
  0.00000000  0.00000000  0.01000000    0.1331D+00  0.198871359618949E+02  0.399922492963571E+01    0.483293407475912E-01 -0.971884059730686E-02
  0.00000000  0.00000000  0.01000000    0.1348D+00  0.201622373778329E+02  0.415229400971414E+01    0.475796746057746E-01 -0.979875368727264E-02
  0.00000000  0.00000000  0.01000000    0.1366D+00  0.204581853019480E+02  0.432212249632497E+01    0.467917175196116E-01 -0.988550704514051E-02
  0.00000000  0.00000000  0.01000000    0.1384D+00  0.207805876626493E+02  0.450497919782323E+01    0.459617701967454E-01 -0.996395395514395E-02
  0.00000000  0.00000000  0.01000000    0.1402D+00  0.211434514606395E+02  0.470071891206276E+01    0.450683120081903E-01 -0.100198147396148E-01
  0.00000000  0.00000000  0.01000000    0.1420D+00  0.215688203284833E+02  0.491617422998342E+01    0.440735171637223E-01 -0.100456624889628E-01
  0.00000000  0.00000000  0.01000000    0.1438D+00  0.220927359873967E+02  0.517042437527920E+01    0.429133260250732E-01 -0.100431249000087E-01
  0.00000000  0.00000000  0.01000000    0.1457D+00  0.227585466688479E+02  0.553035169804135E+01    0.414895956900691E-01 -0.100820170687656E-01
  0.00000000  0.00000000  0.01000000    0.1475D+00  0.235058674907354E+02  0.616841724613377E+01    0.398016516334558E-01 -0.104447621198062E-01
  0.00000000  0.00000000  0.01000000    0.1494D+00  0.241735192149957E+02  0.710365153937372E+01    0.380792745653386E-01 -0.111900089920089E-01
  0.00000000  0.00000000  0.01000000    0.1513D+00  0.247026491429688E+02  0.821319018606878E+01    0.364519317301812E-01 -0.121196170587554E-01
  0.00000000  0.00000000  0.01000000    0.1532D+00  0.250911542829175E+02  0.953394274122434E+01    0.348264741757608E-01 -0.132330942979568E-01
  0.00000000  0.00000000  0.01000000    0.1552D+00  0.252974627897024E+02  0.111111357191336E+02    0.331370637833873E-01 -0.145544403441392E-01
  0.00000000  0.00000000  0.01000000    0.1571D+00  0.247175434160631E+02  0.132975442898605E+02    0.313761355503011E-01 -0.168797337624439E-01
  0.00000000  0.00000000  0.01000000    0.1591D+00  0.233850943960996E+02  0.145370236457807E+02    0.308434105530438E-01 -0.191733837345939E-01
  0.00000000  0.00000000  0.01000000    0.1611D+00  0.222333973447620E+02  0.150251547988312E+02    0.308763206716816E-01 -0.208659743050768E-01
  0.00000000  0.00000000  0.01000000    0.1631D+00  0.215264945077810E+02  0.154196289305482E+02    0.307014809819684E-01 -0.219917573755038E-01
  0.00000000  0.00000000  0.01000000    0.1652D+00  0.208133319330818E+02  0.162619305252369E+02    0.298336931312051E-01 -0.233097442817297E-01
  0.00000000  0.00000000  0.01000000    0.1672D+00  0.196851002477720E+02  0.170267956574995E+02    0.290591467999820E-01 -0.251349573188267E-01
  0.00000000  0.00000000  0.01000000    0.1693D+00  0.184200853488352E+02  0.172561518650626E+02    0.289135580083570E-01 -0.270865600513114E-01
  0.00000000  0.00000000  0.01000000    0.1714D+00  0.173563447695325E+02  0.171908885106571E+02    0.290838407244040E-01 -0.288065874464883E-01
  0.00000000  0.00000000  0.01000000    0.1736D+00  0.164912693474848E+02  0.170693727181421E+02    0.292748523198978E-01 -0.303010856828383E-01
  0.00000000  0.00000000  0.01000000    0.1757D+00  0.157364142850857E+02  0.169252088810398E+02    0.294635648754997E-01 -0.316893658786376E-01
  0.00000000  0.00000000  0.01000000    0.1779D+00  0.150492926702258E+02  0.167566163782647E+02    0.296674927982962E-01 -0.330332332967062E-01
  0.00000000  0.00000000  0.01000000    0.1801D+00  0.144286585753615E+02  0.165374225260065E+02    0.299553277676312E-01 -0.343333311001103E-01
  0.00000000  0.00000000  0.01000000    0.1823D+00  0.138872813853179E+02  0.162895167510353E+02    0.303080132167954E-01 -0.355507226567431E-01
  0.00000000  0.00000000  0.01000000    0.1845D+00  0.134245709901504E+02  0.160274632213411E+02    0.307129064772435E-01 -0.366678368601629E-01
  0.00000000  0.00000000  0.01000000    0.1868D+00  0.130396352046324E+02  0.157706642305771E+02    0.311397295273289E-01 -0.376616531750849E-01
  0.00000000  0.00000000  0.01000000    0.1890D+00  0.127099572770627E+02  0.155539360501552E+02    0.315017774571969E-01 -0.385506120401921E-01
  0.00000000  0.00000000  0.01000000    0.1913D+00  0.123998706132841E+02  0.153714181208450E+02    0.317915005813981E-01 -0.394101247800303E-01
  0.00000000  0.00000000  0.01000000    0.1937D+00  0.120928631712851E+02  0.152003880586493E+02    0.320519781550995E-01 -0.402884328635870E-01
  0.00000000  0.00000000  0.01000000    0.1960D+00  0.117876175448559E+02  0.150246878586761E+02    0.323223677294952E-01 -0.411986123693793E-01
  0.00000000  0.00000000  0.01000000    0.1984D+00  0.114857583696174E+02  0.148330453157744E+02    0.326353840389325E-01 -0.421462923708808E-01
  0.00000000  0.00000000  0.01000000    0.2008D+00  0.111959824982745E+02  0.146072996566599E+02    0.330534831800539E-01 -0.431245880905786E-01
  0.00000000  0.00000000  0.01000000    0.2032D+00  0.109468167974503E+02  0.143335006020492E+02    0.336533086222208E-01 -0.440648389685209E-01
  0.00000000  0.00000000  0.01000000    0.2056D+00  0.107642808277594E+02  0.140383224793080E+02    0.343968012819309E-01 -0.448588620437294E-01
  0.00000000  0.00000000  0.01000000    0.2081D+00  0.106523920336506E+02  0.137486559943636E+02    0.352146358004448E-01 -0.454502530565613E-01
  0.00000000  0.00000000  0.01000000    0.2106D+00  0.106057656220114E+02  0.134866107911527E+02    0.360285760542594E-01 -0.458150217457935E-01
  0.00000000  0.00000000  0.01000000    0.2131D+00  0.105975412238153E+02  0.132815620970824E+02    0.367068096585860E-01 -0.460034796345690E-01
  0.00000000  0.00000000  0.01000000    0.2157D+00  0.106053577262039E+02  0.131096964869357E+02    0.372984507301428E-01 -0.461060702645550E-01
  0.00000000  0.00000000  0.01000000    0.2182D+00  0.106259242343605E+02  0.129705064986404E+02    0.377952676188751E-01 -0.461346941175490E-01
  0.00000000  0.00000000  0.01000000    0.2208D+00  0.106483531895912E+02  0.128611279351630E+02    0.381940621836894E-01 -0.461309567180934E-01
  0.00000000  0.00000000  0.01000000    0.2235D+00  0.106694525373265E+02  0.127630428567364E+02    0.385551147503593E-01 -0.461205090124081E-01
  0.00000000  0.00000000  0.01000000    0.2261D+00  0.106963091015319E+02  0.126699105951925E+02    0.389044883457062E-01 -0.460828482435323E-01
  0.00000000  0.00000000  0.01000000    0.2288D+00  0.107328201939494E+02  0.125810984646634E+02    0.392457202292830E-01 -0.460041500368743E-01
  0.00000000  0.00000000  0.01000000    0.2315D+00  0.107836101697243E+02  0.124903282246682E+02    0.396027400130164E-01 -0.458706512543956E-01
  0.00000000  0.00000000  0.01000000    0.2342D+00  0.108566759063344E+02  0.123962411833897E+02    0.399827190018093E-01 -0.456525949738395E-01
  0.00000000  0.00000000  0.01000000    0.2370D+00  0.109637680309803E+02  0.122968786113894E+02    0.403944872257213E-01 -0.453061488149347E-01
  0.00000000  0.00000000  0.01000000    0.2397D+00  0.111119871889644E+02  0.122045121512339E+02    0.407889549702158E-01 -0.447993044002534E-01
  0.00000000  0.00000000  0.01000000    0.2426D+00  0.113119899395688E+02  0.121131131070314E+02    0.411811370691788E-01 -0.440976144657128E-01
  0.00000000  0.00000000  0.01000000    0.2454D+00  0.115846684674513E+02  0.120383504275940E+02    0.415033026251203E-01 -0.431286663323563E-01
  0.00000000  0.00000000  0.01000000    0.2483D+00  0.119277497878072E+02  0.120172298828048E+02    0.416057644413922E-01 -0.419178843148716E-01
  0.00000000  0.00000000  0.01000000    0.2512D+00  0.123352745792760E+02  0.120435353811327E+02    0.415041594998082E-01 -0.405225526345321E-01
  0.00000000  0.00000000  0.01000000    0.2541D+00  0.128417386636151E+02  0.121155352014881E+02    0.411995031208780E-01 -0.388696611432441E-01
  0.00000000  0.00000000  0.01000000    0.2570D+00  0.134658975527012E+02  0.123133778304541E+02    0.404442435178465E-01 -0.369827001544536E-01
  0.00000000  0.00000000  0.01000000    0.2600D+00  0.141700477186566E+02  0.126955149698115E+02    0.391474169160975E-01 -0.350737433885571E-01
  0.00000000  0.00000000  0.01000000    0.2630D+00  0.149458643352082E+02  0.132510509544271E+02    0.374611972078445E-01 -0.332132168392304E-01
  0.00000000  0.00000000  0.01000000    0.2661D+00  0.160421140019099E+02  0.139918184576943E+02    0.354036450590433E-01 -0.308788090115681E-01
  0.00000000  0.00000000  0.01000000    0.2692D+00  0.167753691032707E+02  0.161279248926906E+02    0.309781302656766E-01 -0.297825314701067E-01
  0.00000000  0.00000000  0.01000000    0.2723D+00  0.159947599676935E+02  0.184443201552123E+02    0.268357067582872E-01 -0.309455326645092E-01
  0.00000000  0.00000000  0.01000000    0.2754D+00  0.151153362782952E+02  0.187134698658679E+02    0.261209422010391E-01 -0.323389076992705E-01
  0.00000000  0.00000000  0.01000000    0.2786D+00  0.148598444346244E+02  0.196962328616693E+02    0.244101587978728E-01 -0.323548590288713E-01
  0.00000000  0.00000000  0.01000000    0.2818D+00  0.143736060723471E+02  0.206484058719123E+02    0.227086534381290E-01 -0.326221193648253E-01
  0.00000000  0.00000000  0.01000000    0.2850D+00  0.138837846594299E+02  0.213980063163702E+02    0.213388501705333E-01 -0.328879237134393E-01
  0.00000000  0.00000000  0.01000000    0.2883D+00  0.136033148633316E+02  0.220934694959174E+02    0.202077976505268E-01 -0.328199681810674E-01
  0.00000000  0.00000000  0.01000000    0.2916D+00  0.135506301344201E+02  0.230144920124262E+02    0.189974598723629E-01 -0.322654285558502E-01
  0.00000000  0.00000000  0.01000000    0.2949D+00  0.137266933901407E+02  0.242811536718104E+02    0.176436433474146E-01 -0.312098480874422E-01
  0.00000000  0.00000000  0.01000000    0.2983D+00  0.139409027490784E+02  0.264405253564125E+02    0.156034477581001E-01 -0.295937331693083E-01
  0.00000000  0.00000000  0.01000000    0.3017D+00  0.136943559768193E+02  0.297662020314439E+02    0.127559971581515E-01 -0.277265750331583E-01
  0.00000000  0.00000000  0.01000000    0.3051D+00  0.116239776480534E+02  0.349580683371651E+02    0.856478031136186E-02 -0.257578072225161E-01
  0.00000000  0.00000000  0.01000000    0.3086D+00  0.510433526713326E+01  0.409181715289427E+02    0.300193034718116E-02 -0.240645440464736E-01
  0.00000000  0.00000000  0.01000000    0.3121D+00 -0.737333191528087E+01  0.423417426274588E+02   -0.399164955390861E-02 -0.229222555030159E-01
  0.00000000  0.00000000  0.01000000    0.3156D+00 -0.127950941832148E+02  0.272822239165282E+02   -0.140909830350702E-01 -0.300453712072790E-01
  0.00000000  0.00000000  0.01000000    0.3192D+00 -0.989936293022184E+01  0.242954222077563E+02   -0.143830704522620E-01 -0.352995209635960E-01
  0.00000000  0.00000000  0.01000000    0.3228D+00 -0.936962798515838E+01  0.226558854880862E+02   -0.155880122298842E-01 -0.376920215644160E-01
  0.00000000  0.00000000  0.01000000    0.3265D+00 -0.953923466706618E+01  0.209688104345891E+02   -0.179752217949896E-01 -0.395125008969670E-01
  0.00000000  0.00000000  0.01000000    0.3301D+00 -0.965547715165021E+01  0.190388043506100E+02   -0.211880312234980E-01 -0.417788551205727E-01
  0.00000000  0.00000000  0.01000000    0.3339D+00 -0.929130514235724E+01  0.170764320762358E+02   -0.245845374748246E-01 -0.451837688981556E-01
  0.00000000  0.00000000  0.01000000    0.3376D+00 -0.857535750266262E+01  0.156908249471815E+02   -0.268198886383573E-01 -0.490738931405135E-01
  0.00000000  0.00000000  0.01000000    0.3414D+00 -0.780491831912362E+01  0.146906865982592E+02   -0.282037837157024E-01 -0.530861349871236E-01
  0.00000000  0.00000000  0.01000000    0.3452D+00 -0.716701894838525E+01  0.141529967167174E+02   -0.284774503981000E-01 -0.562355513341568E-01
  0.00000000  0.00000000  0.01000000    0.3491D+00 -0.672684101418312E+01  0.136981679854460E+02   -0.288841742774118E-01 -0.588181392333581E-01
  0.00000000  0.00000000  0.01000000    0.3530D+00 -0.637554282613915E+01  0.133744695754890E+02   -0.290425799776729E-01 -0.609248675599146E-01
  0.00000000  0.00000000  0.01000000    0.3570D+00 -0.621336624238884E+01  0.132496021958420E+02   -0.290130173520401E-01 -0.618683855770585E-01
  0.00000000  0.00000000  0.01000000    0.3610D+00 -0.651797734772680E+01  0.131971908172362E+02   -0.300853041001604E-01 -0.609148325964752E-01
  0.00000000  0.00000000  0.01000000    0.3650D+00 -0.680116802032726E+01  0.122770518595945E+02   -0.345268697626215E-01 -0.623257901228519E-01
  0.00000000  0.00000000  0.01000000    0.3691D+00 -0.669510838532585E+01  0.115452522774771E+02   -0.375881926765366E-01 -0.648182437279409E-01
  0.00000000  0.00000000  0.01000000    0.3732D+00 -0.646774952933725E+01  0.108322420664881E+02   -0.406344155137794E-01 -0.680548656188643E-01
  0.00000000  0.00000000  0.01000000    0.3773D+00 -0.607173240751226E+01  0.102057725819277E+02   -0.430546864377555E-01 -0.723691870587515E-01
  0.00000000  0.00000000  0.01000000    0.3815D+00 -0.563801428931572E+01  0.984384908347177E+01   -0.438113058019924E-01 -0.764935774075498E-01
  0.00000000  0.00000000  0.01000000    0.3858D+00 -0.525530665138812E+01  0.953059960472936E+01   -0.443670836581678E-01 -0.804605588265413E-01
  0.00000000  0.00000000  0.01000000    0.3900D+00 -0.485055260924920E+01  0.927096971671829E+01   -0.443058862813719E-01 -0.846828316434947E-01
  0.00000000  0.00000000  0.01000000    0.3944D+00 -0.439751791671496E+01  0.910101106568067E+01   -0.430426320304163E-01 -0.890801306154704E-01
  0.00000000  0.00000000  0.01000000    0.3987D+00 -0.388775650713279E+01  0.907041383631054E+01   -0.399206690717680E-01 -0.931377745594425E-01
  0.00000000  0.00000000  0.01000000    0.4031D+00 -0.330903842830550E+01  0.925593548507752E+01   -0.342472293106090E-01 -0.957952444221016E-01
  0.00000000  0.00000000  0.01000000    0.4076D+00 -0.270206855290710E+01  0.988263718099688E+01   -0.257419068519233E-01 -0.941493232993198E-01
  0.00000000  0.00000000  0.01000000    0.4121D+00 -0.263711742751618E+01  0.114934652839229E+02   -0.189646821635631E-01 -0.826546113545064E-01
  0.00000000  0.00000000  0.01000000    0.4166D+00 -0.557918788357413E+01  0.141497743578687E+02   -0.241164720233515E-01 -0.611634962935988E-01
  0.00000000  0.00000000  0.01000000    0.4212D+00 -0.752272411953151E+01  0.972440050117109E+01   -0.497681653589306E-01 -0.643338190353430E-01
  0.00000000  0.00000000  0.01000000    0.4259D+00 -0.644505155459246E+01  0.903468626740899E+01   -0.523289167960538E-01 -0.733547811000544E-01
  0.00000000  0.00000000  0.01000000    0.4305D+00 -0.624658030107534E+01  0.900220115797228E+01   -0.520290852837936E-01 -0.749812328049917E-01
  0.00000000  0.00000000  0.01000000    0.4353D+00 -0.640524007407981E+01  0.858911181682685E+01   -0.557948022521097E-01 -0.748180848490616E-01
  0.00000000  0.00000000  0.01000000    0.4401D+00 -0.644024529632746E+01  0.806950841624588E+01   -0.604186152861300E-01 -0.757034091275020E-01
  0.00000000  0.00000000  0.01000000    0.4449D+00 -0.637682751928465E+01  0.763637965067063E+01   -0.644265708307384E-01 -0.771521188187212E-01
  0.00000000  0.00000000  0.01000000    0.4497D+00 -0.631770739305443E+01  0.727508895090143E+01   -0.680491582464350E-01 -0.783612865358477E-01
  0.00000000  0.00000000  0.01000000    0.4547D+00 -0.626902981930079E+01  0.690152962959489E+01   -0.721143067851100E-01 -0.793901192594172E-01
  0.00000000  0.00000000  0.01000000    0.4596D+00 -0.620438927301262E+01  0.653138176647446E+01   -0.764526160258944E-01 -0.804819298625888E-01
  0.00000000  0.00000000  0.01000000    0.4647D+00 -0.609465544027958E+01  0.614311614898321E+01   -0.813893644660467E-01 -0.820365193908184E-01
  0.00000000  0.00000000  0.01000000    0.4697D+00 -0.594612165601642E+01  0.582011284242390E+01   -0.858892836522085E-01 -0.840691381255231E-01
  0.00000000  0.00000000  0.01000000    0.4749D+00 -0.579350362365048E+01  0.552947521128800E+01   -0.903262155261757E-01 -0.862097621968413E-01
  0.00000000  0.00000000  0.01000000    0.4800D+00 -0.564218629501008E+01  0.527742810448183E+01   -0.945319216684059E-01 -0.884205862937796E-01
  0.00000000  0.00000000  0.01000000    0.4853D+00 -0.551258561039275E+01  0.505637955590565E+01   -0.985171839778842E-01 -0.903641793847223E-01
  0.00000000  0.00000000  0.01000000    0.4905D+00 -0.539481368203941E+01  0.482241598874882E+01   -0.103033680226165E+00 -0.921016546978242E-01
  0.00000000  0.00000000  0.01000000    0.4959D+00 -0.526766560713036E+01  0.459604606741850E+01   -0.107785071837953E+00 -0.940426352949749E-01
  0.00000000  0.00000000  0.01000000    0.5013D+00 -0.513788004019930E+01  0.438814241895370E+01   -0.112540510614336E+00 -0.961182014008872E-01
  0.00000000  0.00000000  0.01000000    0.5067D+00 -0.501844976566355E+01  0.419548150008853E+01   -0.117289390112653E+00 -0.980552739097183E-01
  0.00000000  0.00000000  0.01000000    0.5122D+00 -0.490677409869965E+01  0.399396778173406E+01   -0.122582898741535E+00 -0.997788237887309E-01
  0.00000000  0.00000000  0.01000000    0.5177D+00 -0.477589780460903E+01  0.377756495390385E+01   -0.128802622873969E+00 -0.101878284261032E+00
  0.00000000  0.00000000  0.01000000    0.5233D+00 -0.462492478439079E+01  0.359022357634557E+01   -0.134917563730923E+00 -0.104733426109906E+00
  0.00000000  0.00000000  0.01000000    0.5290D+00 -0.447039187449963E+01  0.342206810741500E+01   -0.141044278682309E+00 -0.107968862990586E+00
  0.00000000  0.00000000  0.01000000    0.5347D+00 -0.432057822880935E+01  0.327986753788046E+01   -0.146833947460774E+00 -0.111465612293324E+00
  0.00000000  0.00000000  0.01000000    0.5405D+00 -0.419019989979185E+01  0.315220322013765E+01   -0.152403268468010E+00 -0.114649917692049E+00
  0.00000000  0.00000000  0.01000000    0.5463D+00 -0.406138786235396E+01  0.300316946662320E+01   -0.159183352866390E+00 -0.117707197914845E+00
  0.00000000  0.00000000  0.01000000    0.5522D+00 -0.391187151897616E+01  0.286562459999254E+01   -0.166359665059444E+00 -0.121866054733218E+00
  0.00000000  0.00000000  0.01000000    0.5582D+00 -0.376763265965462E+01  0.276782394184657E+01   -0.172385111474766E+00 -0.126639638695957E+00
  0.00000000  0.00000000  0.01000000    0.5642D+00 -0.364467213800455E+01  0.266975988697901E+01   -0.178561902358718E+00 -0.130798432947928E+00
  0.00000000  0.00000000  0.01000000    0.5703D+00 -0.352434466593826E+01  0.256068972192348E+01   -0.185705511199538E+00 -0.134928401988914E+00
  0.00000000  0.00000000  0.01000000    0.5764D+00 -0.338931751227570E+01  0.244872872449609E+01   -0.193855344075906E+00 -0.140057444519861E+00
  0.00000000  0.00000000  0.01000000    0.5826D+00 -0.324111302789144E+01  0.235830866896792E+01   -0.201731955039055E+00 -0.146784828015071E+00
  0.00000000  0.00000000  0.01000000    0.5888D+00 -0.309257183600007E+01  0.228995858678681E+01   -0.208845924247455E+00 -0.154644271146326E+00
  0.00000000  0.00000000  0.01000000    0.5952D+00 -0.294470863935308E+01  0.223791903771495E+01   -0.215262921793540E+00 -0.163595468956732E+00
  0.00000000  0.00000000  0.01000000    0.6016D+00 -0.279954846299103E+01  0.221531896173035E+01   -0.219656678454983E+00 -0.173817174906892E+00
  0.00000000  0.00000000  0.01000000    0.6080D+00 -0.268935917677000E+01  0.223728214542793E+01   -0.219753283049072E+00 -0.182813103140557E+00
  0.00000000  0.00000000  0.01000000    0.6145D+00 -0.263203634889635E+01  0.224256845336670E+01   -0.220130140505714E+00 -0.187557025548029E+00
  0.00000000  0.00000000  0.01000000    0.6211D+00 -0.250573385082523E+01  0.215626184726653E+01   -0.229291315317849E+00 -0.197312302328761E+00
  0.00000000  0.00000000  0.01000000    0.6277D+00 -0.239656787268647E+01  0.231707440689853E+01   -0.215666646812302E+00 -0.208513046279905E+00
  0.00000000  0.00000000  0.01000000    0.6344D+00 -0.254437653936461E+01  0.248722320193568E+01   -0.200975526483627E+00 -0.196461091649645E+00
  0.00000000  0.00000000  0.01000000    0.6412D+00 -0.271304423203302E+01  0.227245380256392E+01   -0.216616279591525E+00 -0.181438430838315E+00
  0.00000000  0.00000000  0.01000000    0.6481D+00 -0.270587858140852E+01  0.206754738590128E+01   -0.233335172418782E+00 -0.178290160204510E+00
  0.00000000  0.00000000  0.01000000    0.6550D+00 -0.261910544343781E+01  0.189691889654184E+01   -0.250440024959568E+00 -0.181384226811674E+00
  0.00000000  0.00000000  0.01000000    0.6620D+00 -0.249302904718456E+01  0.179511320171489E+01   -0.264158512820613E+00 -0.190208146289019E+00
  0.00000000  0.00000000  0.01000000    0.6690D+00 -0.240260450205637E+01  0.177947669362223E+01   -0.268776397799548E+00 -0.199067859595982E+00
  0.00000000  0.00000000  0.01000000    0.6762D+00 -0.238124256226368E+01  0.174607959985833E+01   -0.273106146429166E+00 -0.200258922981188E+00
  0.00000000  0.00000000  0.01000000    0.6833D+00 -0.235631611554316E+01  0.163481394700229E+01   -0.286487696175902E+00 -0.198765385621851E+00
  0.00000000  0.00000000  0.01000000    0.6906D+00 -0.228898892421090E+01  0.153258348303491E+01   -0.301647829537274E+00 -0.201967111484180E+00
  0.00000000  0.00000000  0.01000000    0.6980D+00 -0.220513989295443E+01  0.145195545589672E+01   -0.316338819621212E+00 -0.208290583526457E+00
  0.00000000  0.00000000  0.01000000    0.7054D+00 -0.213366260434670E+01  0.140152042749765E+01   -0.327410782487638E+00 -0.215063477657901E+00
  0.00000000  0.00000000  0.01000000    0.7129D+00 -0.207807907302105E+01  0.133259395094994E+01   -0.340991844947984E+00 -0.218665245129650E+00
  0.00000000  0.00000000  0.01000000    0.7204D+00 -0.200641899296225E+01  0.124385121011525E+01   -0.360032498439505E+00 -0.223197079192133E+00
  0.00000000  0.00000000  0.01000000    0.7281D+00 -0.190175930289824E+01  0.116443449308483E+01   -0.382447971105387E+00 -0.234170333063044E+00
  0.00000000  0.00000000  0.01000000    0.7358D+00 -0.178419891323645E+01  0.113501012168327E+01   -0.399005597900265E+00 -0.253825618245440E+00
  0.00000000  0.00000000  0.01000000    0.7436D+00 -0.171120824931392E+01  0.115924506943072E+01   -0.400555964857279E+00 -0.271353604961895E+00
  0.00000000  0.00000000  0.01000000    0.7515D+00 -0.168537521041589E+01  0.114162850888722E+01   -0.406721626100985E+00 -0.275502452313437E+00
  0.00000000  0.00000000  0.01000000    0.7594D+00 -0.163547477547277E+01  0.107454857040085E+01   -0.427080208467739E+00 -0.280602571398782E+00
  0.00000000  0.00000000  0.01000000    0.7675D+00 -0.157183531436614E+01  0.105875368672045E+01   -0.437638963144134E+00 -0.294783977333033E+00
  0.00000000  0.00000000  0.01000000    0.7756D+00 -0.153158178049151E+01  0.103600424578159E+01   -0.447955683319368E+00 -0.303009604679371E+00
  0.00000000  0.00000000  0.01000000    0.7838D+00 -0.149583585487594E+01  0.100077794014517E+01   -0.461808665690022E+00 -0.308969679850855E+00
  0.00000000  0.00000000  0.01000000    0.7920D+00 -0.145806049463239E+01  0.961714472497382E+00   -0.477921759535043E+00 -0.315229906137843E+00
  0.00000000  0.00000000  0.01000000    0.8004D+00 -0.141896141798217E+01  0.920204109472929E+00   -0.496100961217421E+00 -0.321724140938889E+00
  0.00000000  0.00000000  0.01000000    0.8089D+00 -0.137491203646293E+01  0.875253789535908E+00   -0.517574523862874E+00 -0.329482215126741E+00
  0.00000000  0.00000000  0.01000000    0.8174D+00 -0.132841783596665E+01  0.840176288545472E+00   -0.537692518472075E+00 -0.340071092330528E+00
  0.00000000  0.00000000  0.01000000    0.8260D+00 -0.130517119807245E+01  0.819010303920778E+00   -0.549719424738094E+00 -0.344955415650314E+00
  0.00000000  0.00000000  0.01000000    0.8347D+00 -0.128341577188433E+01  0.742995139332234E+00   -0.583583595739649E+00 -0.337848251928500E+00
  0.00000000  0.00000000  0.01000000    0.8435D+00 -0.122431808312000E+01  0.663736190434226E+00   -0.631254327420182E+00 -0.342220169949026E+00
  0.00000000  0.00000000  0.01000000    0.8524D+00 -0.114839036417184E+01  0.611863021921837E+00   -0.678245989188615E+00 -0.361369838600642E+00
  0.00000000  0.00000000  0.01000000    0.8613D+00 -0.107072209442963E+01  0.570030567368137E+00   -0.727698908866162E+00 -0.387412031611358E+00
  0.00000000  0.00000000  0.01000000    0.8704D+00 -0.988812628762127E+00  0.541667462299095E+00   -0.777885752912104E+00 -0.426122593383547E+00
  0.00000000  0.00000000  0.01000000    0.8796D+00 -0.914608584979163E+00  0.537978637921205E+00   -0.812313983651425E+00 -0.477808297086012E+00
  0.00000000  0.00000000  0.01000000    0.8888D+00 -0.862027065473471E+00  0.542852486554114E+00   -0.830645699744039E+00 -0.523090401232199E+00
  0.00000000  0.00000000  0.01000000    0.8981D+00 -0.831019751086389E+00  0.539051325038068E+00   -0.846968025420428E+00 -0.549396372072866E+00
  0.00000000  0.00000000  0.01000000    0.9076D+00 -0.799082427255441E+00  0.503990932446154E+00   -0.895290741390720E+00 -0.564670677484036E+00
  0.00000000  0.00000000  0.01000000    0.9171D+00 -0.744205627576912E+00  0.464358619163160E+00   -0.967165341393238E+00 -0.603477783276257E+00
  0.00000000  0.00000000  0.01000000    0.9267D+00 -0.674935186988547E+00  0.445378028644754E+00   -0.103217024172923E+01 -0.681111247938160E+00
  0.00000000  0.00000000  0.01000000    0.9364D+00 -0.614394500713154E+00  0.451683380360310E+00   -0.105657112326769E+01 -0.776757630471453E+00
  0.00000000  0.00000000  0.01000000    0.9462D+00 -0.569949599701281E+00  0.459147984303545E+00   -0.106401489618071E+01 -0.857164028374385E+00
  0.00000000  0.00000000  0.01000000    0.9561D+00 -0.540464156598212E+00  0.469288570339502E+00   -0.105490740422573E+01 -0.915983014832335E+00
  0.00000000  0.00000000  0.01000000    0.9662D+00 -0.521626902247326E+00  0.463885854434882E+00   -0.107047664409043E+01 -0.951981139310612E+00
  0.00000000  0.00000000  0.01000000    0.9763D+00 -0.497590184154623E+00  0.444877095069013E+00   -0.111689608218036E+01 -0.998575736333166E+00
  0.00000000  0.00000000  0.01000000    0.9865D+00 -0.468138185096275E+00  0.430685032798730E+00   -0.115691667443306E+01 -0.106435815692140E+01
  0.00000000  0.00000000  0.01000000    0.9968D+00 -0.440335167079084E+00  0.416282474608255E+00   -0.119921505058495E+01 -0.113370960615397E+01
  0.00000000  0.00000000  0.01000000    0.1007D+01 -0.410015346911500E+00  0.397705038240658E+00   -0.125662921954501E+01 -0.121890015966000E+01
  0.00000000  0.00000000  0.01000000    0.1018D+01 -0.379949237319629E+00  0.386822870816442E+00   -0.129237354907349E+01 -0.131575378318048E+01
  0.00000000  0.00000000  0.01000000    0.1028D+01 -0.355927862089441E+00  0.373494706788059E+00   -0.133715505363672E+01 -0.140315043547425E+01
  0.00000000  0.00000000  0.01000000    0.1039D+01 -0.332970459991536E+00  0.352209447725561E+00   -0.141737312486783E+01 -0.149926875057757E+01
  0.00000000  0.00000000  0.01000000    0.1050D+01 -0.301602753729185E+00  0.322892545227430E+00   -0.154490757655115E+01 -0.165396082550910E+01
  0.00000000  0.00000000  0.01000000    0.1061D+01 -0.263837572231197E+00  0.302235979901143E+00   -0.163918198474891E+01 -0.187774534615092E+01
  0.00000000  0.00000000  0.01000000    0.1072D+01 -0.220855032663359E+00  0.279213423734743E+00   -0.174262362792964E+01 -0.220309179088052E+01
  0.00000000  0.00000000  0.01000000    0.1083D+01 -0.173267699488344E+00  0.269629994384304E+00   -0.168676281255795E+01 -0.262485073109803E+01
  0.00000000  0.00000000  0.01000000    0.1094D+01 -0.128309012267193E+00  0.267854129705725E+00   -0.145460165994779E+01 -0.303658375050432E+01
  0.00000000  0.00000000  0.01000000    0.1106D+01 -0.927485628743208E-01  0.277684081562173E+00   -0.108211126621796E+01 -0.323978144561644E+01
  0.00000000  0.00000000  0.01000000    0.1117D+01 -0.691114181694903E-01  0.283042246988454E+00   -0.814135783710065E+00 -0.333425109306656E+01
  0.00000000  0.00000000  0.01000000    0.1129D+01 -0.524714547290512E-01  0.282518518441879E+00   -0.635478694582861E+00 -0.342156511996853E+01
  0.00000000  0.00000000  0.01000000    0.1141D+01 -0.325701845948438E-01  0.267028986302831E+00   -0.450080165388956E+00 -0.369001440470343E+01
  0.00000000  0.00000000  0.01000000    0.1153D+01  0.141153582664744E-02  0.252432962326982E+00    0.221506359237611E-01 -0.396132392681954E+01
  0.00000000  0.00000000  0.01000000    0.1165D+01  0.268131284797719E-01  0.263803909711279E+00    0.381347984744004E+00 -0.375193403529469E+01
  0.00000000  0.00000000  0.01000000    0.1177D+01  0.442452105261252E-01  0.249248473921986E+00    0.690442034434965E+00 -0.388949722169121E+01
  0.00000000  0.00000000  0.01000000    0.1189D+01  0.711277144825969E-01  0.237948658069536E+00    0.115319707518605E+01 -0.385787310229647E+01
  0.00000000  0.00000000  0.01000000    0.1201D+01  0.107900462997421E+00  0.223399194257742E+00    0.175306208843357E+01 -0.362957347133176E+01
  0.00000000  0.00000000  0.01000000    0.1214D+01  0.153948154571643E+00  0.228629370167775E+00    0.202639555886330E+01 -0.300941275731948E+01
  0.00000000  0.00000000  0.01000000    0.1226D+01  0.175740539821113E+00  0.265751841035971E+00    0.173128415765268E+01 -0.261801831678075E+01
  0.00000000  0.00000000  0.01000000    0.1239D+01  0.182325933858327E+00  0.267103354935126E+00    0.174329528388902E+01 -0.255388802413132E+01
  0.00000000  0.00000000  0.01000000    0.1252D+01  0.190472243823687E+00  0.281356081494669E+00    0.164995430903195E+01 -0.243723006415668E+01
  0.00000000  0.00000000  0.01000000    0.1265D+01  0.173882696041786E+00  0.293059182637968E+00    0.149745417167400E+01 -0.252378589461910E+01
  0.00000000  0.00000000  0.01000000    0.1278D+01  0.166767355328339E+00  0.247570208833580E+00    0.187163793420564E+01 -0.277849218943272E+01
  0.00000000  0.00000000  0.01000000    0.1291D+01  0.189856958511105E+00  0.217830557936891E+00    0.227384994951485E+01 -0.260887990122637E+01
  0.00000000  0.00000000  0.01000000    0.1305D+01  0.229958549521477E+00  0.189905042613006E+00    0.258540572526342E+01 -0.213508732530166E+01
  0.00000000  0.00000000  0.01000000    0.1318D+01  0.268204688291277E+00  0.201224697312086E+00    0.238562925950818E+01 -0.178985508680612E+01
  0.00000000  0.00000000  0.01000000    0.1332D+01  0.286088401912145E+00  0.207647820493884E+00    0.228936305252814E+01 -0.166165858175082E+01
  0.00000000  0.00000000  0.01000000    0.1346D+01  0.299959631273011E+00  0.202188761371926E+00    0.229228661989982E+01 -0.154512322348185E+01
  0.00000000  0.00000000  0.01000000    0.1360D+01  0.327307815400168E+00  0.185396825718969E+00    0.231309038450258E+01 -0.131020279599357E+01
  0.00000000  0.00000000  0.01000000    0.1374D+01  0.368343176473621E+00  0.188243918298259E+00    0.215263785188303E+01 -0.110011806868541E+01
  0.00000000  0.00000000  0.01000000    0.1388D+01  0.408821499292198E+00  0.213810558795281E+00    0.192070260984759E+01 -0.100451296960181E+01
  0.00000000  0.00000000  0.01000000    0.1402D+01  0.394509852510828E+00  0.289045929390578E+00    0.164938816133768E+01 -0.120845887874646E+01
  0.00000000  0.00000000  0.01000000    0.1417D+01  0.345506831482387E+00  0.268145188763805E+00    0.180631842573918E+01 -0.140186980720253E+01
  0.00000000  0.00000000  0.01000000    0.1431D+01  0.350698356744193E+00  0.209387458099188E+00    0.210209924500154E+01 -0.125507636154723E+01
  0.00000000  0.00000000  0.01000000    0.1446D+01  0.385757221106987E+00  0.199765472727039E+00    0.204412723441347E+01 -0.105855709486140E+01
  0.00000000  0.00000000  0.01000000    0.1461D+01  0.418107056409592E+00  0.198209986932686E+00    0.195285226895873E+01 -0.925779215581054E+00
  0.00000000  0.00000000  0.01000000    0.1476D+01  0.436200706985082E+00  0.227292813755446E+00    0.180298083692700E+01 -0.939486298416986E+00
  0.00000000  0.00000000  0.01000000    0.1491D+01  0.422744681709871E+00  0.248760786297738E+00    0.175708011803556E+01 -0.103393998945828E+01
  0.00000000  0.00000000  0.01000000    0.1507D+01  0.403832755293869E+00  0.233912668943517E+00    0.185417867143851E+01 -0.107399876817499E+01
  0.00000000  0.00000000  0.01000000    0.1522D+01  0.401117331374224E+00  0.208816587409139E+00    0.196145892395168E+01 -0.102111059983262E+01
  0.00000000  0.00000000  0.01000000    0.1538D+01  0.408279808752419E+00  0.186269916594189E+00    0.202732047824876E+01 -0.924926504563154E+00
  0.00000000  0.00000000  0.01000000    0.1554D+01  0.427711960625954E+00  0.157454420870646E+00    0.205898600707855E+01 -0.757978450850092E+00
  0.00000000  0.00000000  0.01000000    0.1570D+01  0.461267930075446E+00  0.143694167676596E+00    0.197616143960650E+01 -0.615613734976967E+00
  0.00000000  0.00000000  0.01000000    0.1586D+01  0.488068154504952E+00  0.154412064099739E+00    0.186247446238977E+01 -0.589238456588827E+00
  0.00000000  0.00000000  0.01000000    0.1602D+01  0.501394972854158E+00  0.161974243922113E+00    0.180596593811639E+01 -0.583412246258356E+00
  0.00000000  0.00000000  0.01000000    0.1619D+01  0.509271893315534E+00  0.168884925941424E+00    0.176904241185669E+01 -0.586650472243020E+00
  0.00000000  0.00000000  0.01000000    0.1636D+01  0.505741217194368E+00  0.177432009940348E+00    0.176059227461935E+01 -0.617678400238246E+00
  0.00000000  0.00000000  0.01000000    0.1652D+01  0.497261911609333E+00  0.164259280107817E+00    0.181316670576020E+01 -0.598938810414297E+00
  0.00000000  0.00000000  0.01000000    0.1669D+01  0.502551744212388E+00  0.137996777179888E+00    0.185032848466930E+01 -0.508085725597636E+00
  0.00000000  0.00000000  0.01000000    0.1687D+01  0.524225949362829E+00  0.117029604321444E+00    0.181701908610514E+01 -0.405636205055962E+00
  0.00000000  0.00000000  0.01000000    0.1704D+01  0.551807404674445E+00  0.111572191697712E+00    0.174104818705100E+01 -0.352029640115492E+00
  0.00000000  0.00000000  0.01000000    0.1721D+01  0.570042380926056E+00  0.120390328550139E+00    0.167935062138584E+01 -0.354671125910106E+00
  0.00000000  0.00000000  0.01000000    0.1739D+01  0.578085690974399E+00  0.121680097213101E+00    0.165645766821958E+01 -0.348664451041172E+00
  0.00000000  0.00000000  0.01000000    0.1757D+01  0.590470593071573E+00  0.114590225980765E+00    0.163209707682175E+01 -0.316734440376915E+00
  0.00000000  0.00000000  0.01000000    0.1775D+01  0.603946262472250E+00  0.119227231195467E+00    0.159366779840100E+01 -0.314611764084652E+00
  0.00000000  0.00000000  0.01000000    0.1793D+01  0.608498190360921E+00  0.122887341015033E+00    0.157899178617044E+01 -0.318880327272578E+00
  0.00000000  0.00000000  0.01000000    0.1812D+01  0.612344969549147E+00  0.115087713636346E+00    0.157734868966115E+01 -0.296456186182186E+00
  0.00000000  0.00000000  0.01000000    0.1830D+01  0.623750578573794E+00  0.105304337821277E+00    0.155877714402845E+01 -0.263159667664241E+00
  0.00000000  0.00000000  0.01000000    0.1849D+01  0.636587123455165E+00  0.103096743410389E+00    0.153072811796806E+01 -0.247904926434370E+00
  0.00000000  0.00000000  0.01000000    0.1868D+01  0.649350633483783E+00  0.968690361224914E-01    0.150647469230840E+01 -0.224733362627090E+00
  0.00000000  0.00000000  0.01000000    0.1887D+01  0.666700817704758E+00  0.930990192356501E-01    0.147123451224743E+01 -0.205445210982975E+00
  0.00000000  0.00000000  0.01000000    0.1907D+01  0.685132600360839E+00  0.964782781347414E-01    0.143119178426678E+01 -0.201536051494156E+00
  0.00000000  0.00000000  0.01000000    0.1926D+01  0.700428753193632E+00  0.105824485103034E+00    0.139583456792388E+01 -0.210890078064408E+00
  0.00000000  0.00000000  0.01000000    0.1946D+01  0.703229995820695E+00  0.123059596040326E+00    0.137975865056876E+01 -0.241446672043592E+00
  0.00000000  0.00000000  0.01000000    0.1966D+01  0.697895245362220E+00  0.121763579260669E+00    0.139055049948592E+01 -0.242612923766572E+00
  0.00000000  0.00000000  0.01000000    0.1986D+01  0.704146943208411E+00  0.108096178232568E+00    0.138746060659998E+01 -0.212994163318136E+00
  0.00000000  0.00000000  0.01000000    0.2007D+01  0.731356898530160E+00  0.100206893355974E+00    0.134212559840302E+01 -0.183891390072050E+00
  0.00000000  0.00000000  0.01000000    0.2027D+01  0.752241300386223E+00  0.136570743586615E+00    0.128694172437842E+01 -0.233646554849834E+00
  0.00000000  0.00000000  0.01000000    0.2048D+01  0.716801794316575E+00  0.185997432376207E+00    0.130707873994477E+01 -0.339163896450690E+00
  0.00000000  0.00000000  0.01000000    0.2069D+01  0.681358276161173E+00  0.136483059394087E+00    0.141103979438507E+01 -0.282645760391297E+00
  0.00000000  0.00000000  0.01000000    0.2090D+01  0.697276171324900E+00  0.104300647610824E+00    0.140276501506369E+01 -0.209829771235329E+00
  0.00000000  0.00000000  0.01000000    0.2111D+01  0.718487715941615E+00  0.105119557930597E+00    0.136264396808928E+01 -0.199363925595603E+00
  0.00000000  0.00000000  0.01000000    0.2133D+01  0.717101450233959E+00  0.116678159530669E+00    0.135853705230776E+01 -0.221044878469810E+00
  0.00000000  0.00000000  0.01000000    0.2155D+01  0.717093837330430E+00  0.929303768409295E-01    0.137148443103565E+01 -0.177734849154591E+00
  0.00000000  0.00000000  0.01000000    0.2177D+01  0.728800642282705E+00  0.886624216676298E-01    0.135210617187286E+01 -0.164490809413274E+00
  0.00000000  0.00000000  0.01000000    0.2199D+01  0.735650467772389E+00  0.803353313598572E-01    0.134332166939089E+01 -0.146694926681924E+00
  0.00000000  0.00000000  0.01000000    0.2222D+01  0.755551755014754E+00  0.622474271584626E-01    0.131461304020932E+01 -0.108306649966549E+00
  0.00000000  0.00000000  0.01000000    0.2244D+01  0.779952581844506E+00  0.739812417199423E-01    0.127069652935421E+01 -0.120530028721140E+00
  0.00000000  0.00000000  0.01000000    0.2267D+01  0.782209489005245E+00  0.941219505225173E-01    0.126018382143435E+01 -0.151635797005174E+00
  0.00000000  0.00000000  0.01000000    0.2291D+01  0.776556643473339E+00  0.887137356313502E-01    0.127114665312636E+01 -0.145215637625279E+00
  0.00000000  0.00000000  0.01000000    0.2314D+01  0.786653365932304E+00  0.765361134185728E-01    0.125928753188768E+01 -0.122520258021046E+00
  0.00000000  0.00000000  0.01000000    0.2338D+01  0.795360730988670E+00  0.875868390865426E-01    0.124222679284461E+01 -0.136796693594146E+00
  0.00000000  0.00000000  0.01000000    0.2362D+01  0.798268904495216E+00  0.824935871169058E-01    0.123947401292032E+01 -0.128087987504211E+00
  0.00000000  0.00000000  0.01000000    0.2386D+01  0.810463004081566E+00  0.814480003779838E-01    0.122152596526494E+01 -0.122758036800657E+00
  0.00000000  0.00000000  0.01000000    0.2410D+01  0.809036535437921E+00  0.101347259087123E+00    0.121694146131564E+01 -0.152445132168301E+00
  0.00000000  0.00000000  0.01000000    0.2435D+01  0.798085600745756E+00  0.897854847645735E-01    0.123733806601781E+01 -0.139201857509092E+00
  0.00000000  0.00000000  0.01000000    0.2460D+01  0.809978103576563E+00  0.686660831665292E-01    0.122579170653339E+01 -0.103916778606728E+00
  0.00000000  0.00000000  0.01000000    0.2485D+01  0.823063846409926E+00  0.811819703816387E-01    0.120326642826381E+01 -0.118682821468362E+00
  0.00000000  0.00000000  0.01000000    0.2510D+01  0.822985015394104E+00  0.807507856833452E-01    0.120350233665728E+01 -0.118086912202500E+00
  0.00000000  0.00000000  0.01000000    0.2536D+01  0.829955518901209E+00  0.737305628791421E-01    0.119544939724137E+01 -0.106199856431859E+00
  0.00000000  0.00000000  0.01000000    0.2562D+01  0.835112958355511E+00  0.815488661368909E-01    0.118613238516066E+01 -0.115825949208801E+00
  0.00000000  0.00000000  0.01000000    0.2588D+01  0.832590402036818E+00  0.786382815859662E-01    0.119045096582862E+01 -0.112438262603197E+00
  0.00000000  0.00000000  0.01000000    0.2614D+01  0.839783959963482E+00  0.648386644068858E-01    0.118372603254856E+01 -0.913939996870716E-01
  0.00000000  0.00000000  0.01000000    0.2641D+01  0.856317449290089E+00  0.647518262496160E-01    0.116115190302183E+01 -0.878023755515111E-01
  0.00000000  0.00000000  0.01000000    0.2668D+01  0.862398169357553E+00  0.791290114115625E-01    0.114987648662380E+01 -0.105506473534984E+00
  0.00000000  0.00000000  0.01000000    0.2695D+01  0.859744533434337E+00  0.792301911956581E-01    0.115334130307940E+01 -0.106286749613639E+00
  0.00000000  0.00000000  0.01000000    0.2723D+01  0.864835544715169E+00  0.731869338047040E-01    0.114806739006523E+01 -0.971555026773518E-01
  0.00000000  0.00000000  0.01000000    0.2750D+01  0.870174713272375E+00  0.797034867135434E-01    0.113963342737131E+01 -0.104384506181769E+00
  0.00000000  0.00000000  0.01000000    0.2778D+01  0.869433722102625E+00  0.803435320199185E-01    0.114043526183309E+01 -0.105386523028050E+00
  0.00000000  0.00000000  0.01000000    0.2807D+01  0.874149465861642E+00  0.745107666789252E-01    0.113571754752168E+01 -0.968063111645747E-01
  0.00000000  0.00000000  0.01000000    0.2835D+01  0.875049582097193E+00  0.830671885302206E-01    0.113258616560465E+01 -0.107514763128647E+00
  0.00000000  0.00000000  0.01000000    0.2864D+01  0.874362525012731E+00  0.723979829647406E-01    0.113590263877259E+01 -0.940537334788729E-01
  0.00000000  0.00000000  0.01000000    0.2893D+01  0.884102096992827E+00  0.676269069843112E-01    0.112451150575510E+01 -0.860163495383097E-01
  0.00000000  0.00000000  0.01000000    0.2923D+01  0.889313409320645E+00  0.737318236544665E-01    0.111678634710097E+01 -0.925913104886912E-01
  0.00000000  0.00000000  0.01000000    0.2953D+01  0.895097881744479E+00  0.666863793606548E-01    0.111102946864892E+01 -0.827736654708549E-01
  0.00000000  0.00000000  0.01000000    0.2983D+01  0.903510756920061E+00  0.723513625696386E-01    0.109974160169217E+01 -0.880651422769778E-01
  0.00000000  0.00000000  0.01000000    0.3013D+01  0.915092657051853E+00  0.707669497558680E-01    0.108628906266083E+01 -0.840060980986670E-01
  0.00000000  0.00000000  0.01000000    0.3044D+01  0.914989977412329E+00  0.976891084670006E-01    0.108059069522990E+01 -0.115369505940691E+00
  0.00000000  0.00000000  0.01000000    0.3075D+01  0.902251395255771E+00  0.933848972653671E-01    0.109659111587583E+01 -0.113499462828925E+00
  0.00000000  0.00000000  0.01000000    0.3106D+01  0.903249170252347E+00  0.850007681442751E-01    0.109739583954566E+01 -0.103271048999306E+00
  0.00000000  0.00000000  0.01000000    0.3138D+01  0.905829249391131E+00  0.890504930456304E-01    0.109339370127351E+01 -0.107489627053708E+00
  0.00000000  0.00000000  0.01000000    0.3170D+01  0.904245595869601E+00  0.878477713948649E-01    0.109555419630419E+01 -0.106433467884420E+00
  0.00000000  0.00000000  0.01000000    0.3202D+01  0.903680198844704E+00  0.854313706603246E-01    0.109678389733388E+01 -0.103686848275746E+00
  0.00000000  0.00000000  0.01000000    0.3234D+01  0.907165771681645E+00  0.800330960432321E-01    0.109382078210177E+01 -0.965004042709358E-01
  0.00000000  0.00000000  0.01000000    0.3267D+01  0.909333119631847E+00  0.842844944951401E-01    0.109033977277229E+01 -0.101061684207944E+00
  0.00000000  0.00000000  0.01000000    0.3301D+01  0.907264180881510E+00  0.815667857136827E-01    0.109337729578311E+01 -0.982991211035085E-01
  0.00000000  0.00000000  0.01000000    0.3334D+01  0.910872804330685E+00  0.745472589803793E-01    0.109054361730752E+01 -0.892518001221486E-01
  0.00000000  0.00000000  0.01000000    0.3368D+01  0.913289941355382E+00  0.783727899777895E-01    0.108693832671865E+01 -0.932742006030510E-01
  0.00000000  0.00000000  0.01000000    0.3402D+01  0.914435839398347E+00  0.717530270897866E-01    0.108687845150027E+01 -0.852840796628396E-01
  0.00000000  0.00000000  0.01000000    0.3437D+01  0.918818049974825E+00  0.708874558872349E-01    0.108191495465760E+01 -0.834704962795753E-01
  0.00000000  0.00000000  0.01000000    0.3472D+01  0.921136669603114E+00  0.691897269811696E-01    0.107952452723013E+01 -0.810867809015909E-01
  0.00000000  0.00000000  0.01000000    0.3507D+01  0.927786065506915E+00  0.628726469386736E-01    0.107290759748101E+01 -0.727069990401155E-01
  0.00000000  0.00000000  0.01000000    0.3543D+01  0.936201804988236E+00  0.671441580640963E-01    0.106267964326509E+01 -0.762151168249299E-01
  0.00000000  0.00000000  0.01000000    0.3579D+01  0.937321512343291E+00  0.734035019419726E-01    0.106036680320560E+01 -0.830394220908469E-01
  0.00000000  0.00000000  0.01000000    0.3615D+01  0.936489107795200E+00  0.712265140505567E-01    0.106167663937541E+01 -0.807478970573974E-01
  0.00000000  0.00000000  0.01000000    0.3652D+01  0.942092559901241E+00  0.668265936488053E-01    0.105615262316176E+01 -0.749173543908994E-01
  0.00000000  0.00000000  0.01000000    0.3689D+01  0.947127911890870E+00  0.730800828877806E-01    0.104957483320424E+01 -0.809848541517085E-01
  0.00000000  0.00000000  0.01000000    0.3726D+01  0.948000944977495E+00  0.745733715836867E-01    0.104836399707706E+01 -0.824683122133832E-01
  0.00000000  0.00000000  0.01000000    0.3764D+01  0.949353411059199E+00  0.761046456272124E-01    0.104662251335492E+01 -0.839021954905807E-01
  0.00000000  0.00000000  0.01000000    0.3803D+01  0.950127037320925E+00  0.774194359948215E-01    0.104554889389308E+01 -0.851947186962017E-01
  0.00000000  0.00000000  0.01000000    0.3841D+01  0.949812353982491E+00  0.778714200888914E-01    0.104580989443793E+01 -0.857418849959455E-01
  0.00000000  0.00000000  0.01000000    0.3880D+01  0.953225346241554E+00  0.732253227086622E-01    0.104291555340421E+01 -0.801151881420434E-01
  0.00000000  0.00000000  0.01000000    0.3920D+01  0.958647487796600E+00  0.769720545560659E-01    0.103645442961169E+01 -0.832193563499686E-01
  0.00000000  0.00000000  0.01000000    0.3959D+01  0.960901313355721E+00  0.807901717831650E-01    0.103338457550321E+01 -0.868843826234532E-01
  0.00000000  0.00000000  0.01000000    0.4000D+01  0.960045788499521E+00  0.857939259785656E-01    0.103336453833170E+01 -0.923460128386875E-01
  0.00000000  0.00000000  0.01000000    0.4040D+01  0.956788985459015E+00  0.860770887916570E-01    0.103677130056721E+01 -0.932726616336952E-01
  0.00000000  0.00000000  0.01000000    0.4081D+01  0.962604201820455E+00  0.788258417173945E-01    0.103192880465203E+01 -0.845027026323883E-01
  0.00000000  0.00000000  0.01000000    0.4123D+01  0.961242961419718E+00  0.969184250365929E-01    0.102985034310877E+01 -0.103835843052707E+00
  0.00000000  0.00000000  0.01000000    0.4164D+01  0.958243662983248E+00  0.848318851472803E-01    0.103546069393456E+01 -0.916677939605802E-01
  0.00000000  0.00000000  0.01000000    0.4207D+01  0.956638567850953E+00  0.979972106878895E-01    0.103447136270462E+01 -0.105970333507762E+00
  0.00000000  0.00000000  0.01000000    0.4249D+01  0.949001752635103E+00  0.892742963034235E-01    0.104449556785970E+01 -0.982575707092221E-01
  0.00000000  0.00000000  0.01000000    0.4292D+01  0.946843196541632E+00  0.854932336407523E-01    0.104760019786076E+01 -0.945908771430561E-01
  0.00000000  0.00000000  0.01000000    0.4336D+01  0.954173625866966E+00  0.711065437387686E-01    0.104223924776299E+01 -0.776693346454465E-01
  0.00000000  0.00000000  0.01000000    0.4380D+01  0.956211237059554E+00  0.854715200606605E-01    0.103750458667862E+01 -0.927379753097446E-01
  0.00000000  0.00000000  0.01000000    0.4424D+01  0.956260757085471E+00  0.688693237541428E-01    0.104034382148887E+01 -0.749249354079004E-01
  0.00000000  0.00000000  0.01000000    0.4469D+01  0.964180065724122E+00  0.730027702966098E-01    0.103123884272178E+01 -0.780801170159231E-01
  0.00000000  0.00000000  0.01000000    0.4515D+01  0.973942465506506E+00  0.663516744869732E-01    0.102201126201665E+01 -0.696264522607945E-01
  0.00000000  0.00000000  0.01000000    0.4560D+01  0.980540127520725E+00  0.833974630394130E-01    0.101252155381662E+01 -0.861175657079322E-01
  0.00000000  0.00000000  0.01000000    0.4607D+01  0.974974110417273E+00  0.873502317526964E-01    0.101750099280894E+01 -0.911603155210152E-01
  0.00000000  0.00000000  0.01000000    0.4653D+01  0.976068451036163E+00  0.821777143474041E-01    0.101730724029112E+01 -0.856497141234739E-01
  0.00000000  0.00000000  0.01000000    0.4700D+01  0.979607867446388E+00  0.881284571736214E-01    0.101262114042932E+01 -0.910984300688183E-01
  0.00000000  0.00000000  0.01000000    0.4748D+01  0.979092209390096E+00  0.904570098882947E-01    0.101271010871327E+01 -0.935629223062830E-01
  0.00000000  0.00000000  0.01000000    0.4796D+01  0.982560444525280E+00  0.896642556195000E-01    0.100934367583006E+01 -0.921083785346949E-01
  0.00000000  0.00000000  0.01000000    0.4845D+01  0.981332537667711E+00  0.100714867369447E+00    0.100840101174582E+01 -0.103492924421493E+00
  0.00000000  0.00000000  0.01000000    0.4894D+01  0.981947536147316E+00  0.928105163518705E-01    0.100936724392577E+01 -0.954021387588280E-01
  0.00000000  0.00000000  0.01000000    0.4944D+01  0.990118851951553E+00  0.100271613226165E+00    0.999726486001365E+00 -0.101244600422160E+00
  0.00000000  0.00000000  0.01000000    0.4994D+01  0.996322729512028E+00  0.110609323314998E+00    0.991471061306087E+00 -0.110070702924925E+00
  0.00000000  0.00000000  0.01000000    0.5044D+01  0.986193001484615E+00  0.139070424865472E+00    0.994229137619757E+00 -0.140203660312193E+00
  0.00000000  0.00000000  0.01000000    0.5095D+01  0.968504906151172E+00  0.135752818747394E+00    0.101262436119653E+01 -0.141936928240250E+00
  0.00000000  0.00000000  0.01000000    0.5147D+01  0.958215271813816E+00  0.139694999797932E+00    0.102188787919278E+01 -0.148977616279405E+00
  0.00000000  0.00000000  0.01000000    0.5199D+01  0.943846157837016E+00  0.141125750618674E+00    0.103632574588402E+01 -0.154953482152751E+00
  0.00000000  0.00000000  0.01000000    0.5252D+01  0.917726358015324E+00  0.141166205900744E+00    0.106446305180682E+01 -0.163737489974748E+00
  0.00000000  0.00000000  0.01000000    0.5305D+01  0.908907449378183E+00  0.956442988811954E-01    0.108817232297844E+01 -0.114508335215426E+00
  0.00000000  0.00000000  0.01000000    0.5359D+01  0.933367399610161E+00  0.777721030838515E-01    0.106400217956611E+01 -0.886571431841525E-01
  0.00000000  0.00000000  0.01000000    0.5413D+01  0.949481142838251E+00  0.929880360462773E-01    0.104320105791972E+01 -0.102166555185477E+00
  0.00000000  0.00000000  0.01000000    0.5468D+01  0.952109739532999E+00  0.101084817024646E+00    0.103859217095121E+01 -0.110266595545308E+00
  0.00000000  0.00000000  0.01000000    0.5523D+01  0.938011155849574E+00  0.122310873466066E+00    0.104826226743602E+01 -0.136686938904786E+00
  0.00000000  0.00000000  0.01000000    0.5579D+01  0.914181823466828E+00  0.107132885217930E+00    0.107905512114820E+01 -0.126454372062873E+00
  0.00000000  0.00000000  0.01000000    0.5635D+01  0.922714570736775E+00  0.713323422906429E-01    0.107732028552993E+01 -0.832844541543464E-01
  0.00000000  0.00000000  0.01000000    0.5692D+01  0.939406481182812E+00  0.847772872156560E-01    0.105590236763929E+01 -0.952905266103089E-01
  0.00000000  0.00000000  0.01000000    0.5750D+01  0.941319062767539E+00  0.883191241482247E-01    0.105306877791525E+01 -0.988040249178338E-01
  0.00000000  0.00000000  0.01000000    0.5808D+01  0.927426611901968E+00  0.105475607311891E+00    0.106448401223854E+01 -0.121063053640870E+00
  0.00000000  0.00000000  0.01000000    0.5867D+01  0.920382715985101E+00  0.755750404708710E-01    0.107922786492649E+01 -0.886182325597163E-01
  0.00000000  0.00000000  0.01000000    0.5926D+01  0.928968984943573E+00  0.790234777046598E-01    0.106872868118023E+01 -0.909122462411449E-01
  0.00000000  0.00000000  0.01000000    0.5986D+01  0.927865049146938E+00  0.777251433399791E-01    0.107023307426011E+01 -0.896509887731319E-01
  0.00000000  0.00000000  0.01000000    0.6047D+01  0.927187691334712E+00  0.740545704268699E-01    0.107169369655559E+01 -0.855962790159153E-01
  0.00000000  0.00000000  0.01000000    0.6108D+01  0.927973135857228E+00  0.702742063156898E-01    0.107147268087886E+01 -0.811412414090520E-01
  0.00000000  0.00000000  0.01000000    0.6170D+01  0.930934469464099E+00  0.669859028375010E-01    0.106865638856701E+01 -0.768957594323828E-01
  0.00000000  0.00000000  0.01000000    0.6232D+01  0.928475565382448E+00  0.714074072955675E-01    0.107070120322440E+01 -0.823457285911513E-01
  0.00000000  0.00000000  0.01000000    0.6295D+01  0.927522641354927E+00  0.593753487424869E-01    0.107374069546651E+01 -0.687354954043957E-01
  0.00000000  0.00000000  0.01000000    0.6359D+01  0.932564187380468E+00  0.584610745169040E-01    0.106811471578716E+01 -0.669585373717113E-01
  0.00000000  0.00000000  0.01000000    0.6423D+01  0.934435142432630E+00  0.574974252711020E-01    0.106612870168869E+01 -0.656007598292379E-01
  0.00000000  0.00000000  0.01000000    0.6488D+01  0.935266976926741E+00  0.561019903407903E-01    0.106537996624457E+01 -0.639068181065547E-01
  0.00000000  0.00000000  0.01000000    0.6554D+01  0.935378691431145E+00  0.533446738085273E-01    0.106561987022373E+01 -0.607723319995628E-01
  0.00000000  0.00000000  0.01000000    0.6620D+01  0.939784216631571E+00  0.457753805550834E-01    0.106155550401961E+01 -0.517066644841210E-01
  0.00000000  0.00000000  0.01000000    0.6687D+01  0.948460162583685E+00  0.455840557317931E-01    0.105191076179023E+01 -0.505560071808373E-01
  0.00000000  0.00000000  0.01000000    0.6755D+01  0.954961317034824E+00  0.505615368327418E-01    0.104423553354022E+01 -0.552882639844420E-01
  0.00000000  0.00000000  0.01000000    0.6823D+01  0.957057202226932E+00  0.581969111450361E-01    0.104102031152323E+01 -0.633025554051782E-01
  0.00000000  0.00000000  0.01000000    0.6892D+01  0.952356619813370E+00  0.660696544852178E-01    0.104499738233201E+01 -0.724965990178796E-01
  0.00000000  0.00000000  0.01000000    0.6962D+01  0.948139426282725E+00  0.629032223898234E-01    0.105007528848680E+01 -0.696660402117344E-01
  0.00000000  0.00000000  0.01000000    0.7032D+01  0.946417353965604E+00  0.657699182189306E-01    0.105153804555693E+01 -0.730751300898975E-01
  0.00000000  0.00000000  0.01000000    0.7103D+01  0.938157818647148E+00  0.684932637398949E-01    0.106026729790933E+01 -0.774082635427068E-01
  0.00000000  0.00000000  0.01000000    0.7175D+01  0.932887421719148E+00  0.564415650101638E-01    0.106803118341619E+01 -0.646180343610799E-01
  0.00000000  0.00000000  0.01000000    0.7247D+01  0.934743955306374E+00  0.504569832815243E-01    0.106670353589924E+01 -0.575800915017093E-01
  0.00000000  0.00000000  0.01000000    0.7321D+01  0.940106823877386E+00  0.431457334495452E-01    0.106147311841696E+01 -0.487157789602950E-01
  0.00000000  0.00000000  0.01000000    0.7395D+01  0.945184048165724E+00  0.454242516375602E-01    0.105555705474109E+01 -0.507286272609144E-01
  0.00000000  0.00000000  0.01000000    0.7469D+01  0.949388437251930E+00  0.425775083055302E-01    0.105119539866871E+01 -0.471432756723951E-01
  0.00000000  0.00000000  0.01000000    0.7545D+01  0.957682035962166E+00  0.453535156297868E-01    0.104185130303905E+01 -0.493395694833331E-01
  0.00000000  0.00000000  0.01000000    0.7621D+01  0.954757922346850E+00  0.620235390705808E-01    0.104298437797432E+01 -0.677549573595420E-01
  0.00000000  0.00000000  0.01000000    0.7698D+01  0.946509772227915E+00  0.566223153585099E-01    0.105274566908881E+01 -0.629775824999075E-01
  0.00000000  0.00000000  0.01000000    0.7776D+01  0.949953461985008E+00  0.526624293446131E-01    0.104945790635628E+01 -0.581786424864944E-01
  0.00000000  0.00000000  0.01000000    0.7854D+01  0.946037732969979E+00  0.663866278889860E-01    0.105186061559616E+01 -0.738125730560875E-01
  0.00000000  0.00000000  0.01000000    0.7934D+01  0.938242938065786E+00  0.587587381149479E-01    0.106165814986445E+01 -0.664877833496804E-01
  0.00000000  0.00000000  0.01000000    0.8014D+01  0.930444399700755E+00  0.629424795268318E-01    0.106985933524013E+01 -0.723735876389810E-01
  0.00000000  0.00000000  0.01000000    0.8095D+01  0.923434631503472E+00  0.464584199875473E-01    0.108017959713800E+01 -0.543443311240251E-01
  0.00000000  0.00000000  0.01000000    0.8176D+01  0.933256626682120E+00  0.332973837765603E-01    0.107015436071962E+01 -0.381817170435993E-01
  0.00000000  0.00000000  0.01000000    0.8259D+01  0.936718207481786E+00  0.454446917041596E-01    0.106505012236834E+01 -0.516706882325098E-01
  0.00000000  0.00000000  0.01000000    0.8342D+01  0.931336455029486E+00  0.375397437361292E-01    0.107198418366147E+01 -0.432088868920750E-01
  0.00000000  0.00000000  0.01000000    0.8427D+01  0.938844563233214E+00  0.264945222422871E-01    0.106429145430619E+01 -0.300346774244321E-01
  0.00000000  0.00000000  0.01000000    0.8512D+01  0.948544641910265E+00  0.333781927447084E-01    0.105294282658102E+01 -0.370518445436585E-01
  0.00000000  0.00000000  0.01000000    0.8598D+01  0.949733412064322E+00  0.414620448133867E-01    0.105092410364129E+01 -0.458796771042653E-01
  0.00000000  0.00000000  0.01000000    0.8685D+01  0.945385993360722E+00  0.484415347105351E-01    0.105499906863533E+01 -0.540581036336345E-01
  0.00000000  0.00000000  0.01000000    0.8772D+01  0.936822586224171E+00  0.517486076286295E-01    0.106419082189892E+01 -0.587842288329055E-01
  0.00000000  0.00000000  0.01000000    0.8861D+01  0.927366728583542E+00  0.489588163547448E-01    0.107532497741479E+01 -0.567700311734639E-01
  0.00000000  0.00000000  0.01000000    0.8950D+01  0.918506212424844E+00  0.430643192458875E-01    0.108633625877890E+01 -0.509330593779357E-01
  0.00000000  0.00000000  0.01000000    0.9041D+01  0.913457494997329E+00  0.298576580220804E-01    0.109357331183012E+01 -0.357449997898294E-01
  0.00000000  0.00000000  0.01000000    0.9132D+01  0.917592632210399E+00  0.157242495194284E-01    0.108948829180379E+01 -0.186699251361147E-01
  0.00000000  0.00000000  0.01000000    0.9224D+01  0.925764808251856E+00  0.117799683693248E-01    0.108001309011075E+01 -0.137427129726238E-01
  0.00000000  0.00000000  0.01000000    0.9317D+01  0.925853739706222E+00  0.146677565409476E-01    0.107981319087231E+01 -0.171068456216901E-01
  0.00000000  0.00000000  0.01000000    0.9411D+01  0.927912994532001E+00  0.116878307883340E-02    0.107768553662566E+01 -0.135743396949284E-02
  0.00000000  0.00000000  0.01000000    0.9506D+01  0.936375592738816E+00 -0.000000000000000E+00    0.106794752848597E+01  0.000000000000000E+00
  0.00000000  0.00000000  0.01000000    0.9602D+01  0.941286769966683E+00 -0.000000000000000E+00    0.106237549693320E+01  0.000000000000000E+00
  0.00000000  0.00000000  0.01000000    0.9699D+01  0.944816919221783E+00 -0.000000000000000E+00    0.105840610985636E+01  0.000000000000000E+00
  0.00000000  0.00000000  0.01000000    0.9797D+01  0.947697305472566E+00 -0.000000000000000E+00    0.105518924051531E+01  0.000000000000000E+00
  0.00000000  0.00000000  0.01000000    0.9896D+01  0.950161825742517E+00 -0.000000000000000E+00    0.105245230118410E+01  0.000000000000000E+00
  0.00000000  0.00000000  0.01000000    0.9996D+01  0.952329765635664E+00 -0.000000000000000E+00    0.105005643641992E+01  0.000000000000000E+00
