#  0 [0.0, 0.0, 1.082e-05, 0.0] EPS0001.nlfc.dat.intrabandonly
#  1 [0.0, 0.0, 0.00108194, 0.0] EPS0002.nlfc.dat.intrabandonly
#  2 [0.0, 0.0, 0.00153007, 0.0] EPS0003.nlfc.dat.intrabandonly
#  3 [0.0, 0.0, 0.00216387, 0.0] EPS0004.nlfc.dat.intrabandonly
#  4 [0.0, 0.0, 0.00306015, 0.0] EPS0005.nlfc.dat.intrabandonly
#  5 [0.0, 0.0, 0.00432774, 0.0] EPS0006.nlfc.dat.intrabandonly
# recid omega eps1.... eps2... where num of eps is the number of EPSfiles
0 0.0 1.0 1258121.66424578 631453.589080802 316805.941126255 158881.642269623 79531.8389513269 0.0 1.35949960954847e-14 4.66060450323234e-15 -4.46421641711877e-15 1.04572840825211e-15 -4.16894742461359e-16
1 1.015e-05 1.0 1243591.92175442 625168.32761078 314740.245447607 158273.178791059 79353.6385454886 0.0 53202.2746208998 22151.9910803409 8636.57347861871 3263.65760193844 1210.09127551433
2 3.076e-05 1.0 1215584.58017783 611655.597662916 307820.939107598 155495.341293421 78472.1428977533 0.0 94706.5550351383 38756.9940810891 17903.9459648773 7832.1265432258 3127.32165513574
3 5.2e-05 1.0 1198477.53693833 605580.17900597 304161.193615725 152904.338870507 77228.3737812698 0.0 148876.066503766 55046.2301574869 20553.5570889933 9243.80972725147 4319.98302944977
4 7.389e-05 1.0 1170900.26293839 599174.298439986 303202.709720455 152190.908830235 76313.2026619768 0.0 197769.113123619 74777.7156600242 27714.1358572295 10279.4421113184 4608.42600194263
5 9.644e-05 1.0 1142822.34923538 589362.924510467 300798.040835257 152013.909868402 76067.7702867204 0.0 231154.226595842 93354.8626117389 34951.4818058041 12866.2084438544 4917.15027764131
6 0.0001197 1.0 1123175.52275992 577437.742162515 297563.991932048 151251.171003642 76097.9881908532 0.0 260555.831513097 108503.782927739 42046.6232118002 15665.5803419818 5668.47634368612
7 0.0001436 1.0 1104465.50257559 567936.665014888 293549.615442996 150218.466230732 75966.6300949253 0.0 296872.487957613 117918.155208153 48600.6864233583 18277.6497306059 6775.67334904712
8 0.0001683 1.0 1086366.74536436 561965.76478309 289001.295487372 149001.134691487 75627.7912456141 0.0 325587.083451582 129755.262052669 54172.9431034954 20961.5472289858 7805.89309853959
9 0.0001937 1.0 1070293.37847237 554520.038910106 284585.89447762 147490.711942736 75246.972418601 0.0 360342.697628538 144288.694335062 58274.0601746654 23508.54960094 8792.22956789535
10 0.0002199 1.0 1051676.66611987 546826.033776757 282464.603712515 145824.653031914 74827.2675327376 0.0 393084.808195565 154875.494364906 60668.7103644375 25739.3227207012 9809.63971694099
11 0.0002469 1.0 1033388.2648654 541027.259745144 280529.610504467 144034.09522068 74310.2254945927 0.0 422839.798440866 166957.004012672 67355.4126515457 27782.10348981 10844.8756436835
12 0.0002748 1.0 1019003.24359517 534633.134428987 276946.006252145 142246.188845457 73702.3224857221 0.0 448419.877310964 180457.940949529 72155.2893992696 29252.2080001495 11801.0185974886
13 0.0003034 1.0 1016975.25067791 527328.053813305 273963.416271859 141286.363896673 73061.0729911984 0.0 471542.296641827 193245.769925876 76296.9740946268 30024.4543828176 12675.5029709543
14 0.000333 1.0 1019630.30119849 519991.279736705 271781.573747796 141024.782877946 72391.1585152215 0.0 516179.561471042 205229.287398838 80540.0474413271 31925.9950846222 13506.2284575805
15 0.0003634 1.0 1017826.4277282 513071.192417352 269594.37069169 139794.165464611 71638.5720772053 0.0 565813.916821082 216310.180510188 85920.9098250121 34964.2477693366 14269.8479459032
16 0.0003948 1.0 995205.530085197 507871.858049063 266856.928495478 138139.9548969 70927.2978890834 0.0 634560.464292946 225762.826705359 91183.6265702902 36337.9224951389 14733.8328021543
17 0.0004271 1.0 971368.303384877 507761.437371704 263941.503884011 137089.471683084 70572.6431269251 0.0 652244.153399055 234493.383330727 96248.7193740551 37950.9453838778 15017.3761755921
18 0.0004604 1.0 996948.143705863 509445.788667567 261000.028833808 136276.241979889 70546.5697328664 0.0 659859.261517182 252061.162736141 101088.044842712 39594.8777889062 15685.4468619751
19 0.0004948 1.0 1092780.27508892 508435.299689148 258161.118690732 135479.982119133 70093.6226424418 0.0 686897.968477369 271703.824799677 105671.228065914 41735.2613224425 17048.0664227006
20 0.0005301 1.0 1595262.38606936 506778.400104877 255525.620427831 134448.962167141 69365.7357155923 0.0 708922.302694021 293333.492901036 109961.151383833 43901.5526050976 17609.7222799609
21 0.0005666 1.0 891633.140036659 493681.893254741 253748.277074125 133307.904597518 68886.3488645608 0.0 2565034.087834 324276.684768 113484.877676049 46019.7666470092 18265.9583131443
22 0.0006041 1.0 12518.0914834989 480916.570576067 254136.450202943 132118.331942761 68472.3174189929 0.0 1097919.1501985 325803.511326786 117061.838508651 48081.3885040669 18898.8292151313
23 0.0006428 1.0 254941.007652587 489575.496095263 255114.849563763 130916.943419739 68167.3297696844 0.0 1150257.62146335 328165.744749129 124318.229882894 50077.2082492902 19582.5117034931
24 0.0006827 1.0 216932.659489201 515886.059311785 254828.263483472 129739.954549727 67857.6729337109 0.0 1043572.18274239 338812.302449351 132378.099897938 51997.2704817952 20463.9152377685
25 0.0007238 1.0 244350.645975219 580859.771506201 254289.111020819 128625.986261766 67450.3108646655 0.0 992137.27839129 350133.931580343 140735.065712889 53830.824924742 21370.2937400973
26 0.0007662 1.0 264794.284430191 869215.521353492 253319.153516666 127614.678398244 66989.9737857642 0.0 1012305.29489929 382423.554023257 150993.144399985 55543.1380744202 22265.6383168242
27 0.0008098 1.0 337152.463558023 439021.591530451 246262.868173525 127039.769437923 66501.3129673127 0.0 983892.557974621 1447039.14028572 164569.935880409 56913.4462731523 23147.2229688309
28 0.0008548 1.0 720872.991246296 -60483.2100275452 240374.213003371 127385.199620835 65996.4692936664 0.0 1052904.92740937 544891.801351011 162869.509990382 58472.7217943041 24012.0894420422
29 0.0009011 1.0 559277.412842748 119231.549123844 244508.043665936 127905.592521795 65485.8129327127 0.0 2377100.17121925 571527.128916915 163695.423016739 61569.063785309 24857.0358476405
30 0.0009488 1.0 -1412730.82214727 109342.006605841 254711.121276769 127871.480134885 64980.3573901892 0.0 3294477.82641322 537709.136217462 167807.640160812 64979.4163663591 25678.5951323889
31 0.000998 1.0 -2103611.29668185 111102.658613278 275339.298181551 127616.040738787 64493.0244272884 0.0 251888.741783714 509349.564979302 172765.334723549 68509.2329262056 26473.0176678576
32 0.001049 1.0 -1216081.95063115 125472.830706886 348177.512548967 127533.229195194 64035.3189252055 0.0 320713.722549372 494311.969793196 177040.052418572 72197.2386718957 27236.2518110418
33 0.001101 1.0 -969880.758667985 135830.199890506 407846.338639255 126951.296849316 63634.6147934964 0.0 1295.66515327864 507697.864888719 350364.193023852 77331.8170957527 27935.508051575
34 0.001155 1.0 -690863.111440981 177547.531576296 150771.690411718 123228.173197847 63462.8914701876 0.0 5.64635015671449e-15 488684.680080496 660698.669525443 83201.3117831119 28494.986942009
35 0.00121 1.0 -549754.511268602 353084.491795933 -25431.8846844041 120629.920779124 63666.3447000945 0.0 4.48743297544026e-15 527241.887533135 271513.165096416 81515.4275804065 29235.722874734
36 0.001267 1.0 -454614.084847831 472892.028176419 61827.9210096244 122746.022651389 63896.500123678 0.0 3.67224610158905e-15 1011460.89799918 282218.369025507 81864.4051733808 30595.489463362
37 0.001326 1.0 -384747.870048881 -570804.097723265 57449.907314284 127130.25916974 63886.8883323133 0.0 3.06963052403557e-15 2063152.30017954 276708.702203073 83426.3358223098 32083.2919547172
38 0.001387 1.0 -330879.310431059 -1220460.47340905 52986.994334365 134984.967075499 63768.1227608225 0.0 2.60760831338822e-15 277152.384493017 258913.412655889 85625.9571436511 33622.519278722
39 0.00145 1.0 -287958.711005607 -687717.07444832 59202.076897895 151993.704238572 63636.6395482706 0.0 2.24335107188656e-15 117699.758185254 247362.552612175 87749.8776999203 35215.6559220053
40 0.001514 1.0 -252932.839940612 -534245.890737247 66287.2891154308 229418.414170231 63608.6973755389 0.0 1.94977141373731e-15 118519.389176269 250045.176204017 89032.6006199538 36976.3229177445
41 0.00158 1.0 -223821.37340731 -440628.956298746 69821.0372862689 149304.922810756 63118.5342085696 0.0 1.70889861290015e-15 -6.64270376480221e-15 253090.412332697 350925.586674008 39566.8562664237
42 0.001649 1.0 -199272.268173446 -329824.148862099 95667.1674963512 -2608.56907597101 61059.7929685257 0.0 1.50834191469099e-15 -4.76204008343221e-15 243157.545440522 204471.025726239 42029.786307676
43 0.001719 1.0 -178325.223639131 -269938.950625906 181636.896223405 15151.3704755642 59857.8847945521 0.0 1.33928236120569e-15 -3.668031881057e-15 268323.288889458 135027.289383746 40805.1428759573
44 0.001792 1.0 -160276.326428325 -227707.045752675 273703.75139846 35716.636143068 60827.6989767322 0.0 1.19527380036908e-15 -2.9493485519281e-15 478457.886830841 140831.852122381 41038.8992593037
45 0.001867 1.0 -144596.104097053 -195709.746200521 -221420.174249525 30757.8908376089 62495.7552307024 0.0 1.07149646879374e-15 -2.44032881210176e-15 1084166.74954071 140137.054431872 41675.1486402616
46 0.001944 1.0 -130877.61820487 -170444.24328201 -629870.214790772 27292.8736868627 65246.4654321816 0.0 9.64275591285976e-16 -2.06087672561856e-15 265933.421099709 130046.752326345 42657.426547875
47 0.002024 1.0 -118802.336506441 -149925.908998508 -400919.822321164 29344.1244810053 70263.0759233124 0.0 8.70761338501324e-16 -1.76734142493274e-15 60881.3362919077 125205.024508087 43625.5774513767
48 0.002106 1.0 -108116.980259498 -132914.553469305 -297207.991924563 32858.1856208829 82584.1493042415 0.0 7.88710381734923e-16 -1.53382098265879e-15 84237.6029618734 123316.459294921 44443.4289935437
49 0.00219 1.0 -98617.391051292 -118583.576895934 -253206.405981733 34488.943331034 128602.016703985 0.0 7.16333312617373e-16 -1.34393341471339e-15 2582.01979779978 126944.689725133 52142.0629593322
50 0.002277 1.0 -90137.0255555845 -106355.608928029 -187403.248679705 38278.299617179 59216.0117970008 0.0 6.52185872365172e-16 -1.18679051427981e-15 8.09140475930046e-15 123996.245694886 219161.413930557
51 0.002367 1.0 -82538.5828146945 -95812.5386160034 -152388.915987098 57926.0182920796 -22298.7163895017 0.0 5.95089990539291e-16 -1.05486198027906e-15 6.17444826464301e-15 122294.60067243 75336.7783609446
52 0.002459 1.0 -75707.8013061858 -86642.7127235792 -128404.006566755 115710.626554651 11609.2593034437 0.0 5.44075522796516e-16 -9.42767395221689e-16 4.94465323283882e-15 140743.245664268 67309.919736142
53 0.002554 1.0 -69548.78989527 -78608.2507291006 -110405.034258822 125378.107399989 16856.2406731831 0.0 4.98336625701946e-16 -8.46556485357882e-16 4.08332815710157e-15 310406.347765126 71248.8877944497
54 0.002652 1.0 -63980.4630147846 -71523.9327637669 -96261.4701851808 -156488.927508145 14233.1093550776 0.0 4.57198653694677e-16 -7.63261386577101e-16 3.44522688639404e-15 537197.744334335 69102.3338750827
55 0.002753 1.0 -58933.7838262329 -65243.0771307647 -84803.8349616221 -327871.692182877 13379.9276130354 0.0 4.2009273391771e-16 -6.9060779499182e-16 2.95350020033843e-15 108983.117673527 64867.3922543083
56 0.002858 1.0 -54349.6073497309 -59647.8113414626 -75314.8483553797 -200317.374394987 14296.1718966664 0.0 3.86536020338655e-16 -6.2682272910583e-16 2.56330454102303e-15 30539.1552320034 62642.4896206754
57 0.002965 1.0 -50176.9750851519 -54642.1991555941 -67322.4769906378 -148138.756295833 16100.7457215203 0.0 3.56116201573442e-16 -5.70503098093201e-16 2.24657200150818e-15 37058.8541574977 61306.318766997
58 0.003075 1.0 -46371.7535454879 -50147.2782640424 -60500.0495272694 -128519.611828958 17367.1451167128 0.0 3.28479231404576e-16 -5.20523703065135e-16 1.98477738982748e-15 11694.2677229708 63018.0118818702
59 0.003189 1.0 -42895.5376881677 -46097.40841098 -54612.6505904946 -101451.774137241 18058.8831451542 0.0 3.03319526902403e-16 -4.75971490248514e-16 1.76517274325457e-15 -2.27319168041491e-15 63048.9255901211
60 0.003307 1.0 -39714.7604788324 -42437.538145163 -49486.1193508652 -81085.7349189197 24198.5735240999 0.0 2.8037207452139e-16 -4.36097690821039e-16 1.57868420718167e-15 -1.38174195121177e-15 60740.9275493142
61 0.003428 1.0 -36799.9643788756 -39121.1281103143 -44988.0781608221 -68350.9583501662 40201.5181136411 0.0 2.59406025047049e-16 -4.00282401916861e-16 1.41866994284209e-15 -9.92726430501998e-16 65589.5764530495
62 0.003553 1.0 -34125.2011414444 -36108.5517256619 -41015.7914147415 -58891.7235538123 81555.0281918163 0.0 2.40219460075856e-16 -3.6800798273489e-16 1.28015236637353e-15 -7.71222556394288e-16 87069.5150595739
63 0.003681 1.0 -31667.5341065734 -33365.8484140447 -37488.1058419449 -51473.4464466875 11170.8307292453 0.0 2.2263508781416e-16 -3.38838801574005e-16 1.15932522072253e-15 -6.26514931544678e-16 257209.019643916
64 0.003813 1.0 -29406.622994066 -30863.7408550356 -34339.9337196285 -45461.1831602632 -145171.311916555 0.0 2.06496681399421e-16 -3.12405628197449e-16 1.0532267517775e-15 -5.23792033679589e-16 186585.925365814
65 0.00395 1.0 -27324.375564925 -28576.8525014456 -31518.376800381 -40474.8967785116 -148682.610115542 0.0 1.91666114723608e-16 -2.8839347104022e-16 9.59516940318098e-16 -4.46751580666103e-16 17074.971867543
66 0.00409 1.0 -25404.6538395695 -26483.0787708291 -28979.9408539012 -36267.3058267068 -83688.1058848279 0.0 1.78020882116201e-16 -2.66532001377541e-16 8.76321964746246e-16 -3.86687368074818e-16 14760.5342783744
67 0.004235 1.0 -23633.0251012914 -24563.0774240722 -26688.4940783066 -32668.2733164307 -71894.5996163886 0.0 1.65452012388947e-16 -2.46587942915147e-16 8.02123286950048e-16 -3.38495088256094e-16 20976.3265092749
68 0.004385 1.0 -21996.5498775679 -22799.8522947365 -24613.7444446456 -29555.8333273956 -63413.7912703666 0.0 1.53862306011131e-16 -2.2835897042292e-16 7.35677065690566e-16 -2.98966713021589e-16 241.297238739628
69 0.004538 1.0 -20483.600618652 -21178.4107970289 -22730.0863377042 -26839.7130553973 -47791.9847337915 0.0 1.43164838647062e-16 -2.11668778632936e-16 6.75954619368566e-16 -2.65974939135592e-16 -1.1686996135787e-15
70 0.004697 1.0 -19083.7059901387 -19685.4802357371 -21015.7147090504 -24451.3508639152 -39574.3335185734 0.0 1.33281685326286e-16 -1.96363066925387e-16 6.22097775433245e-16 -2.38047856943437e-16 -6.90167449264544e-16
71 0.00486 1.0 -17787.4166415276 -18309.2713479172 -19451.9361208599 -22337.5493781104 -33781.6613519307 0.0 1.2414282825824e-16 -1.8230624680883e-16 5.73384927330742e-16 -2.14131335643787e-16 -4.73692450735091e-16
72 0.005029 1.0 -16586.1890637869 -17039.2800592985 -18022.6268001253 -20456.2802785782 -29354.6856485423 0.0 1.15685218267087e-16 -1.69378724411754e-16 5.29204911670369e-16 -1.93448660002372e-16 -3.51748864231715e-16
73 0.005202 1.0 -15472.2847492692 -15866.1203701556 -16713.8019008057 -18773.8211489218 -25824.9198323913 0.0 1.07851965261025e-16 -1.57474643821331e-16 4.89036676759273e-16 -1.75413701009372e-16 -2.74387667980647e-16
74 0.005381 1.0 -14438.6823485342 -14781.3827607744 -15513.2698972957 -17262.7479434793 -22930.4602768883 0.0 1.00591637537278e-16 -1.46500002333759e-16 4.52433294795816e-16 -1.59575082100071e-16 -2.21416085012095e-16
75 0.005565 1.0 -13479.0009121911 -13777.5136418238 -14410.3528615236 -15900.4943859635 -20508.0796410133 0.0 9.38576533502031e-17 -1.36371067848649e-16 4.19009270057603e-16 -1.45579074258247e-16 -1.83145346067981e-16
76 0.005755 1.0 -12587.4326167043 -12847.712258683 -13395.6582411141 -14668.2971511693 -18448.8397282948 0.0 8.76077507699727e-17 -1.27013043163115e-16 3.88430375035751e-16 -1.33144228984632e-16 -1.54369459532339e-16
77 0.00595 1.0 -11758.6836395037 -11985.8421455499 -12460.8912701527 -13550.4097100908 -16676.4183388921 0.0 8.18035245511234e-17 -1.1835893329341e-16 3.6040544477963e-16 -1.22043603790875e-16 -1.32053820041286e-16
78 0.006152 1.0 -10987.9220550749 -11186.3547715965 -11598.6997133196 -12533.5071222453 -15135.3365104906 0.0 7.64100202169855e-17 -1.10348580563754e-16 3.34679702070403e-16 -1.12092036151708e-16 -1.14316721903456e-16
79 0.00636 1.0 -10270.7318007083 -10444.2234497929 -10802.5445448873 -11606.2290135961 -13784.0697488963 0.0 7.13953773867776e-17 -1.02927839112193e-16 3.11029289598764e-16 -1.03136856723328e-16 -9.99330574786897e-17
80 0.006574 1.0 -9603.07190699611 -9754.88592362419 -10066.5915846881 -10758.8241866018 -12590.7859226519 0.0 6.67305155255284e-17 -9.60478657935407e-17 2.89256761410208e-16 -9.50509964915278e-17 -8.80730346091311e-17
81 0.006794 1.0 -8981.24030669307 -9114.19432249556 -9385.62018680709 -9982.87107433864 -11530.5900316458 0.0 6.23888564045674e-17 -8.96645087276364e-17 2.69187342437972e-16 -8.77277925216673e-17 -7.81558892771531e-17
82 0.007021 1.0 -8401.84163637732 -8518.37139973808 -8754.94589338914 -9271.05554542979 -10583.6783527737 0.0 5.83460783618394e-17 -8.37377781015688e-17 2.5066580731863e-16 -8.10770198548188e-17 -6.97637540197681e-17
83 0.007255 1.0 -7861.75852973194 -7963.97214687321 -8170.35459540655 -8616.99260014918 -9734.06441798797 0.0 5.45798981995658e-17 -7.82313865793886e-17 2.33553861807403e-16 -7.50218223803022e-17 -6.25887685955452e-17
84 0.007497 1.0 -7358.12597221993 -7447.85002588401 -7628.04622873292 -8015.08202785413 -8968.67710181093 0.0 5.10698772427112e-17 -7.31123488395364e-17 2.17727934611183e-16 -6.94963121448628e-17 -5.63994237303031e-17
85 0.007745 1.0 -6888.30834658895 -6967.12718166467 -7124.58641464135 -7460.39060951157 -8276.70800443934 0.0 4.77972484769377e-17 -6.83506315302311e-17 2.03077306313424e-16 -6.44436721186563e-17 -5.1018476223979e-17
86 0.008001 1.0 -6449.87884813837 -6519.16809622068 -6656.86475267139 -6948.55526248583 -7649.13010009141 0.0 4.47447621644433e-17 -6.39188463823602e-17 1.89502516677357e-16 -5.98146426091095e-17 -4.63080646089375e-17
87 0.008265 1.0 -6040.60099289467 -6101.55622866346 -6222.05871080802 -6475.70285057196 -7078.33665608507 0.0 4.18965477025802e-17 -5.97919803630397e-17 1.76914003053575e-16 -5.55663032196132e-17 -4.2159439293824e-17
88 0.008537 1.0 -5658.41197762967 -5712.07325261987 -5817.60224690756 -6038.38336226511 -6557.86626551266 0.0 3.92379897905587e-17 -5.59471577941863e-17 1.6523093157392e-16 -5.16610847353182e-17 -3.84857275296956e-17
89 0.008818 1.0 -5301.40768138564 -5348.68056065464 -5441.15844616892 -5633.51389261355 -6082.19061116438 0.0 3.67556172113618e-17 -5.23634300459921e-17 1.54380189926136e-16 -4.80659615413069e-17 -3.5216740754538e-17
90 0.009107 1.0 -4967.82912653166 -5009.50275184664 -5090.59558178753 -5258.33141711364 -5646.5486412057 0.0 3.4437002785894e-17 -4.90215891990083e-17 1.44295516158117e-16 -4.47517870085071e-17 -3.22951849856367e-17
91 0.009404 1.0 -4656.05023738213 -4692.81285935157 -4763.96610484224 -4910.35276727414 -5246.81556657054 0.0 3.22706732043741e-17 -4.59040024916906e-17 1.3491674248244e-16 -4.16927429926027e-17 -2.96738530932377e-17
92 0.009711 1.0 -4364.56675819683 -4397.01910839455 -4459.48814979305 -4587.34054123372 -4879.39831855678 0.0 3.02460276720245e-17 -4.29944649566607e-17 1.26189136695346e-16 -3.88658810893264e-17 -2.73135158123493e-17
93 0.01003 1.0 -4091.98620447399 -4120.65302328585 -4175.52920833125 -4287.27393389755 -4541.15134752025 0.0 2.835326434751e-17 -4.02780679057812e-17 1.18062826769213e-16 -3.62507381856914e-17 -2.51813176518307e-17
94 0.01035 1.0 -3837.01874173063 -3862.35872696887 -3910.5916782447 -4008.32366670588 -4229.3082258374 0.0 2.65833137787588e-17 -3.77410813588788e-17 1.10492296576277e-16 -3.38290125610686e-17 -2.32495427479873e-17
95 0.01069 1.0 -3598.46889320206 -3620.8832964231 -3663.30003908785 -3748.83035140296 -3941.42565092677 0.0 2.49277785382667e-17 -3.53708486825891e-17 1.03435942671455e-16 -3.15842896243332e-17 -2.14946552651547e-17
96 0.01103 1.0 -3375.22799366299 -3395.0680553258 -3432.38944355906 -3507.28574414527 -3675.33726578492 0.0 2.33788784520365e-17 -3.3155692040707e-17 9.68556836273397e-17 -2.95018085881895e-17 -1.98965459625613e-17
97 0.01139 1.0 -3166.26731312604 -3183.84070060357 -3216.69554464459 -3282.31644346107 -3429.11531767268 0.0 2.19294007926368e-17 -3.10848273308328e-17 9.07166147986638e-17 -2.75682630870898e-17 -1.84379352722414e-17
98 0.01176 1.0 -2970.63178431772 -2986.20817168339 -3015.1454038787 -3072.6696633354 -3201.03862364439 0.0 2.05726549845778e-17 -2.91482875737949e-17 8.49867024318567e-17 -2.57716300608479e-17 -1.71038963877869e-17
99 0.01214 1.0 -2787.4342748956 -2801.25018318235 -2826.74934941843 -2877.2007761762 -2989.56564771313 0.0 1.93024313023052e-17 -2.73368537659083e-17 7.96365119840123e-17 -2.41010223431095e-17 -1.588147125456e-17
100 0.01253 1.0 -2615.85035048094 -2628.11335109254 -2650.59366866968 -2694.8623702226 -2793.31174908476 0.0 1.81129632282157e-17 -2.56419923730726e-17 7.46389662493343e-17 -2.2546561140758e-17 -1.47593590931889e-17
101 0.01293 1.0 -2455.11348351028 -2466.00585053561 -2485.83403824955 -2524.69460895428 -2611.02985582855 0.0 1.69988930410688e-17 -2.40557987498077e-17 6.99691295511875e-17 -2.10992653746475e-17 -1.37276620302121e-17
102 0.01334 1.0 -2304.51066377111 -2314.1925512666 -2331.6896048302 -2365.81671243963 -2441.5939682129 0.0 1.59552404083719e-17 -2.25709458263488e-17 6.5604014764019e-17 -1.97509552638984e-17 -1.27776760288895e-17
103 0.01377 1.0 -2163.37837430468 -2171.99058175734 -2187.43764376368 -2217.41941012798 -2283.98501299483 0.0 1.49773735760086e-17 -2.11806375299554e-17 6.15224103957974e-17 -1.84941681027701e-17 -1.19017180101435e-17
104 0.01421 1.0 -2031.09889914734 -2038.76528056716 -2052.40873030548 -2078.75823623935 -2137.2786610796 0.0 1.4060983054386e-17 -1.98785664148221e-17 5.77047253445489e-17 -1.73220844051089e-17 -1.10929820891635e-17
105 0.01466 1.0 -1907.0969314255 -1913.92649541603 -1925.9823671492 -1949.14755940003 -2000.63479319233 0.0 1.32020574288617e-17 -1.86588751162071e-17 5.41328492484829e-17 -1.62284629912689e-17 -1.03454193793198e-17
106 0.01513 1.0 -1790.83645577546 -1796.92519816751 -1807.58301928011 -1827.95525300277 -1873.28835537825 0.0 1.2396861194406e-17 -1.75161211630531e-17 5.0790026639763e-17 -1.5207583737248e-17 -9.65363699103277e-18
107 0.01561 1.0 -1681.81788050453 -1687.25038348616 -1696.67651252022 -1714.59792710549 -1754.54139191333 0.0 1.16419143795092e-17 -1.64452449272781e-17 4.76607433355703e-17 -1.42541969639948e-17 -9.01281274753578e-18
108 0.0161 1.0 -1579.5753972563 -1584.42622690578 -1592.76675772762 -1608.53665325548 -1643.75607978829 0.0 1.09339738304603e-17 -1.54415402482083e-17 4.47306237087993e-17 -1.33634785781751e-17 -8.41862285073229e-18
109 0.01662 1.0 -1483.67454777028 -1488.0094752671 -1495.39276728715 -1509.27312338999 -1540.34861885147 0.0 1.02700159669131e-17 -1.45006276595405e-17 4.19863376365585e-17 -1.25309901989857e-17 -7.86718025293193e-18
110 0.01714 1.0 -1393.70998048095 -1397.58705098841 -1404.12593407756 -1416.34619195008 -1443.78385558315 0.0 9.647220931622e-18 -1.36184297904289e-17 3.94155160928865e-17 -1.17526436444317e-17 -7.35498194235265e-18
111 0.01768 1.0 -1309.30338197068 -1312.77384891152 -1318.56754673592 -1329.32875700057 -1353.57053825961 0.0 9.06295796371568e-18 -1.27911488329036e-17 3.70066744749069e-17 -1.10246692281827e-17 -6.87886367980343e-18
112 0.01824 1.0 -1230.10156485582 -1233.21070924047 -1238.34651800522 -1247.82494211881 -1269.25711750894 0.0 8.51477190415389e-18 -1.20152458969344e-17 3.47491428264998e-17 -1.03435873809831e-17 -6.43596096586476e-18
113 0.01882 1.0 -1155.7747030091 -1158.56255051458 -1163.11730535879 -1171.467545564 -1190.42801936173 0.0 8.00037076314062e-18 -1.12874220023685e-17 3.26330022913117e-17 -9.70618321675671e-18 -6.02367528974802e-18
114 0.01941 1.0 -1086.01469909367 -1088.51664910615 -1092.55800565158 -1099.9157275826 -1116.70032918501 0.0 7.51761423374239e-18 -1.06046006310499e-17 3.06490271258293e-17 -9.10948366633651e-18 -5.63964481976334e-18
115 0.02002 1.0 -1020.53367519568 -1022.78105244125 -1026.36860731195 -1032.85291028312 -1047.72083379731 0.0 7.06450307011379e-18 -9.96391165306971e-18 2.87886317482252e-17 -8.5507369061818e-18 -5.28171888522943e-18
116 0.02065 1.0 -959.062575038273 -961.083113839308 -964.269385428589 -969.984867644073 -983.163376915093 0.0 6.63916926028484e-18 -9.36267653247163e-18 2.70438223017848e-17 -8.02739379502656e-18 -4.94793567904048e-18
117 0.0213 1.0 -901.349870103163 -903.168139267473 -905.99942649744 -911.037985947325 -922.726489403716 0.0 6.23986695228851e-18 -8.79839471179141e-18 2.54071523279064e-17 -7.53709110426601e-18 -4.63650271475344e-18
118 0.02197 1.0 -847.160361143608 -848.798137365446 -851.315271279749 -855.757677086569 -866.131261115446 0.0 5.86496404342121e-18 -8.2687309615418e-18 2.38716821123004e-17 -7.0776363433238e-18 -4.34577966763328e-18
119 0.02266 1.0 -796.274065390008 -797.750661694788 -799.989665110708 -803.906929732189 -813.119425906404 0.0 5.51293435905953e-18 -7.77150385417235e-18 2.2430941397405e-17 -6.64699399192059e-18 -4.07426322815898e-18
120 0.02337 1.0 -748.485187031535 -749.817740864056 -751.810405951032 -755.264984157769 -763.451634863731 0.0 5.18235050149062e-18 -7.30467494464007e-18 2.10788951380571e-17 -6.2432730175212e-18 -3.82057374678386e-18
121 0.0241 1.0 -703.601159192741 -704.804886499439 -706.579282117494 -709.626119229288 -716.905896555915 0.0 4.87187707401118e-18 -6.86633891176692e-18 1.9809911999452e-17 -5.86471550326866e-18 -3.58344337789033e-18
122 0.02486 1.0 -661.441756009117 -662.530174814648 -664.111091345067 -666.798540392869 -673.276165357354 0.0 4.58026451569506e-18 -6.4547143500861e-18 1.86187353848095e-17 -5.50968630565935e-18 -3.36170556945591e-18
123 0.02564 1.0 -621.838267645106 -622.823394720665 -624.232734855992 -626.603359331008 -632.371061797297 0.0 4.30634333484999e-18 -6.06813527377676e-18 1.75004567312687e-17 -5.17666361263511e-18 -3.15428569698781e-18
124 0.02644 1.0 -584.632733664808 -585.525257536752 -586.782379630826 -588.873656522887 -594.012710526044 0.0 4.04901873000026e-18 -5.70504324916558e-18 1.64504909003336e-17 -4.86423033254452e-18 -2.96019270951469e-18
125 0.02726 1.0 -549.677229660233 -550.486663775118 -551.608683473395 -553.453619336844 -558.035683492217 0.0 3.80726563608648e-18 -5.36398009778421e-18 1.54645534767334e-17 -4.57106620684539e-18 -2.77851166293953e-18
126 0.02811 1.0 -516.833205186206 -517.568022103502 -518.570077479064 -520.197748576458 -524.286037319363 0.0 3.58012407634493e-18 -5.04358112528523e-18 1.45386397883456e-17 -4.2959406027125e-18 -2.60839702528989e-18
127 0.02899 1.0 -485.970866198244 -486.638616565392 -487.534101508962 -488.970127468959 -492.620435230721 0.0 3.36669489592359e-18 -4.74256885462588e-18 1.36690055235133e-17 -4.03770589302591e-18 -2.44906666863499e-18
128 0.02989 1.0 -456.968601307282 -457.576018682639 -458.376788047467 -459.643747513382 -462.905345000254 0.0 3.16613572848106e-18 -4.45974717220243e-18 1.28521488280826e-17 -3.79529139774739e-18 -2.29979646089766e-18
129 0.03082 1.0 -429.712447107692 -430.265540538291 -430.982090813204 -432.099886308395 -435.016305300203 0.0 2.97765727917475e-18 -4.1939959469861e-18 1.20847936851434e-17 -3.56769779756377e-18 -2.15991539950763e-18
130 0.03178 1.0 -404.095590528767 -404.599725974935 -405.241354264696 -406.227532886876 -408.837253906853 0.0 2.80051985952057e-18 -3.94426597693767e-18 1.13638745756914e-17 -3.35399201683833e-18 -2.02880119631234e-18
131 0.03277 1.0 -380.017904798531 -380.477877598826 -381.052821665637 -381.922856182508 -384.259911575139 0.0 2.63403018827953e-18 -3.70957430969738e-18 1.06865222482027e-17 -3.1533025014744e-18 -1.90587632327317e-18
132 0.03379 1.0 -357.385516840361 -357.805615559215 -358.32117708355 -359.088713703976 -361.183216635006 0.0 2.4775383495048e-18 -3.48899989148943e-18 1.00500504882692e-17 -2.96481487396012e-18 -1.79060438167303e-18
133 0.03484 1.0 -336.110404616878 -336.49446687523 -336.957120651596 -337.63419630566 -339.512805206901 0.0 2.33043496001004e-18 -3.28167953641245e-18 9.4519438915613e-18 -2.78776791718372e-18 -1.68248684127045e-18
134 0.03592 1.0 -316.110019664582 -316.461483336355 -316.876972895348 -317.474206611889 -319.160533084165 0.0 2.19214862345236e-18 -3.08680412538526e-18 8.88984648692676e-18 -2.62144988456774e-18 -1.58106006409996e-18
135 0.03703 1.0 -297.3069382937 -297.628884659477 -298.002306899456 -298.529068067411 -300.044035429375 0.0 2.06214346039935e-18 -2.90361512914114e-18 8.36155116511574e-18 -2.4651950644662e-18 -1.4858925960823e-18
136 0.03818 1.0 -279.628533362761 -279.923726156815 -280.259605906161 -280.724162416702 -282.086320890156 0.0 1.93991679564376e-18 -2.7314012970683e-18 7.86498987149748e-18 -2.31838063475345e-18 -1.39658269740596e-18
137 0.03936 1.0 -263.006667910576 -263.27758859973 -263.579944543005 -263.989592965087 -265.215397064156 0.0 1.8249971329538e-18 -2.56949565259444e-18 7.39822447044539e-18 -2.18042372968109e-18 -1.31275608938762e-18
138 0.04058 1.0 -247.377410788089 -247.626288868525 -247.898691561071 -248.259872131496 -249.36392466105 0.0 1.71694204402917e-18 -2.41727259777734e-18 6.95943825413328e-18 -2.05077873125868e-18 -1.2340638963984e-18
139 0.04184 1.0 -232.680769431892 -232.909610099665 -233.155233326601 -233.473630807467 -234.468897840284 0.0 1.61533643012535e-18 -2.27414531956088e-18 6.5469280290451e-18 -1.92893475893756e-18 -1.1601807526666e-18
140 0.04313 1.0 -218.860441460862 -219.071049313276 -219.29271542749 -219.573348244506 -220.471348511705 0.0 1.51979072872739e-18 -2.13956325585314e-18 6.15909676931191e-18 -1.81441334702466e-18 -1.09080308646486e-18
141 0.04447 1.0 -205.863581946263 -206.057582145585 -206.257802169077 -206.505100897311 -207.31607258272 0.0 1.42993934709461e-18 -2.01300983880299e-18 5.79444674868473e-18 -1.70676628178913e-18 -1.02564752108559e-18
142 0.04584 1.0 -193.640584215032 -193.819443128485 -194.000451974355 -194.21832834093 -194.951376351757 0.0 1.34543908875863e-18 -1.89400029708601e-18 5.4515731558106e-18 -1.60557359067725e-18 -9.64449428976867e-19
143 0.04726 1.0 -182.144879887505 -182.309919765231 -182.473707722691 -182.665615711504 -183.328841392943 0.0 1.26596782512918e-18 -1.78207968188013e-18 5.12915812705078e-18 -1.51044169443488e-18 -9.06961585755403e-19
144 0.04872 1.0 -171.332745192313 -171.485161154264 -171.633501249332 -171.80249073768 -172.403106470118 0.0 1.19122307428696e-18 -1.67682092514301e-18 4.8259651977685e-18 -1.42100166084172e-18 -8.52952938703285e-19
145 0.05022 1.0 -161.163125446728 -161.303997706661 -161.438470501029 -161.587234608768 -162.131664962728 0.0 1.12092086693124e-18 -1.57782316288961e-18 4.54083411855639e-18 -1.33690760563286e-18 -8.02207471900385e-19
146 0.05177 1.0 -151.597467627279 -151.727773646592 -151.849788840644 -151.980705868101 -152.474676898101 0.0 1.05479455050172e-18 -1.48471002727144e-18 4.27267600823164e-18 -1.25783518350814e-18 -7.54523159348583e-19
147 0.05337 1.0 -142.599565309231 -142.720190291519 -142.831005726022 -142.946175821669 -143.394793998593 0.0 9.92593707112247e-19 -1.39712815254001e-18 4.02046884081137e-18 -1.1834802041059e-18 -7.09710992035369e-19
148 0.05501 1.0 -134.135411543591 -134.247158741809 -134.347897400694 -134.449175277736 -134.856997223406 0.0 9.34083122682989e-19 -1.31474568630682e-18 3.78325321860736e-18 -1.11355732716236e-18 -6.67594092709628e-19
149 0.05671 1.0 -126.173064971458 -126.276662551159 -126.368327631262 -126.457351187204 -126.828445431747 0.0 8.79041929404842e-19 -1.23725100785099e-18 3.56012845057021e-18 -1.04779885085623e-18 -6.28006880021039e-19
150 0.05846 1.0 -118.682519348083 -118.778629254639 -118.862117435337 -118.940333070889 -119.278334562348 0.0 8.27262562964539e-19 -1.16435142407729e-18 3.35024883430005e-18 -9.85953587595335e-19 -5.90794309060696e-19
151 0.06026 1.0 -111.635585780799 -111.72480985492 -111.800923073152 -111.869608118573 -112.177766504857 0.0 7.78550137754471e-19 -1.09577201868207e-18 3.15282024350071e-18 -9.277858093995e-19 -5.55811162814627e-19
152 0.06211 1.0 -105.005779641916 -105.088666140103 -105.158122112221 -105.218404423628 -105.499626818311 0.0 7.32721479036852e-19 -1.03125455839594e-18 2.96709689268302e-18 -8.73074262165775e-19 -5.22921390637956e-19
153 0.06403 1.0 -98.7682175441541 -98.8452648771265 -98.9087064173565 -98.9615819383613 -99.2184708004317 0.0 6.89604508565921e-19 -9.70556417496523e-19 2.79237832912325e-18 -8.21611258114181e-19 -4.91997504842919e-19
154 0.066 1.0 -92.899515919611 -92.9711794961166 -93.0291824674667 -93.0755306665295 -93.3104172931054 0.0 6.49037550727108e-19 -9.13449675582113e-19 2.62800660961853e-18 -7.73201810005021e-19 -4.62920009454312e-19
155 0.06803 1.0 -87.3777017992464 -87.4443968853639 -87.4974777245357 -87.5380751324399 -87.7530493703628 0.0 6.10868670581689e-19 -8.59720147374094e-19 2.47336367033191e-18 -7.276628400938e-19 -4.35576878375109e-19
156 0.07012 1.0 -82.1821247797875 -82.2442311186713 -82.2928531036527 -82.3283852069867 -82.5253219141506 0.0 5.74955068615165e-19 -8.09166598919152e-19 2.3278688615534e-18 -6.84822426473757e-19 -4.09863065930717e-19
157 0.07227 1.0 -77.2933769299182 -77.3512416782543 -77.3958209468602 -77.4268928208028 -77.6074751220298 0.0 5.41162568748226e-19 -7.61599906213471e-19 2.19097663925953e-18 -6.44519109108874e-19 -3.85680053075792e-19
158 0.0745 1.0 -72.6932167041245 -72.7471575331975 -72.7880678589896 -72.8152137584443 -72.9809538419713 0.0 5.09365036770632e-19 -7.16842329493535e-19 2.06217437086227e-18 -6.06601240943593e-19 -3.62935424389228e-19
159 0.07678 1.0 -68.3644968225956 -68.414805348243 -68.4523831618563 -68.4760744784814 -68.6283320579939 0.0 4.79443928291444e-19 -6.74726846706131e-19 1.94098036178531e-18 -5.70926363805936e-19 -3.41542473363372e-19
160 0.07914 1.0 -64.2911002354443 -64.3380434534018 -64.3725910348155 -64.3932438612809 -64.5332423834352 0.0 4.5128778916749e-19 -6.35096414729942e-19 1.82694191242512e-18 -5.37360652659178e-19 -3.21419838887762e-19
161 0.08157 1.0 -60.4578742663629 -60.5016975003213 -60.5334875676414 -60.5514689834468 -60.6803102839063 0.0 4.24791893887207e-19 -5.9780347591996e-19 1.71963357653976e-18 -5.05778377966405e-19 -3.02491161799663e-19
162 0.08408 1.0 -56.8505743534449 -56.8915030614372 -56.9207811910983 -56.9364150005739 -57.0550922061828 0.0 3.99857724698348e-19 -5.62709295204371e-19 1.61865545309035e-18 -4.76061398905376e-19 -2.8468477046069e-19
163 0.08666 1.0 -53.4558081226138 -53.4940491474711 -53.5210372345196 -53.5346090738813 -53.644018044278 0.0 3.76392694980601e-19 -5.29683453692834e-19 1.52363166638448e-18 -4.48098701973102e-19 -2.67933371605142e-19
164 0.08932 1.0 -50.2609834424917 -50.296727950434 -50.3216257077249 -50.333387567659 -50.4343371237181 0.0 3.54309784225151e-19 -4.98603315763702e-19 1.43420887052513e-18 -4.21785962447641e-19 -2.5217379128744e-19
165 0.09206 1.0 -47.2542605885568 -47.2876843134956 -47.3106727378943 -47.3208466103287 -47.4140675962681 0.0 3.33527133686876e-19 -4.69353590765108e-19 1.35005491413178e-18 -3.97025124358656e-19 -2.37346696940906e-19
166 0.09488 1.0 -44.4245066963973 -44.4557718581432 -44.4770140071715 -44.4857958424272 -44.5719492637167 0.0 3.1396775284371e-19 -4.41825892575126e-19 1.27085749493243e-18 -3.73724037276205e-19 -2.23396377248012e-19
167 0.09779 1.0 -41.7612518452424 -41.7905082443977 -41.8101527580861 -41.8177149290604 -41.8973991484744 0.0 2.95559305776161e-19 -4.15918319984203e-19 1.19632300972034e-18 -3.51796067222337e-19 -2.10270491553721e-19
168 0.1008 1.0 -39.2546523105 -39.2820376576228 -39.3002184097337 -39.3067129061224 -39.3804700723705 0.0 2.78233640257427e-19 -3.91535015471444e-19 1.12617539194986e-18 -3.31159787283209e-19 -1.9791988476463e-19
169 0.1039 1.0 -36.8954485528873 -36.9210906114411 -36.9379293445589 -36.9434900464839 -37.0118117813984 0.0 2.61926890007797e-19 -3.68585837109239e-19 1.06015506288839e-18 -3.11738636116664e-19 -1.86298363035778e-19
170 0.1071 1.0 -34.6749331595938 -34.6989501528885 -34.7145569646481 -34.7193018051661 -34.7826344500977 0.0 2.46578760175009e-19 -3.4698603272463e-19 9.98017921053513e-19 -2.93460642494239e-19 -1.75362537877389e-19
171 0.1103 1.0 -32.5849159205951 -32.6074175015927 -32.6218929348193 -32.6259255409876 -32.68467451733 0.0 2.32132676566331e-19 -3.26655885586794e-19 9.39534423505618e-19 -2.76258139229855e-19 -1.6507162835691e-19
172 0.1137 1.0 -30.6176943124259 -30.6387820168183 -30.652217019321 -30.6556287114107 -30.7101627559461 0.0 2.1853537770855e-19 -3.0752043143189e-19 8.84488684550921e-19 -2.60067486189244e-19 -1.5538731128734e-19
173 0.1172 1.0 -28.766023494783 -28.785790754043 -28.7982684624918 -28.8011395121659 -28.8517942862511 0.0 2.05736747360832e-19 -2.89509155040398e-19 8.32677681689663e-19 -2.4482886086599e-19 -1.46273578650872e-19
174 0.1208 1.0 -27.0230876559323 -27.0416221347864 -27.0532180123519 -27.055618861957 -27.1027001478454 0.0 1.93689751105267e-19 -2.72555709488401e-19 7.83910471712622e-19 -2.30485989329529e-19 -1.37696569034773e-19
175 0.1245 1.0 -25.3824771789727 -25.3998590957304 -25.4106420420988 -25.4126345606575 -25.4564212981172 0.0 1.82350005423439e-19 -2.56597724177436e-19 7.38007453790944e-19 -2.16985960796892e-19 -1.29624475866251e-19
176 0.1283 1.0 -23.8381586750448 -23.8544653120853 -23.8644978838985 -23.8661367462705 -23.9068835170691 0.0 1.7167591986451e-19 -2.41576522824436e-19 6.94799691526255e-19 -2.04278993975712e-19 -1.22027373199917e-19
177 0.1322 1.0 -22.3844618413206 -22.3997620089152 -22.4091021322404 -22.4104349050899 -22.44837436282 0.0 1.61628171578744e-19 -2.27436888214322e-19 6.54128265863178e-19 -1.92318319794095e-19 -1.14877145213915e-19
178 0.1363 1.0 -21.0160492209497 -21.0304075698891 -21.0391078576876 -21.0401763840558 -21.0755212158187 0.0 1.52169886063719e-19 -2.14126882871981e-19 6.15843703295014e-19 -1.81059895388338e-19 -1.08147348560082e-19
179 0.1405 1.0 -19.7278989001955 -19.7413763171013 -19.7494851111347 -19.7503259474429 -19.783270952841 0.0 1.43266397878201e-19 -2.01597672347442e-19 5.7980540829812e-19 -1.70462311023658e-19 -1.018131236276e-19
180 0.1448 1.0 -18.5152887206642 -18.5279402297099 -18.5355016465272 -18.536147014019 -18.5668705806981 0.0 1.34884994973601e-19 -1.89803267627184e-19 5.45881060582491e-19 -1.60486625213835e-19 -9.58510918065537e-20
181 0.1492 1.0 -17.3737721892275 -17.3856516927945 -17.3927055812707 -17.393183524509 -17.4218493685374 0.0 1.26995068929603e-19 -1.78700431177244e-19 5.13946243212498e-19 -1.51096194408588e-19 -9.02392737357637e-20
182 0.1537 1.0 -16.2991679499671 -16.3103243177063 -16.3169083202601 -16.3172434648813 -16.3440017794086 0.0 1.19567580252753e-19 -1.68248497594237e-19 4.8388385349101e-19 -1.4225654237725e-19 -8.49569929834708e-20
183 0.1585 1.0 -15.2875421852359 -15.2980213107491 -15.3041691795928 -15.3043827524754 -15.3293716492759 0.0 1.12575412838454e-19 -1.58409153644476e-19 4.55583748317846e-19 -1.33935256308782e-19 -7.99848004936867e-20
184 0.1633 1.0 -14.3351933542681 -14.3450367588826 -14.350780031555 -14.3508909019071 -14.3742372087956 0.0 1.05992975719631e-19 -1.49146404039279e-19 4.28942267016993e-19 -1.26101826891011e-19 -7.53044178648642e-20
185 0.1683 1.0 -13.4386370252812 -13.447884446864 -13.4532523035528 -13.4532765089922 -13.4750970717427 0.0 9.97961434498649e-20 -1.40426342739829e-19 4.03861903322107e-19 -1.18727544145532e-19 -7.08986395267276e-20
186 0.1734 1.0 -12.5945948333078 -12.6032842305164 -12.6083025405096 -12.6082546665278 -12.6286571428382 0.0 9.39622772953061e-20 -1.32217096997157e-19 3.80250885411653e-19 -1.11785414738675e-19 -6.67512860088976e-20
187 0.1787 1.0 -11.7999821334372 -11.8081491234968 -11.8128425640931 -11.8127345123191 -11.8318181226013 0.0 8.84701059295264e-20 -1.24488649398166e-19 3.58022899130485e-19 -1.05250034324591e-19 -6.28471365587101e-20
188 0.1842 1.0 -11.051899233265 -11.0595741913092 -11.0639650584998 -11.0638075887599 -11.0816639417071 0.0 8.32995009431919e-20 -1.1721274584048e-19 3.37096684232713e-19 -9.90974864281347e-20 -5.91718744904472e-20
189 0.1898 1.0 -10.3476104783719 -10.3548246781234 -10.3589348087497 -10.3587372618843 -10.3754508410562 0.0 7.84316174274332e-20 -1.10362889138872e-19 3.17395787018242e-19 -9.33052864431066e-20 -5.57120274346295e-20
190 0.1956 1.0 -9.68454838259839 -9.69132982519725 -9.69517787954912 -9.69494799072277 -9.7105970563406 0.0 7.3848716095922e-20 -1.03913989322372e-19 2.98848278875469e-19 -8.78522584472691e-20 -5.2454928986554e-20
191 0.2016 1.0 -9.06029249526457 -9.06666848089175 -9.07027191321716 -9.07001662253634 -9.08467337406481 0.0 6.95340220311936e-20 -9.78424925141714e-20 2.81386452848473e-19 -8.27184964557299e-20 -4.93886451751944e-20
192 0.2078 1.0 -8.47256687584891 -8.47856156994 -8.48193712484058 -8.48166228506645 -8.49539369139949 0.0 6.54717648072971e-20 -9.21263307811529e-20 2.64946591144086e-19 -7.78852536149699e-20 -4.65019767090493e-20
193 0.2141 1.0 -7.91922850678425 -7.92486481474155 -7.92802809093348 -7.92773896454558 -7.94060690737434 0.0 6.16472151588854e-20 -8.67446565729158e-20 2.49468744823066e-19 -7.33348784944153e-20 -4.37843572931052e-20
194 0.2207 1.0 -7.39826037301034 -7.40356123956048 -7.40652609149888 -7.4062266393045 -7.418288729892 0.0 5.8046431630467e-20 -8.16778361890467e-20 2.34896498229839e-19 -6.90507978956176e-20 -4.12258554421779e-20
195 0.2274 1.0 -6.90776500768078 -6.91275109203487 -6.91553044970791 -6.91522460201737 -6.92653401154644 0.0 5.46562505864313e-20 -7.69073753432619e-20 2.21176709149182e-19 -6.50173703619666e-20 -3.88171383689899e-20
196 0.2343 1.0 -6.44595681382774 -6.45064662975406 -6.453252988055 -6.45294372456333 -6.46355000726958 0.0 5.14643659841949e-20 -7.24159125032432e-20 2.08259430131777e-19 -6.12199084281111e-20 -3.65493978520437e-20
197 0.2415 1.0 -6.01115458122163 -6.01556487857558 -6.01801018721656 -6.01770030136644 -6.02764939347979 0.0 4.84591465690243e-20 -6.81871868130531e-20 1.96097609791915e-19 -5.76445697652535e-20 -3.44143681017372e-20
198 0.2489 1.0 -5.60177507348158 -5.60592498806048 -5.60821822435666 -5.60790957123859 -5.61724416530036 0.0 4.5629616248158e-20 -6.4205643427139e-20 1.84646972276168e-19 -5.42783297007333e-20 -3.24042593235277e-20
199 0.2565 1.0 -5.2163315646509 -5.22023331254051 -5.2223857078125 -5.22207995127544 -5.23084004056936 0.0 4.29654759501608e-20 -6.04570520516117e-20 1.73865787313052e-19 -5.11089617529162e-20 -3.05117491764528e-20
200 0.2643 1.0 -4.85341785510674 -4.85708868072641 -4.85910867624388 -4.85880784825255 -4.86703006283855 0.0 4.04570873869848e-20 -5.69274642302813e-20 1.63714957644846e-19 -4.81248900340065e-20 -2.8729926259085e-20
201 0.2724 1.0 -4.51171672974535 -4.51517020205825 -4.51706648033765 -4.51677155975234 -4.52449047492169 0.0 3.80953627136258e-20 -5.36042099146392e-20 1.54157470218231e-19 -4.53152588125445e-20 -2.70523163270847e-20
202 0.2807 1.0 -4.18998568261788 -4.19323506017241 -4.19501596798378 -4.19472759846072 -4.2019752091831 0.0 3.58716006973964e-20 -5.04751896190572e-20 1.45158619207175e-19 -4.26698705454203e-20 -2.54728086129995e-20
203 0.2893 1.0 -3.88705759648689 -3.89011275262839 -3.89178555418842 -3.89150522996909 -3.89831139758493 0.0 3.37778721045407e-20 -4.7529040167221e-20 1.36685681195297e-19 -4.01790961487127e-20 -2.3985644404034e-20
204 0.2981 1.0 -3.60182730617259 -3.60470353005818 -3.60627445812529 -3.60600246251992 -3.61239507447746 0.0 3.18064474079331e-20 -4.47550094976549e-20 1.28707858591829e-19 -3.78338985408271e-20 -2.25854171511413e-20
205 0.3072 1.0 -3.33326330538663 -3.3359703951901 -3.33744550941913 -3.33718199326414 -3.34318713723622 0.0 2.99501741411209e-20 -4.21430255316937e-20 1.21196175856593e-19 -3.56257330844529e-20 -2.12670460412208e-20
206 0.3166 1.0 -3.08038867787887 -3.0829359415781 -3.08432203650697 -3.08406750457735 -3.08970942362479 0.0 2.82023664758613e-20 -3.9683670366039e-20 1.14123365871466e-19 -3.35465908477074e-20 -2.00257155805733e-20
207 0.3262 1.0 -2.84228548001093 -2.84468346066131 -2.84598534712201 -2.84573993135405 -2.85104119801319 0.0 2.65566836862709e-20 -3.7367985758322e-20 1.07463716982853e-19 -3.15889103808617e-20 -1.88569291101739e-20
208 0.3362 1.0 -2.618090600358 -2.62034605734045 -2.62156994028963 -2.62133391517243 -2.62631591210327 0.0 2.50070809726658e-20 -3.51875881268588e-20 1.01193101993232e-19 -2.97455944891217e-20 -1.77564402896564e-20
209 0.3464 1.0 -2.40698890559462 -2.40911160445455 -2.41026197352797 -2.41003520863205 -2.41471768964231 0.0 2.35480608688882e-20 -3.3134510846099e-20 9.52887364713102e-20 -2.80099535992258e-20 -1.67202385925446e-20
210 0.357 1.0 -2.20821537749398 -2.2102134614928 -2.21129452078878 -2.21107703630594 -2.21547842143719 0.0 2.21742377927515e-20 -3.12013294104086e-20 8.97291695792305e-20 -2.63756721190961e-20 -1.57445730581531e-20
211 0.3679 1.0 -2.02104882048885 -2.02293025843608 -2.02394615483076 -2.02373775508266 -2.02787532908345 0.0 2.08804969698804e-20 -2.93809950916336e-20 8.44942802172711e-20 -2.48368545000304e-20 -1.48259059061102e-20
212 0.3791 1.0 -1.84481212165289 -1.84658185137452 -1.8475370814566 -1.84733776416304 -1.85122778310837 0.0 1.96624187641386e-20 -2.76670147013152e-20 7.95650730167892e-20 -2.33878816609895e-20 -1.39608951907509e-20
213 0.3907 1.0 -1.6788637253814 -1.68053051134157 -1.68142799997505 -1.68123757097977 -1.68489514834122 0.0 1.85154763642653e-20 -2.60531163909284e-20 7.49236410798026e-20 -2.2023520957682e-20 -1.3146397116912e-20
214 0.4026 1.0 -1.52260386302437 -1.52417235342941 -1.52501643730068 -1.52483488113426 -1.52827422719006 0.0 1.74354559966168e-20 -2.45334324247758e-20 7.05532091351534e-20 -2.07388107792102e-20 -1.23794616331621e-20
215 0.4149 1.0 -1.37546555551128 -1.37694229486207 -1.3777365538212 -1.37756298328706 -1.38079730748793 0.0 1.64184366335664e-20 -2.31024455028349e-20 6.64379107759271e-20 -1.95291112689058e-20 -1.16573027671411e-20
216 0.4276 1.0 -1.23691780024832 -1.23830578601415 -1.23905298272467 -1.23888803381727 -1.24192983432218 0.0 1.54608066886209e-20 -2.17550195188992e-20 6.25628705453035e-20 -1.83900443672712e-20 -1.09773230419858e-20
217 0.4406 1.0 -1.10645346838144 -1.10776217849144 -1.10846472889146 -1.10830756242937 -1.11116862521282 0.0 1.45591516496881e-20 -2.04861560339666e-20 5.89139748024038e-20 -1.73174439212621e-20 -1.03370217392681e-20
218 0.454 1.0 -0.983604492306644 -0.984836576657716 -0.985498303637137 -0.985348708926165 -0.988039920812538 0.0 1.3710074771896e-20 -1.92914522420004e-20 5.54780686944856e-20 -1.63074697965761e-20 -9.73411220344855e-21
219 0.4679 1.0 -0.867927214837143 -0.869087159610885 -0.869708043730871 -0.869566128786544 -0.872097653920686 0.0 1.29104678789386e-20 -1.81664285519682e-20 5.2242681428553e-20 -1.53564266363557e-20 -9.16639040839181e-21
220 0.4822 1.0 -0.758997392106135 -0.76009144816763 -0.760675315685063 -0.760540459842201 -0.762921890686159 0.0 1.2157686649144e-20 -1.71069790070577e-20 4.91961408742694e-20 -1.44608897934818e-20 -8.63180621331902e-21
221 0.4969 1.0 -0.656426833070274 -0.657455202699802 -0.658005495915287 -0.657876941595737 -0.660117442660687 0.0 1.14487055953023e-20 -1.61094447225386e-20 4.63273179041996e-20 -1.36176010090942e-20 -8.12842549303388e-21
222 0.512 1.0 -0.559844386158697 -0.560808245657818 -0.561325206148575 -0.561204232921262 -0.563311948466124 0.0 1.0780816676912e-20 -1.51698667367488e-20 4.36259882391798e-20 -1.28235225079303e-20 -7.65439826027719e-21
223 0.5276 1.0 -0.468892349844755 -0.469798701232369 -0.470286338163574 -0.47017194627589 -0.472155121794773 0.0 1.01521572766196e-20 -1.42853475284752e-20 4.10822080041158e-20 -1.20757883534648e-20 -7.2080612700824e-21
224 0.5437 1.0 -0.383248833659267 -0.384102745017119 -0.384559592059667 -0.384450927646692 -0.386317052306717 0.0 9.56032859489133e-21 -1.34523792917394e-20 3.86868475517752e-20 -1.1371675761685e-20 -6.78775614751908e-21
225 0.5603 1.0 -0.302599852684272 -0.303403007281055 -0.303833946352693 -0.303731142785915 -0.305486960559431 0.0 9.00283295411682e-21 -1.26680802508941e-20 3.64312253171251e-20 -1.07086534388871e-20 -6.39197920968619e-21
226 0.5774 1.0 -0.226655384104652 -0.227411584375087 -0.227817512390458 -0.227720144325906 -0.229372527794018 0.0 8.47788227036905e-21 -1.19294723989603e-20 3.43072295060612e-20 -1.00843091101961e-20 -6.01929577524614e-21
227 0.595 1.0 -0.155140631858552 -0.155853968385976 -0.15623568951584 -0.156143426037857 -0.157698424416279 0.0 7.98376408441209e-21 -1.12340857995965e-20 3.2307084866497e-20 -9.49637098730455e-21 -5.66835619602523e-21
228 0.6131 1.0 -0.0878008688406933 -0.088471009758792 -0.0888289619047578 -0.0887418167460037 -0.0902052628233325 0.0 7.51818289235587e-21 -1.05790212680876e-20 3.0423657324939e-20 -8.94276634411427e-21 -5.33787846708942e-21
229 0.6318 1.0 -0.0243833185291626 -0.0250163354148505 -0.0253542473765831 -0.0252715836679571 -0.0266490575738916 0.0 7.07992539051096e-21 -9.96236292575081e-21 2.86500513035912e-20 -8.42140551689339e-21 -5.02667999434736e-21
230 0.6511 1.0 0.0353315422761944 0.0347364868051818 0.0344183709868252 0.0344961360087821 0.0331999650537333 0.0 6.66714505645686e-21 -9.38158595363044e-21 2.69798910011364e-20 -7.93049334768656e-21 -4.73363620922236e-21
231 0.6709 1.0 0.0915641990689586 0.0910040060932605 0.0907045750687189 0.0907783738799681 0.0895584407711161 0.0 6.27846108305962e-21 -8.83471954891504e-21 2.54071351310706e-20 -7.4681842380552e-21 -4.45769852359031e-21
232 0.6914 1.0 0.144513195114272 0.143990976445805 0.14370854612556 0.143778389017089 0.14262995863161 0.0 5.91259856566834e-21 -8.31978809599612e-21 2.39261342200597e-20 -7.03285180349005e-21 -4.19784960093012e-21
233 0.7125 1.0 0.194381757949937 0.193886899032928 0.193621071321088 0.193687137274312 0.192606175535663 0.0 5.56784092131863e-21 -7.83470178465841e-21 2.25315236799689e-20 -6.62290641619081e-21 -3.95314624009771e-21
234 0.7342 1.0 0.241337690877064 0.240874421441079 0.240623783279841 0.240685656114914 0.239668141995023 0.0 5.24322986117592e-21 -7.37809662137915e-21 2.12181801274579e-20 -6.23688239563451e-21 -3.7227196109813e-21
235 0.7565 1.0 0.285556855456679 0.28511828033348 0.284885284780333 0.28494334636071 0.283985636645904 0.0 4.93768097859227e-21 -6.94801194300993e-21 1.99814275086362e-20 -5.87334514544e-21 -3.50571921727602e-21
236 0.7796 1.0 0.327196469565729 0.326786846382637 0.326564958850548 0.326620551383221 0.32571888577971 0.0 4.64991768277892e-21 -6.54297892034009e-21 1.88168577845632e-20 -5.53100821083816e-21 -3.30138137950474e-21
237 0.8034 1.0 0.366413279718702 0.366023123176477 0.365815035069607 0.365867189931107 0.365018611590438 0.0 4.37889641282414e-21 -6.16177405328256e-21 1.7720143344228e-20 -5.20863754944481e-21 -3.10896570658067e-21
238 0.8279 1.0 0.403337353221734 0.402973063196306 0.402776659823489 0.402825615722994 0.402026979009317 0.0 4.12363999948253e-21 -5.80253515994677e-21 1.66873393891206e-20 -4.90508662275374e-21 -2.92777744785596e-21
239 0.8531 1.0 0.438109967357033 0.437766549833657 0.437582675998213 0.437629390358763 0.436877402046342 0.0 3.88332087343895e-21 -5.46434527207064e-21 1.5714868968668e-20 -4.61921432755722e-21 -2.75713108305744e-21
240 0.8791 1.0 0.470857689291784 0.470534429399563 0.470360780154728 0.470404187443876 0.4696960924486 0.0 3.65684374440131e-21 -5.1459246376027e-21 1.47989881233617e-20 -4.35001164480093e-21 -2.5964369436468e-21
241 0.9059 1.0 0.501696375084581 0.501388406719592 0.50122644673466 0.501268098618495 0.500601348836861 0.0 3.44378155729763e-21 -4.84595011724884e-21 1.39365190758614e-20 -4.09648732219051e-21 -2.44512378922048e-21
242 0.9335 1.0 0.530736092624451 0.530448325881565 0.530293713271249 0.530332446441484 0.529704850438873 0.0 3.2432121803134e-21 -4.56366828587235e-21 1.31243745906677e-20 -3.85774016407902e-21 -2.30262924985454e-21
243 0.9619 1.0 0.558080034786334 0.55781153249912 0.557665635789412 0.557702652287206 0.55711165659672 0.0 3.05411147520873e-21 -4.29758496049717e-21 1.23594666926154e-20 -3.63295393491816e-21 -2.16843916254236e-21
244 0.9913 1.0 0.583829121750375 0.583579955826548 0.583442313510935 0.583477225013752 0.582920865765968 0.0 2.87625573972665e-21 -4.04732233883504e-21 1.1639306886184e-20 -3.42121686688397e-21 -2.04206558377847e-21
245 1.021 1.0 0.608093109212954 0.607839653432718 0.607716053703519 0.607749362029528 0.607225630192722 0.0 2.70966067189547e-21 -3.81142236852181e-21 1.09610844556898e-20 -3.22195763630249e-21 -1.92310465262903e-21
246 1.053 1.0 0.630931975684523 0.630691960837013 0.630574964248131 0.630606492344161 0.630113588609299 0.0 2.5516656799921e-21 -3.58930788490437e-21 1.03223882876086e-20 -3.03419820543743e-21 -1.81103794662909e-21
247 1.085 1.0 0.652436073407063 0.652210266640998 0.652101962694374 0.652131538280257 0.651667239624973 0.0 2.4031052530075e-21 -3.38000515842071e-21 9.72093812825668e-21 -2.85738916842721e-21 -1.70550666795522e-21
248 1.118 1.0 0.67268777006001 0.672475956876433 0.672374076497539 0.672402009003874 0.671964671280864 0.0 2.26321627120685e-21 -3.18311023499925e-21 9.15448310191635e-21 -2.69088073741828e-21 -1.60613102293966e-21
249 1.152 1.0 0.691761094156112 0.691557900319032 0.691464880699212 0.691490428506992 0.691079060384985 0.0 2.13134348593069e-21 -2.99763988429147e-21 8.62110066276149e-21 -2.53410831212481e-21 -1.51257589319459e-21
250 1.187 1.0 0.709720395859272 0.709531767491536 0.709441864533647 0.709466822743308 0.709079180524792 0.0 2.00715636426189e-21 -2.82290189710251e-21 8.11879296697794e-21 -2.38649171172459e-21 -1.42441249406432e-21
251 1.223 1.0 0.726636082918017 0.726454318172968 0.726371751206913 0.726395313057237 0.726030206102332 0.0 1.89023843767491e-21 -2.65831436145075e-21 7.64567687082544e-21 -2.24739029710211e-21 -1.34141548392062e-21
252 1.26 1.0 0.742568442197953 0.742393833414905 0.742314660614006 0.742337250081594 0.741993420528936 0.0 1.78048489678013e-21 -2.50356649251187e-21 7.20018131703755e-21 -2.11648269227753e-21 -1.26326411047299e-21
253 1.299 1.0 0.757567423326842 0.757403515143113 0.757329030796981 0.75734982919979 0.757026306467928 0.0 1.67656357313423e-21 -2.35777330403302e-21 6.78073504787711e-21 -1.99316184582247e-21 -1.18966430902718e-21
254 1.338 1.0 0.771690691225222 0.77153546304463 0.771468400547075 0.771487857139703 0.77118309668383 0.0 1.57902859231407e-21 -2.22024458539947e-21 6.38566266029166e-21 -1.87703343953234e-21 -1.12035121416317e-21
255 1.379 1.0 0.784995844357648 0.784848422049611 0.784782767499327 0.784801526549491 0.784514537997477 0.0 1.48679011253883e-21 -2.09093060974829e-21 6.01366675691624e-21 -1.76769753196002e-21 -1.05507016193603e-21
256 1.421 1.0 0.797518123508009 0.797381460525846 0.797321929150396 0.797339569820267 0.797069387446072 0.0 1.40040844489431e-21 -1.96908686633668e-21 5.66328108314105e-21 -1.66469059467842e-21 -9.93587858801825e-22
257 1.464 1.0 0.809319650184367 0.809188963515851 0.809131022676484 0.80914684138706 0.808892508214353 0.0 1.3189029392098e-21 -1.85437626930312e-21 5.3332863190839e-21 -1.56771546666137e-21 -9.35726563466904e-22
258 1.509 1.0 0.820422491067453 0.820303200276605 0.820249199823518 0.820266130024864 0.820026656343316 0.0 1.24209017345028e-21 -1.74639001196119e-21 5.02255948347747e-21 -1.47632924813941e-21 -8.81208128153281e-22
259 1.555 1.0 0.830886415975079 0.83077479417717 0.830722762850472 0.830737133648334 0.830511919497543 0.0 1.17008574262679e-21 -1.64460503165306e-21 4.72989166261114e-21 -1.39037192140405e-21 -8.29878846528747e-22
260 1.602 1.0 0.840738898709234 0.840633355091178 0.840584234172823 0.840597868253449 0.840386322236097 0.0 1.1018082295525e-21 -1.54876882739107e-21 4.4543696628281e-21 -1.30940783754046e-21 -7.81517591445936e-22
261 1.651 1.0 0.850016493268773 0.849918178862469 0.849872823344725 0.849885287414913 0.849685378247423 0.0 1.03752600751448e-21 -1.45847584313036e-21 4.194917938054e-21 -1.23315567642601e-21 -7.3598333957575e-22
262 1.701 1.0 0.858758878004305 0.858656928249488 0.858618388000212 0.858631080978877 0.858442284019673 0.0 9.77183849729516e-22 -1.37361374264234e-21 3.95053256971503e-21 -1.16125017666613e-21 -6.93105781020675e-22
263 1.753 1.0 0.86698211546356 0.866890519644719 0.866854180362492 0.866866436285126 0.86668918752128 0.0 9.20328634244176e-22 -1.29344640447706e-21 3.72037453698918e-21 -1.09359012536126e-21 -6.52735748973674e-22
264 1.807 1.0 0.874741592247978 0.874650589470996 0.874610990052037 0.874622122572795 0.874455398735112 0.0 8.66748314470715e-22 -1.21813071983602e-21 3.50372718946758e-21 -1.02996193567765e-21 -6.14683267147469e-22
265 1.862 1.0 0.882030301958818 0.88194656354652 0.88191531948719 0.881925954061902 0.88176909811342 0.0 8.16338997913494e-22 -1.14700246283164e-21 3.29954168108062e-21 -9.69946380926035e-22 -5.78916941223973e-22
266 1.919 1.0 0.888905925589 0.888825398144506 0.888793850444999 0.888804932728399 0.888656675921725 0.0 7.68645142158643e-22 -1.08034649942816e-21 3.10731771229322e-21 -9.1339124804486e-22 -5.45179114520077e-22
267 1.977 1.0 0.895379512941346 0.89530079564046 0.895272344791994 0.895282193893439 0.895143074287401 0.0 7.23809770578129e-22 -1.01716487274394e-21 2.92642961946713e-21 -8.60151906092013e-22 -5.13460697056866e-22
268 2.037 1.0 0.901469038748529 0.901410429945126 0.90137237179092 0.901382781108042 0.90125131246129 0.0 6.80287904866085e-22 -9.58742630440903e-22 2.75543962101533e-21 -8.09853477356068e-22 -4.83474136570204e-22
269 2.099 1.0 0.90721351820463 0.907155517629789 0.907118527276174 0.907127427712979 0.907004417801943 0.0 6.40790721765434e-22 -9.02835120737628e-22 2.5948689247627e-21 -7.62601503734821e-22 -4.55326903853815e-22
270 2.163 1.0 0.91261507052523 0.912566901331792 0.912529685531327 0.912537214233692 0.912421927500716 0.0 6.03350831401686e-22 -8.50769244179437e-22 2.44373667673234e-21 -7.18199608247203e-22 -4.28783369709521e-22
271 2.229 1.0 0.917698880283055 0.917656375383616 0.917624529464733 0.9176326556863 0.917523365735561 0.0 5.68035213696099e-22 -8.00644369480658e-22 2.30137711223035e-21 -6.76328345987051e-22 -4.03815606254597e-22
272 2.297 1.0 0.92250112732663 0.922456990242229 0.922422841354348 0.922430801623768 0.922327886959671 0.0 5.34900215145955e-22 -7.54593525908793e-22 2.16722034413977e-21 -6.36925893929091e-22 -3.80268687630615e-22
273 2.367 1.0 0.92701601517 0.926972343188224 0.926942632996037 0.926948981722733 0.926852480400921 0.0 5.03906122205698e-22 -7.10327392384304e-22 2.04100808990492e-21 -5.99874990443891e-22 -3.58136229491229e-22
274 2.439 1.0 0.931271250456991 0.931225866776673 0.931198326154793 0.931204688981534 0.931113701067259 0.0 4.74554920756386e-22 -6.68785559591774e-22 1.92222993848566e-21 -5.64893594234699e-22 -3.37265939218867e-22
275 2.513 1.0 0.935267139053181 0.935231022054382 0.935205519855081 0.935211545019779 0.935126035078759 0.0 4.46644369580896e-22 -6.29997704071165e-22 1.81013184535267e-21 -5.31990448298381e-22 -3.17664354407003e-22
276 2.59 1.0 0.939040732112163 0.939004101675512 0.938979320956561 0.93898578722772 0.938904978168071 0.0 4.20472929135288e-22 -5.93447784047226e-22 1.70480795303467e-21 -5.00963580609981e-22 -2.99146045005833e-22
277 2.669 1.0 0.942588423764076 0.942563210863835 0.942533688313449 0.942539451656063 0.942464113505608 0.0 3.9625251708731e-22 -5.59026309432045e-22 1.60540129945663e-21 -4.71736437951605e-22 -2.81693540210317e-22
278 2.75 1.0 0.945930968133429 0.945901108460988 0.945881609152269 0.945886377848042 0.945815693977895 0.0 3.73276068433305e-22 -5.26302458274032e-22 1.51186576196325e-21 -4.44300613915552e-22 -2.65347053583267e-22
279 2.834 1.0 0.949088519181923 0.949052190592493 0.949033084605636 0.949038505997932 0.948971715892871 0.0 3.51143031825457e-22 -4.95651373166885e-22 1.4236931423775e-21 -4.18362759998424e-22 -2.49837732455919e-22
280 2.92 1.0 0.952052853494186 0.952025221377758 0.952002580248419 0.952007594636079 0.951944187195701 0.0 3.30536849339261e-22 -4.66721134670594e-22 1.34075232069524e-21 -3.93978821958399e-22 -2.35283111601062e-22
281 3.009 1.0 0.954843588012879 0.954819505845538 0.954798458300357 0.954802718367528 0.954743276101653 0.0 3.11683425557447e-22 -4.39535684245956e-22 1.26279066093136e-21 -3.71015966073765e-22 -2.21606253933125e-22
282 3.101 1.0 0.957481631560332 0.957455952922251 0.95743214646609 0.957434727230157 0.957379024830055 0.0 2.93615772579858e-22 -4.1418810994358e-22 1.18917429845857e-21 -3.4942301109576e-22 -2.08635659938285e-22
283 3.195 1.0 0.95994204960018 0.959925677281038 0.959908964999438 0.959914039990017 0.959861651794566 0.0 2.76187856062172e-22 -3.8988218949427e-22 1.11969957313623e-21 -3.29083400665739e-22 -1.96523888226429e-22
284 3.293 1.0 0.962273262805243 0.962263348591459 0.962246743094355 0.962249264101023 0.962199985943696 0.0 2.59903919998683e-22 -3.67537767823576e-22 1.05454385611966e-21 -3.09838702962613e-22 -1.85100387413486e-22
285 3.393 1.0 0.964484831811097 0.964460559452585 0.964445954648367 0.964447814263336 0.964401342341734 0.0 2.44322613798547e-22 -3.45648624890744e-22 9.93033493532567e-22 -2.9178606198837e-22 -1.74350290824347e-22
286 3.496 1.0 0.966555749018808 0.966523558912796 0.96651514457333 0.966519232857425 0.966474601161997 0.0 2.30360735935102e-22 -3.25095041146847e-22 9.35284999049133e-22 -2.74859165890866e-22 -1.64115320846597e-22
287 3.603 1.0 0.968488364492571 0.968480152049983 0.968463996237723 0.96846929565231 0.968428506979717 0.0 2.17707206685945e-22 -3.06441258202157e-22 8.80871215310817e-22 -2.58873834874188e-22 -1.54566857279874e-22
288 3.713 1.0 0.970338300041324 0.970317315742862 0.970303118332088 0.970306455545864 0.97026631566778 0.0 2.04776663845747e-22 -2.89010350797108e-22 8.29413025769044e-22 -2.43706908067195e-22 -1.45582966233064e-22
289 3.826 1.0 0.972050157448595 0.972054389444402 0.972030891632146 0.97203532601695 0.971998898566641 0.0 1.92044086119076e-22 -2.72339741641812e-22 7.81106547042561e-22 -2.2949142942623e-22 -1.37129457600489e-22
290 3.942 1.0 0.973696452912549 0.973672055330309 0.973662125048598 0.973663898557007 0.973629978180971 0.0 1.81500777557571e-22 -2.56526609476682e-22 7.35719285985723e-22 -2.16121394921525e-22 -1.29168516452336e-22
291 4.062 1.0 0.975189386746567 0.975196897506566 0.975193128733881 0.975197482648171 0.975164356955587 0.0 1.70515864791117e-22 -2.40366434163731e-22 6.93477427564174e-22 -2.04046898149778e-22 -1.21850490439803e-22
292 4.186 1.0 0.976645690847425 0.976638256527184 0.976637330625892 0.976643530981101 0.976611115893566 0.0 1.60161369508082e-22 -2.26354676496674e-22 6.53302098257071e-22 -1.92170137981945e-22 -1.14684791927784e-22
293 4.313 1.0 0.97798162296825 0.978001924099116 0.97799959982967 0.978003927926964 0.977972887990771 0.0 1.50865408697114e-22 -2.13423858613525e-22 6.15000337574253e-22 -1.80914498549666e-22 -1.08057294903568e-22
294 4.445 1.0 0.97927761437851 0.979283336365434 0.979280637406942 0.979284758031936 0.979256030728055 0.0 1.42939514491316e-22 -2.0072688416725e-22 5.79486135752591e-22 -1.70393891168002e-22 -1.01875918923414e-22
295 4.58 1.0 0.980482716559972 0.980484107349993 0.98048658128929 0.980490399550521 0.980464025200107 0.0 1.34163812360249e-22 -1.88911860319107e-22 5.45386862526452e-22 -1.60605091195716e-22 -9.5816169011435e-23
296 4.72 1.0 0.981600872274398 0.981631624985498 0.981619806759134 0.981628164724781 0.981602131937269 0.0 1.26265877039518e-22 -1.77936144645601e-22 5.13901600581355e-22 -1.51186586450241e-22 -9.02787869286235e-23
297 4.863 1.0 0.982693192823831 0.982698139135463 0.982692710762571 0.982697936001608 0.982673153126697 0.0 1.18970938157566e-22 -1.67795780368107e-22 4.84000830764616e-22 -1.42417902590948e-22 -8.50370620101799e-23
298 5.012 1.0 0.983698664498762 0.983704703773181 0.983699036827972 0.983705009320299 0.983682568989401 0.0 1.12040741732604e-22 -1.58009190549842e-22 4.55832805325074e-22 -1.34160178677045e-22 -8.01268132327415e-23
299 5.164 1.0 0.98462181900961 0.984658312762905 0.9846524684076 0.984656230438085 0.98463260733865 0.0 1.05131813139396e-22 -1.48650373732121e-22 4.29223430805445e-22 -1.2622959222024e-22 -7.55348604044215e-23
300 5.322 1.0 0.985550985620094 0.985550971989191 0.985541162981862 0.98554811541796 0.985528246317022 0.0 9.80109817824702e-23 -1.40098662322993e-22 4.04441576586204e-22 -1.18981874864276e-22 -7.0993965302551e-23
301 5.484 1.0 0.986354973116893 0.98638492362931 0.986386533723801 0.986389638207375 0.986371346512275 0.0 9.28989221862e-23 -1.31424537785124e-22 3.80780054819237e-22 -1.121120173155e-22 -6.69481183276042e-23
302 5.651 1.0 0.987164665404062 0.987177182692306 0.987177635694533 0.987180694518516 0.987165290621594 0.0 8.77921662080413e-23 -1.23884746350935e-22 3.58747071265042e-22 -1.05624396107168e-22 -6.3025629197788e-23
303 5.823 1.0 0.987902109779368 0.987918283190256 0.987923012402446 0.987928976863301 0.987912151649508 0.0 8.27114120063542e-23 -1.16362010869062e-22 3.37673031596432e-22 -9.94618539517472e-23 -5.95457515820228e-23
304 6.0 1.0 0.988619066685612 0.988638488511979 0.988630892011503 0.98863230289236 0.98861602512062 0.0 7.87455398189794e-23 -1.10572334575291e-22 3.18020130316764e-22 -9.33935817854896e-23 -5.59838626907347e-23
305 6.183 1.0 0.989277497796825 0.98928194177338 0.989290471695349 0.989293818100898 0.989279220715978 0.0 7.43590665639164e-23 -1.03260020731946e-22 2.99564321873834e-22 -8.81927077089936e-23 -5.26427040713634e-23
306 6.371 1.0 0.98989806803873 0.989915697853951 0.989912359245559 0.989918334037425 0.989903453411255 0.0 6.86573890938613e-23 -9.70391156112395e-23 2.82025944446773e-22 -8.3153004469701e-23 -4.96545050881763e-23
307 6.565 1.0 0.990488805572154 0.9905081464173 0.990501042603449 0.990504163868893 0.990491013324045 0.0 6.38328781414535e-23 -9.24705894586706e-23 2.6604688491716e-22 -7.82269512135262e-23 -4.67744149452159e-23
308 6.765 1.0 0.991034191776706 0.991061120823814 0.991057057242655 0.991058772828771 0.991045582229485 0.0 6.05650521352213e-23 -8.64803185447267e-23 2.50151972746506e-22 -7.37068276969734e-23 -4.40355862062984e-23
309 6.971 1.0 0.991579977170861 0.991572921513588 0.99157475207497 0.991579606071947 0.991566786144828 0.0 5.76680398300411e-23 -8.08479002133919e-23 2.35741166354222e-22 -6.94182445768057e-23 -4.16085327066995e-23
310 7.184 1.0 0.992050367704318 0.992064991030074 0.992067650749626 0.992071200302745 0.992057351975961 0.0 5.34850961623171e-23 -7.63962861882946e-23 2.21916004245897e-22 -6.5355646209759e-23 -3.9171684782314e-23
311 7.402 1.0 0.99248650960618 0.992523403063648 0.992524449120283 0.992529127970582 0.992520482995 0.0 5.01320407775578e-23 -7.18806128985778e-23 2.09280763798808e-22 -6.15964020299662e-23 -3.68665628891543e-23
312 7.628 1.0 0.992950380429811 0.99295483892449 0.992964002142239 0.992965743553765 0.992955952288567 0.0 4.84389034726646e-23 -6.7621444614272e-23 1.97029540910256e-22 -5.80409678492952e-23 -3.46338651289259e-23
313 7.86 1.0 0.993338660956439 0.993361225482103 0.993372605224689 0.99337534384935 0.993366833681688 0.0 4.42246059031025e-23 -6.41417735103639e-23 1.85422629863939e-22 -5.472476120315e-23 -3.27068811995328e-23
314 8.1 1.0 0.993699253676811 0.993748413530408 0.993765678033889 0.993765538790398 0.993752636790838 0.0 4.20447076158473e-23 -5.88089450708081e-23 1.75039010932448e-22 -5.15538025721748e-23 -3.0552740837715e-23
315 8.346 1.0 0.994067699209033 0.994110898576287 0.994128012756307 0.99412771452998 0.99411628017235 0.0 4.01207496396691e-23 -5.53411884179388e-23 1.64934196226726e-22 -4.85242858354282e-23 -2.88505332881918e-23
316 8.6 1.0 0.994418162164576 0.994448387818601 0.994469034453609 0.994468953882549 0.994458020318557 0.0 3.77916714388964e-23 -5.16355322367395e-23 1.5544826158194e-22 -4.57426313748937e-23 -2.70205789002404e-23
317 8.862 1.0 0.994712596226003 0.994757552856235 0.994791279683805 0.994795111589759 0.994781024636028 0.0 3.5364962167823e-23 -4.79384378023074e-23 1.46505136562797e-22 -4.2835208214e-23 -2.54449067202144e-23
318 9.132 1.0 0.995044584948254 0.995059265224017 0.99509716803047 0.995095302598524 0.995084541060042 0.0 3.3945448639369e-23 -4.52995112440236e-23 1.37946409769146e-22 -4.0602035480141e-23 -2.40067188553439e-23
319 9.41 1.0 0.99534841885263 0.995351030555369 0.995378838448582 0.995384768212245 0.995372148308728 0.0 3.31715792560193e-23 -4.24053600695053e-23 1.30141624278029e-22 -3.79422414675296e-23 -2.26905569692224e-23
320 9.697 1.0 0.995576754415887 0.995628979801713 0.995652844856765 0.995652025928806 0.995641330244733 0.0 3.099889125302e-23 -4.11694879564902e-23 1.2256523795216e-22 -3.60447259561517e-23 -2.13194204416685e-23
321 9.992 1.0 0.995887447869485 0.995887252681924 0.995902956670711 0.995905504040694 0.995895589544153 0.0 3.10353830661334e-23 -3.86348959102031e-23 1.15489088778643e-22 -3.34473859710851e-23 -2.01251342069872e-23
322 10.3 1.0 0.996080808464327 0.996140963246284 0.996146595842342 0.996141942713436 0.996134342395224 0.0 2.68552918285593e-23 -3.63716929025156e-23 1.08790880961593e-22 -3.18712166995344e-23 -1.8738082563377e-23
323 10.61 1.0 0.996316172716237 0.996349319537179 0.996374597155672 0.996367303326305 0.996359742807612 0.0 2.51814420176302e-23 -3.35600187736831e-23 1.02747551361459e-22 -3.01602496415663e-23 -1.77443918091317e-23
324 10.93 1.0 0.996506095403589 0.996546686658506 0.996582148036082 0.996580296816605 0.99657140685102 0.0 2.31379151369399e-23 -3.06845302931744e-23 9.70537339683023e-23 -2.83084378035276e-23 -1.67648803687346e-23
325 11.27 1.0 0.996682786554774 0.996753097143955 0.996779349247881 0.996778592639788 0.996771738115096 0.0 2.35875871937898e-23 -2.99442384611414e-23 9.11414462135465e-23 -2.68361902992709e-23 -1.58447002719615e-23
326 11.61 1.0 0.996922794321365 0.996949956398681 0.996970135088546 0.996966065625401 0.996959465984028 0.0 2.22102138762819e-23 -2.81347294130687e-23 8.53853248310948e-23 -2.52170349143746e-23 -1.48059444770549e-23
327 11.96 1.0 0.99703412435388 0.997135117232625 0.997139702046585 0.997146995734599 0.997134475614068 0.0 2.02094548266629e-23 -2.71712630233999e-23 8.06655897157887e-23 -2.32023516523872e-23 -1.40939570391486e-23
328 12.33 1.0 0.997226485264634 0.99728658006814 0.997311368754173 0.997309656949693 0.997302337888542 0.0 2.047095721436e-23 -2.46216498114732e-23 7.5743588521275e-23 -2.23350027728975e-23 -1.29694654597751e-23
329 12.7 1.0 0.997416241715346 0.997448341423528 0.997468589221066 0.997470289713056 0.997460467253948 0.0 1.75507709291285e-23 -2.28237691540875e-23 7.21836915291578e-23 -2.05625000493953e-23 -1.23438745008054e-23
330 13.09 1.0 0.997581365312027 0.99759053190944 0.997622665002409 0.997614660095623 0.997606841399319 0.0 1.76582668571489e-23 -2.02803185177892e-23 6.76545309513655e-23 -1.97234980856142e-23 -1.15461555690694e-23
331 13.49 1.0 0.997718526543742 0.997722780313194 0.997754775204425 0.99775214870026 0.997746993406514 0.0 1.72609678389323e-23 -1.87633888767006e-23 6.34929868547574e-23 -1.84229624620186e-23 -1.0949259857512e-23
332 13.9 1.0 0.997788743892802 0.997874591458073 0.997882265620437 0.997885752510392 0.997877341664062 0.0 1.57056097221183e-23 -2.06374537198851e-23 5.97678895450385e-23 -1.74960615154085e-23 -1.04592944949338e-23
333 14.32 1.0 0.99796018073162 0.997980135221662 0.998011464533807 0.998009924846122 0.99800194516599 0.0 1.40689730714538e-23 -1.87012534453868e-23 5.66809421055363e-23 -1.68805666333798e-23 -9.85800595449214e-24
334 14.76 1.0 0.998092086495622 0.99810616377476 0.998129752843943 0.998121372644579 0.998118072077597 0.0 1.32844684090264e-23 -1.59467436776237e-23 5.38103450320113e-23 -1.58846715966127e-23 -8.99010587383361e-24
335 15.21 1.0 0.998151150523169 0.998211647105165 0.998228328959119 0.9982330928536 0.998226469507119 0.0 1.16147567835222e-23 -1.63950846102827e-23 5.00730454855807e-23 -1.47807269555677e-23 -8.68814027860208e-24
