 0.000000  0.642874 2 1
 0.000000  0.644175 2 2
 0.000000  0.644184 2 3
 0.000000  0.644184 2 4
 0.000000  0.644614 2 5
 0.000000  0.644624 2 6
 0.000000  0.644691 2 7
 0.047619  0.642880 2 1
 0.047619  0.644176 2 2
 0.047619  0.644184 2 3
 0.047619  0.644186 2 4
 0.047619  0.644613 2 5
 0.047619  0.644622 2 6
 0.047619  0.644689 2 7
 0.095238  0.642899 2 1
 0.095238  0.644178 2 2
 0.095238  0.644184 2 3
 0.095238  0.644192 2 4
 0.095238  0.644610 2 5
 0.095238  0.644616 2 6
 0.095238  0.644682 2 7
 0.142857  0.642930 2 1
 0.142857  0.644178 2 2
 0.142857  0.644183 2 3
 0.142857  0.644204 2 4
 0.142857  0.644604 2 5
 0.142857  0.644606 2 6
 0.142857  0.644670 2 7
 0.190476  0.642973 2 1
 0.190476  0.644177 2 2
 0.190476  0.644181 2 3
 0.190476  0.644221 2 4
 0.190476  0.644589 2 5
 0.190476  0.644596 2 6
 0.190476  0.644656 2 7
 0.238095  0.643028 2 1
 0.238095  0.644174 2 2
 0.238095  0.644178 2 3
 0.238095  0.644242 2 4
 0.238095  0.644565 2 5
 0.238095  0.644585 2 6
 0.238095  0.644638 2 7
 0.285714  0.643094 2 1
 0.285714  0.644169 2 2
 0.285714  0.644172 2 3
 0.285714  0.644264 2 4
 0.285714  0.644531 2 5
 0.285714  0.644570 2 6
 0.285714  0.644619 2 7
 0.333333  0.643171 2 1
 0.333333  0.644160 2 2
 0.333333  0.644164 2 3
 0.333333  0.644287 2 4
 0.333333  0.644490 2 5
 0.333333  0.644552 2 6
 0.333333  0.644597 2 7
 0.380952  0.643258 2 1
 0.380952  0.644148 2 2
 0.380952  0.644152 2 3
 0.380952  0.644309 2 4
 0.380952  0.644440 2 5
 0.380952  0.644528 2 6
 0.380952  0.644571 2 7
 0.428571  0.643353 2 1
 0.428571  0.644132 2 2
 0.428571  0.644136 2 3
 0.428571  0.644329 2 4
 0.428571  0.644385 2 5
 0.428571  0.644501 2 6
 0.428571  0.644543 2 7
 0.476190  0.643455 2 1
 0.476190  0.644112 2 2
 0.476190  0.644117 2 3
 0.476190  0.644314 2 4
 0.476190  0.644355 2 5
 0.476190  0.644469 2 6
 0.476190  0.644510 2 7
 0.523810  0.643561 2 1
 0.523810  0.644087 2 2
 0.523810  0.644094 2 3
 0.523810  0.644250 2 4
 0.523810  0.644368 2 5
 0.523810  0.644433 2 6
 0.523810  0.644475 2 7
 0.571429  0.643669 2 1
 0.571429  0.644058 2 2
 0.571429  0.644068 2 3
 0.571429  0.644179 2 4
 0.571429  0.644380 2 5
 0.571429  0.644395 2 6
 0.571429  0.644438 2 7
 0.619048  0.643774 2 1
 0.619048  0.644027 2 2
 0.619048  0.644042 2 3
 0.619048  0.644107 2 4
 0.619048  0.644355 2 5
 0.619048  0.644387 2 6
 0.619048  0.644401 2 7
 0.666667  0.643871 2 1
 0.666667  0.643994 2 2
 0.666667  0.644020 2 3
 0.666667  0.644036 2 4
 0.666667  0.644315 2 5
 0.666667  0.644359 2 6
 0.666667  0.644396 2 7
 0.714286  0.643928 2 1
 0.714286  0.643958 2 2
 0.714286  0.643970 2 3
 0.714286  0.644031 2 4
 0.714286  0.644275 2 5
 0.714286  0.644322 2 6
 0.714286  0.644399 2 7
 0.761905  0.643903 2 1
 0.761905  0.643923 2 2
 0.761905  0.643930 2 3
 0.761905  0.644096 2 4
 0.761905  0.644239 2 5
 0.761905  0.644288 2 6
 0.761905  0.644400 2 7
 0.809524  0.643849 2 1
 0.809524  0.643900 2 2
 0.809524  0.643902 2 3
 0.809524  0.644168 2 4
 0.809524  0.644208 2 5
 0.809524  0.644257 2 6
 0.809524  0.644399 2 7
 0.857143  0.643804 2 1
 0.857143  0.643876 2 2
 0.857143  0.643881 2 3
 0.857143  0.644178 2 4
 0.857143  0.644232 2 5
 0.857143  0.644232 2 6
 0.857143  0.644398 2 7
 0.904762  0.643770 2 1
 0.904762  0.643857 2 2
 0.904762  0.643865 2 3
 0.904762  0.644159 2 4
 0.904762  0.644214 2 5
 0.904762  0.644277 2 6
 0.904762  0.644396 2 7
 0.952381  0.643749 2 1
 0.952381  0.643845 2 2
 0.952381  0.643855 2 3
 0.952381  0.644147 2 4
 0.952381  0.644202 2 5
 0.952381  0.644306 2 6
 0.952381  0.644395 2 7
 1.000000  0.643742 2 1
 1.000000  0.643841 2 2
 1.000000  0.643851 2 3
 1.000000  0.644143 2 4
 1.000000  0.644198 2 5
 1.000000  0.644315 2 6
 1.000000  0.644395 2 7
 1.000000  0.643742 2 1
 1.000000  0.643841 2 2
 1.000000  0.643851 2 3
 1.000000  0.644143 2 4
 1.000000  0.644198 2 5
 1.000000  0.644315 2 6
 1.000000  0.644395 2 7
 1.058926  0.643748 2 1
 1.058926  0.643845 2 2
 1.058926  0.643857 2 3
 1.058926  0.644142 2 4
 1.058926  0.644200 2 5
 1.058926  0.644313 2 6
 1.058926  0.644393 2 7
 1.117851  0.643766 2 1
 1.117851  0.643854 2 2
 1.117851  0.643878 2 3
 1.117851  0.644132 2 4
 1.117851  0.644215 2 5
 1.117851  0.644305 2 6
 1.117851  0.644388 2 7
 1.176777  0.643793 2 1
 1.176777  0.643865 2 2
 1.176777  0.643914 2 3
 1.176777  0.644106 2 4
 1.176777  0.644250 2 5
 1.176777  0.644293 2 6
 1.176777  0.644379 2 7
 1.235702  0.643824 2 1
 1.235702  0.643880 2 2
 1.235702  0.643961 2 3
 1.235702  0.644070 2 4
 1.235702  0.644278 2 5
 1.235702  0.644303 2 6
 1.235702  0.644368 2 7
 1.294628  0.643853 2 1
 1.294628  0.643900 2 2
 1.294628  0.643994 2 3
 1.294628  0.644051 2 4
 1.294628  0.644266 2 5
 1.294628  0.644350 2 6
 1.294628  0.644369 2 7
 1.353553  0.643872 2 1
 1.353553  0.643920 2 2
 1.353553  0.643967 2 3
 1.353553  0.644100 2 4
 1.353553  0.644261 2 5
 1.353553  0.644338 2 6
 1.353553  0.644436 2 7
 1.353553  0.643851 2 1
 1.353553  0.643928 2 2
 1.353553  0.643972 2 3
 1.353553  0.644117 2 4
 1.353553  0.644256 2 5
 1.353553  0.644339 2 6
 1.353553  0.644445 2 7
 1.401765  0.643863 2 1
 1.401765  0.643912 2 2
 1.401765  0.643964 2 3
 1.401765  0.644171 2 4
 1.401765  0.644258 2 5
 1.401765  0.644325 2 6
 1.401765  0.644506 2 7
 1.449977  0.643863 2 1
 1.449977  0.643880 2 2
 1.449977  0.643977 2 3
 1.449977  0.644224 2 4
 1.449977  0.644270 2 5
 1.449977  0.644310 2 6
 1.449977  0.644567 2 7
 1.498189  0.643849 2 1
 1.498189  0.643851 2 2
 1.498189  0.643995 2 3
 1.498189  0.644276 2 4
 1.498189  0.644291 2 5
 1.498189  0.644295 2 6
 1.498189  0.644626 2 7
 1.546401  0.643822 2 1
 1.546401  0.643829 2 2
 1.546401  0.644013 2 3
 1.546401  0.644279 2 4
 1.546401  0.644319 2 5
 1.546401  0.644323 2 6
 1.546401  0.644680 2 7
 1.594613  0.643785 2 1
 1.594613  0.643818 2 2
 1.594613  0.644032 2 3
 1.594613  0.644265 2 4
 1.594613  0.644350 2 5
 1.594613  0.644364 2 6
 1.594613  0.644728 2 7
 1.642824  0.643739 2 1
 1.642824  0.643819 2 2
 1.642824  0.644051 2 3
 1.642824  0.644251 2 4
 1.642824  0.644381 2 5
 1.642824  0.644398 2 6
 1.642824  0.644769 2 7
 1.691036  0.643687 2 1
 1.691036  0.643831 2 2
 1.691036  0.644070 2 3
 1.691036  0.644239 2 4
 1.691036  0.644412 2 5
 1.691036  0.644425 2 6
 1.691036  0.644801 2 7
 1.739248  0.643629 2 1
 1.739248  0.643856 2 2
 1.739248  0.644087 2 3
 1.739248  0.644228 2 4
 1.739248  0.644440 2 5
 1.739248  0.644443 2 6
 1.739248  0.644823 2 7
 1.787460  0.643567 2 1
 1.787460  0.643892 2 2
 1.787460  0.644104 2 3
 1.787460  0.644218 2 4
 1.787460  0.644453 2 5
 1.787460  0.644465 2 6
 1.787460  0.644837 2 7
 1.835672  0.643500 2 1
 1.835672  0.643939 2 2
 1.835672  0.644119 2 3
 1.835672  0.644209 2 4
 1.835672  0.644455 2 5
 1.835672  0.644488 2 6
 1.835672  0.644842 2 7
 1.883883  0.643430 2 1
 1.883883  0.643995 2 2
 1.883883  0.644133 2 3
 1.883883  0.644202 2 4
 1.883883  0.644451 2 5
 1.883883  0.644508 2 6
 1.883883  0.644838 2 7
 1.932095  0.643359 2 1
 1.932095  0.644056 2 2
 1.932095  0.644146 2 3
 1.932095  0.644197 2 4
 1.932095  0.644442 2 5
 1.932095  0.644526 2 6
 1.932095  0.644828 2 7
 1.980307  0.643286 2 1
 1.980307  0.644116 2 2
 1.980307  0.644159 2 3
 1.980307  0.644192 2 4
 1.980307  0.644431 2 5
 1.980307  0.644542 2 6
 1.980307  0.644811 2 7
 2.028519  0.643215 2 1
 2.028519  0.644155 2 2
 2.028519  0.644186 2 3
 2.028519  0.644189 2 4
 2.028519  0.644425 2 5
 2.028519  0.644557 2 6
 2.028519  0.644790 2 7
 2.076731  0.643146 2 1
 2.076731  0.644166 2 2
 2.076731  0.644187 2 3
 2.076731  0.644222 2 4
 2.076731  0.644432 2 5
 2.076731  0.644569 2 6
 2.076731  0.644768 2 7
 2.124943  0.643081 2 1
 2.124943  0.644172 2 2
 2.124943  0.644185 2 3
 2.124943  0.644236 2 4
 2.124943  0.644461 2 5
 2.124943  0.644581 2 6
 2.124943  0.644744 2 7
 2.173154  0.643022 2 1
 2.173154  0.644176 2 2
 2.173154  0.644184 2 3
 2.173154  0.644232 2 4
 2.173154  0.644504 2 5
 2.173154  0.644590 2 6
 2.173154  0.644722 2 7
 2.221366  0.642971 2 1
 2.221366  0.644178 2 2
 2.221366  0.644184 2 3
 2.221366  0.644218 2 4
 2.221366  0.644549 2 5
 2.221366  0.644598 2 6
 2.221366  0.644704 2 7
 2.269578  0.642930 2 1
 2.269578  0.644178 2 2
 2.269578  0.644184 2 3
 2.269578  0.644204 2 4
 2.269578  0.644587 2 5
 2.269578  0.644605 2 6
 2.269578  0.644691 2 7
 2.317790  0.642899 2 1
 2.317790  0.644178 2 2
 2.317790  0.644184 2 3
 2.317790  0.644192 2 4
 2.317790  0.644610 2 5
 2.317790  0.644612 2 6
 2.317790  0.644687 2 7
 2.366002  0.642880 2 1
 2.366002  0.644176 2 2
 2.366002  0.644184 2 3
 2.366002  0.644186 2 4
 2.366002  0.644613 2 5
 2.366002  0.644622 2 6
 2.366002  0.644689 2 7
 2.414214  0.642874 2 1
 2.414214  0.644175 2 2
 2.414214  0.644184 2 3
 2.414214  0.644184 2 4
 2.414214  0.644614 2 5
 2.414214  0.644624 2 6
 2.414214  0.644691 2 7
 2.414214  0.642874 2 1
 2.414214  0.644175 2 2
 2.414214  0.644184 2 3
 2.414214  0.644184 2 4
 2.414214  0.644614 2 5
 2.414214  0.644624 2 6
 2.414214  0.644691 2 7
 2.462326  0.642880 2 1
 2.462326  0.644176 2 2
 2.462326  0.644184 2 3
 2.462326  0.644186 2 4
 2.462326  0.644611 2 5
 2.462326  0.644623 2 6
 2.462326  0.644689 2 7
 2.510439  0.642899 2 1
 2.510439  0.644175 2 2
 2.510439  0.644187 2 3
 2.510439  0.644192 2 4
 2.510439  0.644595 2 5
 2.510439  0.644626 2 6
 2.510439  0.644687 2 7
 2.558551  0.642929 2 1
 2.558551  0.644172 2 2
 2.558551  0.644194 2 3
 2.558551  0.644201 2 4
 2.558551  0.644562 2 5
 2.558551  0.644634 2 6
 2.558551  0.644689 2 7
 2.606664  0.642970 2 1
 2.606664  0.644165 2 2
 2.606664  0.644205 2 3
 2.606664  0.644212 2 4
 2.606664  0.644513 2 5
 2.606664  0.644645 2 6
 2.606664  0.644697 2 7
 2.654776  0.643018 2 1
 2.654776  0.644157 2 2
 2.654776  0.644217 2 3
 2.654776  0.644224 2 4
 2.654776  0.644451 2 5
 2.654776  0.644661 2 6
 2.654776  0.644710 2 7
 2.702889  0.643072 2 1
 2.702889  0.644148 2 2
 2.702889  0.644229 2 3
 2.702889  0.644237 2 4
 2.702889  0.644381 2 5
 2.702889  0.644681 2 6
 2.702889  0.644728 2 7
 2.751001  0.643127 2 1
 2.751001  0.644137 2 2
 2.751001  0.644240 2 3
 2.751001  0.644250 2 4
 2.751001  0.644307 2 5
 2.751001  0.644705 2 6
 2.751001  0.644750 2 7
 2.799114  0.643180 2 1
 2.799114  0.644126 2 2
 2.799114  0.644231 2 3
 2.799114  0.644252 2 4
 2.799114  0.644261 2 5
 2.799114  0.644733 2 6
 2.799114  0.644777 2 7
 2.847226  0.643226 2 1
 2.847226  0.644113 2 2
 2.847226  0.644167 2 3
 2.847226  0.644258 2 4
 2.847226  0.644271 2 5
 2.847226  0.644763 2 6
 2.847226  0.644807 2 7
 2.895339  0.643258 2 1
 2.895339  0.644095 2 2
 2.895339  0.644120 2 3
 2.895339  0.644264 2 4
 2.895339  0.644279 2 5
 2.895339  0.644795 2 6
 2.895339  0.644839 2 7
 2.943451  0.643273 2 1
 2.943451  0.644070 2 2
 2.943451  0.644099 2 3
 2.943451  0.644267 2 4
 2.943451  0.644286 2 5
 2.943451  0.644828 2 6
 2.943451  0.644872 2 7
 2.991564  0.643269 2 1
 2.991564  0.644055 2 2
 2.991564  0.644086 2 3
 2.991564  0.644270 2 4
 2.991564  0.644291 2 5
 2.991564  0.644860 2 6
 2.991564  0.644905 2 7
 3.039676  0.643250 2 1
 3.039676  0.644056 2 2
 3.039676  0.644077 2 3
 3.039676  0.644271 2 4
 3.039676  0.644295 2 5
 3.039676  0.644889 2 6
 3.039676  0.644935 2 7
 3.087789  0.643222 2 1
 3.087789  0.644065 2 2
 3.087789  0.644072 2 3
 3.087789  0.644271 2 4
 3.087789  0.644298 2 5
 3.087789  0.644915 2 6
 3.087789  0.644962 2 7
 3.135901  0.643193 2 1
 3.135901  0.644061 2 2
 3.135901  0.644085 2 3
 3.135901  0.644271 2 4
 3.135901  0.644300 2 5
 3.135901  0.644936 2 6
 3.135901  0.644984 2 7
 3.184014  0.643169 2 1
 3.184014  0.644056 2 2
 3.184014  0.644100 2 3
 3.184014  0.644271 2 4
 3.184014  0.644301 2 5
 3.184014  0.644952 2 6
 3.184014  0.645001 2 7
 3.232126  0.643153 2 1
 3.232126  0.644053 2 2
 3.232126  0.644110 2 3
 3.232126  0.644270 2 4
 3.232126  0.644302 2 5
 3.232126  0.644962 2 6
 3.232126  0.645011 2 7
 3.280239  0.643147 2 1
 3.280239  0.644052 2 2
 3.280239  0.644114 2 3
 3.280239  0.644270 2 4
 3.280239  0.644303 2 5
 3.280239  0.644965 2 6
 3.280239  0.645015 2 7
 3.280239  0.643147 2 1
 3.280239  0.644052 2 2
 3.280239  0.644114 2 3
 3.280239  0.644270 2 4
 3.280239  0.644303 2 5
 3.280239  0.644965 2 6
 3.280239  0.645015 2 7
 3.330747  0.643155 2 1
 3.330747  0.644052 2 2
 3.330747  0.644115 2 3
 3.330747  0.644268 2 4
 3.330747  0.644301 2 5
 3.330747  0.644957 2 6
 3.330747  0.645006 2 7
 3.381254  0.643180 2 1
 3.381254  0.644052 2 2
 3.381254  0.644118 2 3
 3.381254  0.644260 2 4
 3.381254  0.644295 2 5
 3.381254  0.644930 2 6
 3.381254  0.644981 2 7
 3.431762  0.643221 2 1
 3.431762  0.644050 2 2
 3.431762  0.644124 2 3
 3.431762  0.644248 2 4
 3.431762  0.644287 2 5
 3.431762  0.644883 2 6
 3.431762  0.644945 2 7
 3.482269  0.643275 2 1
 3.482269  0.644047 2 2
 3.482269  0.644131 2 3
 3.482269  0.644234 2 4
 3.482269  0.644277 2 5
 3.482269  0.644816 2 6
 3.482269  0.644900 2 7
 3.532777  0.643342 2 1
 3.532777  0.644039 2 2
 3.532777  0.644140 2 3
 3.532777  0.644220 2 4
 3.532777  0.644265 2 5
 3.532777  0.644734 2 6
 3.532777  0.644847 2 7
 3.583285  0.643417 2 1
 3.583285  0.644027 2 2
 3.583285  0.644150 2 3
 3.583285  0.644209 2 4
 3.583285  0.644253 2 5
 3.583285  0.644641 2 6
 3.583285  0.644786 2 7
 3.633792  0.643500 2 1
 3.633792  0.644011 2 2
 3.633792  0.644160 2 3
 3.633792  0.644201 2 4
 3.633792  0.644242 2 5
 3.633792  0.644542 2 6
 3.633792  0.644719 2 7
 3.684300  0.643586 2 1
 3.684300  0.643991 2 2
 3.684300  0.644169 2 3
 3.684300  0.644198 2 4
 3.684300  0.644232 2 5
 3.684300  0.644442 2 6
 3.684300  0.644648 2 7
 3.734808  0.643673 2 1
 3.734808  0.643972 2 2
 3.734808  0.644175 2 3
 3.734808  0.644196 2 4
 3.734808  0.644225 2 5
 3.734808  0.644347 2 6
 3.734808  0.644573 2 7
 3.785315  0.643760 2 1
 3.785315  0.643956 2 2
 3.785315  0.644175 2 3
 3.785315  0.644189 2 4
 3.785315  0.644224 2 5
 3.785315  0.644268 2 6
 3.785315  0.644496 2 7
 3.835823  0.643842 2 1
 3.835823  0.643947 2 2
 3.835823  0.644140 2 3
 3.835823  0.644185 2 4
 3.835823  0.644224 2 5
 3.835823  0.644233 2 6
 3.835823  0.644420 2 7
 3.886330  0.643914 2 1
 3.886330  0.643947 2 2
 3.886330  0.644084 2 3
 3.886330  0.644188 2 4
 3.886330  0.644218 2 5
 3.886330  0.644234 2 6
 3.886330  0.644347 2 7
 3.936838  0.643951 2 1
 3.936838  0.643972 2 2
 3.936838  0.644041 2 3
 3.936838  0.644198 2 4
 3.936838  0.644216 2 5
 3.936838  0.644237 2 6
 3.936838  0.644281 2 7
 3.987346  0.643963 2 1
 3.987346  0.643979 2 2
 3.987346  0.644031 2 3
 3.987346  0.644213 2 4
 3.987346  0.644216 2 5
 3.987346  0.644240 2 6
 3.987346  0.644240 2 7
 3.987346  0.643963 2 1
 3.987346  0.643979 2 2
 3.987346  0.644031 2 3
 3.987346  0.644213 2 4
 3.987346  0.644216 2 5
 3.987346  0.644240 2 6
 3.987346  0.644240 2 7
 4.037346  0.643958 2 1
 4.037346  0.643999 2 2
 4.037346  0.644002 2 3
 4.037346  0.644186 2 4
 4.037346  0.644233 2 5
 4.037346  0.644238 2 6
 4.037346  0.644256 2 7
 4.087346  0.643948 2 1
 4.087346  0.643962 2 2
 4.087346  0.644013 2 3
 4.087346  0.644157 2 4
 4.087346  0.644234 2 5
 4.087346  0.644243 2 6
 4.087346  0.644286 2 7
 4.137346  0.643923 2 1
 4.137346  0.643934 2 2
 4.137346  0.644006 2 3
 4.137346  0.644139 2 4
 4.137346  0.644231 2 5
 4.137346  0.644251 2 6
 4.137346  0.644314 2 7
 4.187346  0.643884 2 1
 4.187346  0.643916 2 2
 4.187346  0.643983 2 3
 4.187346  0.644134 2 4
 4.187346  0.644226 2 5
 4.187346  0.644262 2 6
 4.187346  0.644337 2 7
 4.237346  0.643846 2 1
 4.237346  0.643898 2 2
 4.237346  0.643952 2 3
 4.237346  0.644135 2 4
 4.237346  0.644220 2 5
 4.237346  0.644275 2 6
 4.237346  0.644356 2 7
 4.287346  0.643811 2 1
 4.287346  0.643880 2 2
 4.287346  0.643920 2 3
 4.287346  0.644138 2 4
 4.287346  0.644214 2 5
 4.287346  0.644287 2 6
 4.287346  0.644371 2 7
 4.337346  0.643782 2 1
 4.337346  0.643864 2 2
 4.337346  0.643892 2 3
 4.337346  0.644140 2 4
 4.337346  0.644207 2 5
 4.337346  0.644299 2 6
 4.337346  0.644382 2 7
 4.387346  0.643761 2 1
 4.387346  0.643852 2 2
 4.387346  0.643870 2 3
 4.387346  0.644142 2 4
 4.387346  0.644202 2 5
 4.387346  0.644308 2 6
 4.387346  0.644389 2 7
 4.437346  0.643747 2 1
 4.437346  0.643844 2 2
 4.437346  0.643856 2 3
 4.437346  0.644143 2 4
 4.437346  0.644199 2 5
 4.437346  0.644313 2 6
 4.437346  0.644394 2 7
 4.487346  0.643742 2 1
 4.487346  0.643841 2 2
 4.487346  0.643851 2 3
 4.487346  0.644143 2 4
 4.487346  0.644198 2 5
 4.487346  0.644315 2 6
 4.487346  0.644395 2 7
