  135   0.10871     0
   21
   0.50000   0.00000   0.00000   120
 -2.7896 -2.7867 -2.7867 -1.2696 -1.2299 -1.2220 -0.3898 -0.2774 -0.2774 -0.2297
 -0.2297 -0.2293 -0.1951 -0.1029 -0.1029  0.0421  0.1787  0.1787  0.2027  0.3716
  0.5270  0.5415  0.5976  0.7143  0.7143  0.7513  0.8895  1.0578  1.1475  1.1475
  1.1939  1.3074  1.3278  1.3278  1.4162  1.4207  1.4207  1.5611  1.5912  1.6780
  1.6780  1.8322  1.9461  1.9461  2.1885  2.2048  2.2048  2.3220  2.5431  2.6560
  2.6560  2.6710  2.7052  2.7095  2.7334  2.9767  2.9767  3.0146  3.1863  3.2368
  3.2556  3.2556  3.2909  3.3378  3.5514  3.5514  3.7703  3.7704  3.8847  3.8923
  3.9368  3.9369  3.9957  4.0025  4.0025  4.0498  4.2008  4.3807  4.3883  4.3883
  4.4355  4.5196  4.9533  4.9659  4.9659  5.0745  5.2151  5.4040  5.5403  5.5403
  5.6168  5.6365  5.7371  5.7371  5.8094  6.1068  6.1956  6.2344  6.3332  6.3333
  6.3683  6.3683  6.5057  6.5946  6.6554  6.8030  6.8917  6.8918  7.0187  7.2140
  7.2140  7.3692  7.8436  7.9386  8.0750  8.3821  8.3822  8.4193  9.6212 11.7674
   0.47500   0.00000   0.00000   120
 -2.7896 -2.7867 -2.7867 -1.2700 -1.2299 -1.2220 -0.3891 -0.2775 -0.2775 -0.2292
 -0.2292 -0.2286 -0.1948 -0.1027 -0.1027  0.0420  0.1780  0.1780  0.2027  0.3709
  0.5260  0.5403  0.5977  0.7137  0.7137  0.7444  0.8973  1.0589  1.1475  1.1475
  1.1941  1.3080  1.3273  1.3273  1.4176  1.4221  1.4221  1.5413  1.6125  1.6779
  1.6779  1.8320  1.9470  1.9470  2.1854  2.2063  2.2063  2.3212  2.5438  2.6516
  2.6516  2.6707  2.7070  2.7078  2.7337  2.9791  2.9791  3.0145  3.1872  3.2366
  3.2566  3.2566  3.2886  3.3391  3.5499  3.5500  3.7718  3.7719  3.8847  3.8923
  3.9307  3.9308  3.9454  4.0055  4.0055  4.0860  4.1930  4.3421  4.3945  4.3945
  4.4911  4.5229  4.9452  4.9652  4.9652  5.0719  5.2118  5.4095  5.5404  5.5405
  5.5696  5.6743  5.7337  5.7337  5.8117  6.1006  6.2062  6.2368  6.3325  6.3325
  6.3640  6.3641  6.5043  6.6064  6.6562  6.8086  6.8896  6.8897  7.0174  7.2120
  7.2121  7.3693  7.8413  7.9419  8.0732  8.3862  8.3863  8.4113  9.6218 11.7564
   0.45000   0.00000   0.00000   120
 -2.7896 -2.7867 -2.7867 -1.2713 -1.2300 -1.2220 -0.3871 -0.2776 -0.2776 -0.2276
 -0.2276 -0.2267 -0.1938 -0.1024 -0.1024  0.0419  0.1759  0.1759  0.2027  0.3687
  0.5230  0.5366  0.5980  0.7119  0.7119  0.7271  0.9171  1.0622  1.1478  1.1478
  1.1951  1.3099  1.3257  1.3257  1.4217  1.4262  1.4262  1.5132  1.6453  1.6775
  1.6775  1.8314  1.9499  1.9499  2.1763  2.2107  2.2107  2.3189  2.5460  2.6391
  2.6391  2.6697  2.7027  2.7120  2.7348  2.9853  2.9853  3.0142  3.1902  3.2359
  3.2600  3.2600  3.2822  3.3430  3.5458  3.5459  3.7757  3.7758  3.8672  3.8844
  3.8923  3.9173  3.9173  4.0109  4.0109  4.1161  4.1676  4.3183  4.4128  4.4129
  4.5328  4.5736  4.9226  4.9634  4.9634  5.0660  5.2021  5.4243  5.5110  5.5410
  5.5410  5.7103  5.7239  5.7240  5.8188  6.0844  6.2126  6.2669  6.3300  6.3300
  6.3522  6.3522  6.5008  6.6393  6.6600  6.8256  6.8836  6.8837  7.0139  7.2071
  7.2071  7.3696  7.8382  7.9518  8.0678  8.3945  8.3985  8.3985  9.6305 11.7316
   0.42500   0.00000   0.00000   120
 -2.7895 -2.7867 -2.7867 -1.2734 -1.2301 -1.2220 -0.3837 -0.2778 -0.2778 -0.2252
 -0.2252 -0.2236 -0.1922 -0.1018 -0.1018  0.0416  0.1724  0.1724  0.2027  0.3650
  0.5182  0.5305  0.5987  0.7051  0.7088  0.7088  0.9427  1.0680  1.1483  1.1483
  1.1969  1.3131  1.3235  1.3235  1.4284  1.4326  1.4326  1.4860  1.6769  1.6769
  1.6804  1.8303  1.9546  1.9546  2.1612  2.2181  2.2181  2.3151  2.5495  2.6203
  2.6203  2.6681  2.6951  2.7202  2.7365  2.9926  2.9926  3.0140  3.1950  3.2346
  3.2667  3.2667  3.2722  3.3490  3.5398  3.5398  3.7796  3.7796  3.7814  3.8840
  3.8923  3.9039  3.9039  4.0141  4.0142  4.0889  4.1591  4.3259  4.4417  4.4417
  4.5485  4.6603  4.8898  4.9602  4.9602  5.0599  5.1861  5.4439  5.4535  5.5421
  5.5421  5.7085  5.7085  5.7361  5.8304  6.0626  6.2037  6.3191  6.3191  6.3278
  6.3385  6.3385  6.4948  6.6678  6.6880  6.8549  6.8741  6.8742  7.0093  7.2001
  7.2001  7.3699  7.8339  7.9679  8.0591  8.3674  8.4183  8.4183  9.6445 11.6902
   0.40000   0.00000   0.00000   124
 -2.7894 -2.7868 -2.7868 -1.2762 -1.2303 -1.2221 -0.3791 -0.2780 -0.2780 -0.2218
 -0.2218 -0.2192 -0.1899 -0.1011 -0.1011  0.0412  0.1675  0.1675  0.2026  0.3599
  0.5117  0.5223  0.5986  0.6814  0.7039  0.7039  0.9681  1.0766  1.1433  1.1433
  1.1727  1.3128  1.3128  1.3173  1.4375  1.4407  1.4407  1.4583  1.6745  1.6745
  1.7153  1.8289  1.9606  1.9607  2.0906  2.2282  2.2282  2.3021  2.5175  2.5360
  2.5360  2.5542  2.6659  2.7222  2.7391  2.9702  2.9702  3.0141  3.0786  3.1223
  3.1223  3.2321  3.2596  3.3300  3.4611  3.4611  3.5916  3.7345  3.7345  3.8833
  3.8864  3.8864  3.8923  4.0139  4.0139  4.0277  4.1598  4.2227  4.3413  4.3544
  4.3544  4.5689  4.7436  4.9253  4.9253  5.0496  5.1642  5.3206  5.3206  5.3726
  5.4008  5.6463  5.6864  5.6864  5.7532  6.0398  6.0917  6.1092  6.1092  6.2892
  6.2893  6.3123  6.3627  6.5755  6.7455  6.8161  6.8443  6.8444  6.8980  7.0059
  7.0555  7.0555  7.1555  7.4176  7.4177  7.8265  7.9269  8.0045  8.0476  9.0981
  9.0981  9.6593 10.2448 11.6799
   0.37500   0.00000   0.00000   124
 -2.7892 -2.7868 -2.7868 -1.2795 -1.2304 -1.2223 -0.3733 -0.2782 -0.2782 -0.2177
 -0.2177 -0.2135 -0.1870 -0.1000 -0.1000  0.0408  0.1616  0.1616  0.2025  0.3535
  0.5036  0.5124  0.5995  0.6576  0.6986  0.6986  0.9929  1.0882  1.1435  1.1435
  1.1766  1.3098  1.3099  1.3229  1.4354  1.4488  1.4505  1.4505  1.6736  1.6736
  1.7525  1.8270  1.9685  1.9685  2.0587  2.2411  2.2411  2.2951  2.5075  2.5075
  2.5198  2.5599  2.6630  2.7375  2.7427  2.9855  2.9855  3.0146  3.1034  3.1199
  3.1199  3.2264  3.2473  3.3349  3.4667  3.4668  3.5092  3.7411  3.7411  3.8787
  3.8787  3.8824  3.8923  3.9637  4.0107  4.0107  4.1570  4.2698  4.3520  4.3907
  4.3907  4.5925  4.8303  4.9257  4.9257  5.0529  5.1374  5.3373  5.3373  5.3555
  5.4139  5.6196  5.6631  5.6632  5.7643  6.0194  6.0609  6.1142  6.1143  6.2455
  6.2455  6.3197  6.3877  6.6307  6.8025  6.8400  6.8401  6.8647  6.9594  7.0098
  7.0681  7.0681  7.1615  7.4307  7.4309  7.8138  7.9163  8.0216  8.0341  9.1874
  9.1875  9.6689 10.2500 11.5984
   0.35000   0.00000   0.00000   124
 -2.7890 -2.7868 -2.7868 -1.2832 -1.2306 -1.2227 -0.3666 -0.2783 -0.2783 -0.2127
 -0.2127 -0.2067 -0.1836 -0.0988 -0.0988  0.0402  0.1545  0.1545  0.2025  0.3458
  0.4943  0.5011  0.6005  0.6343  0.6926  0.6926  1.0136  1.1018  1.1437  1.1437
  1.1850  1.3070  1.3070  1.3299  1.4154  1.4613  1.4613  1.4621  1.6726  1.6726
  1.7905  1.8249  1.9778  1.9778  2.0249  2.2566  2.2566  2.2875  2.4791  2.4791
  2.5234  2.5662  2.6594  2.7473  2.7547  2.9895  2.9895  3.0154  3.1246  3.1246
  3.1271  3.2140  3.2395  3.3347  3.4302  3.4762  3.4762  3.7415  3.7415  3.8756
  3.8756  3.8810  3.8923  3.9032  4.0071  4.0071  4.1505  4.3113  4.3463  4.4288
  4.4288  4.6171  4.9115  4.9249  4.9250  5.0677  5.1071  5.3212  5.3561  5.3561
  5.4511  5.5945  5.6394  5.6394  5.7708  6.0031  6.0311  6.1196  6.1196  6.1915
  6.1915  6.3259  6.3978  6.6911  6.8298  6.8299  6.8441  6.9065  7.0332  7.0407
  7.0825  7.0825  7.1634  7.4345  7.4348  7.7956  7.9022  8.0197  8.0529  9.2700
  9.2702  9.6747 10.2432 11.5029
   0.32500   0.00000   0.00000   124
 -2.7889 -2.7868 -2.7868 -1.2872 -1.2309 -1.2232 -0.3590 -0.2784 -0.2784 -0.2071
 -0.2071 -0.1988 -0.1798 -0.0973 -0.0973  0.0396  0.1464  0.1464  0.2024  0.3368
  0.4839  0.4888  0.6017  0.6119  0.6858  0.6858  1.0294  1.1143  1.1441  1.1441
  1.2007  1.3044  1.3044  1.3381  1.3991  1.4729  1.4729  1.4770  1.6716  1.6716
  1.8224  1.8290  1.9885  1.9885  1.9898  2.2742  2.2742  2.2795  2.4516  2.4516
  2.5278  2.5728  2.6549  2.7534  2.7735  2.9817  2.9817  3.0159  3.1364  3.1364
  3.1496  3.1965  3.2352  3.3082  3.3755  3.4897  3.4897  3.7375  3.7375  3.8490
  3.8727  3.8727  3.8792  3.8923  4.0066  4.0066  4.1414  4.3230  4.3465  4.4661
  4.4661  4.6398  4.9240  4.9241  4.9844  5.0757  5.0889  5.3059  5.3773  5.3773
  5.4847  5.5722  5.6168  5.6168  5.7739  5.9921  6.0048  6.1093  6.1094  6.1432
  6.1432  6.3307  6.4010  6.7452  6.8162  6.8163  6.8591  6.9398  7.0853  7.0983
  7.0983  7.1382  7.1627  7.4304  7.4309  7.7736  7.8901  8.0062  8.0944  9.3436
  9.3439  9.6764 10.2366 11.3963
   0.30000   0.00000   0.00000   124
 -2.7886 -2.7868 -2.7868 -1.2914 -1.2311 -1.2239 -0.3509 -0.2785 -0.2785 -0.2009
 -0.2009 -0.1897 -0.1755 -0.0956 -0.0956  0.0390  0.1374  0.1374  0.2023  0.3268
  0.4727  0.4757  0.5905  0.6030  0.6785  0.6785  1.0413  1.1228  1.1445  1.1445
  1.2236  1.3021  1.3022  1.3476  1.3878  1.4851  1.4851  1.4933  1.6705  1.6705
  1.8196  1.8678  1.9542  2.0003  2.0003  2.2711  2.2931  2.2931  2.4263  2.4263
  2.5325  2.5791  2.6497  2.7611  2.7938  2.9652  2.9652  3.0146  3.1516  3.1516
  3.1709  3.1773  3.2319  3.2397  3.3614  3.5072  3.5072  3.7318  3.7318  3.8028
  3.8652  3.8652  3.8771  3.8923  4.0122  4.0122  4.1301  4.2852  4.3749  4.4995
  4.4995  4.6564  4.9241  4.9242  5.0419  5.0470  5.1093  5.3203  5.4009  5.4010
  5.5137  5.5550  5.5966  5.5966  5.7742  5.9837  5.9867  6.0425  6.0425  6.1421
  6.1422  6.3339  6.4016  6.7903  6.8008  6.8009  6.8545  6.9629  7.1145  7.1145
  7.1516  7.1565  7.2508  7.4187  7.4193  7.7509  7.8813  7.9963  8.1452  9.4067
  9.4071  9.6740 10.2284 11.2791
   0.27500   0.00000   0.00000   124
 -2.7884 -2.7868 -2.7868 -1.2957 -1.2314 -1.2247 -0.3422 -0.2784 -0.2784 -0.1941
 -0.1941 -0.1796 -0.1708 -0.0938 -0.0938  0.0383  0.1277  0.1277  0.2022  0.3157
  0.4611  0.4625  0.5702  0.6044  0.6709  0.6709  1.0503  1.1274  1.1450  1.1450
  1.2494  1.3002  1.3002  1.3584  1.3844  1.4975  1.4975  1.5106  1.6693  1.6693
  1.8166  1.9068  1.9184  2.0130  2.0130  2.2626  2.3111  2.3111  2.4053  2.4054
  2.5374  2.5846  2.6437  2.7710  2.8152  2.9435  2.9435  3.0076  3.1577  3.1656
  3.1669  3.1669  3.1908  3.2286  3.3544  3.5275  3.5275  3.7264  3.7264  3.7658
  3.8518  3.8518  3.8747  3.8922  4.0243  4.0243  4.1170  4.2374  4.3964  4.5258
  4.5258  4.6619  4.9274  4.9275  5.0260  5.0563  5.1522  5.3632  5.4269  5.4269
  5.5243  5.5585  5.5797  5.5797  5.7723  5.9604  5.9604  5.9691  5.9869  6.1485
  6.1486  6.3351  6.4013  6.7849  6.7850  6.8274  6.8406  6.9750  7.1303  7.1303
  7.1375  7.2329  7.3577  7.4002  7.4008  7.7332  7.8755  7.9937  8.2055  9.4589
  9.4595  9.6669 10.2175 11.1530
   0.25000   0.00000   0.00000   120
 -2.7882 -2.7868 -2.7868 -1.2999 -1.2317 -1.2256 -0.3334 -0.2783 -0.2783 -0.1870
 -0.1870 -0.1686 -0.1657 -0.0918 -0.0918  0.0376  0.1174  0.1174  0.2020  0.3039
  0.4494  0.4494  0.5512  0.6058  0.6636  0.6636  1.0576  1.1296  1.1458  1.1458
  1.2710  1.3013  1.3013  1.3705  1.3943  1.5101  1.5101  1.5385  1.6719  1.6719
  1.8134  1.8827  1.9465  2.0298  2.0298  2.2543  2.3295  2.3295  2.4554  2.4554
  2.5423  2.5923  2.6371  2.8375  2.9505  2.9853  3.0532  3.0532  3.1054  3.1392
  3.1994  3.1994  3.2095  3.3476  3.5043  3.5660  3.5660  3.7234  3.7234  3.7386
  3.8922  3.9072  4.0409  4.0410  4.1010  4.1011  4.1047  4.1963  4.4109  4.5617
  4.5617  4.7040  4.9585  4.9585  5.0323  5.0479  5.2169  5.4252  5.4549  5.4550
  5.5155  5.5668  5.5668  5.5850  5.9232  6.0861  6.1540  6.1540  6.1979  6.3340
  6.7224  6.7497  6.7498  6.8633  6.9762  7.1195  7.1439  7.1439  7.1684  7.2433
  7.2439  7.5426  7.7168  7.8643  8.0916  9.1168  9.4826  9.4832 10.1492 10.6485
   0.22500   0.00000   0.00000   120
 -2.7880 -2.7868 -2.7868 -1.3041 -1.2320 -1.2267 -0.3245 -0.2781 -0.2781 -0.1795
 -0.1795 -0.1608 -0.1567 -0.0896 -0.0896  0.0369  0.1067  0.1067  0.2019  0.2912
  0.4367  0.4376  0.5334  0.6072  0.6559  0.6559  1.0630  1.1300  1.1463  1.1463
  1.2826  1.2997  1.2997  1.3839  1.4191  1.5225  1.5225  1.5562  1.6707  1.6707
  1.8101  1.8475  1.9846  2.0428  2.0428  2.2455  2.3184  2.3184  2.4695  2.4695
  2.5469  2.5928  2.6302  2.8598  2.9355  2.9538  3.0398  3.0398  3.0715  3.1228
  3.2132  3.2132  3.2267  3.3359  3.5375  3.5996  3.5996  3.7202  3.7213  3.7213
  3.8922  3.9049  4.0583  4.0583  4.0877  4.0947  4.0947  4.1397  4.4191  4.5729
  4.5729  4.6617  4.9598  4.9599  5.0203  5.0396  5.2868  5.4832  5.4832  5.4835
  5.5069  5.5591  5.5591  5.6158  5.9378  6.0928  6.1591  6.1591  6.1889  6.3301
  6.7338  6.7417  6.7418  6.8815  6.9676  7.1002  7.1522  7.1523  7.1579  7.2507
  7.2513  7.6391  7.8172  7.8577  8.1446  9.1378  9.5214  9.5220 10.1425 10.5645
   0.20000   0.00000   0.00000   120
 -2.7877 -2.7868 -2.7868 -1.3080 -1.2322 -1.2278 -0.3159 -0.2779 -0.2779 -0.1719
 -0.1719 -0.1558 -0.1443 -0.0873 -0.0873  0.0362  0.0957  0.0957  0.2018  0.2780
  0.4246  0.4262  0.5170  0.6086  0.6483  0.6483  1.0671  1.1297  1.1468  1.1468
  1.2866  1.2983  1.2983  1.3987  1.4563  1.5345  1.5345  1.5738  1.6695  1.6695
  1.8066  1.8129  2.0217  2.0563  2.0563  2.2365  2.3028  2.3028  2.4882  2.4882
  2.5513  2.5930  2.6229  2.8600  2.8901  2.9562  3.0252  3.0252  3.0549  3.1090
  3.2270  3.2270  3.2425  3.3239  3.5742  3.6343  3.6343  3.7093  3.7227  3.7227
  3.8922  3.9025  4.0653  4.0682  4.0682  4.0889  4.0940  4.0940  4.4216  4.5694
  4.5694  4.6089  4.9730  4.9730  4.9906  5.0544  5.3575  5.5009  5.5066  5.5066
  5.5365  5.5612  5.5613  5.6489  5.9595  6.1005  6.1633  6.1634  6.1817  6.3229
  6.7314  6.7323  6.7324  6.9069  6.9509  7.0813  7.1388  7.1484  7.1487  7.2577
  7.2581  7.7123  7.8588  7.9315  8.2080  9.1627  9.5503  9.5511 10.1323 10.4807
   0.17500   0.00000   0.00000   120
 -2.7875 -2.7868 -2.7868 -1.3117 -1.2325 -1.2289 -0.3077 -0.2777 -0.2777 -0.1643
 -0.1643 -0.1509 -0.1316 -0.0849 -0.0849  0.0356  0.0846  0.0846  0.2016  0.2645
  0.4135  0.4153  0.5020  0.6099  0.6412  0.6412  1.0702  1.1292  1.1473  1.1473
  1.2872  1.2971  1.2972  1.4147  1.5007  1.5460  1.5460  1.5909  1.6682  1.6682
  1.7790  1.8029  2.0573  2.0700  2.0701  2.2273  2.2861  2.2861  2.5075  2.5075
  2.5553  2.5925  2.6155  2.7910  2.9095  2.9578  3.0108  3.0109  3.0423  3.0977
  3.2409  3.2409  3.2569  3.3135  3.6143  3.6656  3.6656  3.7037  3.7307  3.7307
  3.8922  3.9000  4.0226  4.0612  4.0634  4.0634  4.1059  4.1059  4.4195  4.5493
  4.5526  4.5526  4.9617  4.9967  4.9967  5.0732  5.4272  5.4975  5.5161  5.5162
  5.5802  5.5814  5.5815  5.6846  5.9890  6.1088  6.1664  6.1665  6.1767  6.3118
  6.7187  6.7227  6.7228  6.9282  6.9362  7.0642  7.1158  7.1285  7.1289  7.2676
  7.2678  7.7490  7.8767  8.0529  8.2813  9.1932  9.5704  9.5712 10.1197 10.3996
   0.15000   0.00000   0.00000   120
 -2.7873 -2.7868 -2.7868 -1.3150 -1.2327 -1.2299 -0.3001 -0.2775 -0.2775 -0.1569
 -0.1569 -0.1463 -0.1188 -0.0823 -0.0823  0.0350  0.0738  0.0738  0.2015  0.2511
  0.4035  0.4053  0.4886  0.6111  0.6347  0.6347  1.0722  1.1287  1.1477  1.1477
  1.2868  1.2962  1.2962  1.4319  1.5486  1.5567  1.5567  1.6071  1.6669  1.6669
  1.7461  1.7992  2.0835  2.0835  2.0905  2.2176  2.2701  2.2701  2.5253  2.5253
  2.5589  2.5916  2.6080  2.7206  2.9310  2.9588  2.9976  2.9977  3.0300  3.0889
  3.2547  3.2547  3.2696  3.3060  3.6575  3.6864  3.6864  3.7015  3.7508  3.7508
  3.8921  3.8976  3.9745  4.0437  4.0527  4.0527  4.1217  4.1217  4.4141  4.4858
  4.5261  4.5261  4.9350  5.0274  5.0274  5.0935  5.4941  5.4962  5.5160  5.5160
  5.6132  5.6145  5.6146  5.7228  6.0246  6.1169  6.1683  6.1684  6.1750  6.2962
  6.6990  6.7141  6.7143  6.9023  6.9664  7.0502  7.0920  7.0924  7.0928  7.2799
  7.2800  7.7539  7.9058  8.1755  8.3602  9.2313  9.5829  9.5837 10.0981 10.3256
   0.12500   0.00000   0.00000   120
 -2.7872 -2.7867 -2.7867 -1.3179 -1.2329 -1.2309 -0.2934 -0.2773 -0.2773 -0.1499
 -0.1499 -0.1420 -0.1063 -0.0797 -0.0797  0.0345  0.0634  0.0634  0.2014  0.2382
  0.3949  0.3963  0.4770  0.6121  0.6288  0.6289  1.0735  1.1287  1.1481  1.1481
  1.2862  1.2955  1.2955  1.4504  1.5664  1.5664  1.5979  1.6220  1.6656  1.6657
  1.7142  1.7956  2.0961  2.0961  2.1200  2.2078  2.2556  2.2556  2.5402  2.5402
  2.5620  2.5902  2.6000  2.6557  2.9490  2.9595  2.9862  2.9862  3.0192  3.0822
  3.2684  3.2684  3.2807  3.3016  3.6967  3.6967  3.7012  3.7034  3.7813  3.7813
  3.8921  3.8953  3.9303  4.0286  4.0404  4.0404  4.1372  4.1372  4.4066  4.4208
  4.4943  4.4943  4.9115  5.0611  5.0611  5.1132  5.4962  5.5131  5.5131  5.5566
  5.6368  5.6521  5.6522  5.7633  6.0611  6.1246  6.1689  6.1689  6.1791  6.2758
  6.6753  6.7079  6.7081  6.8761  6.9935  7.0416  7.0436  7.0439  7.0694  7.2930
  7.2931  7.7446  7.9300  8.2940  8.4378  9.2792  9.5898  9.5905 10.0634 10.2669
   0.10000   0.00000   0.00000   124
 -2.7870 -2.7868 -2.7868 -1.3203 -1.2331 -1.2318 -0.2876 -0.2771 -0.2771 -0.1437
 -0.1437 -0.1383 -0.0948 -0.0772 -0.0772  0.0340  0.0538  0.0538  0.2008  0.2261
  0.3876  0.3887  0.4672  0.6130  0.6239  0.6239  1.0733  1.1080  1.1081  1.1222
  1.2797  1.2797  1.2832  1.4701  1.5747  1.5747  1.6336  1.6438  1.6644  1.6644
  1.6835  1.7734  2.0971  2.0971  2.1415  2.1941  2.2406  2.2406  2.5517  2.5517
  2.5646  2.5835  2.5882  2.6056  2.9452  2.9509  2.9768  2.9768  3.0142  3.0460
  3.2633  3.2633  3.2900  3.2987  3.6749  3.6964  3.6964  3.7003  3.8016  3.8016
  3.8281  3.8449  3.8921  4.0154  4.0276  4.0276  4.1514  4.1514  4.3427  4.3985
  4.4609  4.4609  4.8858  5.0935  5.0936  5.0976  5.4970  5.5017  5.5017  5.6109
  5.6524  5.6659  5.6660  5.8054  6.0897  6.0899  6.1074  6.1074  6.1206  6.2508
  6.6129  6.6131  6.6185  6.8511  6.8728  6.9590  6.9597  7.0012  7.0490  7.1368
  7.1370  7.1663  7.2056  7.7496  8.4049  8.4990  8.6193  8.6203  8.9776  9.4322
 10.1733 10.5078 10.5108 11.3035
   0.07500   0.00000   0.00000   124
 -2.7869 -2.7868 -2.7868 -1.3222 -1.2333 -1.2325 -0.2829 -0.2769 -0.2769 -0.1384
 -0.1384 -0.1353 -0.0848 -0.0746 -0.0746  0.0337  0.0455  0.0455  0.2007  0.2157
  0.3818  0.3825  0.4595  0.6138  0.6199  0.6199  1.0736  1.1077  1.1077  1.1215
  1.2793  1.2794  1.2828  1.4907  1.5817  1.5817  1.6451  1.6542  1.6633  1.6633
  1.6889  1.7693  2.1060  2.1060  2.1470  2.1962  2.2311  2.2311  2.5427  2.5600
  2.5600  2.5667  2.5866  2.5933  2.9462  2.9551  2.9698  2.9699  3.0178  3.0408
  3.2749  3.2749  3.2974  3.2974  3.6988  3.6988  3.7018  3.7065  3.7998  3.8358
  3.8358  3.8567  3.8921  4.0047  4.0150  4.0150  4.1637  4.1637  4.2852  4.3908
  4.4294  4.4294  4.8693  5.1233  5.1233  5.1263  5.4981  5.5015  5.5015  5.6449
  5.6790  5.6931  5.6931  5.8473  6.0894  6.0993  6.1238  6.1239  6.1494  6.2224
  6.5991  6.5995  6.6136  6.8301  6.8831  6.8972  6.8976  6.9863  7.0737  7.1499
  7.1501  7.1550  7.1890  7.7332  8.4947  8.5548  8.6299  8.6308  8.9826  9.4744
 10.1059 10.5233 10.5265 11.3317
   0.05000   0.00000   0.00000   124
 -2.7868 -2.7868 -2.7868 -1.3237 -1.2334 -1.2330 -0.2795 -0.2768 -0.2768 -0.1345
 -0.1345 -0.1330 -0.0769 -0.0723 -0.0723  0.0334  0.0389  0.0389  0.2007  0.2076
  0.3777  0.3780  0.4539  0.6143  0.6170  0.6171  1.0737  1.1075  1.1075  1.1211
  1.2791  1.2791  1.2826  1.5119  1.5870  1.5870  1.6269  1.6540  1.6625  1.6625
  1.7273  1.7659  2.1126  2.1126  2.1379  2.2070  2.2243  2.2243  2.5081  2.5654
  2.5655  2.5682  2.5852  2.5881  2.9415  2.9584  2.9651  2.9651  3.0263  3.0370
  3.2841  3.2841  3.2970  3.3027  3.7007  3.7007  3.7032  3.7289  3.7783  3.8645
  3.8645  3.8746  3.8921  3.9972  4.0033  4.0033  4.1737  4.1737  4.2343  4.3845
  4.4031  4.4031  4.8571  5.1466  5.1466  5.1482  5.4991  5.5009  5.5009  5.6567
  5.7132  5.7147  5.7147  5.8859  6.0889  6.0975  6.1409  6.1409  6.1852  6.1934
  6.5848  6.5855  6.6130  6.8142  6.8460  6.8461  6.8892  6.9632  7.1026  7.1482
  7.1596  7.1598  7.1803  7.7097  8.5660  8.5959  8.6371  8.6380  8.9865  9.5209
 10.0459 10.5346 10.5378 11.3554
   0.02500   0.00000   0.00000   124
 -2.7868 -2.7868 -2.7868 -1.3245 -1.2334 -1.2333 -0.2774 -0.2767 -0.2767 -0.1320
 -0.1320 -0.1317 -0.0718 -0.0707 -0.0707  0.0333  0.0347  0.0347  0.2006  0.2024
  0.3752  0.3752  0.4505  0.6146  0.6153  0.6153  1.0738  1.1073  1.1073  1.1210
  1.2790  1.2790  1.2826  1.5318  1.5902  1.5902  1.6032  1.6597  1.6619  1.6619
  1.7542  1.7636  2.1166  2.1166  2.1267  2.2162  2.2204  2.2204  2.4866  2.5684
  2.5684  2.5691  2.5843  2.5850  2.9371  2.9606  2.9623  2.9623  3.0339  3.0347
  3.2900  3.2900  3.2971  3.3060  3.7020  3.7020  3.7042  3.7413  3.7639  3.8846
  3.8846  3.8921  3.8930  3.9931  3.9942  3.9942  4.1803  4.1804  4.1970  4.3804
  4.3853  4.3853  4.8494  5.1615  5.1615  5.1620  5.4999  5.5004  5.5004  5.6613
  5.7285  5.7285  5.7385  5.9154  6.0884  6.0951  6.1544  6.1545  6.1697  6.2161
  6.5726  6.5735  6.6155  6.8044  6.8124  6.8127  6.8921  6.9419  7.1313  7.1447
  7.1656  7.1658  7.1763  7.6805  8.6118  8.6204  8.6412  8.6421  8.9868  9.5671
  9.9956 10.5413 10.5447 11.3704
   0.00000   0.00000   0.00000   125
 -2.7868 -2.7868 -2.7868 -1.3248 -1.2334 -1.2334 -0.2767 -0.2767 -0.2767 -0.1312
 -0.1312 -0.1312 -0.0701 -0.0701 -0.0701  0.0332  0.0332  0.0332  0.2006  0.2006
  0.3743  0.3743  0.4493  0.6147  0.6147  0.6147  1.0737  1.1073  1.1073  1.1073
  1.2789  1.2789  1.2790  1.5424  1.5914  1.5914  1.5914  1.6617  1.6617  1.6617
  1.7628  1.7628  2.1179  2.1179  2.1179  2.2191  2.2191  2.2191  2.4792  2.5694
  2.5694  2.5694  2.5840  2.5840  2.9293  2.9613  2.9614  2.9614  3.0339  3.0339
  3.2920  3.2920  3.2920  3.3071  3.7024  3.7024  3.7024  3.7451  3.7451  3.8921
  3.8921  3.8921  3.9012  3.9905  3.9905  3.9905  4.1827  4.1827  4.1827  4.3790
  4.3790  4.3790  4.8340  5.1666  5.1666  5.1666  5.5001  5.5001  5.5001  5.6626
  5.7332  5.7333  5.7333  5.9269  6.0883  6.0883  6.1598  6.1599  6.1600  6.1935
  6.5672  6.5687  6.5687  6.8008  6.8009  6.8014  6.8929  6.8932  7.1436  7.1438
  7.1676  7.1678  7.1678  7.2207  8.6276  8.6278  8.6421  8.6435  8.6435  9.4093
  9.6991 10.5419 10.5470 10.5470 13.3236
   21
   0.00000   0.00000   0.00000   125
 -2.7868 -2.7868 -2.7868 -1.3248 -1.2334 -1.2334 -0.2767 -0.2767 -0.2767 -0.1312
 -0.1312 -0.1312 -0.0701 -0.0701 -0.0701  0.0332  0.0332  0.0332  0.2006  0.2006
  0.3743  0.3743  0.4493  0.6147  0.6147  0.6147  1.0737  1.1073  1.1073  1.1073
  1.2789  1.2789  1.2790  1.5424  1.5914  1.5914  1.5914  1.6617  1.6617  1.6617
  1.7628  1.7628  2.1179  2.1179  2.1179  2.2191  2.2191  2.2191  2.4792  2.5694
  2.5694  2.5694  2.5840  2.5840  2.9293  2.9613  2.9614  2.9614  3.0339  3.0339
  3.2920  3.2920  3.2920  3.3071  3.7024  3.7024  3.7024  3.7451  3.7451  3.8921
  3.8921  3.8921  3.9012  3.9905  3.9905  3.9905  4.1827  4.1827  4.1827  4.3790
  4.3790  4.3790  4.8340  5.1666  5.1666  5.1666  5.5001  5.5001  5.5001  5.6626
  5.7332  5.7333  5.7333  5.9269  6.0883  6.0883  6.1598  6.1599  6.1600  6.1935
  6.5672  6.5687  6.5687  6.8008  6.8009  6.8014  6.8929  6.8932  7.1436  7.1438
  7.1676  7.1678  7.1678  7.2207  8.6276  8.6278  8.6421  8.6435  8.6435  9.4093
  9.6991 10.5419 10.5470 10.5470 13.3236
   0.02500   0.02500   0.00000   123
 -2.7868 -2.7868 -2.7868 -1.3242 -1.2334 -1.2333 -0.2779 -0.2770 -0.2768 -0.1338
 -0.1328 -0.1312 -0.0731 -0.0716 -0.0713  0.0345  0.0349  0.0361  0.2015  0.2034
  0.3760  0.3761  0.4517  0.6150  0.6153  0.6159  1.0738  1.1074  1.1172  1.1358
  1.2790  1.2825  1.2871  1.5234  1.5891  1.5918  1.6102  1.6595  1.6604  1.6621
  1.7528  1.7594  2.1117  2.1153  2.1435  2.2166  2.2198  2.2217  2.4931  2.5642
  2.5677  2.5721  2.5851  2.5858  2.9410  2.9541  2.9632  2.9686  3.0351  3.0379
  3.2879  3.2962  3.2977  3.3049  3.7015  3.7029  3.7048  3.7463  3.7989  3.8749
  3.8824  3.8852  3.8952  3.9769  3.9973  4.0152  4.1779  4.1874  4.2018  4.3798
  4.3912  4.3933  4.8556  5.1474  5.1565  5.1669  5.4991  5.5006  5.5011  5.6600
  5.7237  5.7241  5.7485  5.9051  6.0908  6.1105  6.1462  6.1579  6.1692  6.2268
  6.5775  6.5972  6.6382  6.8120  6.8202  6.8223  6.9154  6.9887  7.1285  7.1338
  7.1592  7.1637  7.6661  7.7234  8.5999  8.6102  8.6403  8.8613  9.5592  9.6898
 10.0595 10.5407 11.0341
   0.05000   0.05000   0.00000   123
 -2.7868 -2.7868 -2.7868 -1.3225 -1.2331 -1.2327 -0.2814 -0.2778 -0.2769 -0.1413
 -0.1375 -0.1311 -0.0814 -0.0759 -0.0746  0.0384  0.0398  0.0438  0.2042  0.2113
  0.3812  0.3814  0.4583  0.6161  0.6172  0.6194  1.0738  1.1076  1.1189  1.1330
  1.2792  1.2832  1.2862  1.4912  1.5824  1.5931  1.6418  1.6528  1.6561  1.6634
  1.7166  1.7484  2.0904  2.1074  2.1749  2.2092  2.2266  2.2301  2.5245  2.5491
  2.5668  2.5796  2.5893  2.5907  2.9322  2.9515  2.9685  2.9829  3.0240  3.0425
  3.2759  3.2790  3.2983  3.3040  3.6955  3.6988  3.7065  3.7372  3.8046  3.8341
  3.8563  3.8696  3.9039  3.9408  4.0119  4.0621  4.1633  4.2011  4.2476  4.3821
  4.4210  4.4304  4.8707  5.0932  5.1285  5.1680  5.4963  5.4994  5.5029  5.6524
  5.6684  5.6958  5.7240  5.8587  6.0918  6.1090  6.1127  6.1508  6.1839  6.2129
  6.5452  6.5963  6.6846  6.8445  6.8493  6.8785  6.9617  6.9960  7.0950  7.1043
  7.1519  7.1628  7.6988  7.7473  8.5212  8.5547  8.6333  8.8572  9.4972  9.6959
 10.1245 10.5272 11.0134
   0.07500   0.07500   0.00000   121
 -2.7869 -2.7869 -2.7867 -1.3197 -1.2327 -1.2319 -0.2870 -0.2793 -0.2771 -0.1529
 -0.1447 -0.1310 -0.0930 -0.0824 -0.0796  0.0443  0.0474  0.0546  0.2086  0.2236
  0.3897  0.3900  0.4688  0.6178  0.6203  0.6253  1.0743  1.1284  1.1301  1.1483
  1.2776  1.2947  1.2947  1.4575  1.5709  1.5953  1.6427  1.6458  1.6655  1.6738
  1.6745  1.7370  2.0713  2.1052  2.1792  2.2001  2.2477  2.2723  2.5250  2.5340
  2.5863  2.5904  2.5983  2.6099  2.8963  2.9732  2.9771  2.9979  3.0033  3.0783
  3.2587  3.2718  3.2900  3.3150  3.6840  3.6970  3.7101  3.7714  3.8006  3.8058
  3.8517  3.8756  3.8965  3.9171  4.0289  4.1220  4.1395  4.2328  4.3039  4.3857
  4.4560  4.4777  4.8982  5.0288  5.0881  5.1705  5.4876  5.5030  5.5040  5.5938
  5.6440  5.6692  5.6923  5.8262  6.0747  6.1166  6.1245  6.1360  6.2380  6.2592
  6.4885  6.6829  6.7367  6.8962  6.9305  6.9949  6.9973  7.0599  7.0660  7.0809
  7.3031  7.7290  7.7482  8.2239  8.4099  8.4680  9.3311  9.5965  9.7088 10.1087
 10.2459
   0.10000   0.10000   0.00000   121
 -2.7871 -2.7870 -2.7867 -1.3160 -1.2322 -1.2307 -0.2943 -0.2816 -0.2774 -0.1676
 -0.1537 -0.1308 -0.1065 -0.0899 -0.0860  0.0519  0.0568  0.0668  0.2138  0.2395
  0.4013  0.4013  0.4824  0.6203  0.6246  0.6333  1.0741  1.1271  1.1298  1.1476
  1.2701  1.2947  1.3024  1.4243  1.5548  1.5984  1.6096  1.6270  1.6512  1.6687
  1.7059  1.7137  2.0506  2.0895  2.1645  2.1894  2.2696  2.3421  2.4934  2.5214
  2.5969  2.6024  2.6073  2.6689  2.8480  2.9773  2.9817  2.9887  3.0033  3.1263
  3.2399  3.2452  3.2760  3.3248  3.6689  3.6758  3.7141  3.7217  3.7678  3.7861
  3.8550  3.8586  3.9036  3.9319  4.0452  4.1076  4.1895  4.2647  4.3618  4.3903
  4.4859  4.5238  4.9232  4.9495  5.0414  5.1749  5.4402  5.5028  5.5087  5.5382
  5.6129  5.6336  5.6548  5.7834  6.0528  6.1095  6.1109  6.1218  6.2411  6.2872
  6.4293  6.6708  6.7830  6.9282  6.9628  6.9707  7.0541  7.0766  7.0796  7.1376
  7.2872  7.7211  7.7687  8.2122  8.2763  8.3614  9.2314  9.5983  9.7267 10.1699
 10.2936
   0.12500   0.12500   0.00000   121
 -2.7872 -2.7871 -2.7868 -1.3113 -1.2317 -1.2293 -0.3030 -0.2849 -0.2777 -0.1846
 -0.1638 -0.1307 -0.1206 -0.0972 -0.0935  0.0607  0.0674  0.0795  0.2197  0.2581
  0.4148  0.4160  0.4984  0.6236  0.6299  0.6433  1.0732  1.1238  1.1319  1.1467
  1.2610  1.2939  1.3118  1.3926  1.5341  1.5591  1.6024  1.6059  1.6410  1.6730
  1.6907  1.7349  2.0366  2.0734  2.1431  2.1795  2.2982  2.4196  2.4558  2.5041
  2.6056  2.6135  2.6162  2.7394  2.7920  2.9490  2.9666  3.0029  3.0254  3.1836
  3.2133  3.2244  3.2582  3.3349  3.6382  3.6511  3.6734  3.7037  3.7554  3.7730
  3.8419  3.8645  3.9394  3.9417  4.0590  4.0724  4.2623  4.2992  4.3957  4.4167
  4.5043  4.5609  4.8378  4.9807  4.9932  5.1817  5.3564  5.4987  5.5116  5.5148
  5.5715  5.6132  5.6259  5.7361  6.0368  6.0743  6.0921  6.1278  6.2462  6.3079
  6.3692  6.6604  6.8112  6.9037  6.9265  7.0395  7.0549  7.0899  7.1384  7.2181
  7.2779  7.6607  7.8111  8.1071  8.2256  8.2492  9.1462  9.5976  9.7477 10.1784
 10.3902
   0.15000   0.15000   0.00000   121
 -2.7874 -2.7873 -2.7868 -1.3059 -1.2311 -1.2276 -0.3125 -0.2893 -0.2780 -0.2033
 -0.1745 -0.1344 -0.1312 -0.1029 -0.1016  0.0704  0.0786  0.0923  0.2261  0.2787
  0.4300  0.4334  0.5158  0.6278  0.6362  0.6548  1.0716  1.1197  1.1346  1.1453
  1.2504  1.2910  1.3216  1.3640  1.5079  1.5091  1.5807  1.6072  1.6318  1.6716
  1.6786  1.7604  2.0295  2.0593  2.1175  2.1714  2.3328  2.4139  2.4852  2.4954
  2.6147  2.6217  2.6231  2.7373  2.8138  2.9224  2.9450  3.0196  3.0487  3.1764
  3.2114  3.2383  3.2386  3.3448  3.5934  3.6230  3.6388  3.6672  3.7581  3.7827
  3.8521  3.8794  3.9298  3.9788  4.0490  4.0671  4.3333  4.3391  4.4017  4.4668
  4.5066  4.5861  4.7431  4.9467  5.0269  5.1909  5.2659  5.4913  5.4923  5.4974
  5.5690  5.5704  5.6222  5.6853  6.0214  6.0260  6.0731  6.1342  6.2530  6.3082
  6.3245  6.6496  6.7872  6.8730  6.9100  7.0570  7.1080  7.1211  7.1557  7.2806
  7.2849  7.5632  7.8454  7.9728  8.1438  8.2147  9.0797  9.5911  9.7701 10.1673
 10.4967
   0.17500   0.17500   0.00000   121
 -2.7876 -2.7874 -2.7868 -1.2999 -1.2306 -1.2257 -0.3226 -0.2949 -0.2782 -0.2230
 -0.1854 -0.1471 -0.1330 -0.1103 -0.1057  0.0806  0.0901  0.1049  0.2325  0.3006
  0.4462  0.4534  0.5339  0.6328  0.6434  0.6675  1.0690  1.1146  1.1377  1.1436
  1.2388  1.2832  1.3294  1.3412  1.4581  1.4807  1.5567  1.6129  1.6228  1.6577
  1.6857  1.7812  2.0288  2.0495  2.0886  2.1657  2.3691  2.3729  2.4657  2.5400
  2.6240  2.6258  2.6361  2.7052  2.8883  2.9022  2.9199  3.0385  3.0695  3.1342
  3.1995  3.2185  3.2825  3.3551  3.5497  3.5859  3.6190  3.6263  3.7693  3.7921
  3.8817  3.8981  3.8982  4.0207  4.0502  4.0663  4.3617  4.4083  4.4189  4.4890
  4.5115  4.6016  4.6660  4.9039  5.0670  5.1802  5.2019  5.4617  5.4788  5.4805
  5.5245  5.5874  5.6220  5.6451  5.9672  5.9974  6.0583  6.1406  6.2477  6.2622
  6.3397  6.6368  6.7298  6.8143  6.9341  7.0564  7.1245  7.1414  7.2033  7.2952
  7.3186  7.4326  7.7943  7.9348  8.0506  8.2029  9.0343  9.5748  9.7930 10.1497
 10.5998
   0.20000   0.20000   0.00000   123
 -2.7878 -2.7876 -2.7867 -1.2936 -1.2300 -1.2236 -0.3328 -0.3016 -0.2783 -0.2436
 -0.1962 -0.1581 -0.1364 -0.1192 -0.1053  0.0912  0.1016  0.1171  0.2388  0.3233
  0.4631  0.4756  0.5519  0.6388  0.6512  0.6801  1.0652  1.1070  1.1410  1.1413
  1.2265  1.2673  1.3276  1.3305  1.4093  1.4491  1.5394  1.6037  1.6195  1.6489
  1.6944  1.7963  2.0319  2.0464  2.0520  2.1611  2.3225  2.4169  2.4422  2.4431
  2.6163  2.6254  2.6316  2.7404  2.8562  2.8610  2.9513  3.0594  3.0868  3.0908
  3.1845  3.2015  3.2182  3.3659  3.4773  3.5103  3.5644  3.5899  3.7152  3.7860
  3.7975  3.8084  3.9742  4.0547  4.0633  4.0634  4.3508  4.3662  4.4155  4.4168
  4.5504  4.5963  4.6122  4.8656  5.0394  5.0972  5.2126  5.4139  5.4206  5.4663
  5.4828  5.5344  5.5525  5.6664  5.7281  5.9005  6.0158  6.0769  6.1571  6.2700
  6.3553  6.3795  6.4153  6.6207  6.6712  6.7728  6.9542  7.1150  7.1475  7.1493
  7.2826  7.2916  7.3056  7.5011  7.8217  7.9766  8.0388  8.2180  9.2970  9.5454
  9.8161 10.1329 10.8360
   0.22500   0.22500   0.00000   123
 -2.7880 -2.7878 -2.7867 -1.2873 -1.2294 -1.2214 -0.3430 -0.3093 -0.2782 -0.2642
 -0.2066 -0.1669 -0.1405 -0.1282 -0.1021  0.1019  0.1126  0.1290  0.2449  0.3464
  0.4801  0.4999  0.5693  0.6457  0.6596  0.6930  1.0601  1.0976  1.1385  1.1443
  1.2150  1.2451  1.3206  1.3214  1.3636  1.4214  1.5359  1.5955  1.6270  1.6456
  1.7049  1.8052  2.0179  2.0400  2.0513  2.1605  2.2753  2.3986  2.4248  2.4621
  2.6226  2.6236  2.6302  2.8124  2.8205  2.8708  2.9875  3.0350  3.0817  3.1245
  3.1742  3.1890  3.2217  3.3869  3.4651  3.4759  3.5636  3.5749  3.7199  3.7244
  3.8055  3.8294  4.0331  4.0676  4.0778  4.1095  4.2504  4.4049  4.4235  4.5007
  4.5764  4.5885  4.6221  4.8320  4.9708  5.1130  5.2184  5.3498  5.3720  5.4486
  5.4488  5.4993  5.5644  5.7114  5.7202  5.8296  6.0174  6.0616  6.1497  6.2807
  6.3720  6.3955  6.4497  6.6000  6.6108  6.7134  6.9610  7.0849  7.1156  7.1320
  7.2188  7.2707  7.3566  7.5422  7.7475  7.9936  8.0339  8.1980  9.3097  9.5013
  9.8377 10.1003 10.9501
   0.25000   0.25000   0.00000   121
 -2.7882 -2.7880 -2.7867 -1.2811 -1.2285 -1.2192 -0.3528 -0.3177 -0.2846 -0.2779
 -0.2166 -0.1733 -0.1444 -0.1371 -0.0971  0.1126  0.1232  0.1404  0.2506  0.3693
  0.4970  0.5260  0.5853  0.6543  0.6683  0.7055  1.0566  1.0853  1.1386  1.1683
  1.2046  1.2216  1.3209  1.3214  1.3239  1.3989  1.5467  1.5889  1.6356  1.6488
  1.7172  1.8100  1.9826  2.0537  2.0683  2.1641  2.2284  2.3559  2.4070  2.5428
  2.6121  2.6293  2.6647  2.7857  2.8451  2.9427  2.9850  3.0020  3.1050  3.1517
  3.1639  3.3203  3.3558  3.4367  3.4535  3.4648  3.5612  3.5816  3.6203  3.7736
  3.8240  3.8604  4.0566  4.0887  4.1109  4.1572  4.2224  4.4324  4.4432  4.5678
  4.5779  4.6297  4.8030  4.8202  4.9195  5.1273  5.2114  5.2956  5.3137  5.4278
  5.4301  5.5981  5.7036  5.7212  5.7589  5.9794  6.0200  6.0950  6.1524  6.2951
  6.3769  6.3937  6.5021  6.6504  6.6557  6.8431  6.9599  7.0653  7.0734  7.1431
  7.2502  7.4231  7.5933  7.9499  7.9752  8.1389  8.4992  8.6681  9.6421  9.8583
 10.7391
   0.27500   0.27500   0.00000   121
 -2.7884 -2.7882 -2.7867 -1.2756 -1.2273 -1.2169 -0.3621 -0.3263 -0.3045 -0.2775
 -0.2259 -0.1772 -0.1478 -0.1461 -0.0911  0.1231  0.1331  0.1511  0.2558  0.3917
  0.5135  0.5537  0.5989  0.6626  0.6771  0.7171  1.0481  1.0697  1.1335  1.1656
  1.1955  1.1971  1.2818  1.2958  1.3225  1.3779  1.5664  1.5841  1.6453  1.6605
  1.7313  1.8096  1.9466  2.0651  2.0873  2.1682  2.1823  2.3150  2.3904  2.5346
  2.5869  2.6327  2.7154  2.7481  2.8651  2.9276  2.9765  3.0321  3.1280  3.1418
  3.1614  3.3468  3.3865  3.4442  3.4446  3.4671  3.5131  3.5488  3.5811  3.7938
  3.8298  3.8883  4.0494  4.0601  4.0942  4.2059  4.3152  4.4422  4.4594  4.5795
  4.6284  4.6922  4.7779  4.8004  4.8657  5.0918  5.1853  5.2484  5.2664  5.4048
  5.4329  5.6006  5.6923  5.6978  5.6982  5.9705  6.0254  6.1144  6.1571  6.2793
  6.3713  6.4077  6.5090  6.6110  6.6111  6.7991  6.8604  7.0498  7.0598  7.1299
  7.2777  7.4807  7.5116  7.9809  7.9913  8.1546  8.4698  8.6810  9.6390  9.8777
 10.8148
   0.30000   0.30000   0.00000   125
 -2.7886 -2.7883 -2.7867 -1.2712 -1.2254 -1.2147 -0.3708 -0.3351 -0.3234 -0.2768
 -0.2345 -0.1789 -0.1549 -0.1507 -0.0844  0.1330  0.1419  0.1612  0.2603  0.4132
  0.5293  0.5822  0.6089  0.6708  0.6856  0.7288  1.0369  1.0505  1.1275  1.1556
  1.1716  1.1865  1.2463  1.2633  1.3192  1.3560  1.5784  1.5873  1.6534  1.6823
  1.7403  1.8071  1.9094  2.0769  2.0795  2.1099  2.1699  2.2766  2.3702  2.4954
  2.5360  2.6264  2.6753  2.7633  2.8094  2.8802  2.9281  2.9363  2.9578  3.1136
  3.1597  3.1727  3.2573  3.3034  3.4302  3.4351  3.4919  3.5163  3.5779  3.7643
  3.8037  3.9045  3.9095  3.9118  3.9948  4.2451  4.3866  4.4505  4.4513  4.5836
  4.5916  4.6549  4.6639  4.7179  4.7257  5.0167  5.1398  5.1728  5.2149  5.3416
  5.4539  5.5660  5.6312  5.6327  5.7165  5.7504  5.8273  5.8944  5.9708  6.0226
  6.0917  6.2196  6.2834  6.3614  6.4275  6.5229  6.5570  6.6538  6.8558  6.8767
  7.0049  7.0613  7.4320  7.4413  7.4494  7.5517  7.6375  8.0469  8.0654  8.4735
  8.5018  8.9697  9.6342 10.0222 11.0438
   0.32500   0.32500   0.00000   125
 -2.7887 -2.7885 -2.7867 -1.2680 -1.2228 -1.2125 -0.3789 -0.3435 -0.3410 -0.2758
 -0.2422 -0.1784 -0.1634 -0.1530 -0.0773  0.1424  0.1500  0.1705  0.2645  0.4336
  0.5444  0.6120  0.6146  0.6801  0.6941  0.7416  1.0242  1.0295  1.1201  1.1461
  1.1514  1.1740  1.2205  1.2435  1.3178  1.3400  1.5775  1.6071  1.6655  1.7195
  1.7571  1.8050  1.8738  2.0382  2.0893  2.1372  2.1759  2.2411  2.3585  2.4706
  2.5090  2.6138  2.6474  2.7619  2.8329  2.8929  2.8986  2.9266  2.9738  3.0813
  3.1762  3.1908  3.2406  3.3033  3.4228  3.4459  3.4994  3.5390  3.6137  3.7303
  3.7964  3.9259  3.9315  3.9595  4.0091  4.2935  4.4285  4.4611  4.4648  4.5551
  4.6519  4.6771  4.6863  4.6964  4.7099  4.9532  5.0857  5.1095  5.2058  5.3104
  5.4880  5.5150  5.5491  5.5808  5.7379  5.7631  5.7881  5.9027  5.9450  6.0024
  6.1310  6.2158  6.2578  6.3734  6.4258  6.4963  6.5346  6.5392  6.8667  6.8939
  6.9874  7.0440  7.3858  7.4271  7.4848  7.5529  7.5937  8.0492  8.1088  8.5027
  8.5482  8.9702  9.6170 10.0564 11.0893
   0.35000   0.35000   0.00000   125
 -2.7889 -2.7887 -2.7867 -1.2660 -1.2195 -1.2106 -0.3862 -0.3569 -0.3513 -0.2747
 -0.2490 -0.1762 -0.1713 -0.1548 -0.0704  0.1509  0.1572  0.1790  0.2680  0.4523
  0.5583  0.6158  0.6426  0.6896  0.7020  0.7565  1.0069  1.0091  1.1100  1.1320
  1.1357  1.1541  1.2070  1.2308  1.3165  1.3278  1.5789  1.6252  1.6791  1.7672
  1.7748  1.8036  1.8391  1.9991  2.1012  2.1669  2.1811  2.2088  2.3506  2.4457
  2.4851  2.5864  2.6304  2.7156  2.8445  2.8997  2.9050  2.9370  2.9583  3.0493
  3.1098  3.1788  3.2667  3.4087  3.4191  3.4359  3.4822  3.5380  3.6999  3.7055
  3.7984  3.9430  3.9755  4.0104  4.0183  4.3423  4.4055  4.4676  4.5072  4.5216
  4.6325  4.6379  4.6850  4.7628  4.7696  4.8884  5.0250  5.0551  5.1955  5.2870
  5.4594  5.4621  5.5290  5.5354  5.6996  5.7509  5.8162  5.9026  5.9402  5.9804
  6.1621  6.1979  6.2086  6.3883  6.4097  6.4115  6.4719  6.5772  6.8795  6.9097
  6.9660  7.0205  7.3494  7.4028  7.4539  7.4976  7.6244  8.0260  8.1727  8.5514
  8.5885  8.9736  9.5972 10.0902 11.1139
   0.37500   0.37500   0.00000   125
 -2.7890 -2.7888 -2.7867 -1.2651 -1.2159 -1.2088 -0.3926 -0.3709 -0.3583 -0.2734
 -0.2548 -0.1786 -0.1728 -0.1561 -0.0638  0.1585  0.1633  0.1864  0.2710  0.4691
  0.5709  0.6133  0.6735  0.6989  0.7091  0.7735  0.9830  0.9914  1.0972  1.1152
  1.1251  1.1305  1.2022  1.2237  1.3155  1.3194  1.5827  1.6426  1.6944  1.7931
  1.8031  1.8058  1.8224  1.9621  2.1119  2.1805  2.1837  2.1974  2.3474  2.4228
  2.4646  2.5521  2.6147  2.6690  2.7950  2.8834  2.9029  2.9549  2.9640  3.0202
  3.0931  3.1798  3.2839  3.4152  3.4154  3.4648  3.5256  3.5318  3.6801  3.7883
  3.8324  3.9578  4.0226  4.0272  4.0631  4.3798  4.3907  4.4663  4.4760  4.5512
  4.5626  4.6060  4.6999  4.7865  4.8229  4.8594  4.9633  5.0154  5.1672  5.2733
  5.3670  5.4166  5.4948  5.5686  5.6489  5.7581  5.8347  5.8972  5.9480  5.9699
  6.1177  6.1827  6.2000  6.3388  6.3894  6.4072  6.4283  6.6272  6.8920  6.9197
  6.9406  6.9971  7.3147  7.3486  7.3772  7.4909  7.6428  7.9964  8.2256  8.6085
  8.6173  8.9848  9.5757 10.1228 11.1118
   0.40000   0.40000   0.00000   129
 -2.7891 -2.7889 -2.7867 -1.2649 -1.2123 -1.2073 -0.3982 -0.3825 -0.3643 -0.2720
 -0.2597 -0.1850 -0.1688 -0.1571 -0.0580  0.1649  0.1680  0.1926  0.2734  0.4835
  0.5815  0.6085  0.7034  0.7074  0.7145  0.7920  0.9579  0.9711  1.0830  1.0982
  1.1079  1.1167  1.1929  1.1979  1.3136  1.3139  1.5887  1.6579  1.7099  1.7736
  1.7881  1.7934  1.8811  1.9265  2.1195  2.1545  2.1821  2.2267  2.3494  2.3866
  2.4330  2.5036  2.5146  2.5866  2.6211  2.7380  2.8964  2.9024  2.9670  3.0039
  3.0841  3.1602  3.2616  3.2985  3.3874  3.4319  3.5053  3.6396  3.6421  3.8172
  3.8833  3.9244  3.9659  4.0450  4.0746  4.2141  4.2538  4.3491  4.3809  4.3976
  4.5379  4.5767  4.6847  4.7288  4.7372  4.8280  4.8458  4.8911  4.9564  5.0888
  5.1448  5.2965  5.3091  5.4472  5.4573  5.5949  5.6678  5.6783  5.8492  5.8635
  5.8989  6.0517  6.1177  6.2010  6.2098  6.3646  6.4266  6.5448  6.5872  6.6047
  6.6617  6.8551  6.9132  6.9171  6.9274  7.0825  7.3027  7.3563  7.4986  7.7592
  7.9279  8.3786  8.4668  8.6906  8.8426  9.0065  9.5557 10.1996 11.0816
   0.42500   0.42500   0.00000   128
 -2.7891 -2.7890 -2.7866 -1.2650 -1.2091 -1.2061 -0.4029 -0.3915 -0.3691 -0.2706
 -0.2635 -0.1903 -0.1649 -0.1577 -0.0531  0.1701  0.1719  0.1978  0.2753  0.4952
  0.5886  0.6050  0.7149  0.7193  0.7333  0.8126  0.9331  0.9497  1.0714  1.0839
  1.0891  1.1113  1.1974  1.2018  1.3120  1.3127  1.5969  1.6733  1.7285  1.7451
  1.7866  1.8057  1.8945  1.9452  2.1259  2.1359  2.1783  2.2510  2.3582  2.3800
  2.4221  2.4678  2.4811  2.5589  2.5784  2.6974  2.8930  2.9110  2.9827  3.0520
  3.1038  3.1550  3.2630  3.3149  3.3739  3.4173  3.4976  3.6711  3.7479  3.8363
  3.9463  3.9631  3.9812  4.0734  4.1848  4.2120  4.2418  4.3527  4.3771  4.3893
  4.5484  4.6000  4.6268  4.6943  4.7822  4.8257  4.8690  4.8926  4.9101  5.0028
  5.1085  5.3092  5.4019  5.4235  5.5124  5.5951  5.6884  5.7990  5.8502  5.9011
  5.9763  5.9828  6.1353  6.1783  6.1842  6.3575  6.4701  6.4912  6.6148  6.6469
  6.7763  6.8460  6.8878  6.9010  6.9133  7.0279  7.3373  7.3816  7.4750  7.7789
  8.3283  8.3769  8.7340  8.8280  8.9003  9.3341 10.2133 10.2882
   0.45000   0.45000   0.00000   128
 -2.7891 -2.7891 -2.7866 -1.2653 -1.2066 -1.2052 -0.4067 -0.3977 -0.3726 -0.2695
 -0.2662 -0.1944 -0.1615 -0.1582 -0.0494  0.1739  0.1747  0.2014  0.2766  0.5039
  0.5898  0.6055  0.7208  0.7229  0.7612  0.8344  0.9090  0.9270  1.0625  1.0727
  1.0750  1.1076  1.1975  1.1996  1.3108  1.3122  1.6063  1.6853  1.7208  1.7487
  1.7857  1.8138  1.8665  2.0073  2.1225  2.1293  2.1671  2.2664  2.3678  2.3870
  2.4143  2.4410  2.4464  2.5294  2.5375  2.6707  2.8905  2.8984  2.9944  3.0918
  3.1189  3.1511  3.2571  3.3309  3.3620  3.4027  3.4912  3.7089  3.8257  3.8519
  3.9592  3.9983  4.0653  4.0976  4.2095  4.2329  4.2450  4.3006  4.3782  4.3998
  4.5467  4.5567  4.5881  4.6743  4.7609  4.8328  4.8871  4.8894  4.8897  4.9347
  5.0503  5.3495  5.3960  5.4162  5.5842  5.6050  5.7293  5.8203  5.8386  5.8908
  5.9126  6.0655  6.0706  6.1380  6.2010  6.3569  6.4450  6.4849  6.6506  6.6794
  6.7148  6.8221  6.8673  6.8852  6.9261  6.9832  7.3249  7.3496  7.4586  7.7927
  8.3515  8.3743  8.7666  8.8504  8.8838  9.3683 10.2230 10.2582
   0.47500   0.47500   0.00000   128
 -2.7892 -2.7892 -2.7866 -1.2656 -1.2050 -1.2046 -0.4094 -0.4012 -0.3747 -0.2687
 -0.2678 -0.1969 -0.1593 -0.1584 -0.0471  0.1762  0.1764  0.2036  0.2774  0.5092
  0.5880  0.6081  0.7245  0.7251  0.7843  0.8570  0.8884  0.9037  1.0568  1.0657
  1.0663  1.1054  1.1977  1.1983  1.3105  1.3119  1.6151  1.6931  1.7029  1.7698
  1.7852  1.8122  1.8478  2.0647  2.1144  2.1297  2.1485  2.2727  2.3761  2.4053
  2.4097  2.4187  2.4243  2.5016  2.5064  2.6565  2.8890  2.8909  3.0017  3.1204
  3.1284  3.1486  3.2480  3.3454  3.3552  3.3893  3.4870  3.7430  3.8582  3.8620
  3.9561  4.0922  4.1189  4.1313  4.2077  4.2276  4.2503  4.2634  4.3362  4.4258
  4.5205  4.5527  4.5621  4.6689  4.6942  4.8614  4.8787  4.8934  4.8950  4.9042
  4.9935  5.3778  5.4024  5.4262  5.5763  5.6979  5.7629  5.8307  5.8328  5.8549
  5.8615  6.0179  6.1032  6.1078  6.2830  6.3619  6.4096  6.4941  6.5899  6.6874
  6.6998  6.8396  6.8513  6.8540  6.9220  6.9808  7.3181  7.3253  7.4494  7.8008
  8.3662  8.3721  8.7867  8.8616  8.8751  9.3897 10.2288 10.2380
   0.50000   0.50000   0.00000   128
 -2.7892 -2.7892 -2.7866 -1.2657 -1.2044 -1.2044 -0.4103 -0.4022 -0.3754 -0.2684
 -0.2684 -0.1978 -0.1585 -0.1585 -0.0464  0.1770  0.1770  0.2044  0.2776  0.5110
  0.5871  0.6092  0.7258  0.7258  0.7945  0.8790  0.8790  0.8814  1.0549  1.0633
  1.0633  1.1046  1.1979  1.1979  1.3104  1.3118  1.6190  1.6959  1.6959  1.7850
  1.7850  1.8021  1.8430  2.1105  2.1117  2.1117  2.1353  2.2741  2.3790  2.4082
  2.4082  2.4186  2.4186  2.4832  2.4976  2.6522  2.8884  2.8884  3.0041  3.1316
  3.1316  3.1475  3.2432  3.3530  3.3530  3.3820  3.4855  3.7572  3.8656  3.8656
  3.9549  4.1307  4.1607  4.1747  4.2071  4.2257  4.2258  4.2581  4.2581  4.4818
  4.5213  4.5214  4.5640  4.6247  4.6982  4.8664  4.8786  4.8786  4.9094  4.9095
  4.9618  5.3714  5.4296  5.4297  5.5735  5.7550  5.7696  5.8279  5.8281  5.8371
  5.8371  5.9954  6.0896  6.1136  6.3680  6.3689  6.3929  6.4922  6.5020  6.7064
  6.7068  6.8330  6.8495  6.8495  6.9126  6.9870  7.3160  7.3160  7.4466  7.8035
  8.3713  8.3713  8.7935  8.8627  8.8751  9.3970 10.2307 10.2308
   21
   0.50000   0.50000   0.00000   128
 -2.7892 -2.7892 -2.7866 -1.2657 -1.2044 -1.2044 -0.4103 -0.4022 -0.3754 -0.2684
 -0.2684 -0.1978 -0.1585 -0.1585 -0.0464  0.1770  0.1770  0.2044  0.2776  0.5110
  0.5871  0.6092  0.7258  0.7258  0.7945  0.8790  0.8790  0.8814  1.0549  1.0633
  1.0633  1.1046  1.1979  1.1979  1.3104  1.3118  1.6190  1.6959  1.6959  1.7850
  1.7850  1.8021  1.8430  2.1105  2.1117  2.1117  2.1353  2.2741  2.3790  2.4082
  2.4082  2.4186  2.4186  2.4832  2.4976  2.6522  2.8884  2.8884  3.0041  3.1316
  3.1316  3.1475  3.2432  3.3530  3.3530  3.3820  3.4855  3.7572  3.8656  3.8656
  3.9549  4.1307  4.1607  4.1747  4.2071  4.2257  4.2258  4.2581  4.2581  4.4818
  4.5213  4.5214  4.5640  4.6247  4.6982  4.8664  4.8786  4.8786  4.9094  4.9095
  4.9618  5.3714  5.4296  5.4297  5.5735  5.7550  5.7696  5.8279  5.8281  5.8371
  5.8371  5.9954  6.0896  6.1136  6.3680  6.3689  6.3929  6.4922  6.5020  6.7064
  6.7068  6.8330  6.8495  6.8495  6.9126  6.9870  7.3160  7.3160  7.4466  7.8035
  8.3713  8.3713  8.7935  8.8627  8.8751  9.3970 10.2307 10.2308
   0.50000   0.50000   0.02500   128
 -2.7892 -2.7892 -2.7867 -1.2654 -1.2045 -1.2045 -0.4103 -0.4018 -0.3754 -0.2692
 -0.2692 -0.1994 -0.1574 -0.1574 -0.0463  0.1772  0.1772  0.2045  0.2794  0.5110
  0.5866  0.6097  0.7232  0.7232  0.7941  0.8802  0.8812  0.8812  1.0558  1.0647
  1.0647  1.1050  1.1980  1.1980  1.3104  1.3121  1.6165  1.6909  1.6909  1.7890
  1.7890  1.8033  1.8466  2.1084  2.1111  2.1122  2.1122  2.3014  2.3772  2.3772
  2.3806  2.4494  2.4494  2.4703  2.5086  2.6537  2.8873  2.8873  3.0020  3.1320
  3.1320  3.1442  3.2431  3.3519  3.3519  3.3786  3.4832  3.7650  3.8657  3.8658
  3.9494  4.0864  4.1819  4.2018  4.2090  4.2233  4.2233  4.2604  4.2604  4.4880
  4.5221  4.5222  4.5621  4.6234  4.6984  4.8594  4.8594  4.8666  4.9352  4.9352
  4.9618  5.3674  5.4269  5.4270  5.5845  5.7573  5.7667  5.8231  5.8232  5.8393
  5.8393  5.9940  6.0281  6.1704  6.3694  6.3703  6.3948  6.4959  6.5012  6.7048
  6.7051  6.8332  6.8514  6.8514  6.9083  6.9840  7.3202  7.3202  7.4498  7.8035
  8.3724  8.3724  8.7495  8.8643  8.8848  9.4193 10.2308 10.2310
   0.50000   0.50000   0.05000   128
 -2.7892 -2.7892 -2.7867 -1.2646 -1.2048 -1.2048 -0.4103 -0.4005 -0.3754 -0.2713
 -0.2713 -0.2041 -0.1543 -0.1543 -0.0462  0.1778  0.1778  0.2047  0.2847  0.5110
  0.5851  0.6112  0.7157  0.7157  0.7932  0.8766  0.8873  0.8873  1.0584  1.0688
  1.0688  1.1060  1.1983  1.1983  1.3105  1.3132  1.6095  1.6779  1.6779  1.7989
  1.7989  1.8070  1.8571  2.0561  2.1128  2.1131  2.1131  2.3429  2.3429  2.3492
  2.3908  2.4509  2.4834  2.4834  2.5223  2.6592  2.8838  2.8838  2.9957  3.1334
  3.1334  3.1344  3.2426  3.3483  3.3483  3.3683  3.4778  3.7870  3.8663  3.8663
  3.9350  4.0295  4.2015  4.2146  4.2177  4.2177  4.2490  4.2657  4.2657  4.5067
  4.5247  4.5248  4.5566  4.6197  4.6996  4.8364  4.8365  4.8673  4.9617  4.9777
  4.9778  5.3581  5.4192  5.4193  5.6145  5.7583  5.7639  5.8134  5.8135  5.8414
  5.8415  5.9540  5.9898  6.2304  6.3736  6.3745  6.4002  6.4990  6.5070  6.7007
  6.7010  6.8343  6.8568  6.8568  6.8963  6.9749  7.3327  7.3327  7.4588  7.8037
  8.3758  8.3759  8.6660  8.8350  8.9092  9.4790 10.2313 10.2314
   0.50000   0.50000   0.07500   128
 -2.7892 -2.7892 -2.7868 -1.2633 -1.2052 -1.2052 -0.4103 -0.3985 -0.3754 -0.2747
 -0.2747 -0.2117 -0.1493 -0.1493 -0.0460  0.1788  0.1788  0.2052  0.2932  0.5110
  0.5826  0.6137  0.7046  0.7046  0.7916  0.8709  0.8961  0.8961  1.0628  1.0757
  1.0757  1.1075  1.1988  1.1988  1.3107  1.3147  1.5991  1.6604  1.6604  1.8116
  1.8116  1.8130  1.8733  1.9996  2.1128  2.1128  2.1157  2.3121  2.3121  2.3709
  2.4300  2.4320  2.5150  2.5150  2.5338  2.6712  2.8776  2.8777  2.9852  3.1185
  3.1368  3.1368  3.2415  3.3422  3.3422  3.3514  3.4722  3.8201  3.8674  3.8674
  3.9155  3.9735  4.2116  4.2116  4.2237  4.2294  4.2718  4.2719  4.2880  4.5288
  4.5289  4.5367  4.5483  4.6141  4.7044  4.8190  4.8190  4.8683  4.9608  5.0263
  5.0264  5.3479  5.4076  5.4076  5.6578  5.7441  5.7744  5.8015  5.8017  5.8422
  5.8423  5.8799  5.9830  6.2817  6.3786  6.3795  6.4089  6.4951  6.5240  6.6941
  6.6943  6.8367  6.8650  6.8650  6.8793  6.9600  7.3529  7.3530  7.4720  7.8042
  8.3816  8.3816  8.5675  8.7864  8.9254  9.5624 10.2324 10.2325
   0.50000   0.50000   0.10000   128
 -2.7892 -2.7892 -2.7869 -1.2615 -1.2058 -1.2058 -0.4102 -0.3956 -0.3753 -0.2789
 -0.2789 -0.2218 -0.1429 -0.1429 -0.0457  0.1803  0.1803  0.2059  0.3044  0.5110
  0.5792  0.6172  0.6909  0.6909  0.7895  0.8635  0.9065  0.9065  1.0687  1.0851
  1.0851  1.1092  1.1995  1.1995  1.3110  1.3164  1.5864  1.6404  1.6404  1.8214
  1.8254  1.8254  1.8940  1.9446  2.1083  2.1083  2.1197  2.2881  2.2881  2.3771
  2.4082  2.4827  2.5423  2.5434  2.5434  2.6955  2.8685  2.8685  2.9708  3.0972
  3.1432  3.1432  3.2393  3.3282  3.3334  3.3334  3.4691  3.8608  3.8689  3.8690
  3.8940  3.9201  4.2063  4.2063  4.2357  4.2621  4.2778  4.2778  4.3175  4.5340
  4.5341  4.5379  4.5727  4.6069  4.7179  4.8077  4.8077  4.8695  4.9581  5.0779
  5.0779  5.3398  5.3939  5.3940  5.7096  5.7260  5.7880  5.7886  5.7888  5.8084
  5.8418  5.8421  5.9744  6.3238  6.3829  6.3838  6.4206  6.4892  6.5430  6.6847
  6.6848  6.8405  6.8616  6.8749  6.8749  6.9396  7.3796  7.3796  7.4873  7.8052
  8.3897  8.3898  8.4614  8.7206  8.9370  9.6581 10.2344 10.2345
   0.50000   0.50000   0.12500   128
 -2.7892 -2.7892 -2.7870 -1.2593 -1.2066 -1.2066 -0.4102 -0.3921 -0.3753 -0.2837
 -0.2837 -0.2337 -0.1354 -0.1354 -0.0454  0.1820  0.1820  0.2067  0.3179  0.5110
  0.5751  0.6218  0.6758  0.6758  0.7869  0.8547  0.9176  0.9176  1.0760  1.0971
  1.0971  1.1108  1.2005  1.2005  1.3113  1.3179  1.5726  1.6191  1.6191  1.8321
  1.8395  1.8395  1.8929  1.9181  2.0963  2.0963  2.1248  2.2742  2.2742  2.3818
  2.3861  2.5207  2.5476  2.5676  2.5676  2.7388  2.8563  2.8564  2.9526  3.0716
  3.1529  3.1529  3.2352  3.2993  3.3223  3.3223  3.4702  3.8708  3.8709  3.8710
  3.8727  3.9067  4.2028  4.2029  4.2500  4.2832  4.2833  4.2972  4.3380  4.5264
  4.5393  4.5395  4.5991  4.6053  4.7482  4.8029  4.8029  4.8710  4.9524  5.1283
  5.1283  5.3351  5.3821  5.3821  5.7048  5.7420  5.7656  5.7758  5.7760  5.8038
  5.8413  5.8417  5.9654  6.3581  6.3846  6.3855  6.4347  6.4809  6.5574  6.6724
  6.6726  6.8466  6.8489  6.8857  6.8858  6.9141  7.4105  7.4106  7.5028  7.8073
  8.3519  8.4002  8.4003  8.6400  8.9469  9.7591 10.2378 10.2379
   0.50000   0.50000   0.15000   132
 -2.7893 -2.7893 -2.7873 -1.2567 -1.2075 -1.2075 -0.4102 -0.3879 -0.3752 -0.2888
 -0.2888 -0.2471 -0.1272 -0.1272 -0.0450  0.1841  0.1841  0.2077  0.3328  0.5111
  0.5704  0.6269  0.6590  0.6590  0.7839  0.8448  0.9287  0.9287  1.0843  1.0957
  1.1109  1.1109  1.1933  1.1933  1.2859  1.3115  1.5583  1.5961  1.5961  1.8419
  1.8448  1.8530  1.8530  1.9450  2.0725  2.0725  2.1308  2.2706  2.2706  2.3639
  2.3841  2.5426  2.5472  2.5859  2.5859  2.7965  2.7965  2.8022  2.9310  2.9838
  3.1423  3.1423  3.2242  3.2653  3.3038  3.3038  3.4204  3.7814  3.8525  3.8718
  3.8719  3.9378  4.0736  4.0737  4.2401  4.2774  4.2775  4.3200  4.3330  4.5147
  4.5431  4.5433  4.5438  4.5583  4.7297  4.7559  4.7561  4.8725  4.9393  4.9859
  4.9862  5.3342  5.3511  5.3511  5.6413  5.6802  5.6818  5.7071  5.7080  5.8052
  5.8055  5.8192  5.9605  6.2083  6.2126  6.2947  6.2954  6.4042  6.4502  6.4841
  6.6184  6.6186  6.6901  6.6903  6.8047  6.8831  6.9030  6.9030  7.4722  7.5311
  7.6535  7.6536  7.7661  7.8107  8.4269  8.4270  8.8298  9.5722 10.5005 10.6631
 10.6886 10.6889
   0.50000   0.50000   0.17500   132
 -2.7893 -2.7893 -2.7875 -1.2537 -1.2084 -1.2084 -0.4103 -0.3832 -0.3751 -0.2939
 -0.2939 -0.2613 -0.1185 -0.1185 -0.0445  0.1866  0.1866  0.2088  0.3492  0.5111
  0.5653  0.6334  0.6426  0.6427  0.7806  0.8343  0.9397  0.9397  1.0937  1.0949
  1.1268  1.1268  1.1945  1.1946  1.2832  1.3119  1.5440  1.5742  1.5742  1.8008
  1.8595  1.8670  1.8670  1.9741  2.0448  2.0448  2.1379  2.2772  2.2772  2.3419
  2.3891  2.5446  2.5532  2.6012  2.6012  2.7820  2.7820  2.8801  2.9062  2.9510
  3.1435  3.1435  3.2147  3.2268  3.2996  3.2996  3.4330  3.7339  3.8341  3.8720
  3.8721  3.9875  4.0944  4.0945  4.2624  4.2817  4.2818  4.3108  4.3683  4.5035
  4.5334  4.5412  4.5414  4.5743  4.7542  4.7544  4.8076  4.8741  4.9236  4.9821
  4.9825  5.3369  5.3831  5.3831  5.6023  5.6539  5.7090  5.7098  5.7280  5.8014
  5.8018  5.8552  5.9736  6.1929  6.2014  6.2854  6.2860  6.4266  6.4665  6.4777
  6.5714  6.5718  6.7304  6.7306  6.8403  6.8511  6.9085  6.9085  7.3632  7.5589
  7.6440  7.6590  7.6590  7.8161  8.4372  8.4374  8.8522  9.6086 10.5577 10.7208
 10.7211 10.7385
   0.50000   0.50000   0.20000   132
 -2.7893 -2.7893 -2.7877 -1.2505 -1.2095 -1.2095 -0.4104 -0.3781 -0.3750 -0.2989
 -0.2989 -0.2760 -0.1095 -0.1095 -0.0440  0.1894  0.1894  0.2100  0.3662  0.5111
  0.5599  0.6263  0.6263  0.6408  0.7770  0.8235  0.9504  0.9504  1.0937  1.1039
  1.1439  1.1439  1.1963  1.1964  1.2787  1.3123  1.5302  1.5526  1.5526  1.7657
  1.8761  1.8805  1.8805  2.0051  2.0139  2.0139  2.1460  2.2892  2.2892  2.3205
  2.3947  2.5385  2.5577  2.6111  2.6111  2.7669  2.7669  2.8787  2.9182  2.9671
  3.1402  3.1402  3.1846  3.2005  3.3025  3.3025  3.4502  3.6935  3.8176  3.8710
  3.8711  4.0366  4.1164  4.1165  4.2842  4.2869  4.2870  4.2959  4.4019  4.4931
  4.5241  4.5305  4.5308  4.5967  4.7644  4.7646  4.8757  4.8881  4.9038  4.9694
  4.9698  5.3432  5.4227  5.4228  5.5723  5.6269  5.7157  5.7164  5.7718  5.8000
  5.8006  5.8599  6.0173  6.1571  6.1910  6.2741  6.2746  6.4489  6.4720  6.4827
  6.5193  6.5200  6.7703  6.7706  6.8201  6.8698  6.9176  6.9176  7.2557  7.5240
  7.5811  7.6609  7.6610  7.8240  8.4495  8.4498  8.8797  9.6471 10.6087 10.7488
 10.7489 10.8025
   0.50000   0.50000   0.22500   132
 -2.7893 -2.7893 -2.7879 -1.2470 -1.2106 -1.2106 -0.4107 -0.3749 -0.3728 -0.3038
 -0.3038 -0.2906 -0.1005 -0.1005 -0.0435  0.1925  0.1925  0.2112  0.3836  0.5111
  0.5544  0.6103  0.6103  0.6492  0.7733  0.8127  0.9606  0.9607  1.0918  1.1147
  1.1614  1.1614  1.1991  1.1992  1.2720  1.3127  1.5170  1.5317  1.5317  1.7369
  1.8920  1.8920  1.8942  1.9833  1.9834  2.0375  2.1549  2.3000  2.3037  2.3037
  2.4011  2.5296  2.5590  2.6161  2.6161  2.7521  2.7521  2.8490  2.8858  3.0593
  3.1301  3.1302  3.1393  3.1818  3.3149  3.3150  3.4720  3.6611  3.8031  3.8685
  3.8686  4.0838  4.1390  4.1391  4.2774  4.2929  4.2930  4.3037  4.4331  4.4839
  4.5114  4.5119  4.5164  4.6242  4.7858  4.7860  4.8772  4.8823  4.9521  4.9525
  4.9690  5.3527  5.4617  5.4620  5.5516  5.6002  5.7290  5.7294  5.8026  5.8035
  5.8116  5.8458  6.0781  6.0994  6.1780  6.2606  6.2610  6.4638  6.4648  6.4681
  6.4710  6.4979  6.7938  6.8064  6.8068  6.8847  6.9314  6.9314  7.1594  7.4122
  7.5966  7.6592  7.6593  7.8348  8.4620  8.4624  8.9111  9.6870 10.6533 10.7717
 10.7718 10.8484
   0.50000   0.50000   0.25000   124
 -2.7893 -2.7893 -2.7881 -1.2434 -1.2117 -1.2117 -0.4112 -0.3748 -0.3672 -0.3083
 -0.3083 -0.3049 -0.0915 -0.0915 -0.0430  0.1963  0.1963  0.2126  0.4009  0.5112
  0.5489  0.5952  0.5952  0.6586  0.7715  0.8021  0.9708  0.9708  1.1053  1.1258
  1.1785  1.1785  1.2241  1.2242  1.2991  1.3131  1.5061  1.5137  1.5137  1.7147
  1.8990  1.8990  1.9180  1.9681  1.9681  2.1551  2.1759  2.2838  2.3193  2.3193
  2.4086  2.5272  2.5876  2.6796  2.6796  2.8230  2.8589  2.9835  2.9835  3.1304
  3.1304  3.1470  3.2839  3.4418  3.4994  3.5454  3.5454  3.6618  3.8754  3.9325
  3.9326  4.1333  4.1940  4.1942  4.2827  4.3251  4.3252  4.4528  4.4821  4.4941
  4.4948  4.5762  4.5978  4.6702  4.9284  4.9541  4.9541  5.1233  5.1835  5.1841
  5.3963  5.5540  5.5602  5.5602  5.7119  5.8103  5.8104  5.8787  5.9287  6.0991
  6.1352  6.1356  6.2299  6.3305  6.4011  6.4030  6.4661  6.5071  6.6108  6.6117
  6.9191  7.0204  7.2945  7.5219  7.5220  7.8375  7.8439  8.4103  8.4108  9.7191
 10.6532 10.6897 10.6898 10.8676
   0.50000   0.50000   0.27500   124
 -2.7893 -2.7893 -2.7883 -1.2397 -1.2128 -1.2128 -0.4119 -0.3747 -0.3617 -0.3185
 -0.3126 -0.3126 -0.0829 -0.0829 -0.0424  0.1997  0.1997  0.2140  0.4176  0.5112
  0.5435  0.5804  0.5804  0.6687  0.7677  0.7918  0.9801  0.9801  1.1003  1.1367
  1.1923  1.1923  1.2301  1.2301  1.2871  1.3135  1.4950  1.4954  1.4955  1.6987
  1.8828  1.8828  1.9390  1.9651  1.9651  2.1840  2.1917  2.2674  2.3325  2.3325
  2.4164  2.5136  2.5863  2.6648  2.6648  2.7899  2.8286  3.0098  3.0098  3.1078
  3.1078  3.1267  3.3772  3.4127  3.5309  3.5678  3.5678  3.6487  3.8767  3.9248
  3.9249  4.1697  4.2197  4.2199  4.2623  4.3311  4.3312  4.4344  4.4652  4.4661
  4.4749  4.5592  4.6120  4.7049  4.9280  4.9686  4.9686  5.1442  5.1868  5.1874
  5.4092  5.5446  5.5894  5.5894  5.7649  5.8251  5.8252  5.8561  5.8794  6.0340
  6.1510  6.1515  6.2194  6.3473  6.3493  6.3603  6.4644  6.5140  6.6416  6.6431
  6.8396  6.9699  7.2787  7.5412  7.5413  7.8544  7.8688  8.4174  8.4181  9.7538
 10.6920 10.7153 10.7154 10.8846
   0.50000   0.50000   0.30000   124
 -2.7894 -2.7894 -2.7885 -1.2360 -1.2139 -1.2139 -0.4129 -0.3746 -0.3563 -0.3309
 -0.3165 -0.3165 -0.0747 -0.0747 -0.0419  0.2032  0.2032  0.2153  0.4335  0.5112
  0.5383  0.5664  0.5664  0.6794  0.7639  0.7822  0.9888  0.9888  1.0937  1.1475
  1.2009  1.2010  1.2413  1.2414  1.2740  1.3137  1.4789  1.4789  1.4849  1.6881
  1.8552  1.8552  1.9608  1.9749  1.9749  2.1902  2.2281  2.2548  2.3424  2.3424
  2.4248  2.4989  2.5840  2.6516  2.6516  2.7565  2.7998  3.0266  3.0266  3.0951
  3.0951  3.0968  3.3830  3.4813  3.5663  3.5895  3.5895  3.6421  3.8794  3.9163
  3.9164  4.2021  4.2418  4.2419  4.2423  4.3313  4.3313  4.4149  4.4427  4.4439
  4.4683  4.5365  4.6226  4.7407  4.9273  4.9745  4.9745  5.1735  5.2029  5.2037
  5.4244  5.5413  5.6066  5.6066  5.7486  5.8319  5.8447  5.8448  5.8602  5.9907
  6.1772  6.1776  6.2046  6.2881  6.2902  6.3921  6.4610  6.5091  6.6826  6.6847
  6.7720  6.9166  7.2651  7.5606  7.5606  7.8651  7.8965  8.4147  8.4155  9.7872
 10.7251 10.7384 10.7385 10.8953
   0.50000   0.50000   0.32500   124
 -2.7894 -2.7894 -2.7887 -1.2325 -1.2149 -1.2149 -0.4143 -0.3745 -0.3512 -0.3420
 -0.3199 -0.3199 -0.0671 -0.0671 -0.0414  0.2067  0.2067  0.2166  0.4483  0.5112
  0.5335  0.5535  0.5535  0.6906  0.7604  0.7733  0.9969  0.9969  1.0855  1.1578
  1.2054  1.2054  1.2563  1.2564  1.2607  1.3140  1.4646  1.4646  1.4758  1.6818
  1.8246  1.8246  1.9829  1.9897  1.9897  2.1920  2.2486  2.2636  2.3472  2.3472
  2.4335  2.4839  2.5814  2.6423  2.6423  2.7234  2.7727  3.0217  3.0217  3.0640
  3.1041  3.1041  3.3534  3.5883  3.6050  3.6096  3.6097  3.6426  3.8832  3.9078
  3.9079  4.2236  4.2294  4.2593  4.2594  4.3199  4.3199  4.3933  4.4335  4.4349
  4.4621  4.5111  4.6299  4.7763  4.9263  4.9720  4.9721  5.2110  5.2324  5.2332
  5.4417  5.5426  5.6142  5.6142  5.6360  5.8065  5.8637  5.8639  5.9116  5.9624
  6.1863  6.2082  6.2082  6.2293  6.2320  6.4246  6.4557  6.4752  6.7336  6.7361
  6.7385  6.8617  7.2494  7.5815  7.5815  7.8759  7.9205  8.4003  8.4014  9.8190
 10.7526 10.7591 10.7592 10.9042
   0.50000   0.50000   0.35000   124
 -2.7894 -2.7894 -2.7889 -1.2293 -1.2159 -1.2159 -0.4160 -0.3744 -0.3514 -0.3464
 -0.3230 -0.3230 -0.0602 -0.0602 -0.0410  0.2100  0.2100  0.2178  0.4618  0.5112
  0.5291  0.5419  0.5419  0.7020  0.7572  0.7653  1.0043  1.0043  1.0759  1.1675
  1.2079  1.2080  1.2484  1.2721  1.2721  1.3141  1.4530  1.4530  1.4679  1.6787
  1.7940  1.7940  2.0049  2.0067  2.0067  2.1881  2.2500  2.2976  2.3462  2.3462
  2.4422  2.4690  2.5792  2.6381  2.6381  2.6913  2.7479  3.0030  3.0030  3.0310
  3.1264  3.1264  3.3246  3.6273  3.6274  3.6373  3.6462  3.7067  3.8877  3.9005
  3.9007  4.2083  4.2493  4.2659  4.2659  4.3045  4.3048  4.3699  4.4364  4.4379
  4.4566  4.4873  4.6342  4.8096  4.9253  4.9640  4.9641  5.2559  5.2722  5.2729
  5.4612  5.5036  5.5471  5.6160  5.6160  5.7800  5.8787  5.8790  5.9371  5.9740
  6.1588  6.1605  6.1636  6.2533  6.2547  6.4130  6.4488  6.4568  6.7418  6.7941
  6.7971  6.8063  7.2301  7.6058  7.6058  7.8865  7.9407  8.3733  8.3745  9.8489
 10.7751 10.7771 10.7773 10.9096
   0.50000   0.50000   0.37500   124
 -2.7894 -2.7894 -2.7891 -1.2263 -1.2168 -1.2168 -0.4182 -0.3743 -0.3590 -0.3421
 -0.3256 -0.3256 -0.0541 -0.0541 -0.0405  0.2132  0.2132  0.2189  0.4737  0.5112
  0.5251  0.5316  0.5316  0.7132  0.7544  0.7583  1.0109  1.0109  1.0651  1.1762
  1.2097  1.2097  1.2376  1.2864  1.2864  1.3142  1.4449  1.4449  1.4612  1.6779
  1.7650  1.7650  2.0246  2.0246  2.0261  2.1807  2.2566  2.3292  2.3394  2.3394
  2.4508  2.4548  2.5776  2.6394  2.6394  2.6613  2.7256  2.9813  2.9813  2.9994
  3.1510  3.1511  3.2974  3.6415  3.6416  3.6427  3.6892  3.8154  3.8925  3.8958
  3.8959  4.1994  4.2474  4.2475  4.2564  4.3067  4.3070  4.3488  4.4443  4.4459
  4.4517  4.4681  4.6361  4.8372  4.9243  4.9537  4.9538  5.3067  5.3185  5.3191
  5.3682  5.4825  5.5537  5.6150  5.6150  5.7526  5.8891  5.8895  5.9173  6.0344
  6.0942  6.0961  6.1340  6.2909  6.2924  6.3427  6.4406  6.4871  6.7512  6.7664
  6.8617  6.8653  7.2069  7.6362  7.6362  7.8966  7.9575  8.3327  8.3342  9.8763
 10.7925 10.7925 10.7930 10.9158
   0.50000   0.50000   0.40000   124
 -2.7894 -2.7894 -2.7892 -1.2237 -1.2175 -1.2175 -0.4205 -0.3742 -0.3649 -0.3385
 -0.3277 -0.3277 -0.0490 -0.0490 -0.0402  0.2160  0.2160  0.2198  0.4840  0.5112
  0.5215  0.5229  0.5229  0.7238  0.7520  0.7525  1.0165  1.0165  1.0540  1.1837
  1.2111  1.2112  1.2289  1.2980  1.2980  1.3141  1.4407  1.4407  1.4557  1.6784
  1.7385  1.7385  2.0425  2.0426  2.0457  2.1726  2.2653  2.3282  2.3282  2.3573
  2.4418  2.4586  2.5768  2.6341  2.6450  2.6450  2.7064  2.9601  2.9601  2.9709
  3.1743  3.1743  3.2729  3.6478  3.6516  3.6518  3.7326  3.8945  3.8946  3.8972
  3.9173  4.2038  4.2181  4.2185  4.2432  4.3173  4.3176  4.3386  4.4475  4.4527
  4.4543  4.4548  4.6362  4.8528  4.9233  4.9433  4.9434  5.2395  5.3610  5.3678
  5.3685  5.5056  5.5619  5.6131  5.6131  5.7246  5.8957  5.8963  5.8988  6.0307
  6.0327  6.0928  6.0948  6.2822  6.3233  6.3253  6.4311  6.5142  6.6980  6.8001
  6.9309  6.9347  7.1802  7.6756  7.6756  7.9057  7.9708  8.2787  8.2804  9.9004
 10.8051 10.8053 10.8065 10.9204
   0.50000   0.50000   0.42500   124
 -2.7894 -2.7894 -2.7893 -1.2216 -1.2181 -1.2181 -0.4228 -0.3742 -0.3692 -0.3355
 -0.3294 -0.3294 -0.0449 -0.0449 -0.0399  0.2183  0.2183  0.2206  0.4925  0.5112
  0.5159  0.5159  0.5183  0.7332  0.7478  0.7500  1.0210  1.0210  1.0435  1.1899
  1.2123  1.2124  1.2222  1.3061  1.3061  1.3141  1.4401  1.4401  1.4513  1.6795
  1.7156  1.7156  2.0595  2.0595  2.0628  2.1655  2.2742  2.3148  2.3148  2.3809
  2.4306  2.4653  2.5768  2.6111  2.6530  2.6530  2.6907  2.9412  2.9412  2.9468
  3.1942  3.1943  3.2521  3.6528  3.6574  3.6579  3.7746  3.8967  3.8968  3.9013
  3.9957  4.1896  4.1902  4.2138  4.2365  4.3278  4.3281  4.3387  4.4441  4.4465
  4.4595  4.4612  4.6354  4.8423  4.9225  4.9342  4.9342  5.1339  5.4153  5.4169
  5.4174  5.5302  5.5717  5.6115  5.6115  5.6961  5.8829  5.8989  5.8999  5.9716
  5.9736  6.0384  6.1529  6.2407  6.3486  6.3512  6.4199  6.5367  6.6488  6.8368
  6.9944  6.9983  7.1512  7.7269  7.7270  7.9135  7.9809  8.2123  8.2141  9.9204
 10.8150 10.8152 10.8163 10.9251
   0.50000   0.50000   0.45000   124
 -2.7895 -2.7895 -2.7894 -1.2201 -1.2185 -1.2185 -0.4247 -0.3741 -0.3720 -0.3334
 -0.3306 -0.3306 -0.0419 -0.0419 -0.0397  0.2201  0.2201  0.2211  0.4992  0.5108
  0.5108  0.5112  0.5155  0.7406  0.7446  0.7486  1.0244  1.0244  1.0348  1.1944
  1.2132  1.2133  1.2177  1.3109  1.3109  1.3140  1.4421  1.4421  1.4482  1.6807
  1.6976  1.6976  2.0739  2.0739  2.0761  2.1600  2.2819  2.3019  2.3020  2.3988
  2.4217  2.4703  2.5774  2.5934  2.6612  2.6612  2.6791  2.9261  2.9261  2.9283
  3.2096  3.2097  3.2362  3.6571  3.6600  3.6607  3.8120  3.9011  3.9012  3.9046
  4.0367  4.1660  4.1666  4.1809  4.3096  4.3363  4.3367  4.3414  4.4416  4.4421
  4.4642  4.4660  4.6342  4.7860  4.9219  4.9272  4.9272  5.0726  5.4610  5.4613
  5.4629  5.5560  5.5845  5.6110  5.6110  5.6675  5.8705  5.8953  5.8977  5.9251
  5.9260  5.9791  6.2065  6.2164  6.3663  6.3695  6.4062  6.5537  6.6072  6.8720
  7.0447  7.0485  7.1226  7.7913  7.7917  7.9194  7.9881  8.1356  8.1376  9.9355
 10.8221 10.8223 10.8229 10.9316
   0.50000   0.50000   0.47500   124
 -2.7895 -2.7895 -2.7894 -1.2191 -1.2187 -1.2187 -0.4260 -0.3741 -0.3736 -0.3321
 -0.3314 -0.3314 -0.0401 -0.0401 -0.0396  0.2212  0.2212  0.2215  0.5042  0.5077
  0.5077  0.5112  0.5128  0.7422  0.7459  0.7478  1.0264  1.0264  1.0291  1.1972
  1.2138  1.2140  1.2150  1.3133  1.3133  1.3140  1.4446  1.4446  1.4464  1.6815
  1.6859  1.6859  2.0839  2.0840  2.0847  2.1566  2.2871  2.2925  2.2925  2.4100
  2.4159  2.4734  2.5780  2.5822  2.6672  2.6672  2.6719  2.9162  2.9162  2.9167
  3.2194  3.2194  3.2262  3.6598  3.6606  3.6617  3.8394  3.9055  3.9055  3.9066
  4.0514  4.1501  4.1508  4.1550  4.3418  4.3422  4.3436  4.4059  4.4401  4.4401
  4.4669  4.4687  4.6332  4.6946  4.9215  4.9228  4.9228  5.0511  5.4931  5.4933
  5.4946  5.5829  5.6001  5.6118  5.6118  5.6390  5.8624  5.8718  5.8758  5.9113
  5.9113  5.9302  6.2040  6.2497  6.3765  6.3800  6.3910  6.5642  6.5784  6.8998
  7.0767  7.0800  7.0992  7.8661  7.8666  7.9231  7.9924  8.0533  8.0554  9.9450
 10.8264 10.8264 10.8268 10.9364
   0.50000   0.50000   0.50000   124
 -2.7895 -2.7895 -2.7895 -1.2188 -1.2188 -1.2188 -0.4265 -0.3741 -0.3741 -0.3316
 -0.3316 -0.3316 -0.0395 -0.0395 -0.0395  0.2216  0.2216  0.2216  0.5067  0.5067
  0.5067  0.5112  0.5112  0.7416  0.7475  0.7475  1.0271  1.0271  1.0271  1.1982
  1.2141  1.2141  1.2143  1.3139  1.3139  1.3139  1.4457  1.4457  1.4457  1.6818
  1.6818  1.6819  2.0876  2.0876  2.0876  2.1555  2.2890  2.2890  2.2890  2.4139
  2.4139  2.4745  2.5783  2.5783  2.6694  2.6695  2.6695  2.9127  2.9127  2.9127
  3.2228  3.2228  3.2228  3.6606  3.6606  3.6623  3.8499  3.9073  3.9073  3.9074
  4.0548  4.1445  4.1446  4.1456  4.3437  4.3437  4.3451  4.4396  4.4396  4.4677
  4.4678  4.4704  4.6325  4.6327  4.9213  4.9213  4.9213  5.0468  5.5051  5.5051
  5.5052  5.6087  5.6087  5.6126  5.6126  5.6126  5.8586  5.8587  5.8642  5.9101
  5.9101  5.9106  6.2002  6.2685  6.3797  6.3797  6.3871  6.5677  6.5677  6.9111
  7.0877  7.0878  7.0925  7.9243  7.9244  7.9244  7.9927  7.9927  7.9970  9.9485
 10.8275 10.8277 10.8278 10.9460
   21
   0.50000   0.50000   0.50000   124
 -2.7895 -2.7895 -2.7895 -1.2188 -1.2188 -1.2188 -0.4265 -0.3741 -0.3741 -0.3316
 -0.3316 -0.3316 -0.0395 -0.0395 -0.0395  0.2216  0.2216  0.2216  0.5067  0.5067
  0.5067  0.5112  0.5112  0.7416  0.7475  0.7475  1.0271  1.0271  1.0271  1.1982
  1.2141  1.2141  1.2143  1.3139  1.3139  1.3139  1.4457  1.4457  1.4457  1.6818
  1.6818  1.6819  2.0876  2.0876  2.0876  2.1555  2.2890  2.2890  2.2890  2.4139
  2.4139  2.4745  2.5783  2.5783  2.6694  2.6695  2.6695  2.9127  2.9127  2.9127
  3.2228  3.2228  3.2228  3.6606  3.6606  3.6623  3.8499  3.9073  3.9073  3.9074
  4.0548  4.1445  4.1446  4.1456  4.3437  4.3437  4.3451  4.4396  4.4396  4.4677
  4.4678  4.4704  4.6325  4.6327  4.9213  4.9213  4.9213  5.0468  5.5051  5.5051
  5.5052  5.6087  5.6087  5.6126  5.6126  5.6126  5.8586  5.8587  5.8642  5.9101
  5.9101  5.9106  6.2002  6.2685  6.3797  6.3797  6.3871  6.5677  6.5677  6.9111
  7.0877  7.0878  7.0925  7.9243  7.9244  7.9244  7.9927  7.9927  7.9970  9.9485
 10.8275 10.8277 10.8278 10.9460
   0.47500   0.47500   0.47500   124
 -2.7894 -2.7894 -2.7894 -1.2193 -1.2188 -1.2188 -0.4251 -0.3734 -0.3734 -0.3323
 -0.3312 -0.3312 -0.0411 -0.0411 -0.0402  0.2206  0.2208  0.2208  0.5043  0.5043
  0.5090  0.5142  0.5142  0.7435  0.7454  0.7454  1.0261  1.0286  1.0286  1.1953
  1.2144  1.2144  1.2148  1.3095  1.3143  1.3143  1.4426  1.4426  1.4473  1.6861
  1.6913  1.6913  2.0723  2.0723  2.0893  2.1590  2.2866  2.2969  2.2969  2.4113
  2.4113  2.4713  2.5835  2.5835  2.6621  2.6708  2.6708  2.9172  2.9172  2.9354
  3.2172  3.2172  3.2245  3.6407  3.6689  3.6689  3.8238  3.9003  3.9003  3.9081
  4.0454  4.1518  4.1518  4.1901  4.3351  4.3351  4.3451  4.3833  4.3833  4.4410
  4.4410  4.4674  4.7170  4.7171  4.9179  4.9290  4.9290  5.0577  5.4579  5.4801
  5.4801  5.5758  5.5758  5.6107  5.6324  5.6324  5.8776  5.8777  5.8951  5.9262
  5.9406  5.9406  6.2112  6.2231  6.3616  6.3616  6.4194  6.5772  6.5772  6.8826
  7.0504  7.0505  7.1271  7.8138  7.8138  7.9181  7.9823  8.1161  8.1162  9.9385
 10.8177 10.8268 10.8269 10.9263
   0.45000   0.45000   0.45000   124
 -2.7894 -2.7894 -2.7894 -1.2206 -1.2188 -1.2188 -0.4211 -0.3711 -0.3711 -0.3343
 -0.3298 -0.3298 -0.0456 -0.0456 -0.0421  0.2178  0.2183  0.2183  0.4988  0.4988
  0.5158  0.5217  0.5217  0.7394  0.7394  0.7491  1.0229  1.0329  1.0329  1.1872
  1.2157  1.2157  1.2163  1.2981  1.3149  1.3149  1.4356  1.4356  1.4519  1.6968
  1.7170  1.7170  2.0358  2.0358  2.0943  2.1699  2.2776  2.3102  2.3102  2.4055
  2.4055  2.4625  2.5968  2.5968  2.6519  2.6770  2.6770  2.9308  2.9308  2.9922
  3.2036  3.2036  3.2296  3.5787  3.6888  3.6888  3.7823  3.8801  3.8801  3.9102
  4.0173  4.1688  4.1688  4.2446  4.2447  4.2843  4.3283  4.3283  4.3436  4.4442
  4.4442  4.4683  4.8189  4.8190  4.9077  4.9729  4.9729  5.0839  5.3694  5.4151
  5.4151  5.5505  5.5505  5.6053  5.6326  5.6326  5.8900  5.9261  5.9262  6.0145
  6.0145  6.0151  6.1460  6.2460  6.3150  6.3151  6.4668  6.5943  6.5943  6.8363
  6.9500  6.9500  7.1949  7.7158  7.7158  7.8987  7.9421  8.2489  8.2489  9.9120
 10.7874 10.8234 10.8235 10.9139
   0.42500   0.42500   0.42500   124
 -2.7893 -2.7893 -2.7893 -1.2229 -1.2188 -1.2188 -0.4148 -0.3675 -0.3675 -0.3369
 -0.3275 -0.3275 -0.0525 -0.0525 -0.0451  0.2131  0.2142  0.2142  0.4904  0.4904
  0.5259  0.5327  0.5327  0.7299  0.7299  0.7586  1.0168  1.0399  1.0399  1.1749
  1.2180  1.2180  1.2185  1.2841  1.3144  1.3144  1.4298  1.4298  1.4594  1.7096
  1.7529  1.7530  1.9932  1.9932  2.1028  2.1882  2.2586  2.3133  2.3133  2.4014
  2.4014  2.4532  2.6107  2.6107  2.6521  2.6934  2.6934  2.9530  2.9530  3.0670
  3.1879  3.1879  3.2381  3.4897  3.7078  3.7078  3.7495  3.8474  3.8475  3.9136
  3.9715  4.1253  4.1253  4.1849  4.1850  4.3119  4.3120  4.3123  4.3995  4.4493
  4.4493  4.4932  4.8558  4.8558  4.8908  5.0788  5.0789  5.1065  5.3022  5.3416
  5.3416  5.5209  5.5209  5.5964  5.6364  5.6364  5.8751  5.9825  5.9826  6.0099
  6.1099  6.1099  6.1527  6.2542  6.2542  6.3056  6.4951  6.6005  6.6005  6.8085
  6.8283  6.8283  7.2625  7.6597  7.6597  7.8647  7.8758  8.3436  8.3436  9.8727
 10.7358 10.8161 10.8161 10.9051
   0.40000   0.40000   0.40000   124
 -2.7892 -2.7892 -2.7891 -1.2261 -1.2188 -1.2188 -0.4067 -0.3625 -0.3625 -0.3390
 -0.3242 -0.3242 -0.0613 -0.0613 -0.0493  0.2069  0.2087  0.2087  0.4792  0.4792
  0.5378  0.5461  0.5461  0.7176  0.7176  0.7716  1.0070  1.0490  1.0490  1.1611
  1.2205  1.2218  1.2218  1.2719  1.3114  1.3114  1.4291  1.4291  1.4696  1.7202
  1.7891  1.7891  1.9587  1.9587  2.1149  2.2000  2.2412  2.3003  2.3003  2.4026
  2.4027  2.4514  2.6189  2.6189  2.6634  2.7222  2.7222  2.9833  2.9833  3.1495
  3.1757  3.1757  3.2496  3.3939  3.7014  3.7014  3.7213  3.8096  3.8097  3.9117
  3.9182  4.0391  4.0391  4.1804  4.1804  4.2719  4.3016  4.3017  4.4613  4.4613
  4.4781  4.5613  4.8619  4.8619  4.8675  5.0962  5.1640  5.1641  5.2976  5.3070
  5.3070  5.4871  5.4871  5.5846  5.6533  5.6533  5.8476  5.9282  6.0305  6.0306
  6.1739  6.1739  6.2177  6.2322  6.2322  6.3780  6.5024  6.5701  6.5701  6.7510
  6.7510  6.8110  7.3128  7.6308  7.6308  7.7877  7.8137  8.3917  8.3918  9.8253
 10.6635 10.8026 10.8027 10.9011
   0.37500   0.37500   0.37500   127
 -2.7890 -2.7890 -2.7890 -1.2301 -1.2189 -1.2189 -0.3980 -0.3564 -0.3564 -0.3389
 -0.3197 -0.3197 -0.0711 -0.0711 -0.0544  0.1988  0.2013  0.2013  0.4653  0.4653
  0.5497  0.5601  0.5601  0.7033  0.7033  0.7874  0.9928  1.0595  1.0595  1.1492
  1.2191  1.2242  1.2242  1.2651  1.3044  1.3044  1.4325  1.4325  1.4820  1.7265
  1.8045  1.8045  1.9507  1.9508  2.1308  2.1622  2.2392  2.2392  2.2678  2.3972
  2.3972  2.4606  2.6186  2.6186  2.6732  2.7559  2.7559  2.9151  2.9151  3.0560
  3.0560  3.2206  3.2640  3.3153  3.5733  3.5733  3.6926  3.7874  3.7875  3.8423
  3.9238  3.9902  3.9902  4.1498  4.1498  4.2025  4.2760  4.2761  4.4783  4.4783
  4.5343  4.6374  4.7914  4.7914  4.8381  5.0674  5.1131  5.1131  5.3422  5.3452
  5.3453  5.4544  5.4545  5.5488  5.5702  5.6235  5.6235  5.7823  5.9992  5.9993
  6.1070  6.1070  6.1865  6.2469  6.2469  6.3352  6.4360  6.4500  6.4500  6.6952
  6.6952  6.7214  6.8834  6.8834  7.3265  7.6022  7.6151  7.6151  7.7432  8.4079
  8.4080  8.5253  9.8010 10.6430 10.7983 10.7983 11.3397
   0.35000   0.35000   0.35000   127
 -2.7889 -2.7889 -2.7888 -1.2351 -1.2192 -1.2192 -0.3901 -0.3492 -0.3492 -0.3347
 -0.3139 -0.3139 -0.0812 -0.0812 -0.0603  0.1897  0.1929  0.1929  0.4491  0.4491
  0.5599  0.5720  0.5720  0.6895  0.6895  0.8040  0.9764  1.0707  1.0707  1.1420
  1.2143  1.2322  1.2322  1.2663  1.2978  1.2978  1.4443  1.4443  1.4962  1.7281
  1.7880  1.7880  1.9888  1.9888  2.1092  2.1507  2.2083  2.2083  2.3091  2.4059
  2.4059  2.4824  2.6168  2.6168  2.6893  2.7901  2.7901  2.9561  2.9561  3.1067
  3.1067  3.1904  3.2809  3.3514  3.4750  3.4750  3.6563  3.7804  3.7805  3.7816
  3.9300  3.9665  3.9665  4.1036  4.1036  4.1267  4.2551  4.2551  4.5009  4.5009
  4.5843  4.7053  4.7698  4.7699  4.8031  5.0511  5.0575  5.0575  5.3558  5.3558
  5.4031  5.4666  5.4667  5.5534  5.5686  5.6836  5.6837  5.6960  5.9542  5.9543
  6.1314  6.1315  6.2389  6.2925  6.2926  6.3327  6.4565  6.5066  6.5066  6.6599
  6.6599  6.7196  6.9321  6.9321  7.2824  7.5656  7.6039  7.6039  7.6514  8.3888
  8.3888  8.4961  9.7785 10.5401 10.7722 10.7722 11.4330
   0.32500   0.32500   0.32500   130
 -2.7887 -2.7887 -2.7886 -1.2410 -1.2196 -1.2196 -0.3840 -0.3414 -0.3414 -0.3248
 -0.3066 -0.3066 -0.0909 -0.0909 -0.0668  0.1794  0.1833  0.1833  0.4309  0.4309
  0.5671  0.5783  0.5783  0.6779  0.6780  0.8161  0.9631  1.0777  1.0777  1.1321
  1.1809  1.2285  1.2285  1.2646  1.2920  1.2920  1.4599  1.4599  1.5118  1.7250
  1.7579  1.7580  2.0482  2.0482  2.0530  2.1668  2.1668  2.1749  2.3475  2.4135
  2.4135  2.5135  2.6126  2.6126  2.6600  2.7983  2.7983  2.9844  2.9844  3.0544
  3.1456  3.1456  3.2998  3.3303  3.3303  3.4153  3.5742  3.6964  3.6965  3.7459
  3.9363  3.9568  3.9569  4.0219  4.0219  4.0287  4.2219  4.2219  4.5099  4.5099
  4.5921  4.6221  4.7361  4.7361  4.7634  4.8720  4.9575  4.9575  5.2179  5.2179
  5.2490  5.4907  5.4924  5.4924  5.5342  5.5514  5.5514  5.6126  5.9000  5.9001
  6.0334  6.0335  6.2330  6.2330  6.2341  6.3304  6.4102  6.4114  6.4114  6.6099
  6.6099  6.7066  6.8122  6.8122  6.9762  6.9886  6.9887  7.4692  7.5375  7.6888
  7.6889  8.3596  8.3597  8.4375  9.3306  9.7713 10.4275 10.7876 10.7876 11.7526
   0.30000   0.30000   0.30000   130
 -2.7885 -2.7885 -2.7885 -1.2477 -1.2201 -1.2201 -0.3791 -0.3331 -0.3331 -0.3098
 -0.2977 -0.2977 -0.0996 -0.0996 -0.0738  0.1680  0.1728  0.1728  0.4112  0.4112
  0.5710  0.5757  0.5757  0.6722  0.6723  0.8155  0.9629  1.0858  1.0859  1.1348
  1.1796  1.2345  1.2345  1.2744  1.2945  1.2945  1.4777  1.4777  1.5282  1.7215
  1.7297  1.7297  1.9973  2.1082  2.1082  2.1555  2.1555  2.2036  2.3840  2.4213
  2.4213  2.5355  2.6069  2.6069  2.6610  2.8271  2.8271  3.0235  3.0235  3.0383
  3.1629  3.1629  3.2504  3.2504  3.3203  3.4591  3.5253  3.7054  3.7054  3.7429
  3.9416  3.9474  3.9604  3.9604  3.9689  3.9689  4.1886  4.1886  4.5037  4.5037
  4.5414  4.6803  4.6958  4.6958  4.7199  4.9569  4.9569  4.9783  5.1411  5.1411
  5.1908  5.4986  5.5125  5.5242  5.5242  5.5645  5.5645  5.6613  5.9039  5.9040
  6.0624  6.0625  6.1909  6.2735  6.2735  6.3501  6.3934  6.4550  6.4550  6.6890
  6.6890  6.7064  6.8144  6.8144  6.9526  7.0464  7.0465  7.4027  7.4975  7.7190
  7.7190  8.2893  8.2893  8.4466  9.3790  9.7610 10.3103 10.7401 10.7401 11.7804
   0.27500   0.27500   0.27500   127
 -2.7883 -2.7883 -2.7883 -1.2551 -1.2209 -1.2209 -0.3739 -0.3247 -0.3247 -0.2909
 -0.2870 -0.2870 -0.1068 -0.1068 -0.0809  0.1558  0.1615  0.1615  0.3901  0.3901
  0.5640  0.5640  0.5717  0.6723  0.6723  0.7994  0.9786  1.0929  1.0929  1.1512
  1.1889  1.2426  1.2426  1.3048  1.3078  1.3079  1.4969  1.4969  1.5450  1.7052
  1.7052  1.7177  1.9451  2.1199  2.1199  2.2237  2.2237  2.2370  2.4185  2.4400
  2.4400  2.5160  2.6089  2.6089  2.7018  2.8830  2.8830  3.0477  3.0711  3.0711
  3.1480  3.1480  3.3388  3.3388  3.3417  3.4020  3.5393  3.7784  3.8581  3.8581
  3.9411  3.9434  3.9434  3.9450  4.0403  4.0403  4.2582  4.2583  4.4665  4.4784
  4.4785  4.6739  4.7462  4.8142  4.8142  4.9582  4.9582  5.0943  5.2036  5.4058
  5.4058  5.4878  5.5525  5.5525  5.6266  5.6266  5.7172  5.8553  6.0744  6.0745
  6.1911  6.2392  6.2393  6.3728  6.4539  6.4539  6.5621  6.5621  6.6917  6.7620
  6.8590  6.8591  7.1037  7.1037  7.2286  7.2503  7.6588  7.6808  7.6809  8.1913
  8.1914  8.4799  9.7480  9.9795 10.6339 10.6339 11.4257
   0.25000   0.25000   0.25000   127
 -2.7881 -2.7881 -2.7881 -1.2631 -1.2220 -1.2220 -0.3673 -0.3163 -0.3163 -0.2747
 -0.2747 -0.2695 -0.1120 -0.1120 -0.0881  0.1429  0.1495  0.1495  0.3681  0.3681
  0.5460  0.5460  0.5689  0.6720  0.6721  0.7729  1.0022  1.0987  1.0987  1.1639
  1.1856  1.2425  1.2425  1.3231  1.3319  1.3319  1.5149  1.5149  1.5617  1.6858
  1.6858  1.7157  1.8985  2.1113  2.1113  2.2752  2.2964  2.2964  2.4452  2.4553
  2.4553  2.4703  2.5952  2.5952  2.7722  2.8976  2.8976  3.0013  3.0013  3.0613
  3.1597  3.1597  3.3182  3.3631  3.3903  3.3903  3.5479  3.7406  3.8045  3.8045
  3.9115  3.9115  3.9449  3.9903  4.0750  4.0750  4.2454  4.2454  4.3682  4.4378
  4.4379  4.6268  4.7977  4.7977  4.8151  4.9619  4.9619  5.1622  5.1998  5.4239
  5.4239  5.4597  5.6009  5.6009  5.6558  5.6558  5.7589  5.8591  6.0693  6.0694
  6.1495  6.2994  6.2995  6.3333  6.4857  6.4857  6.6040  6.6040  6.7013  6.7698
  6.9589  6.9589  7.0855  7.1522  7.1523  7.2232  7.6870  7.6893  7.6894  8.1049
  8.1050  8.4434  9.7558 10.0769 10.5375 10.5375 11.4268
   0.22500   0.22500   0.22500   127
 -2.7880 -2.7879 -2.7879 -1.2716 -1.2232 -1.2232 -0.3590 -0.3084 -0.3084 -0.2608
 -0.2608 -0.2464 -0.1148 -0.1148 -0.0952  0.1294  0.1370  0.1370  0.3456  0.3456
  0.5246  0.5246  0.5634  0.6702  0.6702  0.7426  1.0265  1.1043  1.1043  1.1710
  1.1947  1.2431  1.2432  1.3406  1.3639  1.3639  1.5320  1.5321  1.5778  1.6713
  1.6713  1.7182  1.8590  2.1083  2.1083  2.3184  2.3578  2.3578  2.4126  2.4748
  2.4848  2.4848  2.5784  2.5784  2.8538  2.8585  2.8585  2.9715  2.9715  3.0752
  3.1756  3.1756  3.2306  3.3834  3.4349  3.4350  3.5481  3.6881  3.7542  3.7542
  3.8707  3.8707  3.9399  4.0742  4.0901  4.0901  4.2326  4.2326  4.2650  4.4325
  4.4325  4.5798  4.7480  4.7480  4.8837  5.0063  5.0063  5.1471  5.2958  5.4279
  5.4346  5.4346  5.6582  5.6582  5.6834  5.6834  5.7683  5.8444  6.0506  6.0507
  6.1394  6.2854  6.3521  6.3522  6.5075  6.5075  6.6472  6.6472  6.7019  6.7855
  6.9155  7.0659  7.0659  7.1807  7.1807  7.2172  7.6760  7.6761  7.7336  8.0433
  8.0433  8.3895  9.7623 10.1762 10.4267 10.4267 11.4153
   0.20000   0.20000   0.20000   127
 -2.7878 -2.7877 -2.7877 -1.2803 -1.2246 -1.2246 -0.3489 -0.3011 -0.3011 -0.2454
 -0.2454 -0.2222 -0.1151 -0.1151 -0.1019  0.1157  0.1240  0.1240  0.3229  0.3229
  0.5016  0.5016  0.5553  0.6657  0.6657  0.7122  1.0467  1.1098  1.1098  1.1690
  1.2204  1.2457  1.2457  1.3538  1.4019  1.4019  1.5477  1.5477  1.5930  1.6616
  1.6616  1.7287  1.8276  2.1116  2.1116  2.3601  2.3665  2.3968  2.3968  2.4987
  2.5370  2.5371  2.5562  2.5562  2.7830  2.7830  2.9380  2.9801  2.9801  3.0763
  3.1509  3.1828  3.1828  3.4008  3.4701  3.4701  3.5424  3.6429  3.7103  3.7104
  3.8233  3.8234  3.9291  4.0709  4.0710  4.0896  4.2190  4.2190  4.2422  4.4821
  4.4822  4.5338  4.6829  4.6829  4.9462  5.0744  5.0745  5.1500  5.3858  5.3922
  5.4447  5.4447  5.6988  5.6988  5.7110  5.7110  5.7488  5.7959  6.0233  6.0234
  6.1691  6.2400  6.3877  6.3878  6.5264  6.5265  6.6926  6.6927  6.6961  6.7481
  6.8014  7.1705  7.1706  7.1933  7.1934  7.2294  7.6234  7.6235  7.7827  8.0388
  8.0388  8.3253  9.7668 10.2744 10.3075 10.3075 11.3941
   0.17500   0.17500   0.17500   121
 -2.7876 -2.7874 -2.7874 -1.2889 -1.2261 -1.2261 -0.3374 -0.2946 -0.2946 -0.2285
 -0.2285 -0.1974 -0.1128 -0.1128 -0.1082  0.1020  0.1107  0.1107  0.3006  0.3006
  0.4782  0.4782  0.5443  0.6592  0.6592  0.6846  1.0616  1.1162  1.1162  1.1714
  1.2508  1.2508  1.2545  1.3631  1.4471  1.4471  1.5646  1.5646  1.6250  1.6577
  1.6577  1.7494  1.8066  2.1297  2.1297  2.3136  2.4226  2.4226  2.5234  2.5366
  2.5546  2.5546  2.6675  2.6675  2.7278  2.7279  3.0170  3.0455  3.1171  3.1179
  3.1179  3.3002  3.3002  3.5273  3.5366  3.5741  3.5741  3.6431  3.7906  3.7906
  3.8584  3.8585  4.0006  4.0320  4.2222  4.2222  4.2794  4.2794  4.3339  4.4922
  4.5848  4.5848  4.7134  4.7134  5.0031  5.1767  5.3540  5.4439  5.4440  5.4677
  5.4785  5.4785  5.7010  5.7540  5.8056  5.8057  6.1282  6.1282  6.1895  6.3977
  6.5007  6.5007  6.6521  6.6521  6.7470  6.9528  7.0734  7.0734  7.2314  7.2315
  7.4226  7.4227  7.6967  7.9581  7.9582  8.2509  8.8054  9.8576  9.8577 10.1820
 10.5617
   0.15000   0.15000   0.15000   122
 -2.7874 -2.7873 -2.7873 -1.2974 -1.2276 -1.2276 -0.3252 -0.2892 -0.2892 -0.2109
 -0.2109 -0.1725 -0.1140 -0.1081 -0.1081  0.0885  0.0970  0.0970  0.2788  0.2788
  0.4551  0.4551  0.5301  0.6506  0.6506  0.6609  1.0665  1.1204  1.1204  1.1391
  1.2573  1.2573  1.2916  1.3431  1.4919  1.4919  1.5765  1.5765  1.6351  1.6566
  1.6566  1.7593  1.8078  2.1412  2.1412  2.2670  2.4313  2.4313  2.5086  2.5086
  2.5417  2.6150  2.6680  2.6680  2.7623  2.7624  2.8909  3.0810  3.1301  3.1437
  3.1437  3.2602  3.2602  3.4247  3.5848  3.6007  3.6007  3.6395  3.7754  3.7754
  3.8441  3.8441  3.9089  4.0169  4.2143  4.2143  4.2476  4.2476  4.3933  4.4511
  4.6258  4.6258  4.6890  4.6890  5.0295  5.1659  5.3134  5.4650  5.4651  5.4684
  5.5236  5.5237  5.6619  5.6927  5.8781  5.8781  6.1222  6.1222  6.1479  6.2990
  6.5409  6.5409  6.7333  6.7334  6.7346  6.9203  7.0818  7.0818  7.2164  7.2165
  7.4544  7.5165  7.5166  7.9232  8.0072  8.0073  8.8523  9.0304  9.8101  9.8101
 10.5501 10.7192
   0.12500   0.12500   0.12500   122
 -2.7873 -2.7871 -2.7871 -1.3050 -1.2292 -1.2292 -0.3128 -0.2850 -0.2850 -0.1928
 -0.1928 -0.1481 -0.1190 -0.1015 -0.1015  0.0755  0.0832  0.0832  0.2582  0.2582
  0.4333  0.4333  0.5132  0.6415  0.6415  0.6431  1.0709  1.1241  1.1241  1.1330
  1.2646  1.2647  1.3175  1.3500  1.5363  1.5363  1.5889  1.5889  1.6435  1.6594
  1.6594  1.7432  1.8515  2.1547  2.1547  2.2376  2.4003  2.4003  2.4914  2.4914
  2.5553  2.6400  2.6400  2.6960  2.8082  2.8374  2.8374  3.0601  3.1536  3.1536
  3.1884  3.2220  3.2221  3.3901  3.6271  3.6272  3.6378  3.6720  3.7712  3.7712
  3.8361  3.8361  3.8403  3.9948  4.1896  4.1896  4.2282  4.2283  4.4094  4.4632
  4.5599  4.5599  4.7849  4.7850  5.0126  5.2417  5.2738  5.4802  5.4802  5.5027
  5.5708  5.5708  5.6583  5.6792  5.9536  5.9537  6.1179  6.1179  6.1245  6.3199
  6.5582  6.5583  6.7332  6.8115  6.8116  6.9580  7.0802  7.0802  7.1575  7.1576
  7.3910  7.6200  7.6201  7.8621  8.0925  8.0925  8.8335  9.1430  9.7698  9.7699
 10.4695 10.7529
   0.10000   0.10000   0.10000   122
 -2.7871 -2.7870 -2.7870 -1.3117 -1.2306 -1.2306 -0.3012 -0.2817 -0.2817 -0.1748
 -0.1748 -0.1250 -0.1233 -0.0936 -0.0936  0.0633  0.0695  0.0695  0.2396  0.2396
  0.4137  0.4137  0.4948  0.6308  0.6328  0.6328  1.0729  1.1274  1.1274  1.1274
  1.2719  1.2719  1.3120  1.3868  1.5696  1.5696  1.6093  1.6093  1.6502  1.6673
  1.6674  1.7182  1.9114  2.1678  2.1678  2.2199  2.3375  2.3375  2.5055  2.5055
  2.5621  2.6193  2.6193  2.7273  2.7756  2.9043  2.9044  3.0266  3.1202  3.1202
  3.2231  3.2231  3.2373  3.3598  3.6531  3.6531  3.6958  3.7078  3.7761  3.7761
  3.8069  3.8329  3.8329  3.9679  4.1511  4.1511  4.2166  4.2166  4.3638  4.4966
  4.4966  4.4994  4.8903  4.8903  4.9704  5.2376  5.3402  5.4922  5.4922  5.5197
  5.6172  5.6173  5.6422  5.7247  6.0259  6.0260  6.1100  6.1151  6.1151  6.3185
  6.5629  6.5630  6.7281  6.8734  6.8735  7.0018  7.0709  7.0709  7.0891  7.0892
  7.2868  7.6945  7.6946  7.8037  8.2166  8.2167  8.8046  9.2630  9.7374  9.7374
 10.3671 10.7977
   0.07500   0.07500   0.07500   122
 -2.7870 -2.7869 -2.7869 -1.3173 -1.2318 -1.2318 -0.2911 -0.2794 -0.2794 -0.1581
 -0.1581 -0.1267 -0.1040 -0.0853 -0.0853  0.0521  0.0563  0.0563  0.2237  0.2237
  0.3972  0.3972  0.4771  0.6228  0.6253  0.6253  1.0737  1.1225  1.1303  1.1303
  1.2784  1.2784  1.3004  1.4302  1.5830  1.5830  1.6374  1.6374  1.6553  1.6865
  1.6865  1.6878  1.9781  2.1763  2.1763  2.2130  2.2749  2.2749  2.5264  2.5265
  2.5589  2.6039  2.6039  2.6533  2.8485  2.9552  2.9553  2.9914  3.0717  3.0717
  3.2457  3.2457  3.2712  3.3335  3.6759  3.6759  3.7175  3.7581  3.7873  3.7873
  3.8339  3.8350  3.8350  3.9401  4.1068  4.1068  4.2048  4.2048  4.3124  4.4451
  4.4451  4.4952  4.9217  4.9924  4.9924  5.2073  5.4406  5.4997  5.4997  5.5463
  5.6413  5.6632  5.6633  5.7815  6.0858  6.0859  6.1105  6.1151  6.1151  6.2973
  6.5649  6.5649  6.7173  6.8952  6.8953  7.0308  7.0309  7.0467  7.0739  7.0739
  7.1449  7.7322  7.7323  7.7484  8.3622  8.3623  8.7916  9.3762  9.7129  9.7129
 10.2643 10.8369
   0.05000   0.05000   0.05000   122
 -2.7868 -2.7868 -2.7868 -1.3214 -1.2327 -1.2327 -0.2833 -0.2779 -0.2779 -0.1441
 -0.1441 -0.1292 -0.0865 -0.0777 -0.0777  0.0426  0.0447  0.0447  0.2113  0.2113
  0.3847  0.3848  0.4625  0.6180  0.6195  0.6195  1.0738  1.1185  1.1331  1.1331
  1.2835  1.2835  1.2900  1.4741  1.5883  1.5883  1.6529  1.6531  1.6531  1.6589
  1.7206  1.7207  2.0442  2.1693  2.1693  2.2136  2.2321  2.2321  2.5377  2.5474
  2.5474  2.5928  2.5929  2.5986  2.9081  2.9623  2.9791  2.9791  3.0392  3.0392
  3.2720  3.2720  3.2921  3.3129  3.6925  3.6925  3.7107  3.7961  3.7961  3.8217
  3.8488  3.8488  3.8988  3.9154  4.0596  4.0596  4.1936  4.1936  4.2566  4.4082
  4.4082  4.4558  4.8827  5.0811  5.0811  5.1848  5.4886  5.5024  5.5024  5.6252
  5.6498  5.7069  5.7069  5.8396  6.1074  6.1074  6.1297  6.1362  6.1363  6.2633
  6.5750  6.5750  6.6972  6.8632  6.8634  6.9723  7.0060  7.0061  7.0940  7.0940
  7.1008  7.6998  7.7392  7.7393  8.4984  8.4986  8.7947  9.4746  9.6969  9.6969
 10.1709 10.8682
   0.02500   0.02500   0.02500   122
 -2.7868 -2.7868 -2.7868 -1.3239 -1.2332 -1.2332 -0.2784 -0.2770 -0.2770 -0.1346
 -0.1346 -0.1307 -0.0745 -0.0721 -0.0721  0.0358  0.0363  0.0363  0.2034  0.2034
  0.3770  0.3770  0.4528  0.6155  0.6159  0.6159  1.0739  1.1155  1.1358  1.1358
  1.2831  1.2871  1.2871  1.5162  1.5907  1.5907  1.6159  1.6597  1.6597  1.6610
  1.7536  1.7536  2.0977  2.1420  2.1420  2.2173  2.2212  2.2212  2.4990  2.5634
  2.5634  2.5754  2.5862  2.5862  2.9442  2.9475  2.9694  2.9695  3.0389  3.0390
  3.2942  3.2942  3.2989  3.3040  3.7022  3.7022  3.7056  3.7947  3.7947  3.8752
  3.8752  3.8768  3.8983  3.9624  4.0163  4.0163  4.1856  4.1856  4.2058  4.3863
  4.3863  4.4044  4.8598  5.1436  5.1436  5.1712  5.4984  5.5013  5.5013  5.6588
  5.7108  5.7432  5.7432  5.8963  6.1091  6.1091  6.1558  6.1559  6.1587  6.2380
  6.6017  6.6017  6.6542  6.8206  6.8207  6.8432  6.9907  6.9908  7.1276  7.1276
  7.1392  7.6606  7.7209  7.7210  8.5945  8.5946  8.8014  9.5530  9.6897  9.6897
 10.0951 10.8912
   0.00000   0.00000   0.00000   125
 -2.7868 -2.7868 -2.7868 -1.3248 -1.2334 -1.2334 -0.2767 -0.2767 -0.2767 -0.1312
 -0.1312 -0.1312 -0.0701 -0.0701 -0.0701  0.0332  0.0332  0.0332  0.2006  0.2006
  0.3743  0.3743  0.4493  0.6147  0.6147  0.6147  1.0737  1.1073  1.1073  1.1073
  1.2789  1.2789  1.2790  1.5424  1.5914  1.5914  1.5914  1.6617  1.6617  1.6617
  1.7628  1.7628  2.1179  2.1179  2.1179  2.2191  2.2191  2.2191  2.4792  2.5694
  2.5694  2.5694  2.5840  2.5840  2.9293  2.9613  2.9614  2.9614  3.0339  3.0339
  3.2920  3.2920  3.2920  3.3071  3.7024  3.7024  3.7024  3.7451  3.7451  3.8921
  3.8921  3.8921  3.9012  3.9905  3.9905  3.9905  4.1827  4.1827  4.1827  4.3790
  4.3790  4.3790  4.8340  5.1666  5.1666  5.1666  5.5001  5.5001  5.5001  5.6626
  5.7332  5.7333  5.7333  5.9269  6.0883  6.0883  6.1598  6.1599  6.1600  6.1935
  6.5672  6.5687  6.5687  6.8008  6.8009  6.8014  6.8929  6.8932  7.1436  7.1438
  7.1676  7.1678  7.1678  7.2207  8.6276  8.6278  8.6421  8.6435  8.6435  9.4093
  9.6991 10.5419 10.5470 10.5470 13.3236
    0
